10000
48 73656
34 5999
108 47289
431 14349
161 62415
118 12681
483 67843
349 32645
62 16559
167 23666
417 8761
111 44053
256 91532
101 31374
251 11737
374 34533
492 13765
195 64649
304 77982
182 66378
22 67866
189 3005
123 54724
9 13361
93 52059
451 1680
40 51845
275 32106
352 32632
24 2457
204 66199
101 3986
124 32141
140 41169
41 8382
170 98014
168 19993
308 39967
350 39579
460 50608
359 18258
237 29961
494 16889
14 57895
295 15855
207 645
414 21724
413 96648
277 23038
157 53623
425 3466
253 45987
434 61249
211 1612
434 14615
320 62083
258 52057
366 3681
37 45976
198 95736
63 57385
39 72674
372 73658
229 40089
494 60956
63 77642
18 82445
321 18838
472 57218
146 44554
458 79992
156 54149
29 98324
479 72218
321 961
50 65726
56 99913
430 55623
430 4327
313 11044
256 33408
72 96826
352 80885
289 20515
442 83119
454 14069
479 31292
436 46184
429 92276
357 63497
424 23929
86 43880
136 92392
278 97911
144 7392
21 71536
13 19954
270 21282
117 50767
454 99081
301 2856
186 65089
339 1458
145 70581
196 51059
491 92445
408 73356
427 88122
49 6920
162 2170
155 66864
246 98298
283 42558
352 34598
291 91529
174 84509
172 93332
6 75659
132 84379
333 81180
228 6527
105 18075
28 93023
44 2172
158 33655
14 49584
434 81461
103 51669
481 74037
423 10736
185 89597
395 24863
279 20128
199 36840
441 47444
486 13736
160 74147
128 91462
400 44769
149 78422
419 37939
407 42787
65 95685
40 77299
123 44792
177 3891
99 13325
441 53482
14 56787
371 57781
407 86239
396 58238
225 20220
347 4384
316 37927
326 22273
428 8248
188 99108
217 73792
33 69977
486 88120
220 84651
494 81908
466 85659
474 37804
308 98455
56 35385
37 10931
93 60213
14 40683
181 30957
128 57202
142 83898
253 85034
453 65341
263 73667
436 1649
227 76121
253 62017
240 18602
141 38400
174 33545
446 18177
7 29019
358 29340
29 95518
442 67642
362 24756
156 82768
218 85128
117 32908
57 15944
447 56506
91 47207
372 71164
206 34825
381 55246
427 21346
48 39833
69 46592
211 10300
440 47670
59 9833
368 13948
342 76943
64 98644
209 22676
475 40758
395 43580
182 88250
255 13849
132 67678
354 98028
325 74368
114 58110
411 86389
401 33251
416 61210
176 99619
118 789
381 87665
138 10144
341 2276
345 42914
314 7966
142 35371
55 40353
322 94616
338 32312
327 13075
385 76544
206 11888
490 17035
208 83835
466 97154
112 5379
283 14741
336 87800
366 17893
172 31914
66 37180
222 46142
378 19028
9 54049
99 2249
365 82748
204 20109
224 80310
144 27955
197 41788
488 44540
359 2034
358 15561
414 14487
395 32100
319 2546
314 5720
415 22237
194 67389
24 54519
128 33900
363 8910
219 90663
415 91263
18 14244
357 82766
182 1934
70 50374
441 24381
341 91147
12 25544
254 2156
362 7841
295 53997
147 21019
339 98290
318 42009
170 66246
218 49322
191 67502
93 40526
42 38071
64 80334
450 86890
73 96910
300 67889
246 31395
361 56621
15 16362
264 44773
295 99114
286 67875
299 56014
273 13049
54 97946
498 41420
3 60089
263 19255
27 41595
125 35056
264 3547
435 47332
123 95834
125 6525
167 20478
489 15994
248 68344
422 58800
345 51135
308 94597
134 61505
18 35771
434 37558
280 23156
142 24438
477 5335
112 98306
346 10675
81 15900
217 86186
40 32517
195 39927
417 46224
170 53577
495 25724
412 64123
162 43538
338 17397
161 88396
142 99167
209 57936
485 50593
17 80993
354 91625
380 73924
353 42
198 39992
308 72463
362 71700
178 18327
233 25613
107 37515
74 65656
266 72908
313 78909
303 39066
49 53085
445 82989
361 45141
93 78118
314 65244
93 47961
331 17404
294 13578
424 24459
475 2794
424 44093
87 68010
483 5369
122 6986
432 93472
137 23319
444 1145
70 53706
498 88864
313 67730
469 4958
174 37746
217 26238
25 24223
282 45147
455 36953
51 94214
480 35347
388 11997
411 2863
204 29477
24 50461
76 13115
331 4293
303 67867
362 43326
188 91787
283 33116
455 35937
279 73287
16 46215
28 68867
386 38194
84 63356
141 95818
256 63543
172 69621
410 66506
116 47472
264 59909
416 54235
402 5858
323 70230
156 74659
25 9667
78 13282
158 2758
53 33570
237 54618
317 25040
206 78441
485 44531
233 16352
177 33829
265 16909
165 93186
165 65848
423 10482
78 73457
353 91629
56 84103
292 18175
288 25549
363 75748
329 38476
118 52664
288 65087
483 76540
449 50671
252 65676
193 12671
99 60369
183 73108
124 18627
306 82116
147 29672
386 84585
388 7693
31 53536
68 28752
100 33901
31 81389
230 44598
261 49555
162 73347
155 89974
406 45757
184 70240
193 66171
226 82087
350 94926
189 81900
145 90671
375 55803
338 7607
38 40631
101 73711
192 72883
216 91107
223 66565
435 30929
463 57795
307 76338
226 42894
403 77613
67 37944
478 21923
159 25043
369 53731
219 16698
334 51060
477 77522
489 96978
266 70746
90 90078
57 78033
257 94782
103 60921
365 46500
281 56028
66 64823
89 67382
155 30743
441 57271
44 17179
115 24818
457 37551
355 56383
93 70969
396 64356
289 19022
415 88643
346 40844
455 47045
250 83633
475 29738
480 98203
39 71353
112 98654
308 50258
328 73587
167 4969
289 68202
126 36597
434 8746
98 31760
312 30637
182 50538
120 9410
59 14705
432 64286
246 40038
491 61168
285 34419
405 94969
319 71085
228 62991
191 94954
361 29439
141 4054
431 67459
445 32946
475 95677
157 65026
214 76420
323 40986
83 14166
109 7025
306 91355
416 57516
498 62509
246 25890
204 43515
264 83430
365 55167
84 57641
153 27383
79 40903
222 8042
132 85948
73 13235
380 91657
113 77042
92 73931
2 13381
439 56293
483 34443
241 78378
321 24108
285 39304
454 97347
195 78190
54 85193
250 81155
46 2360
444 14609
248 33640
333 9352
20 81999
316 31461
414 95956
90 97239
233 91420
449 74194
213 61199
422 87365
123 24331
447 99053
84 85020
214 28386
269 3602
384 72068
414 38388
210 27057
3 34974
168 17787
314 55277
53 35506
339 30460
381 3086
354 62054
399 27603
220 19186
311 30451
318 59681
49 45947
386 51452
464 28559
34 75726
256 56324
2 99506
268 23618
390 68486
205 99760
321 66677
217 81296
28 84798
413 20954
157 53625
295 45260
296 48252
337 74059
162 31374
264 32851
177 80871
498 95686
393 48779
448 21587
274 15622
449 10704
448 60948
249 64104
185 38379
391 178
42 76249
55 17556
347 14635
233 69332
322 53648
388 58538
1 65909
272 89462
209 79082
385 69621
303 73844
125 36510
414 98979
250 2217
307 15372
417 22846
204 57108
56 16837
110 40791
205 8132
403 70970
249 23318
216 523
422 65593
57 32514
353 7585
100 23188
165 89448
45 7197
370 19831
21 86898
475 57849
250 80930
453 58383
117 18331
305 52129
128 57472
82 94031
285 177
237 40672
469 321
319 93407
93 8030
58 41062
481 33468
60 26446
491 81676
346 97224
93 14388
198 41098
148 27536
246 72630
498 34765
279 27898
241 29494
23 11554
145 31343
56 65270
322 10106
291 39771
136 47121
257 85782
310 36380
261 42625
255 12822
284 75203
392 65076
263 65753
95 44215
21 91759
222 74533
154 20877
434 46213
333 82781
208 34266
64 86528
60 89281
179 41787
168 78031
92 17179
326 73991
429 31876
64 73403
428 73415
273 71286
274 70543
142 99915
30 36089
395 24858
67 47980
382 1768
97 65875
280 93115
440 53124
435 13897
231 22558
209 17088
487 24717
296 18101
202 84996
495 88429
432 68916
492 53873
113 67043
108 92989
257 91084
356 48552
323 46000
360 8183
167 67119
499 2103
123 52464
380 77700
49 16485
36 7160
15 78541
114 22313
443 70129
185 68263
305 41680
309 25455
180 12436
171 63090
172 76999
340 28149
157 9665
78 18830
335 39657
384 75019
448 24140
185 6163
245 79575
388 42014
217 82224
35 98057
477 78292
495 20258
10 38891
161 15786
458 58127
201 35339
500 24711
154 17128
155 41709
75 44631
386 79354
365 93709
140 62782
467 38054
168 19521
400 70049
437 6499
41 83338
137 77532
276 26203
289 8410
286 62922
438 75978
446 43788
271 94742
340 67905
409 64638
210 94176
306 53688
426 13971
187 53936
151 73678
186 67243
211 76546
180 84602
64 64741
151 59874
271 86486
154 5732
26 19091
8 87414
424 80425
361 77201
492 23990
353 92512
126 61971
370 1467
89 34042
142 93524
94 41969
379 32737
443 50963
34 29845
37 9809
29 10462
431 53684
433 59226
192 37530
220 68466
341 43677
64 42604
289 52824
214 2944
464 38898
123 98571
240 74230
39 12645
11 56952
137 52045
455 42931
420 63524
287 72907
222 97139
105 71429
200 32280
363 66283
371 11417
277 77054
313 7135
430 87316
297 80922
295 13729
327 98643
167 69502
181 12716
293 17337
220 61402
352 15115
175 42350
426 1331
68 52837
265 50652
466 22796
129 5414
377 85955
414 29225
90 48748
254 24005
83 78060
479 22869
40 78347
375 13675
368 49745
190 36736
117 76764
235 93893
92 96255
419 13210
106 87554
297 93982
326 58780
309 62018
116 69500
438 14373
419 63038
163 41676
260 97352
453 28969
489 21662
131 17328
59 43255
333 35540
160 43366
338 47249
250 96766
274 16888
98 25235
217 71750
302 53044
433 74397
408 4779
56 60178
272 41278
472 78330
149 22798
461 13320
233 61556
87 29092
421 58610
53 64136
238 92333
143 94064
115 73613
172 86901
280 32367
61 20132
76 80963
373 99618
424 89629
43 27693
78 44583
447 63066
208 36716
473 55914
206 57267
56 60542
447 35926
136 65175
352 74130
313 95224
283 50106
373 39463
81 46148
218 95950
373 10573
250 54329
435 1575
77 60819
482 22930
487 22187
395 39920
239 47831
307 66084
337 55211
101 75570
229 57967
294 6475
458 77851
7 40205
131 72097
114 24818
242 24189
105 50739
64 79399
301 92467
210 74830
356 18473
347 88212
188 77244
367 478
255 53210
326 95651
9 11346
402 97134
452 88290
89 64012
163 26560
481 83458
90 41099
339 44147
220 32302
496 83876
434 62440
123 60281
42 45771
365 24268
316 54138
102 7348
420 96022
47 3266
270 63037
223 89563
156 5420
25 65302
44 62385
50 29562
252 16385
335 2984
228 18170
115 91798
491 93814
471 67945
318 17500
196 5161
307 6499
313 59786
264 89604
257 22526
414 93421
318 15920
322 30855
425 24841
395 28316
119 33276
478 15656
447 97488
73 32200
129 82525
89 95443
233 25988
431 8548
186 8775
490 37248
20 82467
212 7907
166 97873
281 3473
436 42311
451 12654
390 57815
157 70177
308 3429
107 20904
332 43822
159 22037
139 85293
395 44806
468 75944
77 55
198 3639
482 82586
459 95183
395 58652
368 67803
475 49620
238 12170
179 18462
300 22669
489 69075
347 40679
358 20041
69 82164
332 79343
350 70609
172 50645
481 43433
480 67550
400 3192
466 23966
348 46413
192 16541
130 48321
434 3501
77 82966
179 540
166 47228
217 21845
95 68194
324 90941
12 56304
367 12509
1 5018
47 98220
37 852
173 41684
144 69033
176 396
34 32938
13 58648
391 31828
110 26130
345 80021
368 50205
373 2947
421 79817
330 6202
346 91034
176 73507
86 57458
286 90261
401 11670
457 75698
97 38986
187 23042
305 99197
372 97001
157 35223
321 85482
215 71961
96 77558
366 23057
421 14925
434 11392
500 20983
21 78986
288 48687
272 8962
286 58982
354 19290
196 13014
365 25716
470 22631
68 5865
9 47394
411 8188
391 87720
399 83068
76 60704
453 80670
496 99777
208 12900
154 40386
144 24987
211 57239
348 46343
389 92659
116 50125
456 39840
128 94670
161 41571
23 25727
302 16128
413 40295
143 332
246 86194
192 14754
212 92921
328 14918
492 41537
472 31955
421 8803
190 63097
153 7457
83 91081
451 81378
249 20710
323 80101
421 27407
250 58827
414 79274
302 72893
436 85462
27 74204
331 394
441 84489
261 19804
391 10026
112 5695
381 78543
361 40255
455 55369
422 60642
364 5397
441 76528
108 84663
62 21539
194 91951
433 82317
171 16498
430 48071
485 97808
411 16721
150 7583
169 59419
374 24444
304 65946
80 56863
198 81279
453 88213
109 90288
387 47424
230 7056
211 88278
242 28243
48 43871
412 53274
370 10749
57 28294
280 37596
99 8994
307 67198
331 95911
460 49212
432 55072
178 460
81 89209
457 25893
182 61519
248 49220
467 23049
348 52218
188 62202
367 65582
495 81560
127 55956
314 19415
448 33398
482 44894
353 38185
437 39778
219 56460
197 3449
220 16910
294 61491
278 83544
149 89660
33 60548
311 6342
37 57111
270 13176
413 98786
68 78788
185 7256
278 37275
90 83759
427 71704
24 93662
346 84620
407 68169
331 65433
67 13042
474 29562
14 71495
339 792
382 98201
397 15715
125 56423
275 89930
203 87660
10 22246
55 95079
4 10285
330 69271
275 97344
234 73148
400 49894
33 80946
484 65697
116 31793
235 40893
232 13061
384 67057
20 99458
366 99745
353 86527
466 60333
60 64888
234 91829
260 12316
408 91533
222 17368
477 43962
175 72904
70 65089
165 44062
175 10669
414 83470
331 87482
500 47632
289 47195
227 7802
186 30134
114 98956
369 6857
262 48916
373 723
306 90931
87 24169
445 99377
485 52357
439 92878
364 72681
257 68086
246 89317
464 7663
33 82562
157 94494
407 93856
480 27867
7 95057
157 76997
483 5932
266 8760
76 81776
492 13231
472 63441
397 44712
384 40357
439 45324
414 25612
164 35444
185 38052
292 14400
7 30095
54 57378
486 43571
76 15953
5 44056
150 67699
414 26099
175 59394
338 81773
35 15214
117 12402
114 73846
74 41477
8 32646
93 5152
19 17267
281 99379
65 45794
249 24852
15 39365
455 92734
182 49906
328 55122
50 59660
386 82796
102 7017
378 69464
285 977
94 26108
389 22377
289 45475
198 98622
422 83667
175 71164
113 29424
302 27102
313 23327
87 16073
175 71423
13 86648
421 82712
1 4682
408 74116
393 19828
307 86774
158 75225
86 81592
414 9887
27 77948
438 22865
464 62507
449 21674
4 15156
96 12217
5 43595
176 29384
401 55284
156 7465
78 41455
272 10510
172 84958
31 12614
106 47391
61 79359
313 57445
74 46178
232 80175
305 37401
331 68988
249 35176
232 6984
260 31099
13 85626
99 65463
212 37433
188 62754
337 24568
92 8494
163 93170
225 58461
179 53275
393 32176
480 54863
437 80646
162 33055
187 98197
83 94039
172 79123
141 9674
43 79629
450 72087
264 22205
142 98162
94 48162
21 54498
265 78867
74 78502
245 55530
137 9879
81 65727
301 9807
133 67031
147 43479
153 83918
397 15906
159 67291
172 45818
208 52584
483 13021
28 2188
294 85034
162 55855
128 28100
497 40082
89 14298
130 33474
405 45796
135 82636
419 86061
329 31132
258 9187
463 96619
323 73738
145 97841
109 96171
110 62609
480 49769
147 86633
291 11754
229 34490
302 94789
51 68799
81 9004
241 10762
98 63881
350 31228
87 76296
35 19406
422 82259
338 14952
435 85963
16 32780
18 2344
375 52031
462 27817
309 57521
155 89337
179 73024
357 80450
444 803
451 953
123 40449
488 17040
484 97082
201 24319
179 52930
33 6057
407 97981
192 45580
265 54317
441 51507
206 56152
84 19553
97 65510
165 95350
430 77307
295 77205
340 95286
30 24953
177 53715
77 93581
144 1520
336 68782
422 64943
7 28074
74 38174
65 15642
131 19761
238 56210
82 18173
106 69166
433 24114
396 16646
66 57039
483 65380
434 86882
272 5139
498 76963
343 61650
397 89544
338 18180
292 71406
169 95443
52 24715
136 91511
104 48709
215 68205
65 67470
453 64741
348 65577
453 26795
263 12227
316 57715
364 70687
486 95309
8 40687
153 4006
2 33162
385 56493
430 29304
74 30674
378 91192
360 7929
356 91215
138 47198
294 42679
367 12367
401 34069
469 28576
98 59425
477 24487
148 8714
244 19456
240 58475
429 74012
463 46041
460 93631
140 32230
493 89109
372 54362
95 6101
192 28211
406 8892
474 31908
25 19806
84 5199
416 94298
224 96978
431 47578
218 60945
398 77440
133 62623
435 23426
423 78190
335 25509
180 73519
145 4986
115 45651
405 22917
240 42827
154 8689
39 53658
80 57787
220 94138
415 92871
261 6691
275 81520
428 88184
174 72758
321 77852
477 52366
392 74932
143 82577
145 36547
172 73988
47 16939
475 30075
170 32372
428 25603
128 5228
311 3934
164 7633
16 43399
230 53305
29 48525
44 35885
379 19590
29 40760
49 35173
384 91590
219 94696
85 87948
424 25087
65 83613
256 90319
469 82764
60 16353
203 98803
189 82882
49 60382
316 6803
68 37218
21 55660
305 69525
275 4862
416 16199
86 78560
280 74880
170 63056
468 69402
53 90288
290 69622
64 16556
82 61032
391 53736
56 72765
36 52813
275 86535
384 17243
278 34947
142 53498
219 99387
18 90939
219 40845
479 24613
152 935
354 83620
399 16618
357 40110
310 93209
20 37938
63 65138
448 9844
495 32600
483 96674
292 38943
145 21484
443 17148
146 89205
179 39319
317 70652
140 71325
147 80960
176 28804
18 2863
358 12309
294 64927
438 28562
284 17581
83 14564
474 16153
413 24132
428 37891
215 25744
482 7631
90 69557
415 50732
148 26215
412 5967
310 96520
135 5922
2 79397
161 78837
114 73867
396 63170
403 84572
393 38625
439 54603
311 77586
7 96114
10 228
246 50584
98 94646
328 60397
9 29765
236 88654
233 4641
235 11446
251 76338
318 23198
277 17381
396 76696
377 14001
113 12498
235 67961
172 56790
31 71862
182 83338
61 53649
9 52301
279 13839
262 61099
455 142
275 40114
374 68796
362 89068
74 41333
120 12009
229 75820
19 27440
455 20011
97 44263
408 9312
246 80088
128 52474
250 26106
229 32691
57 84441
37 73791
328 82377
301 18417
115 97001
223 38563
469 62414
373 37862
346 7603
123 57767
206 47545
309 15763
279 14079
419 40681
407 27475
172 41066
111 47323
355 61174
457 33761
284 38266
275 85535
224 61769
447 40546
437 4259
389 87667
496 92225
83 77112
119 46908
452 33711
158 53136
280 87344
226 16826
178 89260
257 50398
347 80141
420 87170
92 50789
70 53997
316 56149
374 21562
272 79182
188 54152
293 20279
384 2553
281 38255
374 30963
50 11834
121 83633
213 29982
452 75368
469 82593
100 48785
34 67448
492 4089
174 25220
135 23308
283 46219
493 11661
223 85829
110 7320
42 45041
270 10708
404 31900
412 47071
245 40076
343 86365
211 58078
372 47492
291 24891
378 13887
320 16299
320 57728
34 64183
490 580
353 95553
21 28234
472 91151
430 69641
394 91490
67 1395
488 77114
250 84509
341 38269
444 29122
353 37310
332 44525
46 15995
325 91126
186 34987
416 57934
295 25450
443 21000
290 24999
3 39249
88 16495
411 88339
380 44450
466 90691
303 71212
421 90329
355 59635
207 33990
421 61760
335 9576
314 4631
209 78344
233 28402
18 87110
12 80308
91 178
287 87014
170 97097
376 94598
78 37118
458 90277
406 44177
53 68231
177 34979
271 38504
161 77686
206 64911
71 7273
28 16551
157 83950
190 72724
472 16686
310 28936
374 2167
89 68737
342 10218
425 9046
319 83958
231 55840
329 54392
130 47551
487 76471
291 99651
497 34284
447 41082
176 45778
461 41012
46 71101
493 55126
159 61662
149 88295
438 45575
204 59191
460 89951
406 62697
392 15536
1 11639
265 39467
4 4024
132 6521
463 46922
367 61069
284 30225
127 93227
44 24243
391 15631
318 22176
123 62384
367 24905
146 22682
277 17688
71 58081
241 30394
272 18269
181 24032
183 82461
110 21400
83 31311
175 10213
281 62016
88 13021
192 91096
311 26258
391 91172
415 36179
499 27982
360 29963
211 70868
177 90425
403 10282
490 56528
313 36971
362 38833
199 79445
482 3
119 76188
444 19629
317 62557
389 7271
452 21740
143 39380
117 2506
172 87205
319 59116
285 63629
490 65421
128 49191
233 31889
22 89930
179 6942
10 98850
49 85303
124 86335
302 86442
126 84963
358 51835
291 38453
428 90403
467 69155
56 11668
161 64345
197 17220
493 28283
408 78231
470 45626
8 3977
373 87937
452 48558
392 7943
452 4482
72 64365
75 69578
424 41940
174 86647
475 1338
308 35426
125 66150
33 48378
403 77628
280 1688
11 65546
216 4805
237 69899
198 20571
429 28406
161 38643
190 30761
249 39945
132 22716
461 5981
36 23975
161 50318
218 21207
449 57964
222 25168
280 44361
116 22323
325 30669
322 29295
149 58860
154 9760
327 35714
493 27028
403 85507
129 22089
208 5555
256 62591
78 32157
259 65269
397 28676
4 16902
348 66408
461 41116
134 83059
2 67065
36 80201
247 94275
254 15977
268 71215
125 5704
182 75094
76 69024
209 60782
88 873
56 47121
97 28499
95 82454
452 44377
202 25645
452 53825
415 551
112 48863
148 43971
244 53933
386 2821
32 49137
412 64241
251 88001
158 44073
189 65065
50 9270
114 38449
238 2283
441 72891
228 68300
22 42762
20 27314
144 79945
18 71730
195 43835
454 10506
175 21984
233 86754
359 44445
147 21597
431 44644
448 98806
323 57597
285 38784
466 95715
277 74483
419 72810
278 68061
364 68787
204 1744
58 58504
377 97624
346 41760
211 25128
299 66115
220 82735
433 79295
226 54873
20 37551
341 72418
247 4109
83 69351
354 79904
471 20364
236 64950
70 79664
489 19901
373 52832
365 75136
262 43805
55 28231
226 39994
428 59541
248 64067
101 11851
249 34489
112 41840
422 91092
492 49159
145 70469
176 94864
444 1974
477 74819
433 81167
25 41305
272 58079
12 65291
356 18903
174 21689
242 60476
435 92581
345 34866
234 70761
468 99310
487 21571
499 19326
465 45913
471 43711
288 43539
77 4055
200 41389
67 35751
309 18065
42 57998
405 92409
17 29014
57 16655
213 37619
488 31275
323 30494
330 80557
465 82570
110 44529
70 99682
180 561
445 59316
452 94599
210 21507
330 17674
421 20631
416 4626
392 74364
335 30609
309 55982
406 50774
126 9819
45 63750
264 28383
391 4126
13 13834
41 38459
198 33911
101 34820
385 81469
95 75485
71 45340
135 21158
231 83135
221 4140
394 55720
96 7486
477 46048
336 28540
151 39631
225 92337
416 84354
321 33413
151 65658
169 15714
444 65378
433 88167
186 59333
183 76630
31 56632
168 83784
303 79472
183 28802
265 60977
236 40270
466 18947
194 86431
228 50131
186 72939
324 81044
302 2256
16 70444
214 30940
198 38972
59 27099
99 14234
303 70309
28 91308
90 20677
17 61689
496 56328
113 81980
60 54041
100 74884
403 447
173 78363
23 49800
452 46411
241 67709
241 77016
431 81164
431 26159
374 11946
118 71691
265 44948
213 69980
416 76523
321 95218
83 41350
212 2563
488 8514
311 49636
364 88858
344 23252
347 13201
453 13684
299 24288
447 77336
305 76698
240 19157
205 79863
113 29078
249 92690
281 10437
177 74788
96 62441
486 66581
249 31002
174 7551
172 17946
165 93494
89 41734
304 97839
179 37982
485 80011
322 41880
284 83882
234 93546
385 71871
277 95825
216 8971
497 62318
375 37812
219 78336
60 75916
345 29380
412 85487
17 3066
297 56192
76 60245
345 88207
440 40091
268 68017
242 37701
218 36990
85 34244
135 70332
233 98684
341 96711
269 27774
350 6405
434 38386
183 54765
409 57669
130 7945
317 14357
161 51197
382 89179
208 23514
156 85018
407 55086
386 57735
54 73965
467 17183
76 29108
116 36874
40 39664
403 9401
463 78247
162 14676
267 71332
370 50768
25 837
225 25521
17 95836
325 9813
113 14619
11 86988
261 85821
312 73100
446 16245
111 10686
443 58740
1 24940
438 83672
3 32380
237 91095
72 8624
130 54273
248 24508
421 77922
46 33882
51 22153
188 54042
257 15938
274 18820
249 11172
62 34493
273 64770
494 83890
390 53019
476 21611
95 16552
481 3927
223 43360
36 15777
370 79074
208 31540
113 26639
377 76227
329 31950
39 75177
296 91767
313 47793
428 42484
328 35994
118 79579
254 35601
277 90751
399 43040
460 19691
367 47008
231 25017
22 60712
403 160
363 21712
209 14503
162 91180
67 78310
89 37549
264 25786
38 44013
226 74719
499 55776
283 69765
386 41978
181 13441
467 47824
65 61198
137 59585
193 65658
456 73378
222 24476
384 58257
15 50361
57 44956
219 2783
33 23225
403 643
137 40427
430 91583
472 70960
451 41755
151 31454
163 44411
411 86083
496 57387
90 63247
239 45892
211 20372
62 28202
469 20832
23 72916
439 39751
272 72099
16 95327
161 45046
23 18277
433 38170
143 27523
104 56265
318 80073
119 63823
429 80941
352 75776
237 41231
346 22480
373 39141
235 20929
322 76103
465 13464
214 80446
256 37055
210 16321
191 87063
280 14812
43 86324
337 66713
398 19223
459 87887
25 91397
376 64798
219 24070
114 86845
139 84089
62 95040
234 41163
45 4935
251 89221
221 18934
389 84143
264 90162
85 78352
172 15258
281 15440
438 70329
370 30996
428 15268
435 73025
323 1762
120 10995
81 47986
464 79577
432 97682
83 41227
321 30783
212 48237
377 1264
320 25290
360 52565
373 52265
9 98134
8 1235
191 43349
208 94683
204 7001
497 71684
437 64917
118 76216
19 61078
130 14684
280 67885
203 11199
167 43281
391 3689
316 85717
445 19872
413 16336
374 69747
163 35408
25 63546
297 73148
118 87043
53 95577
432 96666
146 29084
7 49260
132 3834
406 24641
4 29458
202 75386
132 38187
277 18051
60 63719
228 84410
3 42135
98 1576
95 21628
247 53136
309 35492
482 47231
154 69631
323 32116
29 54632
89 18720
466 58314
489 82482
224 13700
410 69744
52 23144
43 6102
364 22206
148 55566
497 55798
408 23621
445 5000
189 59034
38 77155
320 6299
177 24960
389 45047
192 70806
425 85134
128 73558
410 76438
384 57739
189 20529
268 85107
209 13029
383 64314
246 2997
378 32397
331 8990
250 62486
192 93420
230 30820
489 2691
406 36063
245 28805
373 23162
263 62738
248 91573
492 55802
257 61789
215 81233
350 55591
108 72633
319 31281
246 64367
343 16685
201 29782
339 11358
341 5438
213 63955
29 99681
114 17076
73 62918
429 53305
184 90887
334 60056
378 85520
332 78765
471 33647
36 71149
410 64236
331 83350
263 5911
248 20401
165 21272
280 18552
161 15513
324 62385
18 62073
470 61948
319 58950
384 76411
148 67620
231 7797
201 75845
417 98369
369 6967
416 19090
396 61492
130 55892
330 34587
479 11406
130 34780
93 18708
260 2898
15 51221
39 75090
177 89253
367 52875
214 98567
156 29752
111 77379
249 71143
382 65808
342 52582
79 7803
103 42756
210 42733
31 30652
107 91450
226 65432
432 5686
491 67431
367 22792
358 81322
414 21657
91 83478
5 23460
5 53433
475 83493
408 15487
129 11904
352 31855
437 20720
176 64985
133 71318
308 92368
182 24599
119 51069
365 89893
441 11083
441 96816
306 36460
367 35515
437 29059
397 17422
187 44110
320 51427
473 30361
145 12801
125 81543
143 96482
278 34353
224 94202
139 90261
500 54273
89 82196
253 97991
262 73445
318 30506
326 30837
255 56976
205 74757
26 31054
31 88188
177 96079
51 4353
350 59332
129 63472
74 79301
356 1796
366 89289
493 56146
137 12159
74 62785
308 5639
7 1219
473 9605
196 30718
465 70165
309 42248
321 65709
153 47793
317 30822
420 32053
80 64458
57 44875
257 91428
161 35142
198 44357
6 23674
191 40065
168 2412
19 36982
383 15532
28 71744
287 73541
470 38301
315 3106
220 70559
339 77732
83 52292
382 1824
212 70190
53 82368
38 48778
462 91700
94 36050
201 49161
58 44860
303 21404
415 20720
269 81157
327 76246
330 79610
67 52873
111 56216
393 89553
248 7508
60 54831
317 3393
391 28793
150 51605
334 41641
387 292
457 29374
2 19105
18 18399
356 46092
496 23861
8 71925
71 63398
422 34529
121 13306
258 3052
91 23763
330 89113
360 41957
299 68367
213 19596
433 68870
148 30744
194 30245
166 89219
351 70799
377 12450
179 87689
350 79828
46 68379
400 40899
328 25002
347 35649
7 15704
50 93323
292 97323
37 54109
155 17099
240 7263
158 30637
334 29423
178 3507
111 88028
422 55970
258 23957
50 92023
191 4353
310 81714
387 36134
328 37917
247 938
414 8524
270 76852
269 25261
107 2528
106 72979
46 96234
354 43306
384 78520
474 20552
303 35639
455 62847
223 88230
280 42502
272 52776
226 68078
141 5983
223 16106
278 34190
456 52199
499 74832
87 96955
463 23707
33 41788
106 69447
61 72679
19 72813
115 85721
243 59019
7 19099
272 31238
376 26466
55 62670
41 88422
499 26709
382 79873
24 35003
312 25855
88 65701
77 29129
121 16461
421 21667
148 40881
228 73450
100 2960
222 75763
365 95699
450 87585
326 39886
215 11897
264 2456
53 99895
288 37958
385 64900
453 90738
353 91387
263 37852
345 94907
421 65002
150 72104
132 84864
213 94821
82 93503
244 49064
325 27972
9 54886
433 93105
397 95923
133 94526
426 35699
118 85427
110 24270
350 28778
146 3409
290 50576
307 63404
385 23737
481 6077
132 53905
302 11432
479 31980
272 34900
182 12250
424 25102
54 31911
344 77938
151 85539
58 13838
429 35253
243 72872
348 88314
93 50535
2 84389
488 86805
53 15794
281 34480
199 71639
146 23671
280 62162
436 34947
3 90335
46 16587
345 43217
483 60861
400 52434
299 14304
186 19762
83 23653
352 21974
292 6315
139 8443
316 63317
86 20912
334 66422
206 89206
332 22128
476 29786
292 22418
267 27001
40 8509
404 62468
349 55099
452 65021
217 85929
393 32386
337 78025
125 13627
471 83760
70 97850
189 36562
460 88906
209 98010
194 90485
82 82577
13 25181
266 95380
128 26061
266 1193
470 34550
51 24156
355 36317
197 28362
468 88326
23 72006
21 78097
60 51608
254 81603
493 88654
60 35781
1 3979
256 6295
295 36935
424 90912
492 83356
173 82912
174 5359
485 98575
142 10264
134 45402
219 55077
406 45252
56 12677
357 30054
14 8803
330 4214
456 11598
471 20806
489 63336
248 88322
402 9221
192 51657
281 88624
363 70950
135 53524
397 79661
279 7474
270 40498
356 35603
212 82309
171 87899
429 21310
31 40058
78 42312
123 24509
380 28144
84 38949
487 29794
496 73742
366 85469
352 33729
140 64459
451 82247
423 85262
160 57653
179 38949
264 1157
323 65114
134 48796
405 17898
186 24586
405 43380
414 18000
142 57193
128 16419
37 28372
229 87425
368 1342
151 24504
32 13981
261 65252
111 77431
250 14166
494 25004
386 10264
308 53930
416 42885
10 45580
333 4851
45 26241
363 19828
484 613
407 28027
83 27519
164 92357
441 53145
478 57841
310 3396
112 5522
86 77363
74 9927
348 71480
443 44030
279 97134
76 7139
261 75110
299 69082
19 50608
153 49197
439 75624
405 24157
374 4424
103 20163
46 90922
270 99607
205 16612
274 58063
500 68477
402 79630
225 76807
47 55614
1 61739
307 5174
251 12061
467 2175
383 87924
390 81393
176 22014
188 22255
262 9505
468 81755
425 15754
114 40136
360 36589
154 17669
319 84833
446 90697
62 25981
244 80438
83 7376
482 83987
355 91993
72 2417
126 81561
118 81629
459 41659
347 40203
205 1997
87 31977
249 72064
473 3019
185 98298
158 74225
62 89631
213 60214
439 63518
437 8059
248 66246
198 47038
188 64966
119 33869
208 82909
437 25840
337 84472
480 53499
149 66568
433 7041
435 46823
30 13835
391 28684
77 39734
83 33961
416 36954
325 71024
276 22520
318 15107
133 29258
268 15766
161 64727
245 54254
265 46066
206 85263
281 9055
89 12553
354 38598
204 32170
119 84326
496 86875
355 20231
154 51973
406 50829
185 84499
332 34467
474 75267
480 4375
418 51565
462 29608
192 83671
498 77046
168 87286
154 23380
437 74403
16 15248
256 5138
282 56609
231 33289
456 77075
244 78176
422 39284
7 6094
187 3629
259 8668
488 76578
405 61417
6 26493
331 22075
315 97256
219 44395
198 4584
150 24154
50 23358
217 29532
351 90451
319 52028
421 7019
305 39921
339 44449
256 59045
241 79178
407 8471
111 90917
15 44866
148 33408
465 49247
324 2982
403 26786
2 51966
227 68277
366 67140
330 11092
156 94695
467 97086
51 51214
314 69422
408 6484
497 90012
412 84101
378 34423
481 95360
443 79649
286 82527
32 12307
490 91993
125 91791
297 29120
122 75115
123 65602
409 2504
20 74815
475 43875
470 83484
411 28776
306 75727
302 56516
283 89064
125 42702
300 98924
174 32494
219 7694
111 29328
49 54254
186 14679
495 40634
391 9298
284 41311
469 76842
260 46483
274 60536
67 79563
390 21011
68 43591
224 94650
379 84748
56 21067
271 43571
318 24856
101 97289
42 54577
323 53680
402 16357
349 62069
136 43007
475 54918
180 35753
57 63608
98 93664
138 69956
478 6429
386 62926
279 62589
352 31112
177 73164
81 32723
202 94799
111 89483
25 35599
382 32078
26 661
142 45097
395 24648
235 43328
335 53254
136 92171
249 39360
101 38322
485 23545
222 54327
412 50984
237 54812
315 61830
467 83630
352 33142
99 33300
361 62318
50 7541
423 13831
314 85027
139 94942
23 55697
93 66062
297 61587
44 55716
407 8571
491 53123
77 69142
244 24561
452 55314
215 91501
5 57346
312 48441
113 14704
386 39070
272 4168
68 33653
153 19011
460 8328
308 73716
415 91141
169 7246
455 56298
294 33821
65 38883
208 72890
263 44026
119 84495
331 37078
177 20962
290 85280
71 99825
430 64546
228 27577
408 7708
296 90893
327 14378
211 14622
151 22548
339 90584
94 8149
169 84955
115 71551
361 11417
414 88217
445 98770
166 89909
190 21922
95 853
131 3723
240 51533
152 54131
470 26368
349 45795
27 26909
340 63088
28 86555
15 96010
399 4047
123 15016
494 74846
438 7560
434 72338
398 5682
233 39428
295 96293
196 50262
453 46845
74 11670
231 28874
59 69246
278 60284
414 80832
268 25247
200 91263
270 24744
226 25867
430 81962
35 35566
365 97653
39 93503
483 62063
101 92909
82 8352
386 4005
90 84032
336 24595
372 74743
328 43492
74 37659
412 30402
53 51954
226 45356
407 46944
63 95596
93 65820
89 94380
70 43136
314 84891
171 23749
254 20703
157 3230
137 51617
462 43140
495 15718
400 86889
121 72892
68 91633
39 31126
164 7745
284 26020
449 27344
80 84696
35 1348
391 85815
268 34049
195 93786
220 1566
162 97639
316 59729
469 50024
30 6839
278 50404
299 91293
11 56167
434 85958
330 10075
422 12384
411 30219
363 80484
284 32169
201 20970
168 9512
280 12225
183 54088
330 35155
404 18674
385 83938
356 40391
111 44228
244 78770
475 88499
427 85209
426 70853
454 44166
116 39018
354 50808
427 92758
225 32675
12 45243
29 35526
77 53556
39 8649
72 86537
150 14032
394 30717
170 75317
253 2512
173 5264
183 5216
377 54493
141 53499
479 48815
485 67276
142 16746
316 1020
259 33379
240 63402
379 93897
291 63237
343 48781
338 78519
163 4082
331 3831
367 68169
24 93096
16 41647
286 52999
106 11839
499 49392
332 59303
312 96351
145 94977
279 83296
218 90784
166 52984
410 76310
335 31764
297 10363
173 79599
105 65591
290 5853
168 2483
287 77921
156 83112
109 93118
126 81051
112 55965
339 44514
259 25564
422 11102
241 69931
180 48043
107 54359
391 80160
96 71181
59 97155
311 91738
308 50234
49 90119
158 22252
320 67173
288 14013
69 29441
22 62101
47 77720
46 2306
141 53025
91 93956
280 92117
17 94896
43 95128
418 15006
393 15356
464 83434
307 98910
1 29605
467 23887
150 42752
442 49931
169 73616
151 52091
67 74490
177 19777
362 31024
485 72796
459 78416
330 96185
177 56596
319 26637
417 8573
1 64452
128 69852
118 38723
89 97611
27 96401
100 24704
319 67278
75 47398
326 36862
289 56457
170 76674
474 3706
133 63176
144 8533
210 60798
390 62017
295 94381
104 8869
174 95095
183 68208
401 65890
3 75708
272 4520
84 93300
46 23472
76 83851
236 95365
465 68584
361 65193
140 3210
80 64389
79 88080
166 21144
223 40746
377 63406
99 52119
98 40710
439 39506
256 18566
289 97474
279 79048
444 79328
130 76379
60 40976
5 59974
204 97833
411 3715
4 16386
81 47320
467 72565
445 32132
266 32209
48 16219
179 38596
189 80537
63 2799
140 58929
476 61546
484 18068
404 22078
101 21670
100 59255
450 30386
94 58486
444 70893
187 60570
446 71674
349 45576
343 43659
283 58150
87 20831
424 58413
217 29787
32 57116
190 93974
103 45353
21 70193
212 8536
122 10705
339 78451
131 2875
299 44628
454 1594
253 6170
213 14993
79 20682
168 45037
98 5492
323 76368
1 50233
261 35213
315 10313
26 45227
52 45301
173 23991
289 23974
267 31134
256 80982
39 92296
401 83859
88 14248
340 37373
146 7901
68 31018
313 1472
205 7016
208 20385
332 55482
383 2830
181 57841
141 76073
168 90217
135 4510
169 11182
184 63339
58 92592
95 74592
357 37479
8 23430
187 7256
479 53702
302 75531
43 78929
112 71936
84 48241
130 14692
393 10121
346 59338
231 14246
286 24238
189 19575
110 38382
198 37147
494 99414
198 11907
437 55634
281 4786
347 84068
214 22210
321 6633
185 39196
459 2465
234 28587
401 55884
4 36893
367 27251
38 82265
91 99035
93 40159
311 49069
29 13384
136 15651
251 70542
321 21881
474 45219
474 80041
391 46468
237 91379
86 46935
28 30930
376 30927
429 9231
336 51198
192 13328
373 90286
221 97629
99 23794
268 5356
6 88251
258 12205
185 26537
447 70220
257 26114
467 99130
23 98700
487 81315
353 74577
138 80641
122 18228
338 27999
1 91306
143 72664
242 48726
91 98714
41 73730
12 9843
389 30068
292 69913
43 16140
329 28703
144 1027
199 15225
50 29698
244 96042
372 19294
291 81809
209 87721
349 18127
150 11838
415 82685
493 98709
498 10322
478 67179
194 53803
425 41516
235 66710
486 18541
14 67328
224 2229
367 29751
487 39507
209 52580
146 7640
11 63287
329 53167
230 64003
336 44556
49 97835
498 62248
92 47415
220 73014
401 12773
239 66706
215 14724
313 86793
125 69099
385 50952
87 11860
35 71237
198 53774
113 1431
59 27947
300 79626
312 67906
483 67846
206 27114
426 66691
416 24099
33 47969
255 54253
499 28850
492 90098
376 38726
385 9744
171 73835
477 46569
405 58840
179 12339
500 59255
83 4729
388 8352
173 82281
306 62234
283 3688
319 8883
43 31928
149 17966
271 83441
119 74927
120 11041
177 92720
344 21766
325 23024
204 9197
24 81205
46 71065
106 62367
71 94338
89 81251
394 33076
86 84666
120 80735
92 1283
202 20080
239 13566
279 1992
358 97207
423 38026
418 63426
265 52963
129 64668
89 51104
91 61007
306 82070
305 30643
394 82497
128 21867
485 41629
443 4510
18 92408
71 23365
118 17999
104 28418
339 44358
338 41531
382 32296
401 45230
213 43751
237 46728
98 92437
240 30339
378 74691
287 22936
326 49276
421 68051
494 40274
246 27247
161 38565
350 90134
382 64973
399 28463
427 19463
191 42086
453 60908
175 83431
173 50964
44 90619
321 76514
162 5019
368 80777
217 57122
250 19937
455 92253
157 68003
412 28535
187 43820
257 84027
421 3123
260 89140
21 3160
409 49699
429 63422
385 28033
286 38430
114 96595
194 67435
492 41532
406 38483
291 8538
65 85817
299 37284
311 10154
150 84403
355 19399
457 38352
325 53019
228 74986
185 58697
409 54540
338 2949
277 50966
84 86337
456 55411
175 21067
212 77593
169 66932
21 67623
132 7941
308 49874
445 93095
427 56396
86 11070
423 68962
13 9792
82 21157
3 84392
457 65511
494 3249
132 34104
203 69731
81 20658
225 21919
172 82125
20 63059
202 25550
43 91418
369 98612
239 51390
106 28298
197 76683
347 38162
440 85742
77 90156
8 98637
368 77291
352 80225
410 6457
222 51734
19 95886
206 24530
292 2307
366 37476
371 62757
60 46852
401 31591
206 1282
21 54875
329 59161
406 60121
315 65976
132 25376
362 56272
63 92378
90 9849
371 4264
23 13173
87 85733
265 72468
142 2474
114 9360
229 41049
251 10800
418 17717
491 43781
254 21954
414 20177
97 72982
175 19666
137 12674
88 64435
347 89573
469 14159
277 1167
456 78295
49 17220
455 37818
16 35269
300 76540
308 43243
56 90068
343 76427
290 56417
266 31106
209 82551
411 55826
165 94993
151 17762
202 17218
160 90343
431 30602
336 29550
241 16419
453 43691
490 30767
218 41729
22 68238
236 6217
101 20692
99 87631
379 99489
425 57783
410 71390
43 33335
220 31851
408 11368
479 83585
427 4456
119 4542
161 77679
307 8657
169 65874
485 95989
218 79328
377 80454
416 58612
277 41416
460 74239
248 76490
51 546
267 57923
435 38745
203 7828
243 92219
154 89761
365 66673
305 8012
39 57040
151 79684
499 42308
397 42191
482 33613
172 33508
342 37768
138 12926
436 36190
465 1556
103 96131
263 28139
334 66250
28 34831
422 22038
112 36284
34 33462
442 875
61 63145
293 9498
32 58097
395 51761
29 40224
77 29116
133 1142
136 57559
19 90795
187 8346
226 71770
95 20569
499 71534
398 84547
477 39882
65 62549
96 55620
66 21637
294 57773
354 47360
476 48632
219 27692
226 12196
23 7705
219 16990
108 11082
275 16657
391 14793
277 28204
477 27470
212 96215
404 21924
138 23864
310 46054
320 76406
325 32463
188 18697
62 89838
188 64695
195 76209
156 80305
17 38018
291 82279
394 63869
422 21490
252 59492
268 40460
204 9697
417 45515
435 63214
411 5255
253 28849
36 86360
297 87100
277 39284
26 7016
344 4398
74 43350
132 38668
70 32235
116 61076
443 89762
376 64826
347 15854
107 91937
341 66593
138 24233
433 76386
468 9022
421 98981
23 69133
474 27704
237 32684
455 30431
497 34426
490 71318
166 12545
10 42105
8 3935
487 7237
115 9678
130 69422
393 24584
309 31316
144 83101
88 93651
242 34888
414 85599
47 56038
53 91299
354 41283
62 45557
344 83888
330 60122
240 18908
64 36007
86 32277
240 37469
229 84554
389 35190
456 34911
64 22902
256 64660
359 72128
260 14511
183 27610
172 7838
34 1318
51 40686
66 422
489 44367
88 74064
158 40732
330 15053
428 93689
441 11482
333 65927
272 85992
299 75242
395 32939
266 33445
421 95257
326 38575
463 71955
178 61539
234 8286
366 36373
177 8015
77 71959
244 709
292 31917
206 31131
222 64639
80 36394
158 61975
268 28372
200 20108
204 66505
108 51023
60 74443
181 38058
63 42004
75 5219
250 70256
234 5274
215 71523
196 26627
183 88224
403 99753
169 4450
241 39955
65 5756
218 99841
162 62782
106 11837
305 35380
92 84973
131 7348
80 3588
191 49075
466 39751
246 57116
193 18224
1 20928
204 90831
102 41956
253 42368
319 87607
5 14374
465 18528
345 74677
430 44033
228 33417
364 437
410 2248
301 78563
431 30376
429 74099
221 34097
38 16577
174 11652
143 18761
488 44785
188 52335
75 52906
420 91318
235 6213
472 25319
176 22466
138 95957
352 26174
138 14224
199 35018
480 48715
166 19709
248 21777
296 80083
124 81599
348 49304
346 32576
382 89935
288 20648
210 25641
318 97897
104 19385
143 19428
470 80600
448 90151
105 77577
455 61428
460 64623
130 18800
426 989
190 33104
276 2107
416 1684
230 85266
143 91803
414 1314
292 58970
172 68325
497 12755
136 85440
438 25718
218 55443
163 74629
41 15980
332 57631
317 26700
152 23373
329 98538
143 21682
189 47848
479 13191
497 85210
375 58286
89 97026
87 99781
203 18202
169 56682
232 80704
207 4924
147 99494
251 18842
35 94852
350 86127
146 55388
401 72682
389 65197
11 1184
421 43984
157 25818
225 51318
325 93016
402 64355
440 38579
357 59185
347 45794
320 55563
498 47364
334 59454
132 38694
107 33535
148 75499
457 80724
92 62513
301 29613
168 47458
2 29554
227 14605
493 32493
403 71020
112 34061
96 79381
307 47726
145 66669
14 58140
71 47562
444 18685
119 48073
233 18090
204 56430
133 79366
267 82584
312 5274
190 75382
208 73619
154 7845
262 11159
481 30249
481 50834
36 14929
289 10473
477 31742
389 4500
375 50746
486 20710
341 81232
34 77986
223 18768
377 42364
209 66404
76 32472
13 50362
389 2566
338 83920
16 25060
428 51766
357 86856
229 59420
387 73308
186 89639
471 8863
134 94490
415 23216
14 49840
231 53888
272 31269
96 94521
21 54091
407 43498
335 33871
203 81403
339 49814
165 8529
312 44544
337 20449
438 97386
132 94879
464 66790
440 3181
50 92776
13 2052
72 28271
492 99447
441 51426
39 47739
345 93334
298 78339
75 61939
189 76984
447 22518
415 97167
346 16254
401 33501
17 21240
57 19001
135 12015
199 30989
271 68239
88 4991
369 30657
326 81593
266 91931
453 59649
376 69214
97 47927
427 77903
354 64353
259 41051
370 68145
407 26746
199 88189
35 91752
442 35690
459 73319
413 13010
394 29236
222 63902
296 11805
305 18258
8 86677
310 91761
35 44418
476 6018
483 82959
380 56919
265 6416
332 79097
252 29191
29 63666
208 52644
141 82943
499 28712
141 24823
11 80899
477 97950
445 29848
459 93582
160 4928
247 83056
368 636
382 3728
260 99750
158 45385
117 72398
288 42659
264 69583
55 54471
60 2683
74 50417
105 76299
429 57197
166 15465
252 59939
332 60388
131 76096
37 74180
264 4508
234 92028
125 88173
370 18579
379 18498
97 28192
132 78597
25 34381
294 3625
424 65452
453 43146
199 19523
34 10392
421 28124
42 83876
327 31162
283 32078
469 22748
395 88830
307 19160
315 51711
166 21245
153 32828
342 94025
79 1591
163 59910
398 45359
201 65500
103 46433
90 9074
298 21474
288 49998
206 42865
253 47805
438 53549
253 4115
107 53662
191 95702
479 2632
192 35454
500 45086
46 22062
443 76532
23 93263
213 89304
272 22265
10 53163
342 89349
21 13051
40 36086
165 99829
363 90422
91 22704
400 37563
185 63838
198 59977
389 15106
30 1285
140 27907
321 60734
375 12782
397 98039
390 25124
260 27627
384 35209
352 9018
276 25428
321 73606
243 70202
226 93805
188 5272
328 86970
198 12424
373 89376
365 8801
391 71638
418 98591
11 22636
247 32700
159 26856
71 78781
59 40567
64 51238
387 70627
380 23914
416 53805
62 28791
475 52203
148 19733
5 34013
3 82753
446 87276
120 54972
489 93634
291 28830
429 63770
63 74164
360 81548
348 80061
282 80391
32 27974
346 26697
317 59369
466 9501
190 70556
326 68198
133 21248
13 11369
291 67024
143 66186
44 38245
336 34854
23 26947
68 74838
364 96640
265 50945
305 47966
477 5239
204 71153
9 94637
100 13138
382 67334
315 56739
16 69076
175 5148
82 72334
273 79419
3 80697
79 26325
77 74632
44 69330
20 13959
119 26343
387 67477
140 84058
164 58073
330 82699
343 98871
342 93482
307 65799
402 21676
25 94941
499 16623
406 32233
268 82944
294 46457
180 46730
380 15802
308 25311
270 68340
347 37765
55 73405
425 91323
228 70981
348 95012
274 25013
126 23154
228 36640
397 94344
402 97284
161 53231
239 52946
37 66107
455 58739
210 23468
466 85875
39 88337
455 89402
420 75926
21 49432
107 37878
390 21035
246 27463
123 44168
347 76851
290 74017
422 80599
192 61306
230 13887
171 23601
104 17485
201 43926
495 41006
395 12441
239 15825
279 83601
162 82240
190 79039
450 39455
235 23518
257 80922
334 70252
411 87013
26 56819
44 87830
351 7594
199 87643
289 20539
252 86283
203 91295
278 80704
309 63587
434 34050
239 35495
158 47604
191 54195
415 69131
102 15243
256 79754
436 51274
305 8808
60 93233
133 58319
133 41239
300 62167
468 63409
490 84328
483 73230
85 60207
155 17260
3 53398
459 38832
322 22126
7 87407
150 85845
386 93809
447 79642
304 13867
116 78707
221 11796
141 93634
404 13715
418 94700
201 76603
325 96056
328 28055
136 43634
371 25843
33 73076
144 78169
64 12554
156 91154
381 17843
21 46952
195 7650
245 24953
498 49771
333 81344
246 60050
159 83574
446 6826
53 94719
49 90393
424 19545
456 97568
425 67625
142 83542
231 97504
159 55619
255 94754
262 94344
314 58771
231 86640
211 49529
102 46683
294 58215
378 36287
218 55436
339 13237
252 68353
204 99382
150 16132
385 73307
138 19591
314 79397
32 74248
146 30397
71 4309
9 76689
152 22951
179 73441
441 48220
247 74000
268 31986
480 82570
142 38754
183 21320
212 2090
224 8872
185 44378
425 60908
122 12031
134 96091
144 72399
331 12125
42 19309
280 34337
445 48749
476 32660
442 67599
494 86865
51 15311
311 62106
14 18622
251 94144
364 73537
256 47053
384 92314
286 20862
170 85187
421 30951
356 43269
413 17126
324 38584
457 72424
452 85766
4 60380
264 98960
136 2385
216 9679
158 23374
484 785
247 7884
170 48448
354 83312
263 86270
195 84168
282 10846
390 51967
424 17940
354 2609
418 91875
439 58821
2 7045
360 39180
26 6213
277 2151
304 26100
210 95363
52 61249
203 76730
257 33940
34 18196
49 26724
72 90470
312 62224
88 16158
137 74952
154 85360
20 42187
281 89285
69 14345
69 24730
76 7054
94 12306
495 27939
167 48631
352 73477
225 16823
195 77498
2 98937
228 38883
322 55153
31 45459
492 59557
287 49436
122 48040
376 30564
273 62231
348 45320
330 72849
478 98248
317 59538
330 59811
204 54180
78 64487
364 91153
121 90555
52 79753
418 56263
376 19048
161 67558
3 30542
127 69429
221 8925
317 151
294 81491
305 2165
486 58644
449 70987
351 20791
202 41518
434 35102
453 48542
190 37116
222 83375
131 85076
492 46664
480 33831
58 18989
318 37617
410 73220
83 91890
116 23884
363 68649
252 32532
139 89107
97 44361
377 11801
70 24396
409 84023
237 83040
111 28041
155 51546
250 36855
90 28271
183 71964
267 87635
212 36253
308 63992
285 38744
51 51896
31 44593
361 25162
200 90915
48 51101
500 62573
177 96806
15 274
427 32316
404 38336
226 23149
128 88149
436 77836
333 64863
408 32706
495 29456
110 90750
287 95847
349 19690
411 84546
433 5757
255 36287
69 12003
159 6642
182 27739
442 20602
294 47591
485 78744
226 37541
406 16681
332 30613
154 88295
114 22081
463 31695
297 80091
442 62360
7 85205
22 45584
337 71862
103 32243
142 84549
349 78994
354 63619
410 14887
72 97815
316 74757
237 36848
32 8554
142 2501
264 26285
274 11046
302 39838
121 35458
150 85070
66 98175
108 83624
366 36465
280 63073
355 80732
448 23586
374 21286
113 38529
445 22605
67 37746
42 80668
189 99533
14 31936
406 12672
139 22269
374 29612
355 96348
1 45881
446 69732
459 68181
4 62651
198 10442
356 7948
91 97804
78 65323
402 34715
239 78725
286 89439
467 75151
334 37533
258 22739
366 42748
380 24302
294 23883
351 50836
358 42197
425 15498
408 2477
271 79212
162 50321
403 67281
381 81420
339 71359
323 89891
101 97895
446 73984
413 32026
327 97648
437 89141
28 37190
392 93729
61 51059
150 40820
207 74192
378 9041
256 48061
225 4237
369 71155
488 16861
329 35511
426 34256
75 8083
116 68421
287 21700
43 16018
213 88974
177 4421
273 39266
72 10291
306 13099
485 81036
111 59377
135 78474
397 82518
314 60512
406 16826
328 34685
4 40599
415 56486
264 25921
96 77571
251 69390
18 64098
485 7221
38 87615
341 31528
85 5290
370 70693
336 72486
105 48325
43 95066
269 75200
338 72793
269 50851
338 12830
57 36001
347 62809
257 45477
200 6479
317 35572
88 15074
88 18672
160 65406
1 50364
107 16265
237 40420
17 91831
463 96098
228 99028
26 8521
130 63700
135 62956
89 11601
76 4015
182 81662
114 19658
282 54693
203 83497
120 69793
205 48670
149 94005
270 58851
111 45244
469 88115
354 16391
236 94608
106 58469
132 99711
35 49104
367 49871
156 25046
494 72897
181 21030
463 15197
336 70967
449 66748
296 35694
399 80519
165 31672
356 71167
453 9798
490 73735
202 26762
230 21131
158 80720
22 38751
118 19514
395 95688
324 69370
291 89955
469 41194
109 58241
19 54917
220 2094
463 43870
47 19401
380 82250
100 66425
79 12896
248 56291
261 97158
165 70448
493 66001
401 68678
39 78125
19 98661
157 1901
133 89821
410 86724
125 33264
262 23740
147 57792
443 22036
426 70069
312 46495
471 48970
49 5499
48 36815
183 49069
158 87211
350 47160
284 81351
274 90909
66 46232
181 10247
127 6827
337 58980
218 53729
139 61550
161 63985
133 78614
429 21499
232 27542
184 35963
243 2439
40 66380
334 46454
93 30599
339 62409
262 30277
157 26073
96 30788
304 98247
14 97739
295 89083
16 86770
406 1050
92 88255
108 73748
436 59745
326 7293
194 72140
70 77552
102 88137
309 88670
191 61167
437 83946
418 3498
88 96453
98 65649
35 73171
359 84973
40 27036
308 40481
156 33125
280 75186
197 35180
28 14527
42 81041
3 44841
202 89437
53 72789
401 10462
21 69093
155 31662
343 8461
131 424
410 26579
489 55105
367 89192
348 76631
236 5223
49 34514
154 61174
134 17262
157 40764
336 38659
314 82656
437 25976
91 55328
431 62167
459 34771
79 73830
142 56459
479 96809
211 27311
185 29420
429 49652
341 40697
137 89351
83 64631
170 66780
462 23313
64 57440
314 93233
22 42483
347 29868
496 639
420 78317
198 82122
94 83450
179 64157
118 98578
342 67557
210 33232
432 33922
484 83489
424 33536
453 15668
150 19714
67 29205
177 91084
244 58608
129 11300
65 84103
162 79507
76 28259
247 92671
471 40362
487 25960
262 18113
427 41071
341 55627
239 95779
179 68238
356 3365
464 96638
40 81410
173 60899
499 57263
462 77798
234 49383
455 91947
207 91082
428 96308
137 13339
487 9309
235 75054
270 70777
29 29688
422 54968
335 89763
70 10826
32 41217
242 26119
400 74847
200 93475
155 12273
66 54976
464 17866
489 53759
486 31182
372 9453
495 49283
256 7369
44 60607
62 26693
258 52334
87 39572
24 83556
291 30634
298 85649
410 17744
264 62192
77 48650
429 51256
127 21481
392 71342
118 32497
355 93568
414 92962
59 26888
109 27971
121 72429
117 27561
492 32802
104 67202
44 99962
496 19143
273 85212
129 17286
330 16957
89 90184
459 97465
119 49987
75 90236
248 76578
406 88338
205 6256
364 51186
307 44290
180 75994
346 77722
46 70468
146 53195
466 13172
28 26653
79 57057
172 34180
493 1404
493 10338
415 36308
410 46268
398 21136
8 38876
68 9479
130 36127
461 34130
244 51573
157 4081
392 85059
408 28770
296 21069
81 33408
282 39122
28 51882
275 80040
320 10753
117 47680
477 80031
21 43878
319 81214
93 67511
134 23638
286 71877
72 87951
471 6404
50 65543
369 62924
339 55329
289 17151
259 35675
313 43652
485 82885
123 10066
493 6738
485 95227
235 85584
315 22634
155 5043
433 55722
87 97904
218 82391
344 7866
489 34361
81 82976
276 90064
170 24884
160 36578
142 61058
331 46308
474 95529
366 78203
44 89261
335 95344
360 56942
291 84532
110 22768
213 66860
278 53132
362 63324
183 60130
343 28796
117 37373
415 40000
208 14588
354 13368
54 50292
35 97843
452 78671
270 5976
50 72629
434 16598
50 31632
413 93886
361 49572
415 30273
354 78036
399 91290
473 14153
490 56552
229 19062
282 56892
391 63600
12 46181
365 18789
38 84508
3 1295
273 90461
314 82238
256 86222
220 65186
280 99283
385 82156
275 20773
65 36947
125 3563
355 42115
33 37222
28 46100
253 21515
454 99422
26 10087
409 70701
289 557
106 79819
488 77943
47 18801
190 14668
264 30967
415 4577
293 13996
465 14754
282 62697
206 1685
29 18073
47 19244
75 20006
290 86664
484 92209
181 90486
130 80436
457 86745
54 69982
128 42200
144 1018
59 15338
346 63168
89 40221
368 79526
322 8942
31 90166
173 37661
161 98057
198 90008
182 28027
465 49624
407 58219
117 18992
110 75397
58 93426
139 88613
420 14357
374 22095
245 13684
163 6018
191 37408
244 86022
419 34340
123 3606
363 91299
37 23986
17 56019
352 34781
86 57916
166 63522
436 63505
91 98008
116 69211
11 43108
373 52473
370 73662
371 14654
278 80156
65 81548
77 19720
440 67990
484 73380
29 69661
457 48124
395 75433
498 51504
346 32900
355 28885
177 41202
304 32755
10 88612
433 95871
101 48487
457 96214
364 99030
251 16433
289 53435
84 23717
314 61855
398 87076
84 87542
234 9024
245 64003
344 52735
295 35732
490 10596
270 44503
104 4133
474 73236
35 43160
131 91822
437 7879
495 95696
355 37207
451 28720
492 24085
66 98927
243 79257
236 40653
192 65860
108 43511
116 78123
172 48793
152 44631
319 27789
402 79102
330 83047
280 69169
452 59198
155 92447
76 43260
182 49679
251 28963
328 31881
163 21862
81 44810
338 2708
453 58257
173 54957
40 83318
197 8636
333 45773
473 74362
395 14434
246 28148
87 82729
2 34362
108 70772
209 78959
53 82364
47 88097
62 48060
40 5714
108 55867
466 96714
268 99144
111 25277
288 65136
349 23339
11 12031
328 99755
487 55566
483 40564
446 8959
92 4435
118 33153
175 37889
456 86610
454 57931
26 87136
224 24161
273 25275
426 74199
416 47836
293 98886
454 81153
227 56530
452 38715
213 87391
189 33329
430 5018
52 63569
263 46646
257 53399
61 17297
81 89698
54 5485
222 39000
340 97671
91 84767
481 93020
66 22935
69 95681
409 77991
215 87353
68 37769
229 83
462 72682
191 49048
203 57746
64 90901
8 20941
409 89084
447 75167
367 59410
195 48730
305 40184
174 89342
440 99720
334 1150
90 29830
147 91368
252 28764
272 46565
120 22180
466 28720
267 98836
123 49588
487 43143
320 76596
270 1687
48 99532
174 96271
330 47043
291 316
99 55707
361 27333
446 50185
455 8756
18 17061
160 62898
420 39508
282 53263
162 62417
426 84992
73 45370
350 17612
240 8293
99 99080
327 84147
243 12753
181 33271
80 327
170 55584
11 39685
69 32415
473 49968
331 84719
274 74280
174 28148
129 82799
263 93222
285 87294
77 70968
284 4504
308 67325
63 1468
414 84717
51 26859
105 61945
246 13201
460 93382
403 16390
342 75363
86 1737
58 69722
113 21126
121 17175
405 5523
222 27588
269 15898
297 46859
139 50655
433 99975
326 99687
457 7269
230 92802
151 82656
236 70337
273 71600
382 95274
486 55844
160 97548
147 34024
481 47353
35 98439
491 87456
382 25565
443 21391
43 95471
338 93492
50 16531
23 70138
178 66542
282 13721
120 81065
450 91363
339 40539
492 98307
454 2962
454 74805
321 30310
81 25909
319 24321
483 99551
481 97265
278 99338
142 94948
387 75922
142 91591
180 53020
296 60
418 16857
231 59747
76 89891
32 9698
446 33526
418 10715
475 85453
325 71970
176 49572
360 83955
346 29732
431 62450
456 1820
438 29166
62 91843
352 68991
491 9928
424 38088
456 56862
179 18486
111 14944
48 48605
361 3904
27 27229
373 85055
415 52212
383 41289
248 29315
493 45763
74 25818
161 3896
460 82479
92 61285
33 8136
185 65708
15 72147
452 835
331 2102
240 4372
106 20611
434 37671
343 46171
439 43139
22 13777
234 61591
38 47851
284 56632
412 82608
398 12473
403 58369
186 66525
346 5530
122 80963
401 12924
411 54066
176 4092
247 57149
386 29733
496 93577
47 22750
71 19523
303 77961
127 61597
325 31232
203 83594
101 60868
187 61947
154 30369
31 4318
324 71964
374 12252
411 80492
137 7943
114 12569
345 70664
113 13976
297 37255
244 84134
90 12270
166 6583
17 17875
435 33514
324 389
422 10920
425 62348
3 86488
142 80591
306 65623
167 39783
306 58583
355 96546
191 56544
191 53920
73 80152
453 94174
431 98223
255 4343
113 48391
150 48342
362 63977
67 99000
234 49069
93 47740
209 63987
437 84341
298 46370
337 16502
302 42659
65 18300
270 1232
69 66320
88 84382
241 50084
247 56148
356 26510
410 17646
350 76312
154 66976
417 85966
153 60328
292 20748
419 69226
463 54377
416 77539
200 69529
204 30072
217 41954
394 23536
280 45804
46 65013
170 68599
383 54259
36 39916
57 63868
133 82248
364 22999
274 16826
244 76342
361 52071
323 13882
479 59750
2 96831
29 19598
500 61150
307 29674
85 25634
192 86895
372 70853
195 46791
117 79782
466 10533
193 33369
413 87852
405 26563
351 35107
494 29199
146 90284
496 20348
470 45267
486 55698
162 61316
164 10096
67 20160
397 15291
90 13177
454 8986
26 54423
401 64849
392 65497
434 65703
330 81550
450 74491
457 14959
294 30784
383 45203
321 19874
457 78901
127 3510
245 51276
459 48469
22 63271
18 58734
327 58476
105 66038
8 61665
112 23217
469 79080
41 92817
340 35079
17 14196
428 36017
443 8780
53 73136
359 77962
197 81179
465 23306
437 41037
95 18236
332 2913
358 6970
351 80318
366 77688
136 7441
121 5773
440 71720
4 36906
41 81780
54 36789
364 18337
491 87461
288 23835
118 33466
397 44645
64 30906
182 32294
451 70712
135 64445
24 58554
376 59390
273 16914
204 91720
263 79912
59 59592
417 62379
252 69069
395 99046
423 52475
413 59596
137 47449
69 85939
211 31899
296 91149
184 18007
338 42731
479 7914
285 16747
348 50605
338 75053
360 99061
353 93185
41 68558
252 2874
351 10453
411 67630
438 45936
147 26747
385 41229
418 58088
152 85677
173 92428
371 80220
130 44957
425 84143
414 73956
198 82347
412 28887
89 71369
72 36581
67 38231
162 3768
258 16840
156 75312
363 12795
44 36502
309 820
419 87922
75 16542
95 55921
122 42799
154 42907
381 1229
452 72048
278 19049
221 85263
440 82544
221 66715
27 22183
318 9492
174 86100
114 76689
330 44254
90 56971
460 9621
384 23787
323 62326
158 30156
371 42928
256 18986
3 31698
247 86554
308 11558
264 4348
184 7611
325 16805
124 82569
160 15899
75 14882
430 79856
105 70289
461 2918
356 32714
286 70920
246 63077
413 80700
144 55922
328 60017
465 42606
228 12012
86 28407
359 40664
263 41700
171 40575
24 62433
217 48187
54 56836
447 67464
401 53585
139 77285
201 45518
417 15664
470 8456
126 44967
306 9407
231 3119
123 35277
170 40872
18 81545
149 15692
354 16896
169 43925
155 9483
37 37336
407 11534
288 18931
348 52641
274 67663
432 1444
124 93734
376 29289
443 79754
145 54096
265 19640
474 8833
472 58762
240 60785
269 30973
368 20986
295 22829
193 75115
333 9644
404 32141
352 98532
318 22216
334 43952
85 37655
124 51968
459 27150
392 40135
438 12225
108 10430
42 92988
113 48407
266 3857
417 40479
11 98153
170 53554
155 11944
329 14227
172 79554
352 47951
119 15687
188 16783
357 16462
216 75176
345 29524
255 50367
240 94335
10 29042
224 47475
432 66116
294 50866
40 61066
123 70834
27 43820
347 93554
403 43364
269 33252
389 23762
112 69358
448 81191
294 78794
3 14173
67 98179
175 53158
82 24826
303 23030
293 82040
430 67396
116 40112
229 31092
229 5764
370 16972
431 7679
170 4391
375 8353
132 3273
254 70128
59 55493
446 85351
416 77902
125 960
94 13079
235 98037
172 91388
40 31329
235 68967
173 75809
189 6423
214 2077
319 39318
58 13543
248 27257
35 88808
347 40997
257 87508
97 54164
459 79951
325 30149
487 18234
283 27053
85 11935
421 99547
100 74623
245 32946
21 71620
160 56652
137 14198
424 98237
128 39885
464 57112
65 88857
167 39091
462 56235
377 45011
78 42257
205 96614
158 90101
284 51902
39 91236
400 96348
424 13864
334 40403
469 19804
465 39871
341 79234
461 4958
460 83230
145 47427
437 4497
221 44810
162 27310
400 28529
335 31595
467 66435
147 36108
436 24626
39 16751
164 85929
473 90717
302 57749
166 75762
278 36515
424 25427
7 41378
205 83032
433 72608
390 4103
439 39960
45 80736
58 70537
7 63788
484 12516
171 41709
346 39411
209 36422
203 47804
124 85342
87 83988
244 7598
497 99544
161 68202
337 12172
434 62609
443 66127
455 68827
17 9669
44 46925
317 53550
343 11125
65 35701
237 91251
389 46711
262 45793
237 69950
381 48402
164 16895
301 21678
406 41015
19 36915
370 55258
493 76330
433 7860
376 45125
93 49218
451 24256
43 84851
42 25177
107 14273
332 14689
370 90464
261 12276
130 70354
21 80303
250 11832
223 13617
350 39211
179 31188
309 74411
301 62110
206 53546
111 29517
42 20028
27 3604
485 92210
382 60919
224 4244
170 12821
297 58268
373 40211
216 33221
152 30181
482 665
301 81082
457 72873
262 90269
316 35240
304 27862
182 21881
120 3264
151 5875
201 4227
499 5675
164 85069
345 55859
254 41622
217 56182
62 35374
247 5941
224 86718
345 78098
35 35005
369 50007
200 39981
73 54665
225 17266
177 91929
12 20261
337 86241
93 42619
172 28712
391 78974
366 25458
463 35560
391 41097
31 64707
238 17475
121 19794
275 1016
410 29000
69 31795
95 24025
136 15234
31 27068
440 76468
123 49911
172 55425
40 92486
44 92050
9 17350
220 34611
446 44671
47 29729
223 55098
233 73382
383 81163
337 51991
77 18346
443 10767
378 31380
43 97230
69 89457
88 62059
302 43829
418 66250
139 11454
277 72541
482 69231
408 16219
413 59333
235 40867
412 31869
497 25289
175 78644
58 5567
326 85711
466 80752
59 61842
25 61675
235 4309
81 33508
217 76758
15 85061
490 38619
150 12292
247 6816
377 90268
394 26156
162 88238
485 30794
314 8583
170 31241
114 47908
481 46200
401 50930
497 35597
467 36887
388 11203
440 90997
250 97155
27 83164
446 57169
496 23071
204 38952
238 16423
336 87677
402 41792
90 51571
18 32603
392 6970
54 6740
343 14057
42 58473
42 70316
126 54973
394 76140
389 2021
352 51939
343 26056
211 13610
107 46393
463 40720
238 46912
382 56794
470 86800
271 26665
319 25778
178 61838
481 79154
93 89848
88 92453
155 52660
387 32383
215 42312
126 38555
289 21680
408 19270
138 4483
338 52661
355 97743
78 77169
118 73103
440 86624
221 91449
137 49930
489 85815
39 73118
71 59716
454 16351
155 38748
246 47344
484 46025
2 69921
245 4843
154 94032
500 15597
78 26282
181 58184
466 51501
468 59501
56 10486
408 66262
77 41822
52 74394
84 45170
234 95812
445 88379
311 18684
48 78977
325 52999
435 32495
125 93960
171 30202
157 82494
252 31775
315 78506
276 15200
356 79974
100 2713
322 62461
135 97068
306 56732
477 79524
35 94815
406 41795
457 42058
132 75335
222 8473
360 42588
61 92399
430 22420
370 1697
20 74350
96 64400
31 69558
307 1002
66 30522
294 76070
197 30703
486 35843
484 75153
125 84884
457 49572
80 46102
394 35169
161 55717
428 2035
418 8818
381 71719
260 71686
27 74211
29 88556
170 58228
282 95376
358 56422
22 98625
34 8857
481 41833
259 24648
34 44662
459 54850
134 20494
131 67291
10 90929
201 50354
113 6514
158 1049
183 36668
5 5893
427 1978
471 97676
262 79037
417 89091
438 87943
121 93137
456 58350
249 73362
246 82260
58 29552
42 24393
130 31865
389 83206
82 16379
493 74965
97 13906
292 6340
400 6793
146 28871
328 78427
147 57527
67 34597
430 26664
471 39302
303 92436
73 18258
123 33057
67 87023
446 77036
222 35663
8 18356
118 45819
321 31937
65 86962
459 49067
443 62572
380 55027
41 65933
321 2118
121 55475
480 82695
32 12008
303 93284
140 73567
415 4020
243 92438
127 27553
34 76483
486 15259
422 24959
68 56968
235 38549
485 11394
355 1168
8 56981
48 41089
490 1085
371 38543
64 32281
306 29501
25 32681
207 3848
314 19162
55 33287
500 50376
336 25652
349 86279
482 81948
447 3347
398 29497
411 79910
15 98947
155 79279
59 9244
141 24731
8 10884
315 51326
188 32836
201 50517
20 60014
249 73777
494 74138
78 21560
370 93168
149 56778
157 58189
411 43172
370 75967
225 30874
207 89681
283 92783
62 24632
85 62940
285 32693
104 41587
461 84054
355 79549
316 76965
76 62070
39 21769
271 19013
436 10902
406 66514
257 78329
108 90904
440 87857
189 16176
236 59572
451 17987
303 33577
72 49721
78 11344
58 7541
378 86461
478 57919
7 63096
21 50395
96 31051
66 91116
376 56313
246 40200
268 33210
283 85976
23 84794
389 21151
256 54331
328 91511
80 70973
448 43406
481 38581
300 46190
488 63329
116 29338
476 42296
430 33346
352 11056
361 75970
85 6020
89 80240
154 94183
320 55665
126 57879
420 94897
74 41170
119 30372
200 89018
270 40835
241 57334
403 81734
204 84671
83 1617
228 27289
444 44579
22 1261
243 86652
389 58509
451 27891
244 63065
129 73113
92 45946
430 59146
279 40954
349 10038
166 20699
42 51533
84 83519
275 15676
417 40596
391 51673
471 30316
466 83275
228 64919
250 19381
7 32814
482 24692
242 32462
353 4045
167 13938
311 72810
40 88275
389 67991
12 47802
268 80556
329 35722
146 5790
121 57070
485 61168
24 20329
202 3732
281 20434
223 93955
289 88584
333 52400
58 47301
126 95638
429 40708
117 75071
293 35630
9 52149
434 46556
442 74733
131 23978
232 96698
416 82480
42 96943
336 26676
112 10521
468 27006
377 78526
226 89994
106 26937
287 71660
61 33116
54 52591
443 35490
255 93989
202 73796
421 29390
492 49851
220 56605
338 7074
131 29179
465 56537
127 7886
485 7595
359 17477
321 36576
429 32371
401 20540
367 56792
460 15860
252 10228
74 32955
419 50224
159 95299
148 95387
346 13981
147 30392
295 23797
198 6092
165 43316
319 80402
65 40185
200 87099
77 30452
453 58879
54 65544
170 85079
178 36403
222 14222
231 91348
17 72974
170 22347
94 45780
417 63361
214 85160
418 14221
64 81936
233 5949
135 78662
158 75732
467 13599
124 9328
235 78457
375 14130
313 34447
103 12667
58 47106
47 51548
258 10559
232 35936
318 52708
195 87888
245 46700
314 83967
486 9142
175 82254
241 98815
107 81655
298 16310
228 50330
112 42019
60 55391
31 55786
332 6268
62 69599
110 21986
6 36144
460 92851
30 40039
6 7955
197 26420
252 61218
319 36503
309 40095
352 96385
385 9442
491 12156
301 25275
112 55073
353 2507
451 27032
45 52815
423 43087
257 98366
303 19340
123 60782
324 25837
329 43560
125 66701
456 51858
106 6801
235 70600
159 41532
194 47844
442 15738
87 12181
439 98321
316 3827
239 4304
86 65737
113 86092
4 81226
332 86345
123 69866
84 18127
67 8981
197 78088
368 68855
162 75976
319 65015
231 93841
185 18520
368 80857
147 42472
156 58519
188 97005
407 27090
405 79874
44 42807
72 69392
287 61903
283 47586
332 63887
406 83339
70 10462
100 72905
262 96296
87 60658
209 59017
447 11385
205 2034
238 55153
289 14416
491 62724
156 41407
247 84406
111 88922
31 23548
331 34248
208 47405
451 23588
274 10054
384 79163
389 23522
487 64657
346 78018
31 45848
337 40525
299 69315
17 43742
493 75807
1 44178
238 77046
266 40236
163 72220
163 76335
259 77562
172 34755
43 14894
215 10100
348 47689
126 19452
268 77842
159 45510
182 93274
147 91098
173 33392
276 94341
382 48252
195 55208
27 47852
326 37944
388 50980
142 59519
165 57868
70 38087
338 41651
371 98082
190 81306
390 46121
477 40319
461 89353
422 40592
462 60784
30 11491
179 35687
123 76962
352 73542
201 71601
53 4809
260 14999
273 12167
408 96471
415 96065
432 45801
85 64137
288 46390
476 70529
268 78054
418 87460
162 21509
64 73695
75 95134
428 21537
415 54153
251 52053
80 42348
308 84486
187 42306
316 74096
463 80647
20 3280
332 68873
95 22567
449 78946
25 36406
463 25097
340 3672
428 54345
79 28299
252 24712
282 57860
187 45134
320 89116
133 65216
381 79869
46 82145
408 92086
443 7577
334 6897
423 56684
289 18803
447 9754
262 52105
304 90166
491 25498
14 63558
225 95219
279 12199
291 47130
16 97057
38 75776
500 25164
416 35955
127 85427
97 80354
309 6609
72 63908
336 51677
467 84520
461 87341
191 97328
480 63983
449 93030
151 84909
43 28749
147 53291
168 9511
324 2629
152 22219
468 38375
493 73297
43 45515
345 12306
434 72828
117 60170
311 79776
131 3168
182 75181
441 58747
232 81495
228 84437
443 1904
310 77916
483 91090
16 61341
432 20432
65 1357
6 1511
257 93254
7 51085
471 80729
52 88345
107 61678
113 87082
465 85111
120 10555
496 84412
38 23912
372 25321
419 83486
117 9562
337 36465
365 36083
252 93072
25 50716
489 73963
161 69305
330 79721
36 73441
396 85024
473 81270
245 26468
409 51428
414 18387
394 14102
63 59729
297 37838
10 4338
437 91441
283 12175
54 48396
451 19324
355 63716
204 71415
445 50359
487 93387
101 5517
458 5062
450 14501
282 69706
488 60884
123 9383
398 36861
175 96152
306 35600
470 44513
271 59665
485 78061
74 18157
458 64550
110 60251
278 23537
50 34218
400 99020
495 32532
195 78637
119 59127
475 77911
356 49875
160 65916
134 87571
54 50978
117 49907
80 90208
421 39359
153 80016
3 49482
458 72146
159 56751
457 46343
381 37913
271 24498
270 23760
152 23787
113 98661
338 15119
263 10478
26 46667
2 25261
66 46658
416 78140
256 17252
309 82492
185 52259
36 54540
3 72005
222 84469
260 42509
109 13795
85 56330
95 90318
64 32237
97 92248
146 30299
116 83897
45 54679
227 44608
375 29903
379 77938
57 60548
198 79139
389 81240
88 73522
141 15364
9 49219
446 39075
153 46623
442 56586
242 33830
442 46376
370 2545
441 8524
255 87900
458 50191
341 98564
234 3320
343 11970
348 31788
123 95044
23 76601
45 56276
415 12425
27 43592
105 69899
420 81945
118 28067
241 75998
472 13781
131 49196
318 66223
104 59663
50 82306
73 78560
138 58276
273 14194
144 7218
469 79285
453 71003
254 34089
295 47639
62 6457
259 57700
139 46539
176 63024
235 84388
485 75758
146 60127
195 5491
3 82981
261 52907
404 52048
226 7984
69 49548
471 87980
37 95809
230 7670
17 91930
68 27254
430 45104
272 94605
347 64061
273 66904
469 80784
4 69549
234 54137
476 53684
95 11589
488 94365
98 14761
233 28570
448 52226
245 89326
263 1472
37 56885
81 13961
92 2779
128 40713
74 8012
52 20522
46 20309
289 1160
247 85580
70 12199
171 34343
222 6228
439 65964
191 39832
381 76004
242 91938
231 41934
337 79004
329 93136
253 53860
106 14918
220 96321
451 85513
416 49576
195 83220
382 87964
493 76169
399 97674
438 61998
387 51015
417 39804
469 59203
140 59672
52 20326
25 27157
382 59378
227 93799
92 38152
493 78224
167 74068
459 38808
477 61624
176 84447
37 90994
465 91542
190 27323
216 36434
312 53382
202 44963
436 32736
34 7055
63 91707
16 57108
471 95763
303 62330
418 98465
67 59261
305 32802
227 78021
322 63290
248 80287
223 57769
165 98454
148 46004
1 12903
112 92950
28 30461
409 44565
97 9346
220 33589
217 78601
298 69741
75 62811
46 20879
311 21513
248 11402
200 75392
103 49450
197 84949
196 85503
275 57155
381 28557
189 66816
283 17927
191 36939
60 65233
480 56477
302 42811
244 92505
54 97768
490 32070
186 50257
315 68104
163 24147
58 94030
424 3901
482 60045
329 81810
287 8693
297 3832
477 3181
249 58494
19 45150
326 62970
481 69952
335 12236
338 75994
396 7781
471 67737
312 54496
195 17549
16 20208
453 53061
378 19806
345 65042
443 2255
367 66789
278 61436
162 72379
99 17900
138 33155
68 5113
278 35982
31 62757
375 68915
417 36261
268 22533
209 35378
4 16850
439 46988
307 62899
262 72450
349 91058
99 71267
161 46149
431 87345
179 70942
377 26863
383 76659
210 82634
320 44808
239 71470
437 33600
454 66739
155 48436
221 61523
70 37241
13 50554
104 62413
100 70498
289 99280
404 96828
401 91910
498 11558
483 84080
269 6668
24 95098
404 50829
419 48863
183 80779
443 28466
438 3999
204 16787
308 23529
98 16440
106 25249
121 74222
61 88250
323 81523
324 13042
152 86725
52 38458
177 91274
414 15887
373 58494
244 62060
387 21195
68 39816
163 41574
68 30875
265 36189
4 16352
253 36561
307 16542
361 48378
322 1532
82 5114
23 86175
322 93495
416 57337
311 67342
154 42604
395 74503
374 78476
103 69725
79 61251
193 24476
118 8247
77 63197
129 63129
359 12389
384 63639
363 3875
223 15584
464 47222
186 11684
154 26057
280 74207
384 87094
389 80320
390 41276
67 83547
320 33263
337 16213
317 81889
255 48475
22 47706
155 666
217 149
439 38239
330 78165
345 7447
32 6722
230 93951
13 36252
327 23760
358 83248
467 57030
52 30919
19 42516
98 4001
349 54005
405 43154
386 31994
362 22416
283 87123
275 95641
188 82813
135 30596
28 79655
262 87915
250 36373
50 2925
320 14446
4 34942
286 62928
283 95120
427 65721
444 5649
9 26158
133 60111
56 68726
262 28718
483 57879
150 99152
247 4549
243 91642
217 27658
446 55039
384 49514
356 48148
497 79716
357 99378
190 61683
463 91252
92 38682
99 40030
497 53876
348 50587
238 44787
118 35329
289 48136
152 73862
93 59638
499 84699
61 93294
97 20819
329 75390
6 42851
237 3548
399 34586
231 1957
362 17145
230 50746
59 23084
74 29188
430 40617
264 45816
202 85818
20 45192
455 15549
102 6737
490 19628
316 11014
300 73036
184 62637
362 96771
191 5957
372 87168
191 21725
418 89993
377 88776
422 36258
392 14918
468 57315
420 8514
36 87641
324 93199
475 68826
404 39709
194 84922
132 67837
271 14126
11 83089
316 34473
196 83423
401 44235
233 43648
346 61569
371 89165
126 1768
352 95254
222 59083
209 37958
48 30027
360 91450
80 26021
371 24917
199 77162
391 88859
355 89221
434 30996
172 60682
334 2585
382 65515
459 54796
93 48970
89 1896
19 71609
343 47749
465 25803
341 79836
239 20713
327 97232
63 56648
112 90124
415 6397
312 43229
440 33955
206 54599
403 89095
283 9387
203 50175
225 72391
297 83325
477 11213
175 22811
226 38219
202 18190
487 88854
440 75876
253 6262
474 48931
55 51424
348 75051
7 75702
264 15724
460 70269
318 66263
18 96486
331 35965
160 634
433 71346
171 81881
369 77297
432 61452
337 41761
186 43638
283 66749
117 99899
180 9679
200 51527
485 51950
4 5608
114 45113
219 21507
425 18724
494 1293
116 77589
268 78636
48 47226
29 89713
275 74218
75 51034
51 58923
48 87189
60 47157
449 92554
190 17335
285 34432
397 18211
268 78408
476 6102
269 18226
134 53993
313 38707
12 85125
394 31927
188 81844
24 31436
472 73685
431 24845
125 83787
43 22240
448 51195
354 52618
205 66191
114 6078
406 26819
32 9003
225 73971
223 95447
152 41882
71 66143
78 19016
418 38688
116 47950
186 44171
258 58291
433 44309
334 36945
23 49786
1 53322
372 69919
105 15850
480 42532
468 51658
385 31366
340 41878
428 83434
28 92652
288 75775
494 61036
258 89484
251 98061
211 85614
360 81135
281 21831
17 25787
258 77749
385 1914
447 74688
35 58785
391 78139
284 98161
490 56789
363 55431
82 96539
415 48160
417 59320
36 50238
489 86007
299 67178
327 89444
77 80611
480 91591
344 92280
75 10519
311 76719
129 19956
209 41863
448 49559
101 50417
213 66139
29 55873
221 65228
378 71619
376 98369
485 3305
233 48517
378 1815
395 24323
104 77839
476 2526
171 46104
424 85113
5 49890
58 1980
448 97523
451 40100
266 21090
154 5745
244 71521
38 2074
460 71252
403 57586
419 53659
478 32911
12 67539
456 91905
139 12163
431 54439
186 15531
133 72328
375 72577
62 23104
461 90346
2 89044
18 46245
225 17223
180 15392
122 74700
24 11729
177 66378
420 81664
185 63935
15 12161
30 99116
496 87997
75 68071
347 24899
410 62238
471 62727
75 51486
189 3429
197 83681
63 15764
25 58394
214 47020
340 14454
353 34237
173 90886
167 66991
54 60449
37 27796
162 87009
446 914
25 31097
202 22612
280 34027
139 70463
200 26605
243 46148
220 37330
164 33440
44 57253
310 78307
99 97561
128 41627
93 11315
147 79079
9 98768
26 49941
469 81829
420 37985
305 69651
70 25576
440 51400
139 26105
427 96068
198 73071
44 56795
455 57288
388 83936
421 88046
269 25790
153 4051
217 97784
494 83954
273 81288
88 20949
23 71591
13 58331
452 16003
207 26038
291 4458
420 46559
148 22581
360 30985
202 38670
458 9050
33 73373
40 84673
77 60424
82 86721
477 86679
147 8402
137 98873
345 81424
245 93037
43 67191
411 45382
106 82016
472 82186
385 1607
300 70178
88 56618
470 36573
262 45340
421 10531
227 66840
226 28712
291 46896
159 2555
468 18866
225 7671
196 51051
163 18094
213 27318
465 15703
371 99556
82 62057
482 31869
114 10920
157 780
97 58921
484 78689
410 64594
147 37197
137 12261
212 50584
226 30846
77 33326
35 7157
36 82870
278 80115
177 95951
124 88258
312 52318
355 80605
144 11520
101 98348
325 96416
267 95628
259 29220
155 36162
388 36736
135 53269
382 18868
460 11825
391 94853
147 55514
375 48917
419 71904
166 22462
165 10066
439 25069
202 36265
94 41615
13 39510
487 22052
78 76172
1 50493
304 49257
4 25556
424 20039
335 25839
168 2242
418 67404
274 45737
245 54756
318 12905
443 65809
255 62052
172 53972
374 33692
468 96694
101 11057
186 22622
390 78431
101 56562
93 96591
78 58160
310 64267
53 42303
393 37942
283 91525
428 25851
11 17395
388 24364
382 87864
308 97553
469 24505
336 67079
214 24614
364 41134
215 34824
491 57125
254 21620
28 5289
408 48100
196 12348
250 45223
326 24661
135 9267
154 78118
308 51887
22 32395
182 83127
444 60829
316 21686
86 34816
265 96282
12 37046
483 64084
290 65898
55 77383
240 64355
430 51436
20 77151
171 47733
215 32460
90 31507
308 93744
143 71630
36 87482
273 52560
296 92587
152 60495
414 55379
411 15358
156 75363
446 34041
480 61187
205 98271
270 98602
76 63911
245 80133
25 68090
327 13989
257 12232
132 58572
211 15219
346 77447
350 34012
396 78596
88 57770
111 12083
6 12330
28 24254
397 19631
473 87917
8 70864
19 63052
132 16012
221 81425
383 630
40 72651
413 15619
301 91422
437 249
411 87896
41 22808
58 70864
474 53982
164 25840
297 98568
156 93144
65 63566
442 41192
151 83872
208 31818
353 50605
401 77398
235 15599
372 26898
213 98523
157 84217
474 23888
249 25061
226 84337
141 21820
13 70663
59 78723
231 22297
177 87556
46 89901
432 82867
415 754
345 64610
461 24491
124 92660
160 48394
448 88265
471 23582
356 41773
31 72836
126 82782
318 22345
338 59933
136 40366
368 65494
458 11610
107 8151
318 95930
282 52575
124 69669
499 76035
60 20265
243 99296
237 36988
448 94337
228 17112
55 28468
51 21968
402 35678
462 96355
319 11848
6 34465
415 54773
365 4133
400 67540
423 93234
471 82427
8 66466
94 64045
475 93912
288 12024
465 19373
80 32830
272 18129
286 90152
376 50788
258 22755
238 30916
267 61865
332 42510
337 57199
30 89806
111 5905
248 93545
426 22972
381 45594
92 73250
62 73875
238 15613
69 15329
350 51648
3 21789
442 40114
190 91488
379 48804
207 8450
263 52857
181 67007
355 51891
356 21061
318 90029
492 51233
208 36657
435 89582
152 49083
23 32761
67 71592
297 64808
62 87769
87 90313
15 18593
231 51883
49 97149
281 21155
148 43842
401 50507
434 30021
447 94852
121 49591
333 88455
230 54668
128 69865
499 76596
384 29052
374 78230
19 43942
328 56144
299 73562
235 54147
241 94337
33 87162
42 37573
66 96425
414 73475
446 69013
207 12228
308 70186
270 44154
156 90377
219 7815
191 97500
65 64351
349 62763
243 23414
414 74925
57 46707
298 74256
403 52676
343 57409
13 31604
131 9484
269 86243
119 49831
93 58446
93 1705
194 81378
91 27001
406 73134
118 59524
135 512
88 82350
105 22048
71 41596
329 82596
252 28621
88 4103
152 31347
44 17765
174 65872
203 33615
347 32616
174 43030
360 90579
444 72149
224 51095
436 18639
436 61943
418 11604
177 52184
26 32198
261 76550
352 4373
422 11332
207 66603
85 6966
162 188
396 13086
410 7519
13 95684
269 20832
402 53490
321 13013
143 39948
427 28070
298 75276
304 86581
322 87438
148 95004
92 11464
338 3876
485 9236
113 79058
150 60090
322 37049
391 2290
283 22722
220 36929
342 35243
118 29615
340 93778
492 67116
386 83378
404 58858
384 23857
110 75708
57 91073
76 28573
200 4110
469 224
210 5159
369 85083
402 70024
330 88022
443 46574
170 29461
210 24782
479 36484
425 74920
50 77055
117 55191
452 98853
352 66546
224 70013
180 92860
239 53846
335 79117
55 5730
144 97363
116 9754
317 67529
86 85503
447 8966
489 39624
432 34986
220 75749
21 69650
439 24865
204 90102
272 53299
408 84269
286 50928
16 71983
197 37221
251 29710
287 87055
35 93819
350 56751
337 91793
476 81939
391 14209
198 5034
210 97043
82 10708
156 95
1 19614
92 25240
265 37838
69 6441
439 72313
390 8447
318 21229
161 13181
251 63193
87 33419
227 23049
370 51922
121 98635
92 21378
469 74320
96 92462
409 19791
332 20274
268 51305
238 33380
178 18456
294 19023
481 69482
303 19646
308 63841
258 77627
286 70041
121 33219
447 41109
45 5229
400 7127
337 3874
474 63922
281 86883
147 1551
91 78862
317 39003
221 35587
189 98670
406 33737
329 70246
160 17340
238 75794
1 28505
18 31714
479 94781
232 85849
442 94138
19 68376
25 93420
87 89162
409 88716
436 72492
441 46965
157 92023
197 87292
10 82624
263 27429
274 83538
261 27936
126 56693
449 19837
440 39755
103 70521
57 39884
146 24628
327 98329
435 61295
136 78897
1 60073
29 57588
352 61327
195 10843
98 4194
210 49516
5 98551
397 13618
223 98874
148 76650
96 58364
430 32641
464 81632
431 55666
62 35672
439 132
346 29289
161 42467
211 91060
405 86209
218 88042
434 46365
413 94361
89 19821
285 92768
296 63630
21 33848
252 86148
213 49174
47 48744
188 11898
39 94495
290 59834
361 54706
319 55809
67 21951
498 42505
47 64792
266 85768
309 81313
256 49397
333 70674
359 50040
210 89062
95 97290
240 69711
171 34106
367 74491
279 73317
6 8621
127 26936
350 49374
469 39076
132 11880
159 28479
462 8666
431 251
466 32094
237 53713
241 8591
309 43492
249 6137
326 64502
152 60589
92 47248
23 76131
375 49313
124 76665
130 42970
345 78340
464 92899
350 6212
34 58746
319 86798
495 97935
151 36758
35 21685
166 22464
453 81685
381 98066
266 99861
344 78292
263 94302
23 38490
234 25677
306 4019
38 95208
35 89583
306 89134
312 1865
262 60567
146 76933
206 52744
436 63376
297 15092
154 12448
235 3606
38 47497
88 73989
278 46398
435 86879
403 77949
75 10869
88 28643
294 72064
146 48972
341 65268
321 16075
57 67195
185 96674
137 74410
87 43954
113 81777
23 73733
245 52996
465 28332
340 63600
165 74444
257 57764
377 2896
469 73472
275 26286
416 17626
437 95369
288 22075
499 39334
485 90757
140 21486
103 8519
9 87696
186 20761
245 99204
269 84929
107 18659
456 71830
455 16658
130 70643
170 10540
179 44663
12 65645
487 15126
181 50739
289 9964
386 18033
437 36516
288 79374
455 69616
52 88636
402 96311
398 14319
174 8773
225 20024
462 31195
332 94844
174 22575
96 68083
234 32777
232 20138
34 90861
376 26351
376 74365
462 51751
293 87316
168 44322
144 20092
340 53812
137 71765
471 77802
299 66861
415 24843
382 38862
349 58576
62 76162
362 74148
119 17102
274 22806
419 74762
289 89759
399 5698
409 94191
138 3417
351 42540
496 14830
25 10698
76 45275
189 60880
430 36952
353 37099
374 30010
109 28044
48 78621
41 65689
382 47985
428 27467
245 5781
89 17023
436 70299
290 71212
243 6675
476 14591
109 74794
69 48600
354 73257
418 93993
167 29909
205 51327
305 90145
163 29685
33 12267
59 20403
459 21101
482 44122
162 67895
361 48593
346 70241
459 79101
315 91962
352 12199
235 55060
394 35989
91 60603
16 52537
291 13895
138 74768
273 74526
271 35420
178 70482
235 87039
333 51304
9 94797
390 75928
222 1801
388 6817
164 33470
312 78298
84 15601
108 92127
36 2852
360 28455
93 11767
461 23586
158 28027
29 16867
44 45989
304 31525
185 18587
26 41601
113 98342
62 18080
443 38290
277 46874
161 5096
157 73078
484 15873
26 61582
25 30061
53 2510
254 99544
344 79083
182 63610
303 4875
305 76226
350 70448
29 40253
196 8078
83 39537
18 51667
435 25901
410 6276
100 54356
393 28020
153 4335
493 93386
63 34885
195 54535
204 38437
242 77296
425 7561
30 52622
493 7053
183 39387
60 28640
24 34409
249 48603
308 43683
376 35263
55 53830
205 63476
458 9868
207 2586
7 25904
306 14789
174 45088
350 72218
43 58528
169 68593
2 58187
248 16779
273 20439
327 96308
402 84738
301 91947
322 84842
113 82168
87 66813
424 92638
259 62874
388 23969
130 52035
50 73917
20 4348
45 40520
321 99346
337 443
163 51492
69 70691
428 52013
134 36324
1 16029
125 85934
140 74513
337 73559
375 75848
322 46440
486 20466
387 3348
113 10
54 59916
492 72900
98 89133
54 49529
320 98236
354 44948
3 1749
41 60457
386 14995
385 21795
274 61366
159 36189
241 11824
295 64757
185 67615
491 92784
182 73517
395 77568
324 10420
340 25196
15 77238
380 81056
408 36269
396 47545
51 29341
47 48345
388 26277
304 59362
108 64441
355 76154
302 22958
36 90897
307 51189
171 28447
17 75490
3 2154
482 34184
327 61457
62 7700
368 19764
328 72554
217 41307
117 91050
21 42758
35 33911
240 34581
212 43695
186 13911
297 41330
143 24257
367 79145
30 87671
461 39660
42 74276
408 95178
4 41002
170 2939
119 7597
207 20841
94 36305
415 35147
249 95140
302 89447
437 63317
258 79360
7 40586
17 65337
401 39853
317 78947
150 86167
38 30373
372 91536
387 62401
197 67130
310 3943
467 40756
359 32236
295 36058
460 60558
251 27589
356 48141
180 81198
120 28872
357 67667
217 27690
369 12964
17 28566
393 97444
477 9229
72 62967
40 76126
277 38807
63 2264
68 50278
307 18330
254 46043
346 50308
188 87230
214 48163
32 29220
469 3938
57 28078
83 57574
494 71772
67 21488
402 16701
411 89535
207 31228
159 43767
250 16029
230 71545
21 413
309 3190
257 96912
381 16320
28 97334
333 45510
61 43963
302 29298
419 43960
154 54090
254 31890
38 47171
33 62872
380 69975
12 26238
81 71387
204 611
259 71594
239 49686
48 77309
1 62882
154 44426
145 66800
441 42644
412 25372
189 86780
497 67952
341 33948
95 72334
440 74366
379 57469
136 28316
435 28370
10 38384
224 51011
248 57005
225 67598
387 33447
214 12419
1 47338
22 43768
380 8935
112 26745
85 56230
282 71716
397 71866
466 68182
396 98579
459 90240
493 42340
142 42012
475 6115
70 4055
284 71826
298 81944
17 76752
371 12193
3 29690
204 31560
364 26655
165 63453
327 26548
8 34927
99 89273
119 7462
288 62965
408 21408
67 78240
423 12289
161 28467
424 29029
468 42784
418 27320
250 74570
68 89316
248 20500
344 28559
388 82730
236 86790
16 22178
179 48758
88 4572
246 38760
435 89621
328 50424
39 59247
197 22031
265 46021
460 64367
174 54403
457 57749
168 55462
215 33339
18 38947
199 67537
60 38843
392 31993
352 79433
221 91092
140 31686
386 60176
141 70897
214 11229
209 65598
46 23384
474 27482
413 38719
285 68991
343 62171
264 6749
23 33963
92 29975
36 67093
188 59093
415 90135
44 51762
19 96293
43 12553
260 32209
358 5476
245 14040
222 2940
154 55516
102 42639
335 10762
174 17439
47 64300
29 69891
265 68560
84 26433
350 3524
385 6829
237 71099
469 27093
218 71398
79 8646
476 95180
379 4622
419 83972
475 17218
23 34087
473 82570
247 84254
46 78688
478 44623
417 47927
293 41298
490 78664
232 75489
32 99799
456 59321
252 42923
224 84909
375 43341
229 76765
408 41512
267 95087
439 66209
287 4824
300 32380
272 78700
230 77064
357 7232
244 57012
278 82266
187 4615
43 18550
405 20210
27 73158
52 10172
146 39132
257 87436
204 78139
158 14373
468 20634
141 19978
482 73959
223 9721
125 75221
37 23667
89 82320
454 95757
382 82975
259 11702
195 41887
461 12568
368 28812
471 5438
101 46168
30 89453
341 37636
403 50263
323 89486
172 99376
477 78447
311 6186
96 15688
381 9342
145 4572
341 62069
267 86087
443 46649
422 52724
461 1899
418 54164
481 39126
134 86584
297 10564
310 92306
398 12513
321 33687
245 43476
243 43857
221 68481
96 15549
159 1301
15 18804
197 52633
309 29097
499 92819
227 28906
181 93033
351 75112
491 76881
72 34746
444 33696
37 34603
352 4314
167 37964
233 78224
84 71247
185 15273
284 64419
91 54364
19 66531
386 46733
269 90935
409 28242
129 30610
38 38238
355 54444
242 62180
302 30756
450 27592
430 59481
457 89387
103 69424
336 1207
429 6587
77 64353
110 21082
413 20848
319 37622
157 12219
471 29628
485 1720
198 7106
48 48061
135 84720
461 77030
22 79545
478 13760
3 67099
55 72687
230 38603
279 4747
53 30757
380 14787
273 87813
122 22049
281 30643
24 21891
381 28669
203 95672
36 47735
444 27662
303 25177
222 34945
232 93120
54 95849
115 4600
466 19144
312 51612
151 79015
443 6128
147 87355
471 79117
55 78124
500 5928
341 51729
238 46232
404 8760
343 1965
275 89063
184 37273
10 87653
377 34033
225 1981
472 56100
490 56040
302 73570
336 23048
326 2438
222 19923
244 43734
16 18867
63 31451
435 33188
448 2482
84 2599
41 99017
141 10857
247 74397
276 93479
264 34743
134 91270
13 58137
89 55390
469 6548
158 93898
420 92751
272 48881
33 97054
99 23459
105 1229
410 77228
326 95845
209 47975
109 18984
432 50248
160 91083
206 92748
352 9741
370 69886
304 23909
434 20142
188 93959
39 37646
232 92600
399 63047
202 89082
187 68824
127 97810
73 30662
391 48092
271 84800
180 17320
302 76490
179 60242
256 23884
180 57084
199 38527
173 30791
131 5871
222 46199
164 76147
340 7771
105 82437
201 24104
390 41445
281 87779
255 22658
121 48083
363 12714
455 62926
266 32295
155 5752
311 6975
477 44244
43 21726
405 76327
164 8405
385 48192
359 3349
227 38023
271 11982
404 18326
315 4043
270 75574
76 56946
391 42895
385 59192
395 44784
328 67036
198 84966
432 99176
344 12788
109 87398
171 50378
34 72742
229 98285
139 90335
483 69171
144 87249
7 39479
113 7110
411 24049
75 85053
467 98189
237 40503
291 56127
440 42536
87 32853
354 91537
298 41351
168 10359
435 68182
229 8158
143 18911
229 52016
212 94175
70 53196
87 36547
330 72253
304 13111
382 98317
297 82348
465 34671
459 38604
283 45018
364 28395
199 57384
286 65228
230 49664
282 28074
242 51579
498 12113
71 27594
344 26939
429 97892
252 13580
12 34561
283 63436
262 71475
14 7325
169 62403
239 33474
258 97415
44 95603
220 8679
26 9705
495 65681
68 80440
353 51365
485 99358
272 93275
105 77824
330 89089
57 18937
411 11481
218 39402
431 71264
162 100000
106 69951
59 75139
158 3863
154 91564
88 54296
246 11131
215 29190
18 65903
324 7777
246 97088
372 16462
131 88184
429 81654
302 44887
213 13869
473 53314
493 65333
151 72188
368 66886
466 53926
490 54280
200 86273
485 77086
431 30706
427 67646
164 15152
202 94375
277 26867
395 37165
359 60327
167 50561
33 66237
377 50769
110 2567
378 44115
151 26233
272 28987
311 83376
20 34168
465 5853
475 87807
242 61089
441 41244
136 346
205 42806
260 28527
278 63132
300 64107
46 51065
258 39706
465 37816
228 18169
486 87548
310 89585
498 49235
375 95493
172 96185
447 9765
151 65836
351 65994
151 50371
385 13758
5 8543
396 86962
194 38487
350 30504
332 27123
201 59174
417 17661
373 42905
313 95869
345 77244
352 7710
454 54108
370 60553
470 59764
306 91883
446 32797
128 68590
401 92925
103 32782
334 48376
163 9260
54 93379
107 750
84 66626
489 55619
59 51876
453 50307
52 5129
422 29103
449 37362
481 53599
483 48219
467 33018
53 59858
143 70070
291 38542
171 70101
476 86370
82 26196
84 34881
36 69316
62 7144
170 71672
359 86842
453 29426
385 65815
108 1992
385 7902
275 16370
426 42509
161 42373
392 7198
30 5170
358 13366
209 68683
47 2047
396 20189
73 68150
311 3107
306 46388
417 35838
141 64683
267 19943
355 8870
483 42860
415 80913
146 16915
77 39075
278 29749
100 7185
449 55414
272 75044
488 78460
8 24327
17 54483
425 75030
25 37350
53 76661
151 10086
385 97306
187 25349
464 2106
260 85718
342 843
182 42742
150 6902
409 93844
452 72100
140 94591
447 71387
11 58783
268 14850
37 73831
338 83467
487 55285
272 75306
307 94790
422 46126
374 52135
35 77249
363 59428
373 12565
317 43944
173 72409
441 40498
307 26473
397 91413
424 62153
434 37668
330 24432
383 54811
330 85677
488 57305
408 38312
488 35912
13 71093
3 45927
427 2756
217 82098
377 92521
485 1093
483 92038
343 18139
36 57342
455 65352
15 53568
467 60443
117 25456
417 40467
466 20398
402 76549
319 67122
400 15838
58 72466
421 32130
382 8267
482 12148
307 45716
221 88340
416 31183
100 85418
193 74044
300 74814
401 78654
6 24373
196 48811
81 97153
254 920
237 69748
370 64147
334 37641
364 39560
260 61953
211 58872
144 59345
484 20704
377 1569
206 72655
388 10193
256 76758
407 38294
22 30819
340 99397
108 90002
311 85107
281 77832
35 24154
137 62229
441 15667
224 74679
151 80533
321 89441
231 70069
264 19802
229 5361
304 95356
393 22799
9 58994
199 6389
83 68254
37 33097
453 54292
244 31890
203 96189
207 63278
45 35108
206 15973
394 50085
401 97999
34 35048
107 77647
64 70994
135 41610
412 42286
170 88717
54 54887
35 91170
249 59112
246 55285
89 82819
469 38859
358 47189
330 77233
51 57738
211 8835
132 23244
388 88480
128 46477
469 71459
267 69906
42 2270
257 52704
73 58229
210 36426
415 69025
260 7569
499 60107
404 82284
422 26686
408 23412
113 13040
494 5647
302 61928
52 23903
335 38222
295 49121
38 17619
217 79217
399 51237
410 15672
177 314
298 46268
98 35067
205 90322
262 79260
490 8946
283 29030
273 50965
96 93886
385 80543
274 54780
383 39722
2 56208
197 68331
34 34632
207 75449
379 87694
57 53295
324 43608
411 34227
342 97346
356 90890
378 34499
424 13223
387 70596
274 47882
345 81473
343 17904
482 88606
277 72006
169 58160
380 9048
390 61744
212 68333
387 24863
65 65612
127 94174
178 27719
157 82313
43 28358
301 58545
487 39336
284 63947
331 36720
315 39617
313 94743
128 50112
89 95071
1 93774
404 78529
298 65442
156 49098
99 63222
333 63216
45 48485
87 19311
400 42296
277 20842
243 96993
179 6812
232 43684
153 48994
31 30829
107 778
44 43755
483 92478
138 66650
330 70745
48 57243
407 90305
392 89259
474 22019
451 21105
319 74744
403 19516
292 53523
105 22232
294 42637
239 59691
9 98034
7 56984
91 33473
130 78950
345 95174
458 66338
130 85535
124 11717
338 92190
70 12299
493 25772
275 33065
281 84121
362 14761
139 91489
195 55355
391 21314
246 88373
79 36139
214 43172
264 36169
439 7115
181 43529
288 4888
366 62398
190 18514
207 61315
179 10993
382 22264
108 11611
165 62220
343 15029
413 44177
30 81521
448 59914
238 76997
104 30629
477 74732
113 73604
20 44770
423 22801
122 55397
285 40584
267 84237
328 75222
250 47224
450 8489
220 55690
440 32191
390 94720
188 6636
74 47281
307 59570
303 84117
420 70381
265 17010
75 74888
326 91117
424 80358
136 26167
494 35567
448 10256
372 95273
324 40079
278 98419
102 40480
209 71908
423 76779
251 87598
493 61514
248 7032
458 984
484 76046
226 43002
391 12122
77 487
352 13945
342 74659
258 12374
137 17941
166 68921
303 39269
454 23103
352 32332
211 785
32 89068
93 45411
79 84024
78 26084
143 10310
206 47612
306 16698
214 27260
361 24031
160 59234
158 22630
157 89527
247 3596
63 85213
477 550
336 96528
30 96401
365 29284
16 37080
35 47925
212 43153
426 52764
475 38519
4 91217
320 1249
335 55045
276 67744
312 87980
72 22841
297 27307
487 86118
112 23052
93 63977
294 51592
158 55907
461 77524
357 78613
437 73776
53 8218
379 93330
471 24364
137 99248
405 17721
384 44574
301 42282
387 74378
321 39497
85 82812
389 21418
290 57798
439 8080
127 68891
434 28960
373 9351
459 86139
290 8097
130 32874
453 11051
435 87843
236 55966
415 87445
453 33323
455 94761
170 58501
112 45810
84 35767
25 20452
349 59659
8 32974
122 71225
373 17925
449 93631
458 48206
472 27708
190 78694
493 62925
57 96867
191 92988
217 76348
356 16424
72 2920
85 99892
204 108
39 2159
74 40751
118 27029
447 31152
149 58894
94 40947
403 96136
500 69407
377 99951
419 64986
74 55210
407 82199
417 68668
232 37068
235 75864
334 70524
126 34026
324 80953
123 86803
362 69770
297 25848
326 34204
243 88066
283 27802
338 40581
81 35400
65 81127
318 2287
483 88293
28 79556
465 40233
425 37101
149 76502
78 12112
396 18177
93 28583
381 37909
343 96883
51 22690
390 33011
183 52082
411 31938
340 39810
285 36236
117 18470
29 10846
39 51477
152 23316
296 99989
401 28428
465 1800
228 17093
473 54881
163 21003
167 99452
413 83939
396 7993
110 32661
483 21785
368 3425
196 96100
170 60563
369 89522
23 1805
376 55136
91 16141
266 67464
335 64555
109 47886
336 73776
96 68629
276 99228
130 75580
425 92484
403 32269
276 41303
338 67747
55 73024
360 43914
363 33870
11 17404
130 76205
244 28597
271 82151
454 7817
241 78322
37 69186
36 74419
256 28380
56 89468
183 60107
392 38162
385 35847
176 79532
247 94582
263 56000
131 35745
154 25948
326 83905
419 64685
367 45304
475 37997
458 16939
80 55864
250 95834
56 83588
499 43284
228 24711
436 14182
81 58869
166 98321
27 91672
395 18404
389 33540
372 10655
227 52747
364 49557
92 44823
271 14706
92 47524
448 27133
227 80614
435 42936
400 56477
84 5202
403 75108
213 67809
183 16880
252 79868
297 78482
171 78180
171 46186
186 96758
254 470
1 12767
100 26854
131 48355
299 9432
224 57524
208 36442
407 55458
197 7028
377 59842
268 84510
37 28380
217 32323
362 99878
396 51139
468 76101
100 26368
374 46708
465 27206
366 5313
27 43047
125 48184
333 49538
267 167
215 87618
217 56029
104 37789
466 17952
82 12390
1 2192
356 98544
366 29320
447 94783
332 66810
74 31092
341 58534
196 41432
46 51221
454 67663
87 53113
118 57830
229 45931
322 192
143 48392
146 49028
88 3582
430 97900
156 48988
9 25459
139 10337
75 4633
216 89994
377 46503
255 57160
167 39600
116 82280
341 50651
233 73316
391 44357
340 78770
131 28493
411 32174
359 76781
170 75140
372 59580
317 29271
301 92515
411 60201
158 85466
477 72899
89 70033
8 70364
256 13774
226 63891
488 26525
338 7195
412 18939
239 39208
269 80835
369 33117
379 16889
104 88584
130 62553
355 11624
167 33004
154 16688
230 76643
69 50903
319 7911
175 97585
214 86565
176 91074
125 37712
499 51113
366 35936
492 62971
163 35190
107 78080
220 95564
199 45978
364 12947
337 33254
264 65809
258 3214
115 80742
20 31175
244 84081
422 99111
287 47920
283 82985
333 54966
287 24490
242 1460
294 93823
338 23219
372 67889
182 36124
59 73614
463 55212
288 31429
238 60205
462 44589
495 57261
292 87012
477 71953
324 99095
143 29352
419 88814
46 24114
170 22237
161 29712
468 11853
440 60827
369 13578
273 44476
45 16563
282 62912
439 92928
57 95116
391 89036
35 74618
260 48988
330 39188
99 84645
482 19517
342 35056
83 45033
417 20324
322 28972
388 73080
432 58039
231 90455
463 47874
61 88883
208 40874
26 28121
365 7690
297 29703
424 12049
335 83120
331 64998
370 82558
134 84462
230 24421
445 33302
487 24568
183 26610
353 3033
475 62787
127 61527
87 14651
405 72975
252 3212
343 18509
144 26349
411 44030
344 44156
306 31416
286 77974
207 32149
351 15731
111 60250
142 7394
272 56749
488 6186
282 49582
294 92443
373 79303
239 80193
164 17489
47 7980
455 9108
336 29257
175 66360
313 11457
129 43539
410 70701
18 16428
110 15
354 96456
105 87927
40 14902
182 64958
404 79681
294 70671
422 36695
194 893
272 2012
154 8962
155 22990
421 14890
239 68278
413 2281
266 81949
357 92766
137 59066
318 41007
27 2934
350 1453
400 67643
45 26424
124 78209
182 32660
45 62780
427 19392
180 87719
173 3565
141 1339
109 41059
114 99856
241 86949
80 91133
444 9745
379 36026
438 63233
337 41300
17 48407
474 50386
422 50610
466 83983
409 18119
254 94449
429 72994
79 86872
141 25570
471 21166
498 69175
488 27872
78 92678
422 94088
138 90163
197 56361
253 55628
428 89774
159 80636
80 40121
331 11876
39 93461
41 76299
66 90445
489 86402
11 54460
250 40749
423 84750
488 66890
62 35595
211 4021
318 52140
481 76749
199 71961
303 99453
330 54856
297 49798
393 89254
370 43454
317 56207
261 58711
88 86901
3 88283
319 59154
270 29236
209 73245
255 75764
331 12053
161 34158
18 99029
276 69101
472 37135
31 40297
163 32109
127 88060
84 44685
101 40315
249 92620
380 49225
147 71610
100 25715
270 29365
4 35605
388 73737
78 25430
405 81030
489 761
394 10618
258 35887
169 55930
80 10698
103 3372
82 5883
495 62142
117 74041
432 85044
343 89329
302 18334
466 51123
297 27344
274 69575
129 85583
187 87544
197 49806
321 44982
204 12679
349 26652
367 60045
487 77578
352 95626
191 1861
376 14933
370 97160
155 62482
351 81938
339 5453
127 31399
385 26117
456 9559
247 47271
296 51180
319 37943
175 359
210 26051
248 677
378 23120
76 14239
89 30947
173 13281
84 74504
133 67901
433 65453
273 64378
321 97960
182 91004
378 43050
267 95664
74 85378
205 78187
18 29150
326 2386
240 10320
482 84770
262 79634
477 82027
241 78410
79 98040
175 8829
458 67768
57 16221
496 11971
458 60802
359 98179
437 83815
39 29633
487 16851
207 88478
30 18361
237 96685
452 61765
421 69149
326 21361
21 48352
466 24060
68 93362
401 12390
191 67269
225 11173
247 63758
17 26435
382 99384
303 18595
29 17242
361 49082
139 54667
273 27250
461 86196
280 27370
488 73400
372 81547
406 5950
66 32650
177 99165
197 16125
451 81063
316 9302
416 22471
416 76834
315 66728
168 27473
18 78096
51 75180
53 64473
126 74665
191 13050
55 33618
377 24561
395 77401
200 2465
417 86306
159 22359
36 82695
263 12495
133 89919
490 96922
155 24288
313 99362
61 21000
318 81081
444 52810
286 25229
230 50677
495 81216
332 58376
383 90034
