10000
284 22394
393 70195
114 25544
224 46457
65 42690
243 34010
261 87417
245 6079
269 27683
82 8858
108 48277
95 42020
47 61860
33 23594
113 42121
13 26374
289 61747
317 81625
440 43140
323 65108
138 83687
187 11018
295 67530
2 15176
94 13750
65 75369
436 64989
51 84982
189 48286
333 36577
409 77469
404 60225
214 74557
286 49444
218 56205
233 10840
267 86197
443 53802
351 83313
373 37177
380 38632
162 77619
70 47781
89 74373
414 46026
329 35627
275 24399
151 53538
213 26924
183 43167
72 40064
52 52202
391 86383
81 42795
61 49209
58 13352
439 63878
251 64089
216 2434
193 18654
370 48620
93 19076
21 29719
4 38462
361 82868
141 21833
30 15109
150 42993
409 37274
164 15086
275 79818
182 52678
69 46727
417 51611
226 10002
372 47615
72 74748
272 19143
216 61355
126 88892
279 1468
72 30491
10 84545
259 61762
423 89500
430 25679
94 83837
53 63658
313 44157
143 88986
23 76267
215 52379
188 52415
352 72675
186 4414
232 56973
93 66319
340 31056
379 50563
382 49436
221 67573
347 21663
55 4166
269 37927
272 13406
413 13045
364 12282
262 42521
228 74141
82 89121
133 58629
238 57672
218 66712
148 38681
46 49456
59 51795
334 10532
105 69221
158 16949
58 9632
322 35918
41 79609
409 36595
129 32250
3 84092
323 45222
106 49001
378 82066
303 76347
283 12408
278 2992
358 78176
151 48533
340 14260
379 29445
270 84876
313 50214
258 8489
164 17494
223 55610
18 65750
86 85108
116 6437
215 40654
26 1537
398 27179
91 42034
258 18821
336 62203
72 72754
325 75993
151 49390
228 66455
382 28169
386 53633
210 60953
425 15086
180 70734
416 71997
350 74620
357 11730
434 75122
17 36864
324 89
93 58931
20 36571
369 28530
306 20456
228 23161
49 261
180 15854
212 6373
255 38352
380 59102
444 69245
167 1589
309 40258
386 81070
69 85260
338 5097
139 74879
210 25934
169 38415
403 86577
79 88904
63 11446
276 255
105 14794
394 76840
63 24079
264 87760
186 82641
222 13907
167 58743
409 25053
375 75952
44 87543
273 18144
289 78762
283 26620
297 43792
86 70571
201 87575
3 41437
246 73280
201 57991
348 32802
52 75612
404 48883
221 1386
398 79346
435 67253
102 15747
423 73634
64 22626
322 79198
87 64701
392 78885
125 76571
398 34654
249 42804
38 44703
393 26717
80 4346
137 74528
203 45484
427 80542
252 53874
187 41450
76 44063
109 53016
418 88713
280 49080
302 56092
246 12657
29 1469
413 77932
409 46646
122 67322
308 79240
391 51512
27 28747
362 47276
277 16059
153 83478
373 85296
372 13092
157 20900
301 78373
6 48121
91 60025
205 48644
334 59849
379 4919
265 34300
70 48707
204 65032
163 27554
171 76206
53 50271
10 56662
209 13665
11 88738
251 50272
391 25247
151 71803
419 54192
114 87455
201 32463
90 71955
153 12913
335 60481
261 70009
158 24292
145 36177
425 16860
365 86848
345 47699
377 2901
314 49689
399 28378
26 85938
332 63600
330 44663
166 86856
10 11405
121 65400
406 48406
130 88660
373 48966
86 59490
280 80382
341 4616
125 36499
207 58803
107 16537
226 50752
247 47252
426 49410
328 20166
107 51293
416 5914
369 69684
407 37445
226 60064
328 18428
190 9242
73 35966
228 83044
25 75823
293 72267
168 6551
62 83812
380 1671
25 80065
92 22106
381 55370
321 89137
87 52679
118 26982
388 88135
125 17360
71 47629
295 17957
270 86858
125 44668
295 10659
368 44136
368 57457
346 29008
427 21295
301 60379
129 11607
395 20735
119 47846
140 36549
48 16203
211 58043
233 73708
366 31381
118 22327
192 36235
192 88318
209 62260
402 85900
445 87744
196 36972
432 83338
209 74064
236 14683
296 21993
66 2548
314 73823
389 9516
36 69353
43 30898
408 82271
223 24952
353 29948
381 60862
42 9357
79 44923
155 47186
129 73541
188 43668
407 16072
315 3151
206 45691
306 47096
339 39598
431 12447
284 24090
1 84654
382 46789
98 19676
154 60355
35 86401
342 63491
22 74324
410 12110
256 74480
54 23234
374 17915
72 31413
13 72700
85 47540
274 16253
315 80084
406 69632
326 35099
139 46778
188 57805
310 15442
416 46135
79 65494
224 25962
89 24661
412 41368
20 7190
399 20320
436 84288
386 21158
410 88549
317 62101
89 46030
105 58622
329 28254
409 76181
129 16857
181 13998
275 64994
163 9091
95 78165
324 71360
26 60553
70 8920
9 70987
49 63853
304 34080
185 39267
80 15807
225 59015
263 18595
88 85527
318 61615
334 63053
277 85470
324 88415
206 33363
124 58620
102 55927
447 19621
389 56449
256 76312
298 79141
289 81827
6 15128
426 39480
295 22248
145 13383
334 48603
57 43065
417 59305
156 35160
44 76768
226 31374
338 55549
358 18717
407 30121
102 44916
22 23048
280 49009
216 54254
280 1783
375 88277
355 12352
388 54955
23 52563
113 50951
308 36350
222 31214
35 27589
116 52128
118 31491
161 48105
139 47482
309 61881
50 8504
306 49135
403 66145
370 13784
424 42738
248 17754
191 20134
126 77364
345 78535
412 56194
388 72616
33 77689
108 51577
93 34311
229 13154
159 3263
341 34867
232 31944
26 89973
76 66034
102 74589
376 74240
113 61234
89 61190
192 78737
180 6990
49 57506
344 40368
136 44150
357 17820
25 49645
121 5075
432 75890
301 71293
105 13488
180 61166
417 37997
113 68622
91 65933
174 49278
80 12649
251 10647
414 10166
117 62509
436 5717
72 39564
366 23438
82 27602
220 53148
152 24781
240 45794
313 61976
367 17474
154 51013
344 56811
414 81615
439 48258
216 75111
44 83348
207 46501
39 51243
235 44372
402 66709
151 76064
442 64542
121 18573
146 48290
221 64607
232 11524
371 67216
56 44153
131 85156
299 68384
401 79014
88 7935
268 57456
294 21699
445 73175
333 59674
55 20743
38 89197
104 57183
378 44331
138 66317
59 14657
218 28412
117 83308
207 72547
229 58456
5 68817
348 62002
174 30530
261 7903
240 29411
400 66419
243 55165
36 50123
208 89649
62 69887
231 68679
360 79735
334 73279
159 67220
415 27978
295 53956
118 45603
364 33666
113 25405
62 33382
362 58065
66 84180
74 11097
328 49215
219 85161
235 69491
391 71827
188 24141
306 6390
346 15595
108 54095
56 70208
74 77744
21 15572
37 39900
436 650
268 24376
170 65450
364 22276
389 1498
379 740
130 40595
338 69027
339 83613
158 37389
108 64361
106 45086
109 22799
121 79195
412 71268
340 43697
180 56004
32 78759
393 89164
213 13343
370 68654
286 45687
303 23482
384 35950
235 9680
408 3618
376 53223
213 79133
302 74289
269 28007
261 83502
347 37488
318 77492
233 83580
146 80477
356 87824
83 54118
234 48823
386 78268
167 55864
388 11059
371 76522
318 58000
437 42122
355 83028
318 18457
134 25822
178 78081
72 25979
65 3822
294 34070
207 80357
242 83929
325 44877
9 21285
165 71670
134 19281
370 36212
249 35738
154 72341
393 31576
49 58491
76 78000
142 13506
181 52073
398 40263
411 82119
269 4468
374 51521
296 9906
125 71062
298 16530
69 2953
173 59561
214 7580
352 3871
231 18393
104 64938
201 66668
71 86003
152 53975
60 7779
438 1108
323 52246
98 20275
18 44171
77 79574
340 43559
266 43715
212 41145
267 15140
166 62128
153 82952
75 70527
188 51383
249 78065
135 29631
363 41614
449 84177
231 59766
238 69054
15 28301
259 16936
100 6775
419 20174
200 35069
178 82437
214 45871
61 83922
401 27411
232 63245
234 87571
130 65548
197 76535
18 39720
389 41991
129 81236
419 35219
384 67790
31 12794
5 46736
174 64427
221 43745
324 63174
20 66525
85 61195
215 17452
102 74143
410 31154
369 13427
436 43538
291 69358
31 40256
201 32679
190 52460
355 71171
322 56369
132 87573
115 32118
423 35566
120 66240
15 20297
47 67872
1 42786
22 21258
23 84400
238 52117
360 4165
292 75028
283 33818
71 38249
64 26823
208 73476
113 37601
159 75566
256 38355
319 2964
152 71076
8 64166
104 51744
328 85610
326 37355
428 20504
293 15154
136 48775
32 71924
273 25485
61 28235
283 69543
17 55743
410 34265
21 25834
341 13353
32 34929
6 39989
133 37611
182 10501
283 17276
74 87741
119 24412
439 25192
191 7153
312 15931
349 40218
307 63224
88 69341
240 51009
200 7777
58 36022
37 7249
317 87986
85 58313
159 25682
104 74836
125 59087
230 78230
33 50060
412 83009
42 9917
194 9666
314 50468
93 48249
377 12995
36 4014
40 63268
103 57527
323 61809
130 53638
12 72980
175 55121
332 46245
42 35713
81 12502
297 4110
222 14636
254 48623
177 88449
383 6937
194 71321
122 84425
12 36578
132 11154
149 51228
50 26833
341 84805
174 27520
33 61497
260 3261
447 40315
165 16515
60 27861
298 41320
322 47471
382 26849
115 23182
258 53195
270 32504
278 22192
332 62878
385 32151
424 85002
310 85532
14 69630
94 52747
101 25177
201 73253
358 89555
195 42250
282 20030
334 16294
185 68605
425 75635
143 25300
306 6032
360 6209
337 37517
356 41303
382 6953
246 19944
117 80357
410 34777
169 52077
135 41633
81 83197
184 86647
114 15644
403 51605
231 76145
350 56194
316 67807
61 62428
288 12294
370 7447
148 81126
406 27335
326 68283
135 83882
251 23356
422 14379
42 11314
364 4278
47 83315
35 73586
12 4390
219 47637
130 81838
326 56731
147 80262
2 68504
187 89039
274 11210
327 65373
412 57305
22 28684
375 13550
393 35512
418 33445
401 3409
447 60262
139 27436
210 37984
213 3149
56 82880
228 55246
122 68321
434 25249
321 89019
266 15303
360 29602
250 1609
101 89839
103 5818
354 86642
126 57846
317 64425
21 10694
280 37131
238 74367
401 23305
251 25385
189 34733
199 87982
281 3040
118 7
5 5799
196 79473
321 47412
30 41141
179 34175
417 6261
398 41683
166 22925
234 56093
371 2424
3 23571
445 85685
38 51376
2 2110
16 39550
221 31253
37 33112
69 54021
419 2499
412 18848
186 50555
197 46003
297 39079
214 54865
314 77428
257 2609
203 7178
165 51407
321 83425
232 22772
283 9235
45 2670
267 86675
2 54291
79 78197
322 57530
95 41412
266 51175
83 72329
389 22613
162 16722
142 54411
79 29691
89 63612
101 4618
277 485
423 75604
432 79009
112 88059
260 52028
159 39037
377 67639
297 4131
24 41994
124 11349
245 67012
375 3766
178 13433
238 66096
102 74383
192 22795
415 67617
292 49344
264 30810
174 45167
48 29040
440 35453
47 42125
277 24340
160 64264
274 24516
432 16714
35 52449
327 60758
29 54936
297 14883
216 41589
352 9150
202 69498
441 55910
321 89787
449 49945
239 71767
236 82298
31 63784
103 26292
330 38981
189 7134
82 22560
435 186
206 3964
82 65809
404 53514
214 88525
364 1112
6 17407
1 49497
299 28140
84 64054
73 85998
287 58303
148 69629
430 70457
56 82569
184 9687
98 72906
257 4387
217 46733
291 27738
17 25187
215 43334
173 47600
316 61835
370 63887
112 35668
435 55914
275 2089
168 61513
399 21629
229 48322
295 61922
119 14307
435 58530
370 13027
219 49332
368 17041
144 61214
355 39801
210 8739
205 7600
429 88117
134 20954
58 16734
384 86261
31 82465
211 63157
141 29316
404 76756
141 17490
402 86714
174 49268
385 1729
338 73896
359 71632
284 84978
99 52418
161 70183
364 8593
431 55358
243 70898
425 65650
361 87916
19 49964
203 22982
215 66467
144 85932
361 25489
29 27371
70 36430
267 60869
120 28131
290 18859
316 12407
388 80189
366 35085
99 72722
336 47003
289 11356
156 36575
189 9602
115 86453
192 70362
249 4396
125 53198
369 63392
51 85134
212 57433
270 39956
154 11985
101 80339
322 64573
140 51527
121 73572
399 1662
372 67458
399 12114
94 77218
379 37824
108 8398
443 45631
277 14400
228 10716
87 38660
44 26230
235 6581
63 13489
248 79663
271 20664
317 46602
94 4506
445 57878
237 34473
427 75290
58 17785
364 63897
157 21136
293 4031
89 84066
376 65403
140 48048
106 517
170 84238
438 14760
307 73874
323 10265
447 73925
386 80714
304 60481
288 85867
385 35724
102 13299
35 33259
331 71906
232 29666
125 60992
293 45827
433 32637
109 54050
422 78581
182 74402
441 73151
138 35695
287 54104
448 31430
243 74513
156 36537
427 65881
382 14214
43 2491
179 61198
391 34444
208 32702
370 63633
307 40399
152 52548
81 17681
142 39640
212 30662
131 77948
263 45268
255 19088
129 75596
137 36711
1 14674
244 51050
298 77719
84 58879
73 71857
52 17566
260 9212
427 22611
330 72603
341 53645
277 4817
351 40491
391 13394
179 7924
165 32260
394 66657
342 53979
343 83749
138 31209
28 47886
126 20891
350 67899
218 26161
298 13174
409 21832
222 39440
137 6448
193 14293
110 66844
375 78987
437 24564
339 33767
128 5673
128 4149
326 84981
320 14793
76 35864
156 43261
332 51745
113 52634
57 64152
139 72848
219 19426
117 7812
224 2230
275 50607
217 79421
65 21675
276 71973
277 87351
329 76869
433 64051
108 58627
425 5525
374 31739
357 42946
155 72230
233 20911
408 59589
54 66270
272 4949
158 15110
376 50291
446 58220
382 781
77 5111
145 44542
260 20684
350 70985
364 12250
211 84736
287 9634
389 10488
190 54880
205 45271
228 42589
104 51933
329 6469
414 81107
10 74371
178 24207
175 35403
198 11264
8 13606
170 47559
447 70632
402 82671
153 37208
183 46060
286 71693
281 24760
260 71990
130 58574
274 89670
441 85437
338 7967
48 75902
255 78915
185 66510
258 26253
151 24512
46 66533
133 59883
5 34172
396 80388
209 27275
361 39479
413 12826
447 1489
407 23255
97 30087
367 5622
123 57868
337 37453
108 88863
163 40306
105 66465
401 53520
198 16506
435 22376
421 49120
313 64101
310 47714
46 52121
6 6283
285 52213
112 33091
137 26765
158 48114
254 40641
332 53652
247 57917
141 35009
379 70120
204 68577
442 84574
368 930
344 69687
232 88013
356 56530
197 82341
142 27640
184 66683
222 13542
38 65983
219 20177
352 65520
63 9281
438 24978
85 88203
208 66123
319 13686
275 75934
411 39275
310 50253
302 3182
29 16854
151 14844
62 3360
403 75491
417 50554
116 81219
346 80756
159 19321
367 36895
133 50864
184 35179
154 37146
357 25466
284 81452
426 82464
155 47453
358 37726
191 71942
328 28127
327 59010
363 48508
174 65785
420 48468
375 7054
3 20914
72 79764
108 38860
186 62019
93 52300
294 87728
274 3556
427 87647
246 27579
9 27006
379 16354
250 52045
397 50408
291 78712
43 17821
212 72936
403 16073
402 52460
435 70116
394 87128
121 88093
98 82120
309 48687
368 66369
49 20263
184 55494
237 87509
162 18333
195 48577
217 19252
263 63564
327 81629
144 51352
361 42003
88 12059
254 13789
345 62743
424 78903
198 12304
409 86391
339 51381
379 18247
390 62285
428 10179
254 36453
397 19582
208 13471
450 7944
118 51321
191 15634
37 76156
222 45291
80 57694
30 63899
325 66899
110 8621
68 10424
273 30615
438 87491
193 81322
222 33378
90 77257
218 67935
448 43778
171 17941
230 32668
136 17003
142 1572
181 65827
203 56813
4 9476
150 55725
69 82785
264 10671
47 71262
107 22366
173 27361
134 21682
209 84942
243 46923
92 19825
302 71525
252 43512
445 25495
442 75710
409 16127
18 36993
322 53287
274 38059
88 46746
321 70089
160 37158
207 13277
309 19239
99 79134
439 64595
272 89143
404 38539
18 35604
70 54339
343 50329
326 48991
112 42202
322 70992
383 25996
416 83934
191 63391
241 60660
394 44675
268 36151
147 9677
371 8947
183 54720
220 62236
364 54956
351 78303
441 46663
36 51226
294 42058
268 5709
31 56301
287 63331
305 9356
447 56614
222 20998
196 80390
351 62910
438 71872
13 16818
362 24486
366 3398
393 4772
431 43542
45 39663
337 73674
91 35839
63 74258
289 20031
444 28888
52 20087
324 80047
184 87967
180 53321
343 26593
343 5853
299 40084
81 5271
93 72037
285 73478
259 32890
247 39540
332 3894
57 29464
76 45239
124 4224
84 7695
346 66908
77 39833
259 41926
90 62130
5 59427
326 61864
384 27940
195 89180
124 33923
367 23594
248 6661
99 33915
138 11881
211 78620
257 20627
320 71740
309 62147
156 79339
328 17785
63 33403
88 66468
443 30047
323 70102
311 27364
420 3447
221 81847
429 79441
20 74256
128 63663
317 66699
305 50336
355 58621
204 55211
416 70097
87 28307
62 50608
379 88725
281 63739
38 11996
229 55673
369 7696
14 53101
347 35845
416 20349
205 40412
86 11802
72 61592
363 56283
237 45288
375 87050
381 54248
390 83130
80 18002
55 16033
404 89555
406 55271
76 2473
333 7429
359 67403
425 57781
223 33211
42 5134
156 50779
182 52931
114 13202
82 34877
198 47588
206 88184
415 36258
187 11463
154 65676
399 75026
112 73532
184 54858
50 66866
303 16129
110 55753
380 76361
20 46247
303 19169
167 15373
9 43201
441 27280
304 40903
55 34980
443 50357
110 83737
50 86423
391 4975
415 33653
383 81086
376 29494
362 52207
82 54668
178 50126
425 74273
17 41248
16 79364
15 65519
196 45737
193 73359
29 49908
274 26532
160 20992
243 81277
222 21074
201 57172
338 72133
350 25090
383 57166
202 447
358 82241
271 56928
260 32878
215 19972
417 83247
399 43199
188 5016
227 12970
228 81701
63 59519
428 5496
180 17510
63 13255
226 16873
290 60275
131 11252
62 15116
99 76324
42 12891
374 1030
140 36809
261 39015
315 75856
394 70207
318 28702
24 76941
172 33962
299 32298
176 61796
236 27201
81 3660
410 58768
326 18075
24 62981
50 39988
149 79451
349 45397
86 6971
328 52541
39 14382
134 62090
204 67753
359 2293
168 85407
319 89838
369 65776
144 11293
147 19801
321 81877
11 44544
144 7672
193 2746
163 22279
248 14561
212 54177
436 61273
299 61910
3 49301
279 80302
121 67031
337 38870
186 47989
226 85500
239 69617
303 30212
348 66254
403 29402
28 51570
400 73662
8 65181
169 89394
318 83935
13 18363
386 18455
344 46468
137 26578
121 70014
441 43331
4 20144
191 451
288 88201
19 62882
150 26021
446 774
344 20260
25 18986
47 34314
2 85374
8 78622
424 52669
161 5070
411 6907
333 43059
329 84534
328 22019
163 14907
83 46765
131 19882
445 48008
40 73779
53 725
350 89267
378 75015
76 1627
386 61188
233 23172
344 37357
241 79332
191 29128
204 61086
84 73292
189 33417
209 76665
116 24687
438 84615
392 15223
19 21523
348 76390
232 5921
92 9956
197 45144
321 15717
64 67605
426 46605
296 43546
84 5718
317 18197
49 42942
22 1272
212 35411
356 60677
41 45970
138 65770
314 10771
411 64596
449 24803
405 58888
13 76108
86 21527
422 48451
151 59131
269 75048
34 45924
80 21467
70 43471
13 46932
438 82788
446 3537
167 76949
297 52780
246 48337
360 10662
429 6928
72 77329
234 74686
267 4642
244 55567
267 7340
45 708
399 24043
134 29187
381 14492
434 86958
11 21340
56 73819
85 55706
9 80241
275 29210
249 35003
168 70611
442 57045
128 49473
217 19724
94 79425
124 74612
416 77584
255 39499
258 55734
395 81159
84 18593
381 87310
316 62578
282 6537
430 12171
160 77517
39 18941
262 84059
176 72823
135 75645
323 26692
208 51763
414 2781
187 6816
399 8562
449 26187
394 47016
137 15966
135 73918
222 15857
310 86760
166 70309
93 33656
105 73138
305 7076
430 27323
164 33098
234 4330
88 9106
54 20199
56 75192
350 58208
145 56034
7 46253
425 4559
410 19965
176 10126
139 67680
38 74868
422 46863
7 42325
160 34444
27 79571
424 43677
196 4695
5 14932
314 63632
361 17806
49 86191
365 5752
278 13113
396 76422
2 18523
427 60148
202 11251
330 86482
185 67011
57 39933
147 77509
266 29202
96 76250
383 41880
69 31420
317 41467
364 7770
382 29123
332 50056
369 15294
10 51975
244 22869
7 81224
305 20843
84 72188
443 34650
371 67627
121 83126
408 47336
216 8987
148 26674
156 24132
270 71529
88 61288
60 25909
68 11483
435 19179
282 3596
314 60584
201 59394
239 9277
404 21307
103 54199
237 29525
93 64763
216 62547
428 11501
380 77823
79 49446
87 26694
302 38059
282 44843
66 7716
354 89395
324 32215
183 58318
426 41032
193 42569
338 45173
21 72319
280 3580
138 75182
164 31144
80 64714
24 77815
164 56009
5 8206
248 55914
227 78944
236 3337
421 74684
389 11421
363 31429
219 76684
54 74716
282 73780
211 16344
417 13185
305 28675
237 69487
103 48507
242 35485
332 52774
207 10820
102 80334
59 45259
422 3744
250 25854
398 88862
12 48975
83 88113
58 3466
173 10873
357 78968
442 76677
94 44316
261 7816
132 5471
65 66122
213 11066
406 10584
359 55572
285 48074
404 27330
20 39109
60 25138
443 62299
103 15244
103 19511
328 61695
173 80024
422 38561
361 63259
41 10628
208 82978
237 85437
169 80042
450 34217
252 80339
176 33001
52 50353
88 74855
218 8096
217 16010
148 37521
233 76652
211 23852
182 42594
183 7285
208 85877
72 79397
127 84472
394 44422
420 58520
36 29320
151 64009
268 16783
392 59354
242 46798
286 75061
401 4371
415 57365
409 28680
213 4596
313 12949
46 35771
374 107
332 15365
288 84179
193 11400
42 73329
154 71969
388 43918
275 78212
392 69331
214 12162
405 65433
408 83474
21 82519
33 40581
424 899
325 45338
346 28506
32 82912
103 20563
431 35721
228 42842
406 53559
23 80307
222 19996
288 14114
421 11078
308 75604
24 69790
103 54601
141 79696
200 15990
352 9131
170 60388
261 30051
437 88389
37 63331
248 88831
280 74861
160 24130
189 82589
340 15057
90 68703
365 253
282 5952
31 55705
109 71558
215 74301
389 24734
117 3402
118 34238
193 49118
381 62520
61 17308
338 39996
205 66915
242 56250
399 16006
224 74333
406 48851
41 65598
260 53688
355 40745
17 2489
276 41377
203 17917
380 7238
80 50118
256 58012
332 31050
323 31332
83 16843
104 76202
138 55124
199 27735
156 69428
211 6560
31 60704
426 32305
54 62170
276 42176
195 19883
34 72147
320 60193
8 42563
145 1604
30 86493
440 59695
17 796
281 73701
349 55441
291 61560
262 32688
29 71950
259 32618
136 49787
284 36153
440 74240
224 20834
299 79476
71 10682
110 71639
105 20718
124 6525
294 49826
339 55540
419 64344
277 25939
235 54479
380 83419
274 86732
98 14507
424 61100
3 39706
76 66397
187 49431
231 53749
104 47167
396 57063
94 75881
410 57177
298 29059
430 58206
260 49267
279 27369
178 49236
15 42095
362 60971
225 68805
135 8240
12 65922
354 49335
412 73400
450 19372
144 62570
127 48924
266 84233
172 62314
178 12329
96 9787
40 42177
394 55395
63 55348
55 19829
207 12490
175 21435
357 11754
322 58849
336 62707
150 55648
99 1150
143 81222
231 522
265 17774
27 80584
383 29525
282 65198
280 31554
251 1278
170 25936
428 75747
432 84125
208 36410
263 42785
106 15864
320 70050
265 64525
2 71274
66 83071
219 72528
254 16882
368 43956
229 28839
199 88176
95 12062
421 35584
59 4459
92 46723
153 80430
38 59627
368 54461
413 21254
178 61070
296 396
396 10228
24 1601
399 43503
127 79675
425 16734
15 7683
203 19719
166 87879
347 47752
79 45134
351 22811
130 74187
435 77260
112 43624
318 37829
73 69538
249 64450
267 47619
209 67339
229 53123
92 86934
430 23306
326 71853
142 79005
311 33208
182 79880
242 16543
281 30801
203 52871
41 77120
223 76052
433 38942
277 74194
226 64749
127 34920
368 48126
280 85839
358 31935
309 62287
238 81156
51 58
424 38454
124 38926
331 16732
158 2824
144 46211
344 70122
277 25306
435 79251
337 3703
319 33141
352 62824
324 65751
237 29564
296 41500
56 53178
279 21421
441 49577
53 54965
309 782
198 45836
38 5002
83 68520
115 67179
421 57869
31 78653
273 11405
149 69452
425 80410
143 32979
338 25764
252 31624
99 76421
11 22651
445 17176
274 73086
191 56204
358 36375
165 28290
61 29972
162 85480
137 52326
406 29267
243 33381
203 37759
255 35620
113 33108
428 8107
402 28280
437 61931
198 7905
280 49785
227 54341
218 9003
225 27808
288 45108
65 50330
223 29537
119 87935
46 43866
258 18559
59 59701
439 52467
259 22053
425 87610
213 79376
317 4132
223 80800
123 42743
147 38535
57 54332
377 2464
384 16675
194 37586
88 9730
371 72027
345 83734
52 65893
351 38887
328 84113
214 66148
152 53915
378 72040
240 75148
171 41822
71 50878
387 63468
388 20176
121 34047
6 58839
221 71291
300 84351
107 19576
47 16304
354 71624
444 4460
223 84506
179 74636
94 27645
282 2750
38 51518
320 41467
114 47902
287 66943
241 73826
265 35706
61 89509
280 21744
202 82855
402 81821
438 78386
73 3961
127 8779
288 38772
389 59579
403 39748
70 29264
397 89192
54 20474
421 12490
47 2667
207 70766
281 43682
5 3674
382 35718
425 41675
41 15659
431 7256
107 57882
37 38281
77 77051
157 39044
31 35106
355 6611
443 31103
115 19571
227 10469
404 8124
203 48044
291 82640
268 77701
340 39413
141 48386
137 27870
195 59715
347 46348
191 50176
421 83906
35 31905
232 22722
221 5503
355 77802
427 9944
202 78558
379 21785
327 86517
61 58077
70 7250
254 21140
405 75015
94 85957
27 13446
254 79023
268 89896
430 17046
190 40083
218 23486
330 44294
28 79079
286 41921
106 87441
2 40464
337 4685
110 53089
348 66419
116 20409
64 24297
243 32653
399 5829
314 77622
78 76160
186 53013
124 10766
236 56217
198 73671
424 49403
83 6111
387 58520
316 25622
448 81807
445 83153
305 56144
397 39291
225 78909
394 23218
31 85413
158 23754
39 78856
104 47154
163 63237
133 6172
44 27570
384 74586
20 57127
233 88940
261 81413
90 86499
332 12865
35 48837
158 43697
235 11623
348 41003
296 57371
73 81716
174 28471
360 82309
345 62171
225 4844
303 5034
423 60005
263 8269
68 16890
152 71138
139 55324
136 1849
282 21853
140 27169
398 12936
21 35146
424 24580
199 88888
358 38954
368 19757
312 19384
231 64351
420 8060
52 51557
447 28909
119 46477
273 46936
120 61445
278 19328
448 18698
179 57140
294 61743
257 73144
220 75294
323 64594
430 31752
293 50680
279 19065
348 48099
118 62327
40 14044
438 34537
158 2662
4 24193
303 8185
108 14995
227 50982
59 20083
265 40286
351 26432
375 81874
296 53375
319 44337
209 16178
38 3689
436 8631
240 58608
257 53029
260 58476
62 22999
282 59913
440 52030
355 86033
140 80367
184 10324
250 23551
258 17751
166 30422
104 1435
133 2219
60 18764
429 1441
383 34709
50 55563
153 73803
178 34434
156 2216
231 41567
362 64123
39 84124
396 60391
248 83802
400 4765
135 5241
86 53009
44 39617
381 4017
387 65722
353 47696
178 62723
233 34827
299 8846
138 18173
89 13829
56 85128
79 35606
326 64910
113 45452
209 57318
130 76292
335 55780
82 42134
30 19128
404 78084
440 65105
188 36424
444 16297
182 53558
207 22616
44 33561
55 18109
293 70809
135 76548
95 10225
140 5180
297 76026
277 72374
350 34003
37 89257
373 63493
156 74949
46 43304
431 86097
283 80723
247 84478
282 13645
50 44639
155 73770
281 53981
194 64798
49 17972
196 73008
10 52386
61 30163
46 6637
223 78563
339 39333
252 51027
356 27380
141 72338
186 88377
271 76061
136 80280
354 33571
112 80088
28 16429
202 15783
316 16711
147 1208
160 54527
309 42284
214 55700
324 11805
379 41660
56 88033
262 8648
99 13244
337 43689
167 22870
107 5948
318 20671
421 55083
140 45464
134 11343
416 72903
422 83838
129 7147
21 51201
155 68938
230 67119
320 72802
38 81548
199 13702
27 35634
9 57975
184 45201
295 27020
36 50678
266 86893
384 947
275 11164
388 87651
73 30438
240 63008
303 84276
359 77022
84 27977
358 55954
192 35913
293 60527
279 34502
427 43
3 25042
171 84465
298 67027
12 89411
419 24412
201 9940
355 43321
179 49434
18 80034
366 41585
328 82668
327 42065
374 54497
60 87365
366 39712
450 72008
158 34638
23 83593
380 58617
433 13757
153 30912
271 5690
290 43935
409 40869
196 79546
110 57345
249 45931
287 9265
396 81153
32 26476
406 12515
66 49701
449 17356
383 60903
149 18515
443 88089
201 67387
62 46215
433 34408
263 31267
115 9596
198 83658
8 14425
392 62003
418 30713
113 35161
433 40171
212 71995
379 28738
205 71741
198 73833
450 49108
182 24764
383 8195
396 48522
259 72930
243 73519
436 20896
259 39552
402 3713
283 53489
384 23747
420 31376
224 22926
302 84692
323 63732
245 64398
122 60812
260 81570
79 21035
121 44462
437 74919
68 50866
1 8419
442 73612
345 77776
68 9953
256 54107
343 49245
249 11471
65 30864
285 62010
353 57217
287 10328
137 5962
40 27269
150 28667
294 32623
275 30507
207 61063
133 67147
295 179
65 28825
272 71890
233 59707
72 30705
332 3058
398 52395
320 47655
247 55905
277 80201
42 27786
370 87841
319 89465
432 53692
180 45312
97 7779
199 77283
378 22064
50 48967
117 62897
13 20459
51 29795
373 52039
102 7288
325 99
54 34248
76 22354
80 40118
350 60831
162 86521
309 11645
113 83287
211 49542
184 58600
338 42899
423 84850
164 36472
81 9644
175 46442
56 48501
246 31373
436 87701
393 17609
40 34865
319 27481
40 88548
221 63780
154 14162
171 18849
364 83161
56 1092
19 65593
339 10590
131 22610
142 55629
163 88512
414 44838
348 5843
369 73106
343 12984
61 80234
428 25871
252 72193
218 81059
56 55447
350 44465
391 43770
44 34037
95 88551
103 350
292 70849
31 26937
105 16186
336 32738
420 78142
449 85644
151 62616
292 35173
368 56032
33 28616
415 75802
232 7450
262 55357
101 80316
231 54652
377 82658
232 8076
282 26530
118 75209
304 59313
5 84289
166 22049
259 87036
72 47230
227 87683
156 83128
186 33134
403 7963
145 41929
302 55893
247 57503
242 83849
316 76756
240 38713
43 55795
241 89522
274 73399
90 25925
169 5641
129 27025
215 8848
313 11143
110 26465
199 83604
121 26843
65 12706
44 88741
445 54037
179 81272
441 46237
53 79432
366 68969
130 42684
107 65513
426 44988
166 55122
192 47451
137 11616
53 66250
339 534
10 78835
429 72222
363 54314
382 74665
96 64677
47 8507
157 45543
39 64271
12 88463
361 47515
415 84564
392 30969
427 37209
145 41956
307 14274
366 3377
124 79458
19 54571
52 71182
407 78506
259 22210
183 23060
285 83920
351 23588
362 60396
319 8265
152 59331
211 5238
164 88386
185 77490
69 88335
123 10955
177 2020
241 51327
139 39863
367 21361
356 84053
35 79196
187 17274
20 71088
314 52565
97 88824
235 23029
283 3016
93 7680
269 78502
218 57341
329 52568
329 58180
171 24427
238 49979
109 54521
33 62889
141 37216
270 11037
358 4822
389 7185
402 52969
421 33710
367 42209
359 55465
4 85535
85 84732
215 55343
210 68266
234 38102
84 34817
353 71126
317 61560
250 28224
66 13565
345 68854
308 18020
218 50065
13 54792
179 24817
331 5348
122 23549
357 29418
332 18363
11 69684
11 59720
376 81442
415 3948
91 42856
25 43275
118 4539
441 64110
171 54944
279 42607
87 78792
120 31725
261 57917
175 88626
399 49090
100 13436
96 2655
8 55209
428 30267
362 24433
255 49513
318 3897
177 25188
104 79115
172 61612
91 5705
237 12215
16 57809
281 46887
421 22848
130 38300
49 69540
207 48947
283 30451
55 31021
271 32584
158 11554
303 42629
6 87965
357 67460
170 13326
206 84731
134 30134
105 58312
388 85398
408 16869
44 62182
280 18372
81 61652
335 5735
382 44008
74 85382
361 70017
137 78127
286 78560
42 63310
440 61083
214 41707
119 71821
431 770
355 34505
366 88204
256 42309
352 44767
195 12643
191 16835
133 42150
65 80276
264 26729
235 44210
180 66659
101 69184
156 21775
422 22004
178 66812
30 23301
316 40117
406 37608
358 52118
201 7443
43 87679
279 57021
326 42666
95 5835
251 79960
125 69428
97 8916
207 34679
386 87469
266 57965
39 41507
94 55245
321 20521
116 65472
354 7754
97 88360
4 45859
285 9087
381 42941
37 40371
217 39520
4 76427
151 29696
21 828
197 12394
263 84747
43 21190
136 2915
281 61518
111 29463
399 69780
197 86447
419 72944
24 21836
249 71373
161 19789
146 74105
354 52269
220 50012
171 25946
150 48725
297 11925
95 65028
144 65653
55 27037
198 1778
168 42748
345 36432
152 75268
275 2848
279 27042
233 84203
180 45011
135 66834
81 46994
86 61064
7 7606
146 80300
85 39895
385 81361
335 51810
265 34135
195 81475
168 34266
185 1355
208 67840
369 61114
238 53357
33 6466
194 76970
276 37084
172 80245
222 21316
150 16570
27 37727
262 47789
78 37962
288 45748
187 77957
327 3084
92 205
153 72586
130 45331
49 26295
33 68179
390 40966
122 57520
421 28773
364 26641
313 31643
236 53595
379 40075
70 60436
100 17372
374 39778
80 27980
64 50553
371 37694
333 35429
196 65423
346 57559
224 79067
376 86548
341 39121
425 57557
185 34775
219 78575
18 23200
129 15611
95 89292
152 11599
115 64538
154 28523
157 1494
424 23046
242 65319
211 58
341 70736
68 16725
370 81037
42 26386
415 21548
372 47632
13 75175
428 14070
112 56514
310 28339
89 83387
46 27318
277 71720
357 9558
31 80088
324 1393
436 18880
108 39069
412 14118
270 29765
275 23986
259 17380
209 73537
88 74962
146 65072
187 50089
347 64894
297 54130
447 16700
28 19370
339 72714
116 51375
144 61787
167 68046
400 80990
212 4480
103 7459
5 72888
375 33633
167 63334
116 27311
386 13465
39 42349
87 79395
110 72685
292 70022
401 89001
92 40075
115 3644
280 205
322 23909
395 17275
72 66973
289 63431
161 7574
21 55564
255 83516
349 25790
195 55909
316 72109
197 54060
282 44113
174 64595
102 53055
380 4331
9 22571
138 82945
222 4937
437 45128
279 8543
392 78799
203 42025
56 7103
26 67626
320 16093
382 5261
258 88038
290 57486
8 80940
314 45921
319 23573
372 56159
313 60143
82 36764
20 1287
235 51965
307 89522
150 33879
336 80160
361 25224
404 53379
199 6260
13 43681
135 69010
147 5274
103 32950
306 74015
426 20864
356 18446
113 82629
86 86251
282 17068
306 27751
440 26926
167 15997
405 64576
106 56378
409 15325
117 17991
298 17401
384 74577
107 65498
224 74310
235 45041
91 54366
337 26081
386 89700
117 39291
269 65492
35 4990
285 9577
365 9270
383 54386
273 4329
423 5672
445 76851
144 36191
360 10609
78 69872
341 78480
93 56272
49 77103
272 9452
340 32005
243 76289
307 18550
131 76977
243 55194
222 59104
211 6368
291 5421
176 63308
309 4328
86 31230
408 20426
252 74964
154 28121
304 29242
288 52423
203 10753
96 82355
348 78449
15 74749
57 88596
368 75045
415 53099
95 50140
110 63839
115 58996
47 32601
168 23188
424 11621
348 5198
180 67696
6 72072
415 41570
76 38934
156 58037
444 54613
152 60146
160 18478
90 492
272 13202
9 38748
255 36099
235 27881
185 67779
163 49574
264 29975
227 73778
417 32333
33 79893
313 60796
256 66462
325 28656
423 38651
15 76794
163 87546
361 14637
43 15316
344 56717
227 61242
230 38644
376 78506
123 75074
138 76831
32 54112
219 66432
141 54253
372 23131
420 37422
202 40313
443 16152
318 17247
270 56015
370 79172
66 76970
65 36804
51 20832
147 22306
444 21683
12 80936
399 44109
303 87695
342 33217
346 72833
225 68534
178 5743
10 84051
104 31470
287 14701
408 14931
249 89417
94 31508
105 51774
441 62568
339 33604
73 3843
425 65998
380 73216
143 81129
353 53276
160 42640
243 46574
439 8135
242 16075
75 69395
17 88226
185 25715
355 28300
56 25338
341 5843
56 54685
231 51227
255 86268
43 82165
94 40201
156 35412
432 4595
157 10859
403 49953
388 30062
345 37673
62 53458
248 52997
426 47203
210 77259
19 74795
87 87764
205 48283
361 73162
82 79717
268 53980
115 12484
192 30586
100 34378
222 81509
92 49294
75 8233
207 53809
372 75579
25 19361
124 11403
389 59368
105 55097
435 28667
413 53275
87 24182
313 21593
120 60874
149 39823
442 39024
396 58706
360 15427
7 76639
11 59006
265 26235
11 46177
363 20739
422 7654
221 81971
438 85021
79 280
291 11489
303 51265
354 21163
193 21367
179 29823
372 74941
401 78899
34 83497
244 2335
200 46515
18 59112
168 59242
403 80778
81 47017
381 38232
146 58113
313 89950
66 47870
118 84198
406 47092
418 24097
228 72066
376 4239
60 58833
298 57991
104 6211
348 72444
132 19663
258 10331
122 26593
200 40731
445 50338
437 44738
108 4847
442 33327
403 35093
413 56768
175 1674
311 61778
188 64327
183 66384
331 44319
131 50082
400 66194
421 82758
248 54866
257 36492
304 63657
201 82256
177 88772
450 89290
350 8314
168 19514
316 81367
313 16047
131 64471
243 32884
222 6167
171 874
101 4139
195 40829
109 41479
351 57731
348 63441
396 77680
2 53292
53 8416
422 67406
232 37575
17 74432
12 52803
29 6475
92 67903
21 33304
322 71606
443 27902
324 10024
398 31777
25 15655
11 51818
109 54535
81 70413
148 14000
140 71793
158 70724
420 45491
48 48489
168 59300
309 70205
52 53076
161 60912
55 29915
138 60029
232 28279
345 5462
313 2463
442 40980
89 70911
251 34071
404 42983
412 31429
278 33581
53 38756
243 52817
190 13827
192 29587
414 23021
61 21707
71 22174
442 34939
405 88147
296 83775
335 60541
17 74128
413 55007
14 80510
181 21267
196 75984
443 55580
197 3322
372 7746
340 40287
114 2104
385 51565
103 88915
170 87362
34 23368
158 62087
221 45627
443 13713
40 34411
373 74809
435 48138
20 86095
254 44613
36 67924
15 53340
182 54711
450 49517
148 40697
410 25728
248 77592
147 63300
47 56867
307 55405
61 28904
330 54411
387 13502
280 69257
248 11514
189 62297
236 33985
285 49369
68 27541
86 86662
117 31962
21 55281
446 41235
330 16532
244 719
375 55053
267 53351
444 64308
114 32883
207 89652
247 70963
356 54282
12 50312
344 24551
39 70115
224 74895
14 72212
349 35924
181 39478
149 47792
159 78648
435 2880
288 18950
65 28889
180 52162
169 1000
257 23736
211 85315
129 51503
34 63079
146 28080
416 33921
62 51322
110 72986
36 80587
103 4184
387 78578
356 84817
251 33924
195 83204
185 87420
29 48439
327 64089
63 35508
194 14662
181 70898
317 7344
91 66901
267 19020
186 79177
55 51177
303 69473
310 81780
203 16508
118 273
190 33631
281 63616
24 71843
272 13980
211 26842
292 51517
368 39647
400 63449
288 46305
403 15288
276 39929
199 49516
157 33212
212 37464
100 8350
74 31653
235 77880
181 81402
363 38043
333 35214
149 62200
426 10975
359 27935
354 10710
354 45082
83 21442
360 23491
30 22325
131 84913
265 29457
277 21526
448 27188
161 57972
87 68292
39 62664
109 66771
408 59092
11 78601
267 60
338 10833
85 53043
292 25664
109 39759
246 2335
2 38593
273 85792
123 23768
126 70639
18 16081
368 34935
52 82323
315 24920
359 14974
195 34894
196 39098
198 63562
179 56008
408 72249
298 37086
124 29143
209 23658
42 26040
413 71689
26 88471
196 61356
437 56083
431 87003
212 45245
394 21611
342 5629
30 22219
262 33262
243 43790
45 51075
225 3459
417 15267
48 69770
385 1004
3 67483
277 19764
241 4484
264 58130
404 76302
8 2946
171 22098
165 74077
321 8033
403 67232
181 32102
244 8991
298 26163
156 30197
357 57922
384 7384
161 67767
389 55558
201 6097
245 77311
27 40204
341 3714
440 50969
65 62925
93 45410
442 35262
134 67989
220 75985
132 6057
175 19537
91 83311
10 15980
342 64734
42 77701
44 89656
161 15557
139 16503
44 15303
134 54191
96 61188
310 10085
199 46137
347 25360
32 61672
349 8834
64 52778
30 62573
333 83598
13 57767
318 39997
161 61535
39 37618
289 68577
96 50850
370 87890
128 63254
391 19336
106 32629
250 63172
356 6037
350 74285
233 9670
60 17067
369 88164
34 9167
223 88867
124 89554
109 88608
293 65397
337 20874
356 5160
406 10905
260 68794
300 51717
159 25438
352 13165
194 30550
31 22683
37 18965
182 62020
215 62675
309 669
377 9983
343 71578
412 13106
137 58408
199 53302
375 86832
350 33075
204 25317
278 13565
108 35913
140 45936
247 61570
315 5053
134 33199
309 8894
279 14700
385 80641
235 21642
430 12163
389 46633
429 52644
405 8872
77 25146
170 70195
448 21673
299 63899
403 30280
407 78798
332 14736
5 88401
17 16031
125 81890
305 20778
100 19297
107 69032
63 17722
254 32289
296 88232
269 42075
128 56462
206 61166
138 74127
310 29121
238 16780
309 74802
280 18425
333 54690
396 48444
363 85340
167 47855
292 22149
192 73055
176 87995
307 48177
32 47041
129 32794
167 63506
273 53661
296 86243
120 35325
211 9330
191 89974
59 58716
291 86686
271 83577
97 86633
320 52553
61 40337
385 41526
415 65969
164 37110
240 57608
19 48398
178 18020
397 20362
387 19613
396 87771
280 31184
272 50199
306 67284
416 63093
144 4478
426 89001
356 72753
61 18851
444 23284
59 5357
117 24041
10 56022
216 2878
283 33674
312 3812
190 52188
244 84292
249 55860
91 75117
263 70375
230 53586
394 72102
311 85135
157 48757
234 7384
226 41722
357 77638
331 51723
280 2164
359 40327
90 26080
4 44154
364 7329
84 13535
168 32658
310 3236
160 4496
256 77848
55 58970
331 41890
320 19839
61 16510
30 89947
414 78556
174 84321
103 18885
240 373
93 42966
102 9765
93 64091
24 30214
131 3594
438 54728
398 85365
279 23555
183 7997
199 55354
19 44127
76 53527
422 69099
95 54971
306 44464
242 57725
417 18178
31 86865
207 55364
426 53238
143 80855
1 7909
31 75214
293 83145
16 34854
379 55394
26 33075
314 17375
15 30763
101 75434
415 2754
426 19216
410 66428
6 968
235 71308
302 36501
231 19806
144 25915
46 86308
309 57143
83 34224
384 77325
348 10634
143 1390
426 81559
256 13993
360 23548
42 75986
133 61841
93 17340
409 76779
283 87908
49 45497
223 7804
133 71871
434 46929
262 69097
273 89950
65 21362
117 26909
440 54643
359 89199
371 60626
239 51990
299 76589
424 48113
293 38390
100 52544
16 81325
184 20023
280 35491
398 51907
184 51238
75 36170
109 70947
384 59793
276 26954
417 51999
33 1118
20 72514
94 17564
27 34189
146 41212
85 68210
412 30856
396 48756
70 53162
50 29098
350 49383
104 89255
298 32250
235 28503
211 17080
258 85619
13 6146
13 57261
384 41192
247 29504
171 73450
420 69993
211 87488
431 21518
78 43902
253 37694
363 29657
134 69338
215 47015
307 15920
410 44728
258 3668
305 88163
439 65980
438 84579
249 64962
384 81243
278 15690
32 64785
361 36406
116 75398
88 23859
360 85263
194 35222
100 51083
132 70720
137 2841
299 84801
227 42857
410 51143
354 4252
395 77160
89 85563
125 50285
324 36252
266 23488
107 69544
110 84981
444 43391
97 49703
96 41520
322 5782
173 1448
441 77411
264 5451
78 48035
359 72539
410 7000
445 76052
35 71788
315 44064
88 80862
285 4027
26 19989
223 21711
429 48817
303 74063
440 22443
123 1582
296 17171
168 41637
400 60612
360 83304
127 63955
197 84538
164 42306
261 28544
225 46041
42 73297
335 10845
360 84649
294 30142
445 47791
197 80817
425 72199
33 17905
373 8330
203 10011
159 3548
330 6052
205 73644
20 12511
347 56333
292 82339
402 15252
197 33604
63 55405
145 52163
390 26745
51 82346
153 62744
270 85394
71 42189
292 47423
88 82570
101 42765
45 6789
241 7492
36 59450
31 24714
441 48808
428 71191
205 82979
93 58100
10 89689
30 19908
252 39297
143 30690
116 3002
341 60899
84 77157
366 22121
154 2132
336 75048
196 22837
149 31050
315 64525
337 64340
18 25892
400 8135
101 52567
307 4843
162 52896
271 66914
152 79231
10 27375
28 86818
342 33698
233 25965
379 158
317 88411
59 1523
447 44083
301 20437
116 3251
360 3578
276 59681
377 87263
159 36437
399 10548
160 70558
267 72136
146 78235
24 72759
8 67931
183 65300
395 88449
211 9764
65 58046
260 5542
75 45278
426 32270
433 22406
413 78609
259 2762
167 74714
288 48106
365 54779
428 55488
186 84201
107 64429
448 60883
110 77742
357 62113
385 52770
30 57255
449 9376
94 67006
387 79613
42 61763
406 61577
57 43125
411 76130
441 5160
197 20902
89 60733
231 40743
170 4812
140 5589
130 394
350 68604
274 61632
54 18644
187 19354
281 17036
181 25293
60 46039
432 14436
360 24159
85 55751
346 68238
134 70022
51 85934
103 42070
274 74014
154 49464
245 32872
412 83295
319 9310
420 33810
245 69294
113 52080
230 8623
285 25758
433 49005
322 58963
197 79925
264 11901
305 12517
291 37898
262 33596
64 66992
172 2402
387 11172
422 77132
5 84924
423 24675
84 16227
400 55043
238 45119
242 36360
156 21624
56 87063
342 8395
420 26894
208 17067
154 15076
141 70811
162 29841
94 89888
23 46747
104 11545
179 27798
23 55294
149 22448
94 44092
20 1549
177 77643
418 32189
3 87855
448 1367
129 27692
423 9144
196 41360
367 62982
59 55709
75 38379
406 30889
450 68863
308 70402
202 79215
223 42511
6 40159
220 69690
22 44387
433 6874
379 22443
20 64651
106 64839
202 83600
287 15414
74 6025
397 26772
380 50213
123 57810
255 84647
383 65368
117 50145
402 44747
82 74442
344 85229
5 71789
224 22529
334 31381
211 79978
128 66377
19 53131
350 6893
375 72042
86 8428
104 20480
109 59256
324 23639
147 59487
400 26329
256 5852
120 44010
63 33763
382 60797
258 34670
226 8171
207 53581
360 35042
90 63146
280 88828
2 20134
320 68406
137 44343
248 31288
8 74881
325 84801
114 16546
355 73163
224 76365
439 12419
244 37742
174 50004
437 9487
194 88945
66 733
192 77457
77 32222
300 17532
379 1458
113 52225
4 26156
293 78518
202 88888
203 23785
316 46508
181 18264
94 60259
282 14728
204 63522
315 46730
270 42686
219 12355
108 4076
282 44928
69 43375
5 35189
5 73193
318 47268
4 15501
247 78202
65 32011
43 19042
438 35553
286 64414
39 46334
427 38749
263 36865
45 46832
195 2483
354 20898
10 11429
430 39841
5 79965
150 34835
379 13109
258 30279
421 32449
312 35725
83 15731
206 41080
10 8208
138 44126
377 83532
146 29671
188 22148
360 35383
443 73074
106 69280
268 2206
85 18349
334 54336
117 32449
42 75854
318 60509
312 48912
381 52437
62 17026
202 45978
405 68743
152 86844
10 1981
281 21351
426 45179
385 60397
172 6661
243 66057
359 34419
23 58578
58 77230
21 5649
217 7202
246 54971
356 60410
444 18001
296 27226
198 40113
112 1903
68 38847
201 35090
194 30341
284 10546
211 73391
307 13110
157 15560
408 26411
214 43342
173 6809
39 33622
88 1776
322 5974
19 25038
362 12575
48 20930
437 72644
407 6911
173 87384
348 60713
56 75829
190 59899
74 2586
230 75635
90 77220
397 61645
45 40307
320 33214
4 19236
345 72440
361 5996
378 28983
73 38110
155 38095
203 6012
318 20018
316 55931
420 87622
270 46765
365 15699
195 75333
285 78023
146 179
193 48033
325 62494
29 82830
215 86239
207 22204
223 72677
165 35512
339 11835
445 87975
51 79389
110 43001
97 67285
221 53201
285 31315
219 72409
190 19513
291 30981
306 5836
154 63593
144 9531
272 728
21 59266
229 16507
297 7539
366 1798
250 11422
95 84092
22 31147
342 9150
427 57575
302 73884
376 1551
370 55690
347 61631
426 18127
199 21738
317 20484
101 75203
142 2417
119 5963
361 15680
447 73258
332 70489
188 32113
82 142
90 512
208 39127
193 77353
402 49673
151 88788
271 19355
353 34624
318 27247
47 57766
283 46229
175 57026
298 27800
257 28939
197 2155
135 45488
89 24315
158 38072
435 76044
305 57288
329 53476
376 43406
184 5137
427 81286
250 11412
208 5459
130 19173
400 32082
116 46812
277 12567
236 38582
33 39390
415 26567
335 41120
45 2382
94 20608
125 49292
16 21631
352 18504
21 16254
170 65987
59 27258
267 31468
371 62430
162 60897
13 952
435 37929
37 19017
143 24071
4 70261
202 16047
57 42258
279 53198
370 36791
221 5617
9 19858
134 75203
164 37094
203 74558
187 79529
128 21477
319 70965
277 61383
234 78450
427 57154
54 86679
446 49254
111 21489
109 49944
189 2477
157 85458
211 36631
10 88124
178 21175
123 48446
134 37551
349 63965
48 46752
119 30083
82 67032
200 61292
291 22463
264 62672
410 63138
270 80392
210 54468
191 89724
230 66900
387 49088
270 38111
435 10113
230 50514
377 49784
109 89436
343 67879
421 51504
246 63081
445 89765
422 18411
258 39437
309 11950
191 84762
293 56014
119 25303
284 75570
228 55075
87 34136
108 7369
358 84452
64 1573
144 3036
286 85994
347 3425
189 8222
409 87356
261 52350
62 2502
164 38279
306 80282
94 61957
319 48926
400 5033
168 84619
40 24691
9 2051
343 55879
192 19509
269 2564
112 56153
122 46899
324 81508
277 33896
293 42545
255 14040
333 77359
46 28838
412 81201
426 2392
101 34548
249 21326
185 55337
222 3424
271 65460
389 70987
442 50578
448 48204
183 81750
386 61892
73 55282
277 88036
82 23302
271 21705
226 29288
149 72992
320 82387
422 78524
316 51051
162 56816
66 82179
51 22146
102 62226
309 68749
60 47318
265 57181
246 80139
437 56516
405 72733
319 75090
416 67893
312 28470
116 11120
41 66203
354 59392
118 45950
126 26130
433 5918
192 42859
386 10731
27 64525
62 45777
118 13301
317 19938
371 57350
242 33784
414 15711
129 22865
151 22086
378 59864
185 64228
209 47378
382 75839
67 31493
178 13962
408 50658
293 50
329 11503
219 19516
437 17532
191 71986
338 87858
2 83091
293 75153
15 12735
179 16870
289 78526
445 31
344 89467
240 38534
286 63355
17 63706
345 27333
163 31857
327 52203
324 62311
131 86950
103 27743
193 58516
411 28301
293 42602
293 45491
278 61690
414 75890
26 13733
249 907
187 40506
349 79148
309 75713
63 66199
364 33448
51 13505
295 85485
118 32332
200 56903
193 32355
68 66369
175 72878
403 83918
235 11975
98 34032
194 5508
188 11962
229 56414
232 18737
363 9468
273 39435
14 25928
50 40773
71 77488
283 22273
229 50179
400 15373
72 24743
248 9186
342 21214
315 37299
135 1739
175 86016
40 24778
183 58619
269 28047
338 49485
2 59671
4 20309
329 74975
76 74974
393 76281
265 38029
408 13667
295 247
376 61698
420 1586
117 49158
297 89108
176 1221
238 33263
198 85286
192 85105
327 86992
287 60257
422 60764
224 58164
104 13735
70 54817
327 22596
7 74058
294 78909
167 20850
419 31630
357 44957
285 50339
99 54884
9 44796
352 65826
411 26909
211 15342
190 977
62 32086
295 42484
58 33832
254 11448
315 60389
160 22634
145 73461
51 68819
23 14684
118 74648
98 89582
282 74394
108 32192
270 48289
70 71518
242 54353
122 25330
388 68155
415 29498
201 25832
11 6411
174 86765
188 70501
107 17252
301 87545
88 64906
50 88607
427 13225
30 61827
382 31635
364 89257
291 69676
94 11010
336 79830
199 23519
175 85772
31 74558
103 11197
328 85771
186 84040
271 51783
165 21932
312 86470
207 83466
175 80808
167 86025
350 71636
336 23127
295 42183
404 76013
241 15640
104 59430
120 66462
284 71518
318 458
31 71031
192 53886
391 59253
249 4207
135 42564
350 68454
200 59193
349 26363
115 30618
250 64622
366 53769
196 53100
49 75866
447 30092
85 72840
37 32722
114 59692
397 37635
275 79382
273 18133
55 20141
157 71058
267 5541
409 16620
212 40992
179 38829
298 60850
20 7447
309 17294
120 37084
390 23621
428 36731
179 89426
214 89731
350 18722
6 82053
386 65237
252 70492
342 73018
294 85439
67 53140
344 87707
234 72412
13 54118
121 69689
344 72743
242 80994
439 85967
163 42663
242 55331
436 79681
423 80689
58 78541
129 23049
242 70486
351 23446
403 13032
408 29949
99 46207
388 56359
268 71637
143 85619
303 18738
114 26294
262 10290
336 56777
3 84195
244 84866
157 73452
73 30816
88 4093
70 75262
31 69666
427 15799
406 69300
202 72585
409 18380
273 36870
219 53773
257 51407
47 52183
332 64870
48 21904
334 31109
38 7893
139 77105
228 1632
250 15353
297 78691
322 46827
42 77534
122 64027
366 10203
373 57920
134 17429
381 45368
353 57637
372 13648
214 69317
55 83120
120 83886
162 59536
22 47659
94 50144
412 42192
96 21989
199 5313
21 78241
336 69686
420 11308
318 12161
47 76230
422 53442
318 83807
229 14163
381 89976
189 43390
426 45992
213 32734
374 13887
2 53052
391 8393
205 88373
172 19226
32 86900
381 28456
263 16215
35 28054
272 49106
425 10346
299 84756
348 13787
393 28641
5 24095
216 50129
100 28756
161 80268
147 30636
107 83992
78 54434
178 57406
123 7545
184 9594
414 86232
45 35776
442 77570
231 14465
82 79797
73 87241
192 9924
129 86155
183 76235
11 69809
323 33058
101 72370
353 57968
68 84044
241 82870
174 33208
106 80467
375 25835
121 28782
40 61497
79 12880
354 50034
293 72800
381 29615
220 35516
2 20566
100 67597
400 77912
25 52603
427 36731
140 87077
295 31417
55 43170
336 18734
329 9355
216 73688
42 73921
101 63246
305 79012
358 8307
109 62658
378 1278
302 75715
164 44763
237 89888
435 83844
276 58713
83 23539
274 16813
88 78340
94 10240
229 14778
413 47583
329 77615
229 70541
136 66891
240 23561
400 70942
137 30209
165 46257
414 7166
342 59658
368 78834
215 14042
166 28377
246 81653
366 40754
64 62712
365 6447
435 56491
239 30698
193 32948
36 33215
38 79778
348 11792
301 56432
36 38544
56 42869
450 38755
143 76604
276 63102
355 7969
447 32061
172 3782
447 68159
332 73380
419 7213
315 65604
102 17309
385 7961
280 88689
46 37031
136 26794
53 50308
324 43996
408 38245
318 3610
103 6847
85 77730
347 37844
363 73494
300 89078
44 40629
96 82440
64 36472
85 60285
250 11505
390 11022
166 80700
131 46205
445 70443
149 87427
102 63752
438 55027
410 81585
85 71086
49 77435
76 87090
66 85800
153 40990
410 68198
176 31174
317 55805
82 35579
82 10265
87 9193
220 81812
248 26706
216 74667
179 56529
297 77408
301 71557
83 62244
418 85127
215 66250
26 6069
123 88545
341 13831
86 65068
196 46542
47 19703
279 20524
77 59419
347 47100
415 70203
381 50756
112 34560
326 2996
86 25671
26 77870
65 26513
169 76698
369 75006
185 10021
352 39109
153 11083
16 69124
230 7347
268 46122
429 8397
442 58626
66 67372
424 5539
364 40475
133 45728
109 14938
38 10328
149 86204
148 3638
317 58270
325 9712
351 66637
151 59972
241 48038
322 53130
190 9058
337 13997
372 23010
135 88222
7 87627
294 60057
374 5479
394 29463
133 43606
218 31938
315 2250
9 34245
78 36015
434 44914
166 39854
434 66069
120 28767
143 61604
36 34460
347 59676
386 52394
166 21026
285 7097
68 43081
219 49362
189 10638
421 57614
333 51297
404 89419
184 12838
5 1063
244 71684
255 81414
132 31147
5 18356
76 50228
438 45749
242 76493
368 44686
408 27629
166 22488
85 15217
157 21661
6 58447
353 46787
174 49181
197 8923
425 80064
155 51252
62 15145
49 34256
364 25249
381 38298
338 64361
62 4884
9 31953
290 781
145 13748
52 72165
268 54393
55 48428
250 82723
428 48935
165 48062
226 45045
410 85963
82 29006
173 8778
351 78350
252 42167
312 62376
58 71014
351 31456
444 19048
271 33444
253 39268
213 28744
234 37934
416 51124
30 12786
219 9709
59 33350
407 59289
152 34275
117 16298
303 49725
80 22100
443 29819
406 56879
8 1746
18 55934
124 14643
163 19008
29 70097
355 31202
135 89498
119 40832
264 74349
6 14400
53 11317
212 26095
399 57446
368 20545
128 54402
418 64158
237 29336
140 51399
200 35011
230 10857
326 38146
37 8878
171 39878
382 6504
85 69673
140 11449
129 82399
114 9937
190 86109
381 78294
122 2430
388 85659
332 23516
59 28471
3 42155
362 57470
127 1935
246 2737
309 66313
232 32208
354 20722
132 86964
268 12418
427 87098
308 65053
264 88852
67 3330
445 15935
219 13266
307 13379
315 30462
227 8681
98 8702
135 87164
104 1448
126 7946
23 28319
450 87732
192 9725
58 42754
157 12182
147 48337
48 81485
196 18105
5 70390
434 71987
253 37144
351 1923
116 47017
404 67659
259 4043
416 34732
197 66524
336 53156
103 13472
4 77878
55 75355
55 84932
320 30781
136 5759
265 46741
68 88721
118 21265
398 67349
162 58273
30 26908
383 62281
37 62358
251 86370
341 12900
281 16365
413 70201
307 32365
402 69116
378 19962
213 54888
343 11251
327 61353
336 76950
376 50481
316 49758
448 40733
196 40136
210 11837
61 23402
212 30831
82 56178
115 43567
165 25324
340 20033
87 34095
76 21848
53 64181
334 26971
37 81885
414 8810
58 52867
444 8943
291 40574
211 73069
284 41424
197 46611
185 5405
185 25816
264 15221
176 69861
290 53615
233 36991
264 83286
63 73349
68 64660
206 49557
217 28830
34 34381
304 74805
444 14403
210 57263
316 3894
364 73517
352 37920
115 23953
385 6259
428 3484
334 79440
27 51488
424 82038
12 25409
181 52767
164 22332
95 44196
353 11114
48 28295
251 43543
398 28093
373 84079
232 74947
214 42402
195 48530
75 79782
300 12419
374 29416
298 34650
399 22937
127 14388
31 33118
421 2298
101 10818
438 3309
26 42416
324 199
151 61132
31 76173
319 89911
230 38693
201 81826
338 24949
29 30207
270 17202
225 24608
366 18614
389 15552
20 70518
197 59543
354 68919
340 23952
372 37002
269 65475
323 36666
312 12685
281 79031
69 55908
152 4715
189 84275
106 3002
51 89228
86 58518
390 53952
354 59783
385 45730
286 26561
388 27747
30 777
51 66470
384 67402
8 37404
205 14117
331 79333
279 53613
83 21882
337 56478
386 7035
3 71379
74 48324
263 20012
196 50434
78 65817
282 28980
421 8315
260 29487
418 16214
296 67508
53 36234
88 70194
283 34864
427 59194
88 27849
194 76621
233 22930
446 50216
77 78830
194 82309
17 77806
144 61819
240 63376
193 73997
125 86952
212 62549
104 74529
73 73346
226 71953
369 80828
421 39094
11 88226
429 84812
113 82404
385 24138
235 39535
110 69551
440 17191
107 78602
80 83671
26 37450
75 18521
123 26815
316 72101
93 60870
262 181
12 5969
424 35117
255 75525
299 76224
343 18882
162 53536
368 27922
147 21818
436 54880
257 52336
322 65808
162 12317
391 29581
89 26740
369 67868
122 40284
425 44705
320 70091
88 16919
348 51893
416 50321
418 74294
351 41320
262 18433
100 87410
392 10898
321 85398
285 34503
58 73197
323 32487
415 73508
191 84319
285 49468
367 42057
274 60161
79 63518
291 49597
421 64091
71 72149
159 40882
73 60057
264 21595
87 24637
68 50060
99 81381
292 19730
439 29576
287 17224
311 41058
37 71042
317 41349
297 35568
190 30985
83 247
123 64451
193 13180
442 89611
236 44048
361 3918
237 19659
238 47376
214 61782
197 36530
34 57721
447 87894
207 63189
115 84631
54 55235
195 42969
281 49509
67 86794
8 56301
324 65686
4 56241
254 47087
347 22748
291 74903
265 47960
9 13386
122 60534
324 74721
114 48526
42 28981
360 82313
268 69931
178 41967
310 4395
414 55744
422 74860
327 53438
26 26445
197 19999
91 29009
227 84344
164 27835
258 61827
238 88992
102 55961
418 50028
134 81224
302 78656
161 27345
207 30181
18 83874
303 63979
56 5002
165 61269
230 33626
55 81502
152 33232
133 34537
153 8882
81 75241
283 82756
120 24945
289 66439
24 15009
180 15416
82 2031
105 53206
110 32493
317 28965
36 81092
446 89836
27 64663
437 63366
438 11178
123 58076
437 3902
154 13141
38 9786
137 34830
339 55991
269 80368
313 42872
264 87911
258 14376
44 62240
234 25188
117 22539
331 5941
384 31297
101 56780
222 33921
254 29401
305 16394
401 85870
34 6617
31 62896
312 24953
367 80902
347 76040
149 11953
337 78181
435 38735
296 5177
184 64851
20 45978
311 1796
291 5349
266 37602
71 42283
435 39250
219 33029
386 24418
206 76023
33 58726
424 24423
199 59197
101 70935
309 25366
291 59964
43 47770
26 65137
405 38121
296 39855
322 87502
67 49870
396 46993
39 71625
111 50265
392 8989
305 19009
399 88558
127 65557
67 73962
173 70151
435 33105
124 37945
428 60908
139 26104
330 47961
392 59534
323 73494
356 74834
320 89064
10 69023
264 9953
7 65642
287 65061
348 7774
355 21301
350 16934
90 28514
365 51967
272 29217
336 62208
112 72696
136 83662
365 53182
295 84516
120 13007
142 67630
126 69650
390 80003
281 84966
238 35407
6 6520
368 13448
92 39628
339 14671
183 5178
356 36677
318 84688
273 4675
250 75077
385 74543
311 80118
384 89139
437 19606
112 48964
135 24031
295 2427
64 56215
235 83540
39 55896
355 35206
187 36520
383 26939
382 34093
216 39984
321 46439
305 63889
163 4970
84 36236
42 25130
277 14868
260 48612
126 88286
445 48628
242 42277
109 46291
67 71492
122 16554
285 62487
69 44200
181 39809
322 28945
143 26594
238 21989
198 74422
433 67857
445 40535
370 42771
258 2596
313 43122
6 66168
322 54620
370 17035
410 77260
428 13408
122 5378
357 66020
173 79962
56 11528
92 33736
100 40848
431 72986
38 81504
275 6470
11 69170
398 67729
43 84748
355 14533
302 47955
37 57591
440 4624
111 38044
103 1607
247 50954
325 17192
314 29098
93 76871
12 52045
214 23146
166 74737
225 87620
112 64792
165 42718
170 65265
339 52328
193 86974
320 75048
386 35437
355 3871
367 56520
42 65438
325 60743
342 16764
304 50448
396 60790
142 70086
303 84735
212 29574
71 47061
428 23130
364 26271
397 58717
114 85347
68 57869
79 67711
373 65463
385 1786
29 62881
85 86139
16 52385
391 80125
78 86794
45 9917
260 48777
416 34176
164 24806
428 13398
64 50445
384 77309
406 85707
251 23194
211 23558
164 3623
173 80197
47 64911
245 73374
97 60837
414 75574
400 69958
223 35967
340 31902
432 63734
157 58758
10 12700
195 34050
208 65114
110 47774
24 73862
312 3917
127 19560
105 1562
231 34626
400 19688
234 37827
185 61596
301 77847
76 36744
350 72127
365 31388
235 50444
160 16393
366 60712
319 85985
181 33953
248 59840
159 18212
291 33139
120 68998
95 18061
238 41605
236 11620
354 25320
250 38345
72 10656
91 69214
410 89755
273 43098
17 48556
402 51028
396 55190
350 71591
258 10363
345 85354
422 73234
92 45378
207 36506
409 46560
52 84983
426 63105
435 45896
368 74042
221 19952
371 60520
449 63375
124 59132
87 77919
199 41984
77 16230
256 28124
323 3067
404 43128
304 27921
139 79059
151 45078
19 76201
298 26927
127 58153
405 67328
376 51778
212 86974
409 34358
323 65196
146 78559
418 87046
26 87059
157 14065
330 28073
205 17250
259 25431
405 84864
50 16905
237 30322
261 68033
345 6416
74 20461
228 30990
413 30274
11 82690
31 63917
311 5794
381 42076
271 67390
112 61595
239 45209
121 60018
139 25350
275 57417
109 79733
427 36821
409 25314
232 72456
449 27338
296 52637
219 6648
258 15596
27 63814
243 86016
357 84248
400 43118
444 88732
31 39347
195 45794
258 74349
91 11625
84 38341
93 87177
103 66992
337 42334
84 16086
105 74120
411 23537
231 68556
174 67205
299 53141
363 36897
224 60336
376 88512
134 19010
284 87234
341 67850
104 62964
241 49675
427 44419
295 32999
21 68181
380 16994
225 53476
401 46785
448 80181
50 66975
429 56821
16 59725
137 85949
398 42559
422 65242
371 16781
112 34407
238 50538
198 41095
402 88738
52 36116
339 72318
373 34387
359 15846
330 291
199 59572
244 49806
283 64953
16 66750
155 49042
316 66422
172 70056
48 6023
425 10413
158 10243
442 11036
445 37559
432 59108
113 87542
8 27289
96 80482
100 12248
212 27187
60 74545
345 62015
273 35160
364 18874
430 31692
330 75782
351 64158
431 80778
127 41960
246 17040
185 64625
272 84683
433 13888
389 43439
179 87756
425 58648
177 12195
243 44175
444 40123
47 73202
263 75128
25 29907
192 12207
121 23365
64 7459
96 70319
365 60544
431 81547
216 54211
104 84878
159 87409
159 35309
64 31966
219 49758
422 82221
156 73252
303 48008
30 64674
30 85165
145 89687
41 65030
44 79265
349 74021
66 12536
131 54013
307 68966
209 29601
157 59623
403 16482
429 45765
94 75022
253 11219
430 52807
419 45128
176 83467
219 47537
217 73708
172 11438
81 43964
425 88925
285 4737
210 79829
47 48311
92 74515
405 43536
141 68725
26 75333
408 39147
378 54508
152 80419
412 46540
335 58595
327 5239
193 86803
385 30614
28 26919
239 73515
196 36313
130 36289
420 5309
219 14787
248 58301
132 53954
144 23908
136 43674
234 35593
371 26104
414 37889
161 51324
158 33128
50 62563
288 5021
289 14557
7 54991
204 34957
365 70361
175 32494
384 51021
165 67691
292 24672
362 45396
126 79906
280 64140
131 5615
243 33920
285 34737
263 77281
92 80406
339 28083
231 60459
385 54087
276 12120
234 47691
232 43780
324 57132
266 6614
95 74703
248 53620
87 78424
50 51051
338 19086
94 29296
318 40699
34 36251
414 72768
218 35343
338 1919
435 16175
352 61458
9 13319
413 81958
188 23474
251 9451
252 666
158 29556
242 71626
233 17083
197 84104
109 78594
163 46750
291 54047
184 32436
234 27154
323 67956
15 24828
107 51964
239 47433
101 42983
303 14777
79 1416
356 77977
15 42153
168 31307
89 85025
199 36998
388 17851
392 23469
243 10219
213 65054
317 83051
218 26328
160 73474
137 78454
290 59094
24 58217
38 69588
175 25877
327 10167
247 69147
121 88182
139 60407
199 63959
388 28273
408 40203
309 29958
113 73909
390 76780
434 44850
225 44963
291 3895
97 2460
233 15552
11 44873
267 37609
97 76764
267 9650
327 3157
298 33469
301 35437
177 83742
326 61593
253 24526
436 63117
89 35389
281 44519
104 84108
13 27810
209 6007
14 48747
264 16478
119 88887
128 984
289 72723
23 41106
171 62307
413 43202
238 52711
136 26179
372 20625
383 41987
111 12599
58 87462
33 32278
410 61218
316 56452
73 79998
225 54234
286 65384
164 55033
311 46857
241 40217
215 46208
327 47288
125 3074
100 49008
218 14045
52 33029
356 34930
37 35204
382 14901
251 85504
122 57186
29 37743
9 84722
377 75863
443 75128
360 22156
363 30768
204 58290
12 27452
142 677
143 35585
329 55019
412 44350
128 30027
406 67643
268 51123
3 78394
344 18028
301 29113
84 65500
113 10274
290 29461
285 64401
349 69585
257 75003
375 2674
357 56009
54 66966
240 82335
63 9068
109 83053
201 36362
62 2850
138 27260
232 83196
135 84185
92 50955
19 79475
408 22452
226 34033
244 41160
282 30178
262 75087
314 15205
99 18313
200 80233
125 81715
419 76335
168 18140
103 14157
102 42834
137 76256
333 10241
236 79071
266 40531
126 88485
270 51403
301 60124
110 36472
52 43669
426 31665
327 88289
152 55438
279 11430
212 78924
261 46215
250 89793
65 9080
118 70950
370 78361
343 73125
438 5797
4 88291
445 70566
30 29934
220 36032
211 57356
434 51459
401 11072
231 62193
240 40119
426 9488
334 71738
343 31461
97 67744
209 36020
93 51378
266 64308
15 10174
116 5669
135 2001
64 76121
450 29230
34 24407
227 5963
355 63584
256 66283
336 58919
282 25758
293 45229
2 5992
27 34930
48 49673
148 45176
67 36847
310 89027
333 42444
316 14841
338 32359
318 55251
239 52391
134 88914
17 77870
174 17582
273 12286
68 57385
320 53342
257 66533
144 29046
309 22591
158 32090
6 73625
32 4915
249 34322
108 63248
215 48865
292 49609
343 3036
318 21237
127 51277
234 35963
421 5400
128 26856
134 60728
408 4094
334 33664
447 33139
9 5928
123 11952
62 4506
386 26968
11 50492
359 45220
122 53836
357 59504
377 35201
247 34136
288 2437
198 12485
60 14706
216 85960
49 68014
182 51010
306 69891
407 37422
203 83059
204 64385
124 30544
145 55816
425 57235
57 49025
130 42278
147 14316
207 56933
427 7295
201 30066
293 16044
443 42856
410 65386
147 31119
286 80776
341 88118
41 53549
201 1494
328 71768
270 45476
128 8561
183 48565
395 39495
179 9493
236 61591
198 76658
326 58472
90 73451
158 27494
148 76121
42 88860
222 43402
278 53627
260 78115
221 16793
24 38949
18 56167
190 88789
348 51330
260 12915
191 85314
104 51615
139 17626
196 41373
364 1590
295 30607
168 85589
78 42800
355 54262
62 46823
50 1477
314 48302
275 60495
336 19113
251 17700
401 3233
108 11430
325 33826
320 61881
344 29116
220 34332
291 23857
412 56007
245 80139
204 54515
359 11532
315 42092
347 61159
395 57902
300 59694
237 71124
207 73456
333 71685
257 84260
355 28389
419 73789
323 15402
325 25939
179 84137
445 36215
222 41473
121 25467
113 36453
355 88169
166 31505
296 1158
252 26497
186 39406
29 27348
256 30522
107 85524
315 45118
42 10493
73 21773
224 86612
60 30500
284 19625
102 51057
445 63814
364 81312
409 45001
112 30896
89 35694
148 51324
281 17289
450 56670
233 70436
286 45747
397 64825
258 38659
223 60327
327 33791
366 41595
86 78867
325 19117
127 26773
214 57042
331 37837
250 14471
372 45245
17 42885
379 58398
176 88841
392 84331
212 36751
48 28750
184 74579
328 12898
110 38035
93 73877
33 38848
40 59409
169 71219
264 89476
366 54592
325 21303
78 5772
253 55926
264 40549
351 29157
232 20739
167 311
152 39137
428 85851
9 69868
194 81332
236 23377
130 42635
295 70648
203 9207
149 12027
407 71070
209 21794
89 13357
187 34150
363 17076
209 5894
290 71764
350 47762
35 44886
214 65193
299 63339
339 51959
96 21306
141 4560
62 71547
101 32900
332 11805
336 22479
438 38037
218 86474
9 85200
209 29452
322 76800
346 37242
251 32499
217 57276
277 78873
394 46872
16 3199
423 65969
164 21067
221 3073
366 19651
275 9206
334 64176
127 30680
249 70482
134 36893
168 16821
338 77193
430 81036
322 7301
171 51845
365 32694
152 41470
311 48567
378 61318
386 47081
113 34636
143 951
412 51887
107 69349
41 45677
154 13648
156 79775
289 49726
294 43953
390 27359
313 32928
279 49044
25 81235
232 25474
222 29426
115 45355
271 28435
148 58877
262 27934
433 70961
208 402
173 27965
40 5363
396 73386
181 32419
204 86938
149 47210
441 87731
341 20115
393 41350
42 77459
362 29556
148 88311
274 21960
44 7110
315 49794
183 89108
310 59528
96 39084
335 3263
264 80213
200 88232
297 25149
29 16675
202 57063
212 8348
369 34238
443 2886
387 3064
445 38810
167 40643
423 84223
56 1517
208 86904
175 31913
140 50459
321 63822
188 60516
338 19173
444 32150
342 45757
374 3896
115 81726
274 87003
407 70170
161 16492
284 34287
131 8842
171 50171
297 32542
32 52222
336 70065
155 41491
371 26199
45 77081
136 31974
257 5149
295 89935
258 45872
236 77770
370 80986
304 62547
41 66613
110 60119
99 39257
277 27673
335 49608
134 35947
104 15351
342 68916
444 41085
303 35291
259 12862
185 76765
274 32685
192 37058
116 321
211 29680
416 40499
131 4239
161 44402
47 49107
63 56481
222 2233
314 40772
195 63841
396 27393
218 87152
265 14010
388 56540
129 7047
384 52322
236 12305
368 61073
44 34515
303 75113
265 44048
41 48069
6 52652
128 8326
87 29883
298 37375
204 82685
296 59469
247 61752
210 71048
119 69220
361 13736
201 21642
330 60917
40 68881
422 55534
392 29249
146 7119
114 13299
213 26657
287 5287
244 77463
130 77632
383 54524
410 73862
421 40743
427 48027
285 41521
147 57240
309 55054
332 83235
316 12698
150 63018
155 21843
222 32698
153 60985
28 4757
180 82309
140 34448
65 31357
357 5194
190 67519
284 38303
208 74782
78 61683
367 5228
236 29386
202 29293
161 82051
214 14693
235 1454
9 18207
93 50895
286 22517
359 39447
115 10553
400 21936
163 68958
434 73336
268 86508
365 28557
320 60049
161 84208
192 1139
198 59361
333 87002
6 41183
304 57618
398 23062
260 14489
15 76329
282 63062
403 13404
328 24183
53 46050
63 81336
85 83320
174 66475
184 87919
193 37942
406 78557
183 68348
421 9723
305 26326
80 72059
227 75205
394 18636
275 34895
255 88554
78 66421
280 74306
209 32257
382 39239
331 44920
3 1748
341 8183
282 55740
58 24423
88 66885
7 80753
429 17460
364 59368
220 11354
31 59666
324 49257
96 57457
319 21133
361 1142
144 46554
296 52556
120 86023
273 76245
107 66215
189 448
429 35186
449 70563
133 37404
423 43745
121 72386
341 62527
215 83611
440 59549
411 9821
177 50981
382 74070
331 82457
70 31971
396 20609
52 36939
107 37649
395 11455
16 89515
223 65611
106 57611
173 76714
378 7949
75 37432
255 62682
425 50632
162 63645
199 1707
419 41688
68 69707
401 11088
12 70560
327 50176
339 1084
32 50253
260 18521
14 8910
309 69580
84 25552
299 3068
363 39114
355 24193
366 72228
181 8481
6 46093
42 46315
29 63396
403 28497
384 82130
413 73564
233 76431
47 67409
268 38507
373 75753
96 44483
384 909
70 30632
45 60661
79 18390
116 58886
136 62842
182 38927
319 11809
248 16272
423 82982
388 48857
308 17713
290 68607
36 21579
136 58781
78 25217
299 44160
91 50566
78 13325
282 55441
167 7258
11 19475
417 6219
413 30451
113 77860
5 64067
276 4756
196 60733
343 15942
110 74527
50 5234
274 47010
195 85121
293 44955
133 9786
74 4823
341 30859
87 38701
62 66712
232 40724
332 78994
66 5068
147 85584
117 55154
406 427
109 39759
233 28767
431 64910
234 17101
37 108
420 58869
146 22722
22 5937
4 20717
83 53440
103 36751
434 88115
168 61679
274 3702
149 7609
396 54087
128 36549
127 1486
342 2313
6 64957
36 66530
337 45194
158 47921
416 52520
397 22698
424 54712
330 29936
82 36171
348 9117
224 37380
431 2123
6 14093
57 57095
200 6831
367 32787
206 31998
49 20317
407 65031
80 50854
120 54839
424 40591
386 89310
437 41739
374 49157
166 32971
322 7696
28 17989
282 73754
278 70883
390 88608
340 82603
84 23187
419 53362
421 32893
156 14250
297 32064
410 5926
388 57240
357 88994
442 30681
193 58565
216 45685
198 25084
321 12690
150 67236
114 38664
50 49576
429 21834
86 83248
195 77819
331 50349
265 81196
303 10082
158 39945
308 37626
91 41201
178 4358
370 89766
293 32596
186 43247
330 72872
152 18144
174 67319
368 69920
187 56332
37 27195
424 16236
396 16939
399 9053
277 60199
432 87341
252 77201
281 27162
416 66508
196 31994
323 13454
38 52650
239 53255
340 39077
213 36610
28 48604
92 31652
379 29579
299 83527
336 7090
61 79551
75 43959
249 87229
174 81079
221 37098
265 65233
264 42781
296 33289
336 73337
144 68568
304 18242
349 69085
216 14005
333 10446
29 30127
406 25724
286 30774
301 17186
197 86804
220 20149
30 6928
303 69422
399 36491
385 9860
147 77578
349 53607
369 3877
227 5461
391 65096
444 46291
380 10974
141 85368
91 77011
90 50076
444 27347
48 44011
225 15595
355 20981
87 26928
58 38657
114 74141
74 76004
203 65390
211 46753
215 74974
374 54626
114 26201
310 65749
31 69336
57 78080
54 68738
362 6706
399 35724
29 66916
29 42123
227 79426
417 67642
297 58037
321 39175
113 59057
432 47033
201 30031
160 11843
361 85583
430 26532
396 21165
42 56236
302 66803
6 16910
327 63751
371 54312
308 71444
67 6458
5 21729
302 21574
224 45964
136 81538
427 42681
19 60909
329 13738
264 85837
370 19250
307 84183
300 29411
384 51672
178 16686
76 25991
340 67011
307 69457
36 9254
88 67181
68 20484
98 31777
288 63011
57 79221
136 85953
364 64123
310 33690
254 19431
81 50227
144 59712
363 43946
185 76631
162 35297
40 11727
126 12421
21 5207
223 54617
55 55244
287 62572
48 4252
52 59503
411 38841
244 75889
446 54944
444 51699
91 76317
178 88070
192 62564
262 28604
2 55638
136 16489
304 53643
392 33177
107 65336
108 11798
445 74807
109 80125
417 1434
106 17200
46 57253
106 12394
294 18314
37 65689
243 65063
368 40884
79 18939
373 10394
9 55433
156 824
182 74869
390 67992
186 53785
205 49455
12 4571
89 84670
177 66663
3 64660
125 13864
357 33488
140 54927
155 72636
368 39427
259 42059
145 48565
226 55141
247 84684
205 18711
418 87118
292 26104
243 9800
303 53904
83 9810
255 66848
104 4260
431 974
142 34287
358 54832
207 19424
362 7860
329 77894
226 30893
90 74831
219 21257
82 55044
351 31601
181 10001
232 34929
163 19555
367 86089
83 27663
143 55046
392 28619
145 72542
349 39495
417 48278
137 12266
158 50128
294 78598
375 18725
52 70726
142 4663
422 80870
274 16118
165 49872
37 21804
103 63561
383 19460
438 31750
88 89505
156 34729
367 87029
359 35465
338 10274
360 70926
442 4577
126 22706
258 89590
146 41033
415 44518
423 80960
230 25378
261 54687
54 79418
287 25657
52 43558
18 23029
177 81716
96 19212
281 36252
364 30426
103 52981
63 81381
379 9451
211 56188
401 73181
302 75097
341 48037
243 70529
331 86016
385 85863
50 15781
87 26609
238 24466
422 8362
72 22615
328 54807
256 10164
54 12522
281 1423
381 32087
367 64578
217 36626
40 12233
92 26480
254 68920
320 38809
124 6672
407 36037
151 80224
15 70796
449 34179
151 2785
109 89224
21 19295
122 58579
162 14533
83 64638
64 15273
427 13551
326 43833
43 64656
116 33858
300 72845
72 73525
331 22598
115 73924
162 85709
44 80786
274 24798
48 41727
354 58090
166 86405
222 32959
122 53896
57 10086
293 13516
253 45656
257 63720
33 50959
269 69852
270 52174
106 1375
6 64894
139 35935
354 57003
84 78832
89 22925
324 64575
129 12594
371 16470
341 67530
170 65127
120 13124
263 10628
374 30397
350 47232
155 13526
44 42364
188 43414
224 20299
60 70583
186 13406
408 10256
139 83727
78 86231
243 62875
23 42798
230 48519
405 56514
225 55279
339 38996
102 53463
156 3508
50 11377
316 86404
376 64295
292 68421
328 51486
161 73264
117 17964
43 59368
139 32941
299 72549
408 33185
195 35224
397 47139
340 4853
18 56401
431 13927
204 32094
327 33738
330 66592
257 16959
226 67563
349 58907
321 70063
124 36602
368 86547
156 68375
184 57284
194 6258
192 68919
130 51555
144 71077
337 2705
425 33466
303 65016
270 52177
251 77492
227 36189
297 20366
13 48909
184 11737
400 27880
368 79488
134 29342
308 36037
282 5407
418 79861
212 65346
113 76117
412 54919
346 17558
122 64081
248 9120
194 74517
161 14815
417 37064
240 59158
13 25123
157 83017
106 55927
367 61671
449 62084
264 25052
130 54238
123 44849
381 22532
350 46180
305 12824
110 51961
403 61351
345 32453
86 56184
7 11702
274 84057
403 54655
63 18227
283 2346
415 58203
430 656
81 30074
141 45071
374 43820
179 75649
237 1543
325 33527
298 24164
433 76095
217 3400
99 44931
264 43072
190 69515
332 41528
384 67728
66 87652
223 34831
28 16188
42 1937
20 9540
413 56313
420 33315
359 41272
304 54526
350 75832
72 85800
206 81684
314 68917
196 13288
109 45533
160 51683
134 51381
132 25459
205 67562
447 84700
138 51673
99 54424
192 25846
321 19728
192 26930
333 29051
165 23386
233 49111
404 81679
350 81302
255 65526
200 11212
316 13066
199 38896
75 76776
110 43624
114 9171
373 80439
323 9553
289 4865
196 65715
418 78614
127 44837
318 88251
308 35335
295 39035
142 12908
131 75401
334 59408
425 36006
157 41262
375 69873
258 68693
119 26354
331 30339
373 52807
32 15478
108 6262
419 53030
260 66465
32 5513
353 79259
4 21268
173 36995
103 41312
288 6431
319 9135
313 6584
176 71745
106 52416
143 88726
366 49417
441 27899
226 88805
355 69304
222 26488
359 63528
276 30113
374 64668
266 74011
299 75372
24 9338
363 32506
229 47477
439 54879
9 75088
202 39440
183 89334
182 40130
248 9678
233 56644
58 21111
342 74793
157 24263
53 53068
125 38983
332 42388
232 42673
46 17686
339 68458
366 7154
310 77485
10 76735
356 22778
241 51187
440 67284
380 66281
300 35837
93 83602
400 72725
158 61390
277 28548
213 89168
161 4638
314 71144
50 15153
420 27785
288 71502
409 44480
256 64285
170 30991
44 79003
137 52899
322 87816
262 9728
144 87090
51 37792
16 15134
441 6510
357 78609
285 31099
282 30596
283 45723
233 34826
396 19591
276 28751
368 65685
119 7697
306 16243
401 15634
144 25664
380 56785
400 8140
152 89631
235 3883
234 72786
59 74986
135 46807
189 45716
381 66477
265 34238
128 78907
442 35509
330 27880
311 66214
222 46339
224 15858
220 51492
265 43360
118 41911
189 13891
365 77671
238 13687
418 76068
245 3091
435 29677
353 7247
28 37953
366 31715
43 48053
371 68931
36 45536
138 59930
176 44030
85 32943
247 88506
301 14198
285 21679
340 46543
282 47524
125 60689
400 50786
79 60471
316 76479
224 79221
219 2620
17 52598
427 5911
139 17862
261 52600
295 72281
23 51736
239 69
336 22650
38 71565
253 36118
112 46602
86 80152
133 22733
309 58757
281 56511
171 1996
229 353
349 30305
177 59274
7 79913
407 45434
96 52704
258 85543
192 79645
224 26395
55 31104
29 65473
153 72435
251 21635
60 40910
442 29573
435 73140
171 30721
49 48743
164 11381
147 21401
352 20457
427 63839
25 39828
314 5176
261 18938
432 53064
340 16361
331 5324
86 3341
261 88802
67 81357
351 7533
404 14931
33 16831
159 11036
446 65205
64 1623
396 26241
96 1110
119 30114
399 71409
342 85505
251 83050
146 37944
299 62365
409 84304
430 86673
403 1279
35 87666
290 74489
143 43864
259 11328
375 54112
308 67875
32 3170
149 37934
58 24585
203 59009
417 19921
230 87878
312 22101
130 84976
60 85289
408 52882
126 8565
316 87323
338 31073
415 50786
4 70287
208 4199
86 72602
160 46736
126 77808
431 49957
332 19063
448 49679
65 48349
94 40779
404 6375
31 39511
239 32207
46 12377
42 45416
51 43369
262 50112
102 85948
8 3076
249 54463
89 77283
125 46164
392 85695
54 54015
275 78968
271 44916
414 34058
438 44243
31 2801
121 81010
189 43744
134 30303
154 38612
144 8684
190 61299
141 24854
295 12457
258 1241
37 2655
376 74265
391 4006
3 63510
408 43148
150 4356
439 3229
284 7601
415 68914
276 78401
34 108
137 80374
300 62530
356 75748
145 81237
214 58541
109 18146
297 6418
9 69842
192 42531
417 37772
128 59837
193 51953
306 80423
46 45011
121 48888
340 6965
412 26475
281 11775
334 78010
163 38708
258 81674
448 29470
54 72263
107 68220
69 73744
18 12634
216 63713
232 82065
270 16728
177 74679
74 71556
188 7343
291 67828
168 18762
198 89690
136 88205
6 63886
67 53025
277 66931
272 68073
248 40137
223 26538
446 435
266 82134
218 74896
366 49233
171 7632
355 37964
244 49784
297 1371
357 47188
449 3531
200 76127
236 65257
15 1997
438 52323
359 3583
450 52279
186 55693
279 47596
153 31968
221 52604
31 79463
38 71452
100 13181
25 17525
361 89934
248 23983
223 78874
368 25011
402 38024
263 18937
265 87178
250 23338
369 6918
38 105
376 86534
79 25035
247 22632
437 84742
82 70819
29 28604
88 40182
191 13045
16 1273
92 4481
380 64136
313 65305
425 85346
350 62297
362 34051
262 44135
153 72870
365 80351
243 29912
163 55888
234 53322
141 40728
301 7467
268 117
267 38482
322 76980
184 30683
416 20249
281 1289
370 45405
63 70059
375 89431
98 72225
351 16989
249 52212
128 19057
222 16256
109 80814
197 50958
130 31561
196 26771
376 17358
443 72326
392 8496
390 8471
134 5564
91 19452
335 27693
118 71537
125 33347
140 33892
268 72197
147 30353
55 84016
32 42956
246 70920
16 49386
403 19143
262 11216
56 38874
435 30952
179 88703
209 27967
221 71439
297 59500
332 77971
427 51503
38 42135
176 1072
424 82679
246 7308
236 44981
88 57384
31 6976
299 11909
439 26212
102 7834
341 82188
287 32883
414 25243
37 50392
189 19147
360 85048
433 54478
357 26485
65 47601
196 1745
285 72506
382 8366
397 57041
284 22199
321 36570
399 56785
203 44822
439 54293
416 60550
294 32586
314 18193
425 49794
350 85841
326 41944
24 5377
87 20219
298 50387
442 47124
90 28764
165 56535
24 44567
82 7553
352 69614
401 89582
25 52901
128 53130
156 33395
72 81280
307 51615
102 58393
190 14252
409 60355
35 89082
399 35830
353 25350
439 62710
155 89241
420 65251
232 29619
236 19914
380 75436
129 43482
127 70533
324 62323
184 75969
439 43953
227 73483
100 23231
388 61019
372 53739
203 31866
235 46869
312 85106
358 89839
349 83380
289 41392
10 39337
38 44940
291 87894
2 70911
49 52385
350 31160
81 31418
101 26685
106 19425
149 85792
375 64391
265 25217
342 11091
428 21538
286 68630
90 2730
135 23174
157 51628
257 42329
333 79863
285 9601
56 81009
374 67315
111 64350
243 73959
205 61134
392 14799
343 64004
32 81927
97 36686
42 18271
384 48228
155 71632
39 80696
114 33929
81 17377
293 21100
420 84230
430 29204
22 41615
341 65080
314 352
170 49595
118 89116
358 88240
167 56788
99 23873
168 53621
231 31473
93 52110
110 46564
188 66167
87 55514
399 3515
59 9536
188 44667
362 12447
160 7162
445 545
437 38606
182 78487
132 20627
63 49930
34 73525
376 73026
403 21535
309 60431
159 28789
160 36538
352 26937
330 33468
22 38684
146 34823
158 71937
372 28408
324 83897
87 47763
182 21406
253 10885
140 13570
379 10287
371 31707
403 40684
194 9134
360 22484
136 62828
259 40468
71 14743
55 83458
251 28392
71 30803
326 21556
392 11758
395 60891
300 18464
96 81037
117 40601
246 18078
28 78791
168 71456
337 27369
395 61706
415 58568
115 33451
212 12861
91 44345
75 81044
283 41722
191 88334
431 49408
343 19880
225 86122
365 65412
108 75186
228 17458
336 76983
308 82165
221 16476
314 57450
196 55671
297 8642
410 54371
217 14089
37 60858
392 17750
287 84152
251 4088
396 86000
328 20366
289 51358
272 43582
122 43596
372 47906
137 55104
336 10467
151 19242
245 15310
386 37984
21 50485
408 64955
432 46067
97 48430
53 70965
329 19385
48 74034
27 49434
276 57100
436 88790
430 45885
122 58583
245 88893
21 38010
293 14009
93 17204
195 84978
226 30265
262 3544
53 55599
310 56805
73 84936
268 6527
412 26458
380 7678
213 50446
446 24264
166 32109
335 83525
378 74278
375 6482
265 69848
260 73859
123 57244
40 37937
260 89826
150 61481
303 14028
306 82164
372 66554
225 32486
142 87131
36 52531
153 64017
208 26707
212 10085
171 3766
444 29314
52 61983
20 10551
156 12275
239 87339
343 46932
357 5638
36 18074
206 58357
6 51296
399 28422
294 70543
74 42164
37 33597
44 44970
255 5048
261 66292
443 57126
343 12235
249 19954
154 81234
126 74516
133 1036
153 18470
312 23327
125 81063
94 5546
75 30771
98 82223
388 46537
417 28206
88 84029
157 47268
397 46911
128 16954
313 68362
138 16044
294 24472
116 19198
188 13571
311 11066
42 71773
192 25528
442 1268
189 14817
306 28023
241 9220
355 89786
416 52613
280 17522
278 35166
84 46429
354 9436
83 45606
228 88521
303 54606
150 7394
242 42937
143 45023
171 37794
119 75515
411 15828
8 47502
230 41662
295 6045
378 5511
156 78764
198 43241
294 8497
371 72515
289 23515
428 14562
293 26586
306 64753
177 35413
149 6808
359 32279
87 5215
343 15351
180 45006
184 48041
322 35260
106 32559
127 73372
40 19303
313 46663
331 62791
384 4777
238 62767
64 31091
330 13459
224 29607
285 60570
12 50118
131 59066
222 10123
25 12319
314 80660
173 28341
237 75799
312 5103
228 61059
278 15111
386 75362
450 70106
449 17577
54 48848
414 84243
150 53992
302 34209
364 56693
8 72255
261 39358
139 40449
413 16777
261 65095
237 37510
334 76203
4 29084
20 40634
399 34424
281 8400
1 27270
200 57651
285 5131
109 44191
404 86439
58 16384
71 58302
66 46928
54 9441
182 70240
344 82646
445 7658
412 41990
268 64852
157 35532
70 13332
44 51178
19 75116
258 69292
398 50862
262 1568
51 7647
295 27075
135 23302
313 47002
44 40269
317 86480
330 28693
448 41154
215 55206
282 29039
95 19437
16 9138
256 53468
293 40341
17 83691
173 60287
3 73689
339 19182
400 47192
49 15711
377 9911
103 20565
334 24976
117 29390
210 58936
436 10504
445 39360
187 6157
391 88099
219 43369
204 47941
203 17876
70 55285
446 19565
248 9355
80 45918
260 50653
132 5441
35 17115
245 89774
333 43019
49 74465
197 29951
279 78034
44 5837
367 43942
314 65957
216 86168
270 4543
311 28654
99 41773
222 2282
109 74451
270 15536
311 73334
280 6600
146 54694
48 6268
420 31195
195 24451
361 82075
279 22792
70 72895
309 74801
197 23942
172 20215
159 16163
179 42494
139 27470
37 59481
343 37112
202 13053
396 28171
81 4502
47 27282
191 39300
89 83535
205 32611
176 11097
181 70283
347 86764
396 49036
426 56206
265 85570
163 67205
289 68074
138 82837
303 46092
4 40903
437 80570
401 30856
86 6834
143 51250
30 89772
71 88597
322 67684
29 55378
441 10058
448 60959
8 79306
1 49818
98 22609
144 37826
167 11662
166 86886
231 81361
306 1644
135 1049
265 13641
397 1430
212 64862
228 63512
105 80196
389 39769
35 15170
351 41024
13 12592
417 72084
421 19235
143 27045
254 69001
105 45618
407 39416
212 67165
18 41634
112 83856
145 57924
200 47407
146 80818
149 41411
372 76723
318 2769
128 48922
86 36825
72 23205
73 19459
115 30495
89 87357
314 68574
409 22464
2 52059
217 57077
154 1822
265 21305
276 27974
196 25830
189 28774
169 69311
159 79071
397 77009
338 17103
48 51825
46 32337
115 8087
89 41658
29 37808
413 20413
91 54487
327 22892
273 37509
227 89358
18 16483
115 29206
115 43764
48 76541
355 37425
65 32392
276 57111
425 30649
404 39166
39 65625
184 28782
48 70547
173 41652
23 24961
196 26991
415 17181
199 26770
147 62767
129 16845
279 75738
161 45164
45 39314
425 87060
148 50759
195 77529
221 30353
179 35177
28 63491
265 56537
393 41808
75 20462
10 12223
146 47379
121 52981
339 37526
233 58469
251 43640
389 61030
285 22835
274 48787
185 84533
85 10030
47 38115
54 60435
331 64707
427 7153
431 71662
66 36592
222 31923
9 14488
54 19078
367 59460
118 58762
148 73209
256 63414
446 20169
114 38812
181 20178
277 20152
316 42305
174 46893
214 12010
196 25553
44 48405
217 986
206 20921
256 10472
281 22000
375 72143
86 71994
372 84532
376 73687
178 24490
298 17646
92 76877
66 43269
12 28449
93 53078
450 85984
178 45092
387 60840
99 54154
65 39444
321 76246
146 20011
219 87411
342 23465
389 22219
200 58719
237 72313
261 40740
56 65846
428 77553
234 16586
416 38128
351 42002
304 52069
338 43137
300 67840
430 15699
413 55357
88 52623
388 58720
195 6997
318 7104
140 48474
89 42968
353 35166
293 42430
211 41039
135 58175
8 4118
410 78391
215 84531
300 8929
450 84981
14 65481
444 63513
221 59165
392 48241
439 72227
122 78669
400 33353
306 10980
199 80939
376 72772
395 84282
325 69237
279 34747
384 47180
408 56043
225 55682
352 45280
225 86008
403 50640
77 80159
142 81497
271 89854
336 14606
431 27456
328 68645
300 78590
286 77312
190 22341
194 8694
286 5833
351 62664
309 22637
212 4824
417 87476
166 319
245 59991
95 3136
361 34887
124 70464
213 41057
290 13619
104 83653
433 59676
95 64209
337 39534
288 58586
398 50425
300 81797
70 64336
205 69487
130 86706
412 69181
262 57324
399 44873
60 18206
6 47434
187 63983
94 60196
253 30435
431 37055
174 26518
307 45509
70 17169
152 82458
197 72916
41 29301
137 88668
362 76142
273 86639
214 18310
291 25823
412 87621
75 17911
25 71894
150 14873
79 18569
96 80231
259 7464
259 11867
22 41748
3 36323
350 53062
169 2154
200 61142
297 16794
233 23640
350 11773
246 81001
114 53420
119 17142
442 39389
329 61181
260 31515
36 76433
176 13325
327 24288
266 49196
125 26436
407 4231
195 52702
101 74837
149 19150
275 12974
135 87645
387 58686
322 22278
296 3625
406 68329
416 53618
31 1367
291 26571
175 707
4 79095
92 62588
125 60634
195 44820
17 39245
241 46263
184 43313
244 26935
179 86401
218 54108
367 89518
439 59352
216 45791
26 31586
236 6263
36 41373
247 43214
89 71651
432 43105
102 49413
208 74405
352 3157
34 47153
273 54371
230 89957
117 20451
272 16707
20 87798
81 50209
22 3169
58 49986
97 59362
369 59219
121 25300
94 10254
297 66226
417 54226
50 75617
54 43811
210 29548
410 62259
275 8326
296 24361
97 80132
428 28787
302 18203
46 79631
228 62382
233 44305
271 68031
169 16381
435 82391
360 47661
188 44799
62 64775
301 44986
382 13933
73 23857
116 72229
319 35541
63 86679
74 62874
202 75761
56 59256
107 61781
119 54180
377 54559
22 29563
257 81284
8 69147
68 36808
167 17512
193 545
189 58315
275 69372
226 30599
88 51
362 59267
69 17181
134 24606
45 17661
61 2917
2 34727
202 50412
409 16708
416 19822
356 26720
161 42519
379 5700
318 85374
77 70965
450 53317
184 89703
237 50800
205 1793
304 24490
130 70686
158 73906
320 64426
32 46378
82 82417
27 79731
431 13077
245 6941
114 19110
348 71520
96 43623
165 41337
236 41796
11 22221
154 14151
358 63739
411 39744
437 19187
122 86362
123 37683
396 1095
88 62802
278 65564
432 41495
441 18952
83 45106
373 66667
203 12563
322 84257
162 19822
423 61837
399 61179
234 18038
370 80121
72 57967
8 45661
139 22816
317 7581
410 18069
258 57579
53 66221
119 5387
35 19586
410 49317
381 56230
48 82711
209 4082
188 84304
334 72870
123 46946
149 11949
296 35854
89 83033
96 19591
387 87510
1 36120
130 51647
398 13164
282 74575
187 82058
39 89891
61 77177
309 33898
333 46509
216 49029
177 35699
193 25955
22 81404
360 9155
166 20039
385 47986
176 38306
132 85156
164 5348
104 80909
84 73212
58 89921
41 15307
57 37854
64 75078
275 13818
287 46515
352 45245
325 60724
377 66427
68 60087
303 83648
350 12297
172 27585
438 39867
22 28228
338 73451
61 5940
407 3182
273 58856
154 86278
280 33101
279 45322
386 52037
235 79723
226 30772
178 22747
151 1045
290 22154
378 87163
340 88956
155 65702
408 74777
415 75293
149 55761
213 16239
173 54731
144 72999
47 65022
81 81594
416 74049
208 69130
161 54610
214 14540
94 18910
47 64619
387 27985
343 11273
24 68075
210 7490
86 33588
248 7588
104 22030
59 46715
98 44525
171 4219
379 32270
66 49981
239 5919
311 48021
144 69182
124 39985
437 6316
174 33148
78 12578
86 1680
449 68644
395 17457
278 17471
130 21549
13 8429
413 27195
281 70035
416 20370
52 80499
164 51278
400 85807
165 56655
212 24963
333 9056
192 54707
186 78448
390 2755
2 50871
200 25416
15 25168
242 50861
285 26255
26 80483
180 88887
273 46896
181 2559
319 42525
324 47426
134 50413
39 85612
99 1034
111 44170
331 25135
273 65047
1 72288
219 4660
367 46631
134 50269
279 4691
31 89806
65 43398
3 1760
418 43354
322 85904
289 50911
318 77884
238 85105
71 63790
369 26538
367 32243
180 52446
56 44923
281 84437
444 73276
206 38567
105 14377
305 21426
63 30005
179 86498
204 17441
119 61354
446 34184
95 86154
270 69329
133 24483
97 54353
348 57850
370 5919
123 17180
132 81483
417 52225
254 56877
2 47985
31 66975
247 3097
28 87343
243 11469
96 50440
71 27832
332 45727
359 35046
431 54387
281 40093
30 73726
373 18129
75 19034
339 69873
114 28555
37 61209
393 3791
88 42642
346 53834
387 26477
31 84962
443 82144
279 6704
119 32119
54 41684
15 1133
437 58928
133 62953
226 54694
105 51624
65 36562
101 32672
180 30353
210 54990
87 44879
435 46961
157 12925
409 27202
79 68273
175 42957
44 59148
101 9902
430 2926
278 22152
90 34303
283 48710
139 3737
420 44867
40 5012
258 76864
32 31473
140 31427
390 73501
125 35012
41 61277
24 44005
269 17813
142 65486
349 54718
363 51396
436 72268
55 24116
323 42662
207 12136
13 60116
219 2062
351 16258
315 51850
407 48989
399 71993
269 39067
345 45913
433 56334
4 32349
410 67398
388 26613
288 47196
332 26519
167 49155
370 49740
1 84228
54 66347
242 57355
68 36524
271 20468
146 34715
389 12487
293 8965
62 31065
325 65113
407 75500
43 5170
131 13387
347 48797
426 73135
149 39254
174 89802
9 43304
382 45494
270 49120
190 81312
255 31085
178 64783
178 36685
208 45020
418 80047
229 16688
121 51620
286 24020
84 52182
363 34567
357 35831
42 52529
288 86997
202 36242
274 26234
285 12385
321 58852
355 89778
290 75624
372 42001
383 48897
435 50821
285 10239
91 43395
209 56892
308 81675
17 76902
226 14756
267 25688
400 67564
254 1645
394 16097
50 78687
164 45076
66 60164
146 67785
409 43470
449 58332
427 60047
166 7352
119 29905
343 44741
7 56334
179 45048
381 73230
44 77686
382 89075
107 61616
358 47269
213 72592
378 84088
408 71605
283 38385
106 35555
155 78409
273 5832
193 42926
405 704
376 79650
387 8625
61 25118
365 71804
122 19533
25 51457
338 23574
361 64712
245 49011
153 3809
163 42467
126 21017
58 69449
419 86269
225 33038
410 33688
92 11143
208 1073
273 10951
399 81020
45 2491
269 41913
224 21513
263 13244
88 87234
406 80757
343 24908
141 16482
3 87981
135 8811
7 82803
404 67969
279 73356
277 62183
52 3351
289 77763
90 30338
145 1036
375 67293
417 20471
29 86317
79 48331
286 30173
95 55046
72 9932
107 36218
424 28446
101 59155
208 37706
400 55737
228 11704
394 35901
403 20951
415 69692
101 24718
69 81074
148 6864
337 60230
449 60223
312 48474
215 23741
2 75874
203 18065
33 84503
280 42484
140 76203
369 71614
283 20418
449 59595
114 30182
320 48513
72 27332
256 12187
306 72231
350 31008
288 24431
121 29802
401 27976
422 65014
28 75156
323 11771
350 77363
324 39803
207 27093
153 85739
345 67316
150 56840
95 58395
349 81605
36 797
417 40234
128 85543
159 58460
204 15235
121 17493
221 78157
371 75553
332 71669
218 11662
443 33784
155 37413
16 15200
193 48886
186 11969
291 83963
290 69155
143 66515
48 49581
389 48307
19 55189
323 17054
178 76454
254 10679
14 34814
268 51255
398 68718
381 61426
41 55771
101 8351
28 84650
2 1455
433 13446
296 49147
51 32774
333 2351
248 87671
205 78166
352 62732
2 69903
335 39356
40 49507
114 82732
403 38576
177 4098
287 24421
377 83932
186 54626
358 54341
219 32597
347 79078
420 36627
340 75862
257 77808
36 19937
183 57412
35 63542
188 10374
215 38518
260 28227
203 64027
401 89100
277 29282
81 51096
354 56180
325 78613
408 32165
391 58396
410 46721
134 66092
6 3418
10 15746
81 27268
210 32121
130 36703
315 31390
243 17860
148 34860
333 30965
150 64178
46 84097
119 16335
285 47900
112 36460
300 80768
298 31587
348 53353
187 79203
4 1657
25 28704
248 70191
372 41892
51 74874
389 12115
380 69930
131 46169
443 32646
100 60175
439 40603
433 63828
197 27835
93 89943
68 69553
158 80426
211 56393
328 5514
53 5247
156 87765
38 14493
352 68980
408 46869
285 72938
105 56642
139 30972
229 40813
251 73662
352 891
264 19832
205 10499
204 69140
85 85470
207 2148
195 41798
344 86887
65 18976
111 74690
157 68053
419 6782
99 80851
259 7077
293 50297
276 11735
389 59984
184 24030
76 73345
44 82456
373 3036
414 81232
21 70575
288 56112
174 20411
132 20128
194 61193
165 76551
17 52749
382 16353
263 74812
147 78340
84 9882
203 31318
274 3800
270 77224
320 2983
198 42253
84 89911
410 63425
339 69983
148 52834
254 48309
283 16025
261 14440
56 36293
215 83353
421 66586
43 33083
59 40005
249 1575
356 63536
442 29670
284 43585
102 44895
214 73877
409 20957
122 67942
413 41682
108 86821
138 528
364 75722
262 21891
122 70601
411 62871
271 33232
145 28022
241 3670
245 39756
236 83435
67 23862
145 89918
275 41540
262 27878
27 60459
30 1129
279 61421
359 46598
85 69318
94 79662
361 36207
438 3878
205 31883
272 22184
216 75584
383 85817
174 7544
350 16810
87 69568
83 75873
44 62244
26 12263
236 73630
431 50622
242 78728
32 40661
119 6271
66 35943
65 7282
249 18693
447 17418
370 24472
361 46077
209 1043
309 6118
52 81476
10 66502
433 39436
110 62779
2 29645
420 87529
329 65643
430 54701
273 86982
190 28283
343 63078
77 63139
74 22132
33 5410
321 13735
300 64459
405 38128
1 27962
214 74580
243 55486
211 82493
163 30511
35 8627
235 65535
224 63868
103 26348
80 85168
123 38652
360 3928
109 28553
202 57017
237 80133
178 55170
270 25879
78 9568
27 39179
124 33998
33 37639
270 74532
386 54873
422 13839
108 15752
220 1861
433 16197
337 89719
197 63471
448 36151
270 86406
318 63379
51 18173
188 5159
255 48779
64 72986
190 79347
29 54714
19 81328
425 51107
1 12211
316 40327
307 4232
255 46224
399 78283
279 70607
45 17123
157 57631
182 51013
297 46099
46 11608
216 54182
180 31755
77 39308
298 22068
1 13016
342 68198
63 33212
208 75318
263 89050
436 20955
139 8415
163 39053
59 53276
128 82320
295 25700
383 52587
422 43644
251 29139
267 24456
304 47296
375 46545
84 16870
133 60134
171 30573
267 77473
323 39926
176 61921
9 67006
258 50618
46 8473
442 51797
16 3607
146 76099
400 4853
70 7419
126 37058
440 76164
210 30597
28 35435
316 24255
63 76993
230 50393
221 73725
101 63283
210 2025
218 2717
313 14827
297 22359
295 13139
337 84868
225 49874
260 74428
97 6189
287 65304
110 68948
121 13018
362 31776
203 20475
390 51386
3 48856
47 22587
270 46004
438 74110
318 520
414 3956
199 33715
107 64509
87 63597
119 69290
341 78035
327 23210
48 1013
401 9876
413 48246
152 74740
138 27098
424 72976
143 8810
382 14237
82 11529
345 60249
378 86081
86 42038
132 60621
195 47015
118 24397
403 89751
324 32341
302 48016
399 71930
235 58791
125 76215
243 28172
228 27620
198 81659
328 28763
330 66638
164 74908
2 75150
61 59691
386 79477
449 74205
27 76750
428 83813
424 31694
439 9598
309 61783
58 71381
217 83207
261 27271
254 79682
418 5443
308 59285
170 57756
104 72860
166 89523
432 37906
382 36149
189 25630
371 49421
382 87633
363 66604
152 14562
33 38997
363 23062
440 32657
42 88805
2 43465
229 72919
421 3623
339 5089
113 18985
235 2626
356 44403
129 11698
215 56085
343 44097
160 41125
182 19318
447 6902
359 48515
420 58614
246 54141
39 30515
202 59132
98 73802
177 47981
403 26583
12 24870
31 57448
20 46482
28 55031
8 19507
27 53942
41 4343
167 23405
249 1781
250 28859
441 23100
204 8380
12 82543
233 51859
344 21669
303 79487
58 40284
186 7861
425 52627
297 28817
208 30433
380 77804
378 63204
229 31774
161 53426
212 53978
436 44848
309 14855
186 51120
90 66320
39 42189
325 48004
333 7543
346 85931
136 79858
240 12924
427 77955
171 53491
235 12600
141 83193
400 45664
383 63116
148 35724
195 31621
119 43215
199 59162
381 25104
436 51969
230 36868
102 41360
59 18053
290 79910
66 80338
185 46309
181 63439
2 52519
383 56504
415 8447
449 42019
178 39239
418 26901
81 57734
160 20913
43 24666
227 89488
359 15506
107 88635
10 1000
229 41537
220 54589
100 32421
15 26258
72 50930
32 34762
357 15713
126 76622
288 12122
429 42209
34 65394
284 50290
444 68282
92 79877
229 9783
334 85988
236 29926
271 88958
60 70346
438 86928
362 19507
293 34126
19 65761
137 37206
19 5146
343 12915
140 67242
183 31913
304 21926
425 78490
117 60152
428 40245
76 52013
109 24979
110 23807
385 80927
80 41681
319 55901
51 51585
79 44474
249 40702
406 25977
61 21162
90 59476
394 38730
89 82854
448 83565
331 89311
266 20637
122 75192
313 73819
7 3326
228 80999
364 27795
204 19160
350 21438
235 37613
304 63005
327 45747
38 3285
162 9279
259 84218
298 82927
216 1537
180 5286
190 36016
52 69847
95 30632
6 66800
246 26189
29 70574
205 42972
82 27733
89 62783
276 24108
320 76049
412 81670
309 9733
397 76633
433 23736
229 11354
199 27115
85 4283
185 67916
248 85398
138 71665
124 72115
382 23781
80 79993
7 55852
127 44945
43 79663
407 40325
433 87882
328 78764
66 82671
58 45668
317 25230
450 65006
425 16254
211 597
61 496
149 65766
245 3099
335 84760
366 46532
307 10088
5 82477
210 76841
400 35600
180 14841
218 32701
336 29051
192 87045
269 7172
234 23380
334 78714
229 7839
19 65050
83 54043
160 12343
90 38026
338 73769
50 44797
351 71071
320 18709
257 13412
309 7610
370 77366
50 66531
31 37695
15 85800
350 66212
418 22838
444 24502
159 8504
351 50451
158 32098
254 26228
211 50817
310 13020
101 87129
61 65532
175 44315
295 24307
168 1654
207 37375
86 16026
221 22385
174 63205
414 45092
285 81405
319 27908
146 4611
192 40734
412 30948
384 38491
223 46357
322 26874
112 39685
347 53832
61 67874
385 5467
145 23019
183 83595
77 28191
269 26997
302 17192
41 66567
216 39029
251 2955
104 50666
52 23344
166 63654
118 8706
238 22332
265 24098
5 3261
82 27556
179 36629
147 60725
437 22633
33 70867
20 61000
441 28019
395 29516
445 58823
191 70278
376 81471
152 70162
95 79470
171 11576
63 31936
308 45936
209 12895
53 55920
209 5883
347 5890
446 41555
99 80043
121 67206
420 2302
56 23039
13 21313
356 47660
320 50262
370 74684
368 74547
181 49968
31 53863
338 25160
337 73406
160 29848
309 82800
413 36839
406 13813
2 7202
31 47716
203 49839
82 52382
293 8784
384 82332
211 41200
364 69595
210 57686
273 52713
165 61051
283 55381
272 67389
261 65487
412 79981
332 7829
243 65610
413 55931
223 49356
266 65121
168 44851
169 3520
156 79109
277 69281
395 57926
150 20346
366 85939
436 89790
