10000
200 5124
325 17685
245 93766
169 74091
78 43336
498 79689
142 9037
463 68889
40 15900
210 48509
133 98856
370 13185
433 91034
257 73762
450 78752
338 85922
239 84516
268 93530
266 68059
133 84733
31 58713
104 81334
359 18381
392 87172
50 95600
487 91463
237 88272
391 37189
432 40370
484 8325
25 49015
196 97938
412 29864
58 1919
397 45851
88 69317
274 37886
72 30215
454 53366
319 19831
38 34703
245 64224
279 56009
79 28482
342 75253
41 76182
491 79147
292 44296
3 84683
306 61245
383 98957
280 71155
318 77610
19 55079
11 2920
460 63438
436 53817
442 24462
108 80397
452 2427
450 67864
45 19328
256 718
454 93637
141 7163
188 33978
359 76075
183 77679
250 92715
404 7800
382 75725
291 27592
205 15967
310 11762
403 19995
416 94159
93 37849
39 33986
234 63375
251 70479
433 4674
12 64539
245 49005
220 32201
43 45504
222 91100
132 59026
113 41633
232 3934
255 44274
196 85904
387 19055
77 57393
407 93242
455 95327
490 41764
7 4338
11 51546
305 66448
492 91067
479 45749
380 91318
48 61503
493 49611
477 21950
327 30493
76 7290
427 7177
128 15052
405 88239
334 47913
259 28650
323 11825
296 10011
100 65753
173 63139
373 26348
279 37200
46 39317
175 15327
189 52794
221 24715
482 91878
398 8368
461 12418
262 31588
48 85476
218 30844
158 87025
275 728
273 31765
485 37529
145 97074
333 85685
219 96090
228 79472
327 59492
113 33754
206 98225
167 56065
272 70818
84 16132
383 18151
492 74567
415 38985
80 5942
4 34603
427 88638
315 21909
493 32748
325 24126
275 41977
175 93739
52 75761
112 76954
382 95
398 64113
102 85552
229 49801
140 23377
102 91451
240 86446
437 24648
488 40040
368 45091
79 66414
486 63194
468 76297
297 90850
500 93696
364 81566
52 68855
358 43054
281 25947
57 59477
210 34582
179 87936
302 95077
133 6482
110 97225
111 30604
31 20486
53 34986
291 46236
69 66375
43 72925
383 59304
360 49997
220 79808
138 22205
395 44301
474 7888
367 17718
118 90949
67 30486
127 90506
296 58815
310 14075
203 44825
304 63076
148 19486
377 53046
192 4874
350 37451
32 95717
298 27660
392 86686
253 98904
125 57081
264 85694
3 65097
195 87544
231 90346
319 77609
267 17780
316 56156
261 1875
352 57253
479 93230
262 17191
250 28500
240 87674
131 49306
66 12410
405 29765
381 48544
289 96842
228 82510
493 36648
110 64660
264 26389
422 35075
64 11035
454 23463
317 17395
68 19293
451 32267
165 62319
64 83487
445 31726
399 80968
172 56685
310 26923
356 13657
417 30621
32 77947
289 59578
478 61942
166 339
386 5955
485 59063
165 62498
54 8592
11 24683
7 50205
218 28849
420 65518
9 5356
365 74639
261 7940
51 80356
367 64289
255 55433
497 82502
341 1727
168 9865
127 40663
208 9647
52 83878
36 3754
377 802
398 87112
391 94146
328 12950
70 77352
102 3613
232 53214
233 62549
44 7940
157 24412
255 30763
209 23935
415 74976
466 76122
159 90781
87 74300
257 30705
79 81875
32 25060
354 71346
245 49283
208 58701
182 24502
145 54010
35 20723
92 64492
220 55517
323 22213
178 20559
185 95359
193 50646
208 96393
331 91256
8 60326
247 63932
437 97236
339 63943
25 80388
147 94352
44 10303
320 84405
389 33775
38 91552
152 91762
150 57427
79 51650
17 4553
284 13714
183 76198
10 61696
369 5114
304 53110
51 38930
96 59465
118 70853
156 76568
455 35374
385 40166
115 6952
160 70484
393 13068
91 40606
31 3251
70 48513
370 728
423 74360
33 23192
388 19517
293 75466
41 4797
348 83526
351 91665
5 34850
471 14700
486 51716
161 83268
311 91824
293 46520
100 53373
258 49528
102 34244
157 98043
191 78056
155 93396
282 23912
136 5497
107 48897
485 7473
469 19223
151 3108
55 57799
121 31870
294 60692
250 1148
447 40114
28 2860
29 85203
466 22798
127 8158
391 22524
448 25016
418 34283
93 58661
44 88886
459 48030
21 29687
163 42429
87 39499
432 61857
4 54319
204 2874
165 57251
179 21320
206 13888
274 40606
295 69395
473 24082
302 18092
30 27648
406 86096
428 55979
269 41847
408 8156
59 76826
452 88344
438 3338
327 94084
183 67715
254 90561
499 28616
75 49999
244 47320
268 96305
36 62428
428 19843
242 37969
394 69824
196 68944
40 34384
494 3201
190 84018
269 99717
69 20373
496 12397
52 91729
331 68372
322 60082
112 87706
302 90365
396 25298
301 43336
420 93005
275 25971
453 51647
251 58109
38 20386
255 76354
386 40761
440 68623
156 85821
312 71106
381 54313
403 48815
65 2185
21 74718
59 48353
288 32707
472 50558
43 52855
80 24372
35 60432
93 49888
121 42000
38 9066
110 73188
177 59391
119 27496
98 89525
167 39944
14 23842
71 35873
32 53470
77 27131
91 98654
372 17967
442 93326
70 7757
214 98540
434 77344
456 34710
499 27686
297 63777
471 74399
316 59023
176 9750
244 31544
11 76734
63 83963
180 95655
392 34949
116 13598
449 55094
267 86226
450 22301
494 21192
424 39809
449 30330
151 40978
370 79547
273 64194
189 45830
277 20548
282 16591
160 25581
146 48047
215 14700
218 12297
59 19263
42 26097
440 24626
119 37180
331 83830
382 71359
496 47690
499 53062
304 29576
395 60612
399 9228
358 22204
268 57783
402 48295
353 35566
418 4674
452 53014
327 79065
92 61491
251 1940
324 85528
409 55739
270 93147
294 95445
182 23790
164 10606
77 20551
145 78401
106 69681
256 73400
236 49424
468 61583
490 28104
167 78765
102 39709
393 10179
123 74965
310 4797
315 75246
284 23572
241 31849
270 6544
420 76286
294 24229
118 33994
368 20116
334 24544
89 39183
355 8337
49 42426
286 10199
429 40227
468 69199
90 87340
42 98164
208 31188
43 89607
351 68806
478 99382
430 75604
136 8745
407 1592
254 45571
124 46154
466 73910
425 308
53 15922
60 14499
192 68917
100 57477
467 58102
326 35171
331 18222
219 44268
333 77142
215 2660
409 37266
320 45669
133 46309
489 5889
307 19709
136 73018
42 12854
28 47471
97 53335
288 56305
411 62614
470 32643
469 22462
204 87761
248 66999
311 55763
260 38056
219 34406
409 44188
453 54778
30 53642
373 25277
217 33837
387 97703
73 57589
434 32875
481 4538
485 40481
342 18426
268 77246
64 20092
297 39510
317 56126
228 28413
44 41925
274 85126
436 39511
152 7084
71 39907
493 76293
72 60913
383 28269
497 94792
294 19663
229 12562
342 3700
303 62769
150 71500
33 13355
432 71925
34 55252
222 69467
148 88597
341 52074
123 68966
376 77946
8 32887
377 96613
67 58981
149 54297
190 24349
139 72795
251 78954
216 85720
118 85840
18 97841
13 52438
269 62279
122 28558
280 44709
133 71930
302 12080
123 87197
206 72246
188 37427
86 75957
5 22407
89 78883
87 65584
65 72058
82 62692
462 48697
339 87043
145 72246
447 5125
70 15247
213 91762
6 6170
52 88380
346 48787
466 59115
374 63690
59 26214
266 94868
264 32614
452 59444
460 18312
441 90179
463 89507
416 88292
457 78740
458 84297
439 48290
12 71312
119 19033
407 89999
279 66047
187 83534
123 74987
241 82321
44 47577
326 41145
289 43507
141 64823
261 82304
489 48505
398 64046
264 51028
460 13882
185 67764
65 47057
403 23948
179 16598
371 16220
357 52055
391 14143
93 85977
421 78858
19 78214
400 38297
385 61412
160 10725
394 50874
377 96540
323 78963
104 3245
433 87833
317 47165
392 87236
294 26104
33 62188
398 50244
414 51492
467 96919
12 47688
405 22067
316 82085
197 47488
3 22797
431 23368
168 79754
273 43057
231 38650
429 53267
212 39711
122 62830
184 57630
400 96275
80 85164
383 60419
71 90201
297 76743
437 41983
37 18330
395 36863
500 79843
404 4997
344 93254
51 14890
48 45525
182 79882
153 56289
293 75917
116 13822
233 21756
26 21405
345 34371
263 17152
264 29129
39 89049
37 71587
44 99586
134 61510
425 51904
49 84453
489 43584
150 36733
90 23357
40 70974
387 75792
391 38455
58 84476
172 82323
498 72834
237 75647
139 22541
145 92452
77 68754
34 70818
85 92279
318 61022
292 52395
325 52267
90 23331
49 44206
283 73158
381 64968
141 68908
202 62676
277 88005
141 66182
14 22430
407 40145
165 83142
476 36360
199 76316
493 43585
413 89923
334 86556
347 10914
481 82308
146 85565
276 49072
298 7009
415 12020
61 61117
175 69002
494 12107
272 12919
395 28907
276 83024
243 47882
398 16436
105 97264
385 45453
167 47085
374 90046
139 66160
486 91087
294 19756
85 91741
272 34708
363 1521
369 64109
391 53143
479 39672
491 14265
306 3379
98 11329
294 94065
374 59630
393 79805
494 19666
419 60140
261 68197
280 73904
482 72877
373 39997
194 95865
286 1825
212 21242
110 96535
112 84361
151 79918
80 10862
374 19740
158 2170
265 40647
205 7022
332 24015
428 8410
343 59340
1 13452
136 55666
430 43430
106 97793
44 789
478 69261
159 32910
246 11726
280 79574
393 26704
308 33150
348 10359
193 71576
212 97922
328 64584
454 39459
466 86187
349 76789
209 5733
172 9850
446 47152
137 6183
393 83107
187 39309
186 32828
481 18227
88 63481
401 54960
344 87023
102 77895
243 26899
142 69686
5 85250
109 85427
407 34651
400 41638
50 40523
150 72008
9 5635
266 22908
455 36844
308 82868
198 86007
304 56879
77 67767
54 71286
143 80979
117 51239
191 50594
287 40507
46 67366
438 85444
176 44708
450 54575
415 90922
332 40853
29 72539
469 58360
331 6579
445 77093
117 21952
105 32941
495 20383
49 37864
495 4097
339 25771
448 17929
286 79354
140 69307
488 16910
251 75185
64 87850
122 11190
420 98799
397 90334
473 1391
190 98447
270 75272
316 96272
325 94634
73 18479
101 31234
156 90740
473 79529
31 9193
288 77941
65 14402
439 2705
306 95873
274 76367
90 74210
471 21840
494 69250
129 89255
304 33290
334 11436
25 87911
122 42335
314 3225
34 61880
268 73970
34 69605
414 12011
155 17967
467 27268
62 9030
470 19962
123 93142
208 88287
106 80560
245 15364
150 53349
472 52342
125 50753
270 53046
405 11958
335 96352
214 9147
233 94599
422 43038
467 87976
192 70653
403 38505
477 74592
337 91413
330 41860
465 73899
348 43026
13 69798
410 69651
309 28224
354 3995
117 51475
317 62957
330 29454
95 3710
405 44214
416 13663
451 88232
430 84749
427 99786
296 18334
448 17147
36 45544
268 44084
118 95784
454 29798
410 95833
236 70376
378 84424
270 74253
438 12777
337 45813
267 41317
157 45590
176 84591
412 13114
68 99278
424 48807
126 49108
49 3819
55 42283
405 73499
248 58322
382 59262
393 34878
304 34112
272 27104
168 55613
475 11101
221 34508
21 56544
347 85324
282 57594
7 77134
447 53244
89 85595
207 37006
94 96509
164 83771
270 50864
343 66029
332 97792
219 59485
277 92358
434 93503
56 2045
337 1095
460 55647
195 89318
336 69675
438 78926
283 18027
381 91403
222 12879
427 43032
53 54769
455 47642
2 37643
45 37393
208 53353
192 73718
353 70450
482 98977
96 43546
194 98440
256 34688
307 27375
435 68778
422 38373
312 27009
27 59483
178 33099
349 28033
270 40728
246 35781
433 21196
379 23930
80 83402
134 76714
342 83192
127 46528
229 75868
318 83420
341 35395
312 22152
472 87414
214 5673
241 62670
289 4694
405 12181
324 52734
172 93193
185 96555
197 33742
116 21780
498 95745
326 9866
45 1469
32 18876
370 19987
269 70581
227 98492
480 72211
50 74519
403 65464
418 40746
73 94290
398 88086
453 32686
257 32385
105 29617
20 17057
104 76052
259 44578
444 80747
225 82276
460 98487
395 5381
267 66098
73 45462
376 73368
309 471
320 87922
154 4862
139 50290
227 70492
191 15404
117 2737
384 21365
356 18525
474 76993
70 63893
314 32030
170 50323
429 74578
387 3157
175 80101
395 78419
449 79194
89 55526
284 21550
299 90062
16 41817
4 18044
154 38465
10 85785
350 23528
498 86718
426 54954
223 12904
409 73566
107 26120
308 53746
371 14171
161 95579
245 76889
259 66112
209 54530
207 58499
73 21964
374 70864
391 59687
169 54344
487 26848
167 90040
227 61395
143 50291
429 78153
440 8172
53 94792
106 48174
272 82636
492 57839
93 2535
80 97022
328 46972
321 40608
406 6085
250 90414
103 71698
264 55493
325 49351
259 77305
294 32694
289 11465
497 25415
162 61092
37 37305
51 13015
152 94137
52 70900
430 12545
362 22298
132 36612
153 67407
233 99061
198 46388
413 72753
194 48593
36 86332
169 13635
103 30929
165 79879
188 92407
457 7187
113 73030
298 78938
234 92365
217 44738
299 15440
198 68473
246 96352
455 74176
459 55768
179 31633
365 86478
476 48305
428 45860
489 66474
2 78016
220 92783
1 64824
318 1867
364 35298
402 13597
161 88669
390 32658
28 8579
18 1161
219 94375
454 85962
33 24658
372 98254
379 60648
252 61380
337 11192
418 40289
126 14897
380 38492
220 49490
406 87085
309 54915
352 8646
497 21479
323 73260
302 42132
344 16881
330 81056
191 64350
468 82107
13 28216
119 23692
99 67672
282 78250
41 69560
475 14894
420 74249
172 29193
72 35485
280 45613
226 19993
35 76
495 15016
10 52254
76 29358
140 30068
368 41936
496 65344
477 52171
428 65810
152 93857
203 6873
488 67748
268 70615
442 60178
62 37306
164 20061
490 85637
289 18438
280 78926
359 94149
90 78580
482 97244
418 66223
426 44521
208 41013
73 59364
439 43222
118 9396
387 95873
199 90685
229 36512
28 4666
423 65385
318 85003
116 92108
289 7035
134 11326
366 5238
339 45070
337 49672
351 8034
268 61507
276 94245
483 88492
28 32992
42 75689
207 35719
218 85275
71 91199
228 87245
214 1383
500 72250
468 7413
488 58946
110 30279
82 52821
112 94162
6 18843
459 79418
413 14082
268 96987
327 16411
59 73182
162 22495
421 65797
401 79627
71 3341
390 34746
120 16078
372 34997
71 76738
146 62282
339 10326
53 25135
353 67364
223 13272
301 20939
58 2741
294 41390
493 65622
293 6607
160 70847
142 9245
38 64289
435 13049
114 29797
435 80057
400 61569
344 47672
319 31707
341 13688
370 58983
185 80339
204 32521
215 81975
370 75263
500 78522
209 51512
339 12306
481 9211
80 50924
331 51065
413 21150
236 24548
244 51578
128 2914
436 19798
308 12783
327 6589
296 57812
61 84049
193 30100
360 35099
352 23563
63 59951
122 35901
343 38216
26 24593
393 35152
350 70866
293 11505
246 83343
324 39620
227 11432
184 49150
6 52110
223 53099
391 26905
279 77376
490 48220
280 78140
497 30517
309 93058
11 33771
3 2977
347 5470
130 40067
83 42406
67 10686
174 18195
106 3280
486 95203
474 17758
326 9896
308 22780
250 61870
484 12620
222 24997
173 91194
95 64869
400 56383
441 80794
312 26725
498 26372
408 83564
458 38745
171 82312
233 26120
120 83516
252 79206
472 70653
12 87907
403 92731
481 36588
427 52454
357 32361
210 79661
6 36234
244 85773
400 30682
212 64699
412 64057
378 83165
166 31389
252 39481
188 42921
378 43481
65 67778
139 95304
171 31678
127 80278
301 30954
139 68421
378 25902
499 37757
111 41127
9 70192
265 72093
72 20869
133 8852
498 58374
83 66711
141 4460
7 23195
494 15213
371 58597
321 34017
135 35601
175 75870
307 85837
488 60827
309 18682
285 4809
4 53830
355 23434
222 81167
486 3278
427 94810
12 39932
388 92228
247 30974
209 18199
242 48197
271 41007
436 66532
167 39059
88 16735
85 44081
395 93090
462 49403
201 40336
262 80638
309 9085
58 23971
372 49253
363 1646
450 70245
406 29410
113 80490
382 92734
172 86873
405 87145
377 45803
291 19504
471 64129
273 84237
157 99601
480 29924
58 37199
376 110
7 20428
433 20609
327 80452
273 24169
490 3247
147 13198
326 6474
337 20349
261 6404
132 56770
398 6318
39 98467
160 81776
240 94099
73 58642
39 82156
88 18367
265 8651
327 84195
326 85257
190 70764
274 85788
258 37339
448 43622
87 43920
347 53002
271 60571
247 22593
348 19945
326 94138
94 33133
181 55546
75 60482
431 69397
277 32261
81 80759
352 55390
408 96773
337 14601
73 7697
19 51190
428 26757
426 75755
182 60589
67 24062
427 65709
242 33394
285 46425
316 49490
367 60684
217 81717
194 91774
348 78653
80 96774
62 51943
232 17525
322 70216
475 37332
135 23868
470 5129
280 91067
214 59195
384 82984
139 99027
420 70054
361 87835
68 81669
394 20835
86 11223
378 9886
449 48352
205 96130
195 57692
101 70517
431 89925
129 98029
368 4881
267 10265
408 23550
283 13483
2 21511
366 8686
129 58094
252 85190
206 45221
278 47226
498 89803
441 81230
274 60677
425 56202
177 9778
378 95799
109 60767
190 39893
322 11421
82 30652
114 55742
169 94096
144 53346
44 80629
173 51318
213 3480
41 70225
78 56340
315 70334
59 73439
293 39035
178 78100
33 3124
472 14836
163 22695
83 83433
245 8247
66 3582
329 156
379 29458
478 47663
101 53620
31 42824
103 29775
83 94196
427 57176
199 46334
211 34210
279 65037
328 54388
114 79250
334 17739
361 96439
1 40785
68 40878
123 93007
85 77216
236 25118
299 35978
293 22878
184 28483
282 19231
372 20049
299 71499
368 92605
366 63132
155 24414
135 25268
184 19673
447 96312
198 35952
174 24665
403 28721
86 30752
205 2893
225 68307
81 79050
194 94556
175 25441
69 15388
494 82766
303 55301
294 45604
459 22545
161 31509
191 41017
18 34472
252 58054
127 3935
69 61868
314 73646
88 58000
331 42117
361 26052
84 87029
2 73249
307 83300
393 2712
244 86148
125 39092
421 96838
473 99974
364 93516
75 41504
481 60532
443 64011
485 29149
281 62459
247 57986
495 46990
371 6218
296 41114
178 22232
150 57427
188 33459
429 20823
466 69234
26 80181
445 26031
169 77550
289 70860
71 30206
410 38986
204 35778
494 53964
150 75927
105 69705
201 57423
100 83490
33 87883
254 65333
135 26667
342 49718
124 39479
475 28606
357 14522
451 54751
441 69871
357 80710
10 79548
483 72051
272 72160
204 13339
168 45936
63 26183
195 11690
303 38096
308 73150
101 54038
21 43665
460 10823
255 49898
172 20717
150 79393
271 92817
402 15092
35 41233
8 87013
499 89370
249 84599
5 67006
286 66203
101 22788
211 86415
265 53825
401 90102
299 65894
492 5979
351 54124
80 33723
166 18394
152 17975
72 133
387 15929
35 4242
249 29938
333 2897
268 69032
370 46346
244 46841
212 28665
178 15178
17 77374
54 78561
220 27339
145 62033
164 25344
308 38929
332 76059
379 75787
393 75755
331 59917
448 79955
60 57528
413 17634
428 20097
113 50207
374 75055
77 2326
219 84887
96 98019
249 72043
217 32408
411 48438
98 12689
282 96474
418 39744
243 94902
488 95119
287 14840
111 56852
69 14272
104 66949
172 76732
59 52035
382 60260
498 35151
430 91241
387 64603
43 33398
154 1185
31 25955
21 50154
417 81783
335 28936
19 76638
210 74544
421 60585
413 81609
8 76368
307 59215
12 53011
418 63626
38 66856
248 47425
387 67657
357 54142
366 95803
363 77286
158 73694
360 43896
334 29446
312 58140
255 70485
37 11616
326 46498
381 95625
136 31225
412 19665
76 55768
151 36961
256 70876
102 93807
84 55676
298 75066
17 15829
500 56693
339 41703
36 18186
304 7959
323 23543
191 12196
174 61213
166 10451
472 93693
484 70770
168 22563
227 48007
97 32773
304 1002
368 44899
234 99166
69 59206
447 32703
103 43794
486 86157
203 3731
334 42634
429 98350
342 26005
63 56394
351 72105
104 65394
313 49781
26 96667
222 48658
316 42394
121 32752
469 35360
252 34737
335 43829
407 31236
286 18753
51 97335
270 3604
96 57291
232 29280
439 33043
346 16961
229 51745
310 27471
142 94085
63 34490
83 40332
467 49327
428 6622
186 71256
23 59707
94 20487
251 14383
442 53795
297 43004
303 51936
163 53350
338 76254
292 37415
491 49132
333 88608
83 75114
43 30955
316 12741
414 42824
311 39998
204 30497
329 77201
496 49941
11 11043
136 62545
1 14800
496 73514
476 89738
40 80654
419 8691
222 60438
94 67352
397 97277
154 89774
11 69377
275 34109
140 92901
190 35714
196 43773
279 88313
129 84001
20 52398
83 86574
268 59764
291 68341
174 95629
381 24769
275 65129
161 77753
207 28203
185 16890
325 33047
202 38612
434 3804
239 20954
222 9899
257 59064
214 22401
365 72527
223 34478
316 2048
370 89771
274 82089
342 73214
56 2866
38 56057
82 71891
432 91475
42 51373
379 95521
31 85107
498 24895
155 16312
103 29930
21 22716
312 45639
107 8178
405 78901
438 42533
364 76619
365 7694
336 21112
297 2815
291 51024
160 91809
339 42988
102 28533
85 24829
431 78034
85 29277
315 49922
200 8623
149 19391
366 73932
335 9963
436 9517
124 24418
7 56456
95 97873
103 33574
61 4137
366 68678
487 87626
226 22662
361 74488
78 61725
336 78255
273 89638
369 57028
130 38315
411 94519
478 96430
209 22562
341 39273
406 87672
386 16904
208 19578
130 71946
334 54688
369 46054
73 57367
445 45406
23 20493
33 38524
335 29404
387 43441
258 95002
142 2613
17 29248
69 949
272 96566
203 21211
345 51278
185 68525
431 35039
166 7966
8 56930
158 19918
416 69663
495 83664
67 52801
51 18297
198 59376
173 83680
295 53525
324 22050
104 22397
442 55360
464 92614
110 31741
343 83142
454 1608
341 93784
470 42920
59 2396
335 79941
401 99403
229 35970
225 53679
166 9943
263 86370
456 66730
279 55056
147 46289
134 60111
133 5038
301 42142
32 72712
244 65420
407 19545
492 15098
106 88519
478 57769
205 92679
290 58641
133 68101
57 2365
135 77725
123 56238
51 28889
170 78233
250 96191
453 66502
292 16165
346 25212
491 35160
332 15487
270 95370
69 32850
336 28727
302 4152
402 25091
314 59721
500 91482
346 86442
493 31781
224 63504
98 52033
160 97686
387 43251
493 41
446 63827
138 96589
197 96107
399 9843
425 71420
407 72642
450 70987
365 36398
164 17954
388 41813
157 27700
205 42070
440 42501
356 88475
207 83308
131 81126
150 61507
434 7327
127 42252
42 93701
272 62759
367 97363
140 72728
466 19996
89 52400
187 8879
191 72972
299 28773
468 16109
367 82016
406 45937
44 62576
393 97189
317 68436
242 31098
476 5747
5 64498
133 55682
216 51474
329 54027
29 80425
397 59454
288 43695
436 85906
298 11721
340 63857
468 24330
458 32233
490 30225
78 59927
496 46939
348 52632
157 49725
345 15319
238 77527
423 63917
483 61142
244 9455
11 60067
387 23235
39 43389
332 78825
367 69295
263 18659
137 31288
453 10971
276 52616
78 16173
122 11279
328 22557
311 72045
283 25947
296 42329
151 96248
72 1546
209 75361
270 15510
350 12484
313 5110
242 76924
187 18525
206 29287
386 34104
439 71917
110 61758
201 76198
382 287
193 94947
430 24305
379 35731
423 21100
496 15903
487 7687
126 6285
233 75825
87 37287
66 36579
369 7901
215 85331
282 73974
109 57871
204 89742
131 54009
141 17792
407 82559
454 99739
277 62056
178 77766
95 91552
364 16386
427 43562
314 49761
360 1917
355 59592
298 28417
379 89468
113 76069
329 30921
450 32916
108 80401
458 17404
266 5865
373 46294
98 37948
412 51748
424 13641
455 21284
24 82415
33 24719
335 44616
383 22827
186 10335
140 7509
437 9857
232 25400
108 29648
428 73246
250 55334
283 15447
205 60439
484 18720
243 24805
218 3881
56 18044
75 88684
434 6840
414 21768
371 38151
101 33703
491 28733
211 83
456 18682
279 48718
351 36333
191 27538
166 92832
223 14939
320 55195
183 68172
46 57504
100 71221
62 73737
139 91459
31 30402
48 75215
119 33830
261 10890
341 94381
33 57136
39 46724
274 89753
140 92376
291 38081
303 26507
426 41812
123 83573
43 54334
69 85811
59 11118
333 52516
266 77408
81 55039
386 59228
393 80486
365 93758
169 10842
343 25649
30 77276
158 43383
340 76828
276 72230
450 29871
480 48218
458 6680
365 12518
58 63662
186 353
406 10917
116 2383
486 80988
232 42509
33 92084
110 73499
437 73678
347 26825
172 32911
180 52634
339 44732
292 41615
381 80213
94 83315
152 32645
480 17141
296 60762
493 5617
426 95301
484 64183
487 14782
492 29153
283 27510
198 43662
262 32842
290 59827
10 97920
145 3514
327 66664
188 50202
201 11896
440 56757
353 23131
176 91769
461 25716
291 4877
92 42335
115 96417
263 69979
59 58785
294 65550
34 92091
35 37767
301 91573
194 40986
165 99157
244 9727
343 93970
477 62380
486 63922
169 30443
468 97679
75 95716
249 547
277 78084
251 56840
381 70801
84 57316
107 30662
364 76477
472 66799
200 60252
237 11335
340 88851
350 90327
441 39861
152 23589
184 23131
32 79508
113 15945
485 14132
29 75008
205 73669
137 21000
473 26618
8 81417
453 86287
421 50550
81 21672
67 83403
206 74687
455 24350
453 23840
345 40350
51 7944
300 30041
20 94632
269 27341
464 77774
112 23816
37 60952
199 42616
267 94157
105 34572
231 27615
132 72148
80 94513
419 36869
209 78070
353 2173
193 20075
56 89526
41 44063
107 52704
490 73742
385 64033
104 47529
160 84964
228 32592
342 29381
227 34115
355 95404
289 17520
50 14951
462 6662
327 67712
45 66264
411 78451
160 11702
76 66826
105 34108
393 51234
253 21654
447 77447
283 94619
115 35661
61 59137
169 46013
71 55544
146 43610
370 22026
132 51979
75 83877
56 10740
149 90944
183 34600
99 16711
102 47543
399 33353
377 76043
428 27464
225 29253
41 45458
245 71034
280 7372
305 58699
280 46225
210 84681
195 56063
232 3214
493 27699
52 11281
155 23494
146 97008
69 83465
320 23712
20 56936
469 48667
4 9363
16 91019
415 22665
270 17523
201 57222
195 80829
410 18491
417 69798
479 87640
320 61761
153 84588
436 27287
100 18638
186 35227
497 92437
68 74820
433 24716
476 51343
68 95168
369 52558
267 44311
206 37362
483 57672
445 63455
295 14997
269 39598
149 34700
429 20257
150 41408
439 22460
189 63137
85 39466
321 11162
291 44850
416 10669
171 48816
172 50991
376 33148
122 78204
147 27515
454 70383
193 8002
152 97224
304 213
326 36251
301 34649
120 43987
56 57987
262 73654
400 15220
458 97381
391 81675
79 33787
111 99590
323 59858
320 49394
2 1405
23 91143
217 13607
101 81801
80 2324
98 16435
292 28014
406 63817
250 97387
383 53614
482 73860
421 34451
201 1734
257 82769
359 43362
387 41333
453 39271
192 86678
400 71097
148 89314
169 55191
53 17054
91 29677
226 37873
92 92371
321 34799
412 66635
173 77463
328 80273
221 81323
13 11864
3 90747
122 24834
399 13717
442 78373
309 37396
275 95704
186 81150
40 40320
172 15288
68 4279
145 54996
93 27031
400 95723
350 78451
496 6883
149 99354
235 6515
22 59926
112 71603
129 24362
33 20938
424 8324
350 57956
3 3809
280 75298
163 12036
351 20058
236 83260
189 93999
22 52781
340 56392
87 28486
356 8821
395 52616
263 12226
323 14385
415 15077
300 90543
415 92116
237 13168
207 15190
480 64694
231 60654
305 19428
200 58983
93 82922
211 43179
212 64337
368 9908
59 65213
432 34928
264 39049
227 52528
9 94054
199 69010
301 81178
311 24320
447 36115
62 80957
104 67109
473 60996
225 53093
172 311
139 27880
350 567
294 48689
80 60500
378 36440
10 41196
69 86942
490 24845
255 31948
102 27702
132 11497
403 78868
366 5351
273 85050
112 77403
236 37760
132 53105
294 82924
202 94742
90 88297
91 33312
90 10436
79 83075
278 86207
75 11027
356 80225
147 61328
250 27473
265 67426
231 35912
353 14060
161 55825
75 93755
160 85597
381 80370
70 70196
162 31607
473 37064
55 83305
389 87619
257 45904
43 44728
181 12007
175 52382
183 66829
499 33044
260 68736
209 604
177 51049
337 46856
294 41854
332 76148
267 23629
3 86566
13 6557
10 55667
390 82125
117 34897
309 60050
442 62827
8 69599
173 45083
434 99638
463 124
145 9817
64 26407
73 52817
465 85740
118 13000
202 32395
322 84773
197 59326
385 40423
177 53097
368 770
308 89477
26 22018
54 25955
10 86409
500 71079
151 74643
321 95289
378 46160
336 3384
476 26475
380 40037
377 66282
479 87354
394 7566
491 81924
460 97916
176 36504
487 88425
272 77050
244 49431
374 8724
403 95907
384 47670
398 97202
117 77584
16 457
308 51861
166 55301
282 79334
118 33679
216 49772
247 10655
191 65664
198 51248
38 55672
256 64971
15 24695
230 76509
466 89040
448 4379
17 45520
302 94471
26 95524
262 62334
16 87864
300 71063
267 77064
480 73330
459 50043
260 42059
389 61529
395 27381
190 52077
183 32368
214 8507
308 44694
70 59069
299 44919
94 20133
216 62206
53 88690
84 7683
188 61106
475 43427
266 54775
375 43286
394 83012
84 73421
356 38647
414 36978
468 51084
46 85512
198 81443
281 11325
321 15521
56 63725
207 67175
50 58002
71 15581
237 20840
375 20162
341 17588
382 88742
43 99123
179 46898
455 39040
468 36968
155 453
324 67880
446 62861
34 61884
462 72804
304 97370
330 47825
72 75625
25 66419
42 35684
325 45696
328 32646
500 44624
245 53999
275 75903
103 73326
146 22422
65 84969
357 59049
357 52412
266 1627
475 66336
181 86556
52 54918
379 76677
172 81168
427 60878
365 17810
372 33668
405 27497
285 30716
148 19880
299 28418
84 48442
283 3526
395 36232
449 88876
424 80888
430 32754
342 19681
311 76335
196 49455
84 74952
199 63696
386 44217
292 80710
453 75296
407 49351
450 82430
116 97162
159 88584
410 72073
62 79503
264 28089
193 4272
302 19743
166 4792
342 82546
91 55636
464 75087
86 98335
256 74445
171 61701
28 85296
92 30369
96 45181
253 19537
324 36765
381 8824
69 47523
383 87382
89 54093
454 47248
346 37135
328 18124
191 36978
340 8430
431 59844
20 55009
260 71046
468 68994
185 93535
269 85317
121 28563
395 61304
45 29630
207 31005
238 3644
373 41419
309 27516
183 23396
329 18009
425 62119
260 96020
475 77875
342 61247
126 73623
121 63014
299 25689
183 57067
54 68881
92 8933
401 57574
137 69067
83 74185
57 8701
37 88329
36 41019
300 1216
320 65217
152 64288
78 97548
171 9925
391 18511
280 65726
264 82702
60 48798
320 44788
173 81548
182 96827
474 84959
461 60520
65 11723
226 5716
185 20062
129 66055
316 66308
97 69044
57 91047
139 79136
15 9050
155 85664
421 32997
19 71718
344 63185
438 89275
188 26156
42 72434
35 72633
326 34939
272 60488
189 75719
349 17925
165 19063
158 46511
353 13140
440 11821
72 57464
299 9316
272 14611
176 10204
263 29022
208 37192
381 89823
411 37092
72 99008
374 80686
427 28975
461 41795
292 71168
301 51638
178 3506
287 17184
27 81676
240 73550
99 76924
27 17312
47 44447
138 70480
95 36612
498 85833
69 15702
266 84646
224 34094
91 2993
401 30860
275 39329
193 85719
213 77921
321 17043
175 75710
261 49078
253 30072
362 21523
371 98204
227 90951
434 52124
320 20875
408 2868
274 91379
4 89726
21 88931
118 88265
394 44422
209 1031
197 73153
288 52796
452 3441
116 7043
326 90327
222 7239
338 11213
405 49464
125 68455
308 41023
367 45246
470 68750
434 55927
120 24607
242 46205
487 77124
11 15503
12 18674
434 92612
114 59324
337 67917
323 37005
62 6634
495 38830
256 97672
47 91769
58 61547
331 26575
290 19278
285 99330
407 41248
224 80430
276 17534
213 72517
283 90638
250 81620
458 86050
418 3768
333 6198
82 7709
14 59074
492 31386
100 88063
394 31655
336 20617
343 4128
351 1199
446 30963
59 77514
197 67699
25 17348
84 85029
13 92873
416 17537
470 14081
232 84297
474 88516
243 47472
131 52818
480 37733
369 17969
448 21062
337 7325
331 35725
336 41172
368 68942
394 14024
141 26431
407 56288
263 61830
117 26485
416 82105
168 74389
28 19687
357 1911
111 46029
311 51284
7 45207
234 27896
211 87004
55 34487
472 91796
401 495
107 85838
251 58891
157 8812
467 19876
487 1620
424 85314
384 38991
149 1195
413 5226
136 78588
172 22476
37 49252
280 52291
404 1507
379 38793
314 16346
92 57954
5 61843
110 47060
395 85413
499 56359
431 42449
417 11071
119 98451
121 56054
360 72600
83 80713
185 3502
48 94487
416 38805
484 25499
90 84784
128 83285
289 87264
428 78147
453 99546
398 10657
340 12735
350 61351
408 88934
380 48893
221 91343
105 65829
373 8075
478 15532
158 24892
99 85533
375 7564
337 90983
139 94619
429 92327
377 53434
275 79714
163 87927
48 67794
415 84279
424 50499
433 43683
81 41814
2 153
458 73268
466 87429
296 68908
127 44042
217 26612
416 4345
328 60088
268 94139
38 60650
496 66049
381 86927
84 86485
379 47382
446 85964
135 87350
218 29918
284 74693
317 72144
156 76478
310 28742
355 47053
107 79287
229 66628
360 11120
12 3110
48 2709
483 93334
491 69357
268 44141
355 23671
435 888
488 62275
189 72590
333 72247
94 56572
182 53784
339 30617
473 2038
61 53041
115 16992
316 36987
125 35460
253 46905
101 2127
180 56693
285 14830
410 56052
208 85233
468 10102
492 31788
366 75581
125 57072
202 72029
500 74968
483 38975
57 65072
98 77475
86 47615
48 89457
165 63663
117 22387
450 35539
459 21888
346 98148
381 45073
397 47338
405 19661
38 58436
207 49601
338 75611
367 60467
208 38562
266 54464
144 45640
457 43051
395 83668
493 91605
449 76589
262 39252
427 20127
113 79442
489 31859
274 20753
209 31922
302 21910
86 39101
373 71627
206 92480
181 84832
424 47315
73 85651
479 6561
275 36160
494 9017
52 4899
290 17746
486 38282
251 9647
25 96102
222 64595
355 65590
428 80819
486 79088
398 37736
158 98469
467 88495
3 8232
2 1557
88 3057
1 26996
15 31975
495 41200
58 61360
11 62580
258 43182
274 63269
118 8114
105 66969
252 36958
253 98263
149 43339
16 59249
32 52611
75 42479
362 256
219 1546
81 84469
383 60439
301 70372
253 49399
137 49833
356 47775
228 62278
243 45698
481 45132
285 53883
202 85479
224 92056
342 76998
430 98541
139 7527
155 90709
113 8293
476 91196
37 6781
361 84751
383 44632
488 28305
188 19408
92 15994
37 64460
372 28527
270 72852
185 75306
395 55974
375 14160
62 32831
485 37796
252 98525
68 70652
240 59517
52 60163
391 80955
291 52400
150 54459
60 93238
410 93151
453 31427
399 882
145 12083
142 16662
87 51812
452 90404
21 63007
92 97697
406 14539
85 33879
421 21364
65 57971
192 66398
259 1658
429 76401
290 55911
16 57105
43 88147
347 57998
404 31967
233 62653
367 17594
264 7974
479 73177
375 54982
100 20494
240 32160
442 58463
183 21215
278 30900
469 82560
428 88778
58 78648
462 28388
472 43843
327 92864
397 36883
201 99249
53 99636
396 69182
489 14451
53 60811
374 67686
156 17747
320 87524
27 41949
475 10686
196 14774
242 92276
450 38484
234 94156
177 77315
303 61788
265 5484
36 74580
328 80803
134 92305
473 42073
177 24512
493 84141
419 59124
342 8076
167 40015
275 66562
184 5523
481 48326
295 12005
313 41830
444 62033
480 55597
397 94195
350 22850
150 38737
127 35137
219 81155
377 91279
445 3324
331 89525
378 72913
192 36075
56 78465
434 42022
242 15190
252 97158
23 54311
108 49108
61 29517
445 55949
115 89235
163 35669
336 30805
230 56390
121 76101
471 99088
235 24742
367 93819
79 53100
78 49463
207 5098
480 63662
60 68327
499 39779
35 4107
284 26016
295 93995
426 11161
142 55356
338 44198
3 84270
313 97007
266 92811
432 24973
311 22271
143 51380
167 75180
15 19305
19 19094
129 28812
319 95760
256 62572
57 88502
134 88368
159 11854
180 40845
84 16573
17 25467
367 63092
232 68953
158 95211
251 44896
301 54532
484 91211
365 1870
204 35502
225 24655
495 78765
221 90185
485 70911
234 78816
428 12736
383 76466
276 77493
427 62284
9 81551
164 66440
141 46889
93 2157
172 16134
441 28289
398 64433
50 34125
104 69667
135 32848
42 83863
351 21722
119 73738
160 87139
249 33096
16 78040
285 62658
387 9046
397 54481
315 16066
297 90112
479 65884
417 97071
449 46047
307 81196
352 1138
482 65310
466 14032
331 96994
471 20960
256 54216
80 5988
220 4211
233 19250
344 81172
388 53563
229 53278
267 24624
92 37999
310 2053
264 77336
183 30555
156 4179
76 21227
194 24079
96 64992
469 12424
331 97637
184 40569
457 4586
333 27460
463 48821
11 98292
58 4810
296 3132
410 27402
52 625
272 69600
8 76386
52 18444
308 60908
212 26049
392 4126
15 15828
71 29201
139 25128
48 6847
340 21300
159 65287
315 85309
211 433
459 25897
210 18428
87 55455
10 36390
390 69488
259 55810
190 56730
86 74868
114 12087
308 70002
128 22876
129 47542
3 10234
70 46921
362 30291
339 75223
235 60624
26 6051
81 72764
450 23976
195 16725
77 75174
402 1693
202 81528
127 83708
267 85995
179 59586
169 4247
253 635
435 83330
275 18622
59 33765
449 66475
272 27495
489 20884
337 62520
441 25642
229 3477
469 41244
229 38582
34 78834
165 49361
288 39430
287 67348
185 61126
10 3316
195 47243
316 62585
250 70386
201 64806
187 17228
402 22876
198 4140
167 74340
374 54491
381 4592
296 1514
49 46981
331 60309
95 57080
275 16240
331 10869
465 63933
80 61208
476 45078
64 75229
256 97298
117 64582
90 14344
287 36094
469 59583
248 90656
432 27604
227 49340
93 64223
481 1656
387 27846
7 344
29 32861
438 48927
369 84721
261 40827
154 78506
74 91259
35 67535
50 87897
394 96102
325 22564
346 61153
479 77781
181 40636
326 52416
322 22177
285 79094
251 69042
274 92500
316 24206
453 89440
147 61888
386 95197
159 94732
147 50368
429 18343
180 44185
186 15840
326 68342
359 2158
16 35872
27 33388
153 41469
484 97122
296 49044
362 59387
2 68664
195 33788
376 14496
473 36623
410 88218
399 33123
422 84688
228 57888
242 76813
327 76080
397 36135
486 15407
395 25911
219 69939
121 50854
5 61299
282 8036
144 59098
284 38071
333 93158
40 18689
471 61953
201 19024
121 68212
341 40914
454 1038
125 84776
55 71320
372 57860
40 13838
12 51687
199 55201
340 50097
104 91374
167 74617
427 37774
368 72026
313 75517
403 74669
500 80248
367 45843
30 4325
254 31454
35 22284
43 48045
23 45514
121 51067
424 48261
245 31121
98 95509
115 78597
204 67060
354 68850
130 64241
496 97184
189 76609
70 65462
53 31318
54 35452
380 776
184 51298
133 60223
176 69970
418 64053
71 88589
2 26757
102 55328
47 92282
14 75551
81 33259
482 46811
289 21816
500 86651
363 40393
164 17023
32 96870
291 12812
73 71280
274 75151
487 44211
128 22630
340 81098
416 64334
328 10024
96 38778
18 2401
127 31286
123 67398
464 81592
454 6335
213 37145
299 11967
49 56332
335 8408
234 20368
257 10613
260 11931
45 81003
239 74787
80 31556
469 62747
497 78485
250 46996
151 43411
474 32104
84 87520
163 45462
155 1677
381 56441
143 86603
60 8508
231 75503
33 53260
48 56914
453 11760
158 81173
472 28556
150 51948
151 36126
197 98005
375 49880
368 31007
460 39098
290 34621
43 73046
82 4500
396 58866
394 55700
497 59749
261 29622
57 16701
17 7980
149 71525
126 57316
383 29526
94 774
354 83970
26 93493
251 33247
179 61364
283 77352
411 72055
247 36515
340 65127
219 57557
320 32932
79 44090
340 70726
165 7199
380 86710
48 33237
144 30941
395 6556
91 82529
240 59483
95 57266
442 65394
178 87884
164 62431
160 58432
403 59834
362 84273
195 64781
488 84052
386 67520
468 10800
220 74733
61 54724
462 73432
134 94317
224 98537
336 69514
415 46221
263 67001
243 8428
102 41118
405 65013
150 84666
62 38293
87 39486
294 69732
151 16649
51 99574
473 20271
180 53401
243 5323
90 81994
36 70108
78 72984
271 37431
72 21511
230 74570
394 84562
468 18771
319 2715
168 84442
293 83600
88 78305
135 2467
350 95483
95 2256
294 3330
358 92269
134 81886
431 90859
229 78041
212 73494
25 28146
29 46321
341 20395
30 81439
427 79359
453 54079
343 51742
230 60047
358 95724
285 90500
424 37079
416 93716
439 71790
387 92521
397 90828
158 16437
346 97698
34 65119
143 74181
336 79766
157 33822
468 19849
316 71487
107 30888
172 18300
262 5008
212 28814
181 30920
249 92065
389 50873
499 85746
238 84331
321 19797
153 68797
132 81167
67 57234
396 80549
29 27559
351 64124
438 57160
132 80275
368 50719
330 22219
292 38833
162 81927
285 91339
84 92501
4 30917
366 19702
239 70503
7 26013
457 17466
242 60227
60 78048
5 33091
228 71412
267 44487
257 48989
422 44599
285 63736
13 59172
443 90201
447 60569
321 90185
462 6278
231 30845
201 11422
34 82157
86 71107
402 21342
325 65451
92 81363
472 33059
40 68608
4 72404
124 38881
446 30247
140 36753
312 85194
240 81427
116 35868
213 31884
449 20375
184 61683
229 88328
421 92745
99 35252
442 48951
135 5454
89 65383
221 27878
114 76103
102 76791
299 76176
115 48617
89 41994
40 46726
77 35926
203 52210
317 8826
238 6776
403 40586
264 98469
486 16362
116 45967
169 9800
68 90852
217 75887
60 72496
352 64994
53 46099
40 55036
186 33023
112 52741
51 26038
52 30588
265 42795
448 31256
163 25772
460 74924
15 53583
47 57653
442 52484
27 18962
488 67913
371 77794
469 89274
338 21771
91 33029
89 80764
341 79043
9 17575
294 51751
450 13085
56 4225
37 39110
193 10900
227 12209
197 25368
36 2454
362 36721
465 72783
483 12904
442 64859
494 39217
260 98693
182 92489
96 75107
441 13838
455 90305
351 75107
340 3630
177 51371
109 93116
351 95608
54 74327
299 93340
436 60691
51 94179
448 85517
143 58771
470 68818
153 198
286 61023
459 60094
338 43998
208 23783
401 74521
400 90360
326 3642
399 11940
95 613
466 44216
275 65263
258 30034
212 65198
454 82483
313 71520
74 88498
170 15092
267 31187
339 7800
480 24302
5 82635
72 92404
368 35726
153 99995
378 93135
127 77743
79 59417
271 35483
435 10180
408 48624
107 67407
469 58423
184 24560
453 58156
214 66175
306 67105
43 2923
371 72869
334 23707
174 32838
396 54071
322 93627
338 4707
498 73000
472 5295
68 85813
95 36858
411 29085
365 98108
474 83368
452 83844
474 88395
11 28412
220 97975
121 56161
5 37779
119 60776
352 13026
158 6821
459 92062
439 51764
126 96174
474 7715
107 98143
147 88517
184 72307
180 46950
153 9700
33 75259
479 17550
130 70806
318 25730
169 15432
432 71796
77 61795
175 86229
312 99949
287 6645
226 60343
285 51937
160 73396
189 32878
266 18519
362 37837
105 29730
17 61669
374 54521
257 87852
369 95409
10 56630
471 6383
25 37745
440 23363
297 91628
429 93192
166 57041
211 39977
485 59971
495 15795
453 94316
48 6304
212 49074
104 10575
431 67825
163 32276
34 39527
466 479
93 7405
178 3458
166 74696
123 79885
308 1477
197 26346
294 1012
234 75780
390 18736
485 99687
434 45985
156 96442
391 56811
16 42912
341 38268
488 22042
335 79133
86 44834
105 26888
326 87788
413 48458
377 93723
30 16428
19 81250
453 96464
356 84830
183 64405
403 79245
421 171
19 91673
165 21491
384 93136
336 49868
104 30620
391 78505
348 59438
496 51540
371 44045
148 50268
22 28001
51 36010
130 21990
149 5000
328 14775
433 54618
208 24822
345 46483
487 55577
207 29564
441 65418
234 29990
116 62200
498 44528
87 67924
328 64655
407 3872
415 22741
226 25628
250 50370
359 42449
119 65513
399 73951
242 78505
339 69255
412 51304
360 99591
52 9962
50 69697
202 12084
357 39590
166 72551
91 6354
93 66852
20 18174
493 32284
8 14679
4 91250
9 88703
473 40395
226 74306
63 95637
153 70506
148 25605
58 47597
187 89694
322 80740
435 65469
449 19908
170 19257
44 45175
6 35020
296 34736
471 41044
389 31734
495 776
219 63385
265 57819
121 94078
207 29885
237 74600
44 93088
425 62226
174 90835
229 12620
453 85093
211 99657
410 88654
381 91180
205 7753
11 54389
375 15271
159 76630
165 52863
54 42123
31 69493
106 45762
314 90536
138 12498
479 9075
124 98357
450 90928
227 61629
332 77477
426 23424
4 98914
79 50411
26 49122
172 42842
459 10475
366 63325
306 97393
261 75928
411 66684
285 35182
355 65937
232 45202
469 4071
6 87972
48 66013
208 82203
442 45193
158 3909
50 59636
488 33244
315 9523
24 63963
336 56917
342 58474
54 57032
247 51969
16 54612
431 35938
354 14947
128 22551
298 2409
212 74148
50 50765
6 44776
241 13750
114 76640
494 50323
421 27186
267 4390
482 39316
331 78995
115 37093
208 88065
377 38648
310 95923
223 63450
414 87337
171 87834
48 80762
217 53741
146 34307
47 9785
163 77276
487 88664
25 14231
164 82441
414 66377
185 79481
499 26735
84 3346
236 34059
49 16708
433 27
440 88688
377 37660
291 64073
326 88246
201 28716
54 52873
404 65992
265 9998
20 994
228 3837
42 86132
419 85268
366 27507
188 1709
433 45946
454 77297
336 4792
200 53826
226 56503
383 98406
38 6335
11 93806
499 96538
107 29962
331 55587
304 92400
128 47654
306 20725
442 64522
427 56544
259 93346
126 67292
165 36040
281 36794
432 29835
463 30046
45 2533
407 29782
177 32363
363 69975
467 59366
10 16723
241 67687
311 80521
32 79097
436 34770
404 84702
371 32856
173 3774
228 43276
360 61440
493 7689
415 55764
177 5220
412 41905
350 1072
442 76318
287 10613
289 71286
474 92326
33 88477
11 57915
342 24
439 25498
239 80162
326 20315
59 20714
209 65507
154 29278
349 18738
182 44457
239 14049
443 83444
9 91484
482 32683
391 34640
255 26282
172 65560
135 65107
237 9757
459 17631
485 59073
155 53942
448 24657
492 95980
203 85350
390 75689
206 81625
111 77499
342 62066
490 70212
419 69587
96 42526
467 13682
19 89367
161 37143
290 90049
132 32635
22 91012
249 53762
92 79629
324 65847
421 85982
167 97967
308 40544
21 39775
440 61467
69 73981
367 38062
73 38503
16 69189
488 68818
131 82610
92 6134
287 48802
320 6748
434 56489
499 42474
249 11004
195 34115
344 97043
91 25648
212 26461
57 9946
373 61221
361 66593
372 46760
133 90755
346 98569
410 49280
358 24435
81 86702
331 17538
72 44938
104 4499
473 48094
238 61838
315 2647
186 73876
120 55981
17 47304
471 65258
462 47872
160 65796
251 93733
147 59973
60 98643
221 80316
326 39058
275 88252
173 67688
269 14303
383 97221
236 40725
187 58189
389 72526
103 11875
44 57692
438 52537
465 79916
238 40269
226 80213
68 37461
123 57910
287 77558
481 33207
37 52632
303 25233
94 18019
361 22844
130 20850
99 5312
267 52411
219 49045
325 52098
436 28725
412 23376
292 33927
474 21621
243 37263
350 78234
449 93136
226 95001
288 17455
346 48713
83 51723
395 49105
329 16462
349 91214
80 95277
486 93783
110 96517
348 82469
163 32031
130 81014
1 23144
24 63148
319 35571
182 48536
463 52374
346 73043
316 75878
75 51634
368 15560
358 56845
239 37668
353 32789
374 82278
271 2728
449 98451
241 96386
106 67798
212 39652
287 70465
56 45546
308 68244
271 84386
371 63561
336 48452
470 33642
493 2696
4 90990
190 16361
124 66924
451 90802
145 13014
370 2670
97 41527
14 69334
234 98136
21 7006
331 55871
59 30354
356 1114
484 49935
110 45845
262 95155
24 34348
157 71974
193 18357
30 784
415 65201
37 46152
274 67187
242 26776
411 62985
283 68586
421 91339
333 69876
331 22343
315 43315
320 47058
274 49785
22 18660
123 77956
136 50260
75 1497
200 373
138 23952
1 77253
497 70188
262 27501
320 13432
1 94844
29 88373
45 11892
375 33910
57 51925
128 96831
54 86889
71 91187
413 97766
338 83181
311 9690
46 84035
487 91187
358 5239
151 41147
387 13361
403 78629
215 74179
205 36351
146 79562
323 53655
24 93058
289 53803
461 57214
24 72876
192 49105
272 36835
239 26885
130 81004
213 26286
199 68093
257 53203
156 28428
116 14414
271 13131
479 54500
216 96298
378 1478
393 65743
242 34612
162 43493
296 17233
255 40199
63 29872
373 615
318 40679
361 18291
16 34176
218 22018
299 64629
148 77735
226 45957
183 76425
446 37656
480 71928
297 70611
325 90532
78 97578
17 96233
174 59032
253 18658
134 75540
165 57595
134 73881
387 48512
348 75796
386 16488
331 93716
413 69172
125 71357
162 17017
2 25467
263 12979
282 4724
404 32239
182 98458
163 54594
436 71004
427 1016
22 9680
318 15092
7 42989
335 92602
323 21152
29 74489
494 83680
161 17462
481 72451
280 96811
112 79769
462 22989
477 9143
376 11508
92 50816
48 76581
397 59173
20 14233
233 7065
46 95779
109 2498
451 98597
469 41014
303 45630
498 44096
226 37636
221 76823
343 28555
114 42413
99 10561
378 24023
379 33748
478 92494
295 84205
453 37070
332 89230
21 28361
183 6981
251 95069
487 28090
318 77528
443 83603
184 33604
497 90939
270 93711
233 20373
467 50517
236 66097
100 63384
237 15798
67 42772
103 93747
24 66236
265 7546
290 48377
57 32152
352 72511
318 69844
458 4223
170 4659
91 9302
40 62103
422 39346
287 90318
290 36920
205 17879
412 88159
257 41451
180 13467
470 29646
344 78662
42 48238
132 3998
387 78956
117 26400
101 10039
467 58601
6 38837
499 45339
349 67206
225 97930
152 48472
266 50232
122 53136
167 3085
217 87926
421 21238
368 81485
423 1159
363 39333
267 52562
27 32686
185 53426
254 1122
270 46460
89 79006
51 21607
232 80297
411 24065
268 24779
280 60162
166 41128
127 27802
445 22332
220 2802
49 71398
67 22110
442 86893
365 92581
113 20960
344 33684
359 88190
214 20490
279 36928
70 93400
489 80548
252 58929
434 35000
8 97525
125 70839
295 41459
369 72457
121 21923
280 60440
480 91261
445 52276
432 48829
439 44236
417 31946
4 25534
136 17163
216 50870
322 53849
179 95503
15 82100
66 20824
32 55953
323 56193
182 22501
36 31473
149 12125
228 96476
290 82869
358 73473
337 42483
148 69692
275 8504
381 54855
454 55301
203 70064
404 11785
446 8493
132 44351
335 88828
353 12405
282 25604
428 70370
473 74700
110 13767
459 25376
212 20556
366 79946
381 96945
220 60772
480 12687
342 84659
248 3809
220 57055
477 16070
498 89102
26 27672
375 53744
169 66479
452 22820
437 94674
30 29653
37 16529
257 45407
121 95631
306 17121
132 5299
478 21165
5 95190
36 71642
305 96904
179 19857
73 24093
246 7054
57 45054
466 93067
137 37998
91 65171
288 537
212 38795
388 66869
346 93853
291 53151
329 69415
157 98093
155 72086
500 97949
202 98156
246 73853
207 27535
231 37668
110 57436
25 69183
51 65013
405 91873
236 49221
81 91024
32 8394
140 64924
314 78514
71 49519
467 65202
64 46680
492 22985
382 27681
374 76941
283 30109
36 35408
254 61130
309 8045
273 26206
99 90610
359 94255
212 94552
59 60631
149 76122
356 94422
362 39733
403 88660
408 75261
408 59445
152 30039
297 81676
432 97285
258 39264
309 58441
423 21134
464 47012
161 56941
355 36969
13 47272
162 4606
111 73177
360 68048
232 13534
190 55651
429 54341
147 14137
226 42012
451 59165
107 45418
183 29512
203 81256
155 96207
16 43054
300 38366
424 81007
70 29452
444 65187
359 6120
455 1316
290 77855
251 50086
413 71235
116 9920
372 29194
200 6698
424 14838
53 88023
124 27305
242 31293
71 14489
110 36052
256 56883
187 36857
417 88476
21 46710
41 76991
8 69706
418 90795
421 98918
487 56241
262 94326
383 25
126 78801
84 78562
174 18412
369 33592
366 1350
64 52382
124 5415
349 74467
332 55756
125 32292
423 85383
296 56022
13 76720
252 13984
302 35424
284 80330
453 41781
486 13075
480 81413
336 47553
285 83886
371 25550
180 40644
351 34765
106 93771
284 11660
452 11703
17 53019
138 20680
144 85757
189 73489
331 36300
150 7590
154 1868
284 49817
342 22959
478 7050
75 71278
138 53033
452 25345
247 2920
470 32156
80 58679
96 94380
50 29620
490 76325
234 97816
453 95962
481 98886
20 1284
291 38470
59 46137
304 40016
62 36977
98 48492
458 16877
25 10697
13 89391
86 44272
353 40177
144 85951
394 72384
130 50222
437 41558
7 16886
493 20189
412 6283
481 16442
294 11219
168 15855
225 8122
435 30888
290 92053
451 33206
278 42349
109 63499
145 55708
36 44251
327 88916
15 35564
371 79190
440 82142
203 2549
430 85753
29 89833
99 84733
62 96631
487 75876
45 77838
495 64259
28 69194
27 93333
59 50710
449 9707
55 93541
299 58544
197 88698
305 28790
112 20661
357 20641
75 929
109 72961
125 69089
308 69988
406 74092
181 65158
172 33117
47 73359
472 4226
31 7985
265 81099
218 74652
277 95792
40 47550
400 9896
350 40217
255 15362
257 59039
338 19609
252 87273
434 44435
378 97067
371 53783
389 91360
475 60841
49 91313
474 67381
327 64451
292 73967
358 83430
366 63647
349 12750
273 59887
491 72323
309 36031
422 49241
363 32732
57 49319
144 34444
438 61627
244 22737
40 61096
168 5535
34 90417
61 70226
266 89397
410 27827
159 86739
397 67530
323 55164
407 83062
318 92116
79 66473
170 81399
40 63676
273 75322
104 37879
74 71261
181 73525
295 34791
376 23616
336 77694
229 31960
283 66599
332 68424
322 69686
343 79627
433 9696
374 86146
401 12044
293 80879
262 41660
230 9
365 93808
92 64007
463 25602
361 86201
124 34052
185 89194
61 33597
77 98958
371 63314
289 23218
341 69294
482 20920
46 40246
433 69567
409 86267
446 94921
271 46515
94 15435
381 10629
217 88589
471 5165
300 61833
341 24916
428 48073
10 58649
142 98297
248 61332
437 83576
94 48598
267 1909
83 54504
464 50821
332 32471
405 53235
13 19577
159 24046
440 42317
21 61328
500 57986
118 22757
104 39247
444 69569
210 58176
2 98224
16 34409
39 66482
306 68620
481 51820
170 38370
451 55368
203 65779
443 21503
95 87140
193 51666
61 32144
97 15312
64 65550
269 57658
145 79658
265 75962
265 14740
326 69914
308 6759
32 91664
179 36209
43 80044
360 15085
45 3616
481 33804
214 44314
308 64822
443 60449
113 81608
217 60040
415 67041
315 77033
79 86881
119 28491
409 94532
265 56141
482 76555
374 31251
327 79131
406 68227
188 55028
98 68794
146 60418
340 50471
74 47845
106 93959
67 76318
359 46998
236 69590
14 81613
447 42850
152 42375
84 31389
70 39474
336 91000
465 6922
310 7156
357 72701
161 213
378 92379
492 44457
326 25802
29 42011
401 11650
475 60158
411 50621
280 42876
454 94952
143 16812
417 43167
463 58965
198 83079
94 64590
361 49428
75 54161
495 40634
133 97421
484 40049
366 21779
21 78711
424 6733
479 4322
387 36609
409 83285
377 75434
346 33307
117 19472
453 17672
373 83670
244 81037
355 5223
98 36703
332 19698
448 1404
24 87989
491 15174
240 75535
192 34652
328 18571
47 19193
317 21657
125 55071
141 80794
207 13603
33 73263
25 91990
258 19973
343 3960
389 75095
143 96029
337 62150
428 25401
189 18073
340 41504
128 30764
340 1480
4 27481
47 64988
267 8782
455 57400
408 24160
208 67725
47 53667
138 11579
317 2599
315 90310
57 47718
335 41924
254 95510
167 47902
98 67724
82 41965
60 77919
351 3193
15 18448
257 81354
329 76314
25 32706
414 71195
456 20778
202 2162
110 30896
462 4029
116 3547
180 93819
155 91563
178 69756
211 10059
167 44969
441 96792
406 70587
145 37524
185 87749
397 67314
87 55521
212 35180
326 17831
443 89238
266 65625
220 73909
144 11986
214 26598
264 65846
234 50351
196 15327
9 87617
495 49123
292 64961
306 98415
463 1069
6 45509
194 43711
220 44498
247 77519
304 22928
86 95176
487 96466
115 56278
445 27401
4 97789
439 23165
8 1092
422 13167
385 46811
350 97425
51 14352
132 55210
495 89517
397 22833
121 65506
484 17221
126 27605
236 47940
82 69161
272 85088
131 95277
233 91323
397 44587
123 79415
60 51513
148 95325
449 67772
368 87343
141 25378
480 20018
117 3211
391 63274
224 51209
435 81775
368 34053
437 13675
413 44998
25 53973
72 41845
379 12035
349 98359
33 48456
466 43389
34 92103
402 91065
445 80104
123 55344
99 40193
440 91781
1 96956
272 41210
268 37091
357 58770
383 30576
373 36363
217 53750
81 23019
448 31221
353 131
442 3294
157 77199
128 25687
247 6379
490 67809
447 55358
153 8864
350 59437
457 33482
47 37077
191 60366
161 53582
277 73789
111 44788
344 31049
382 85595
413 41710
267 90765
61 42023
302 26084
176 47879
276 41706
475 50937
438 11757
381 62920
216 60667
406 61122
291 35318
347 47641
371 99336
28 94632
17 65463
470 6704
455 55155
81 87856
323 24948
435 41436
52 25778
75 4089
485 35890
499 174
455 57733
31 70396
319 5316
300 75623
309 69808
413 6020
447 78896
45 46777
201 75687
395 7235
306 7200
445 81327
417 3976
250 1772
17 49801
48 70854
32 46850
50 73183
65 70944
127 36600
106 60790
305 10227
135 60490
395 68024
477 6824
107 27818
408 22855
21 94134
221 80643
450 26584
40 25672
430 51424
31 23443
51 7035
482 93771
4 27513
193 91575
155 63579
317 21695
162 84497
303 24480
250 97034
412 3851
183 16063
467 53861
65 10279
194 19295
191 3637
193 69942
195 25880
85 46700
127 27226
342 96151
139 6042
494 88674
336 66144
456 84815
446 73626
473 1883
192 70325
307 1961
307 35471
461 99477
122 2264
45 19596
309 31104
482 87942
341 1593
318 92116
69 62860
316 45164
328 28699
491 25912
385 3323
54 83354
474 94820
174 47360
98 68362
263 87558
395 71232
199 17010
81 76652
385 28223
433 96714
235 82371
122 41214
481 84562
451 74881
20 71151
135 49932
436 96580
475 9378
78 6212
124 88188
303 22938
267 55919
311 60987
107 67273
143 89610
487 76756
395 22355
73 95752
332 87229
432 20434
348 93081
458 23051
9 75198
67 56961
397 33717
180 31762
1 58048
85 14701
262 1170
420 53532
143 50063
319 22269
145 42680
134 38715
318 46559
266 2528
1 15078
376 50339
92 5348
296 22950
71 77103
70 78321
166 30605
429 92957
262 67453
150 74661
409 64412
154 94047
194 33234
81 23070
14 46292
92 71359
445 11375
32 10294
73 51757
488 15842
102 98322
487 28530
345 63635
111 11237
241 73347
451 50122
41 77853
195 10477
424 91860
35 59364
403 45358
403 27962
243 38130
114 32271
181 62738
274 19322
52 3398
78 63308
22 89796
248 83833
271 19340
475 46855
316 15809
314 63442
425 42909
187 35025
100 89671
429 88072
248 67881
162 93087
394 40841
358 9133
156 21504
27 85019
301 1024
270 67440
314 53394
464 53251
285 49505
215 69634
488 80848
277 60600
282 43218
17 56101
171 87871
357 54863
498 3295
353 72324
410 62054
342 3968
435 67825
500 40203
408 5399
228 39612
484 38827
179 25991
322 98943
425 25200
387 51913
275 80550
327 6782
154 96100
37 16506
241 48492
495 54204
355 22521
166 42609
43 58821
248 57786
298 58185
113 92827
409 42467
401 95036
380 36009
482 79745
283 64136
283 13542
465 44469
173 94340
468 24700
201 74603
371 90508
284 97561
452 1436
315 5978
271 80968
153 71392
45 88293
131 21188
325 85500
59 34800
270 24288
36 51296
479 44005
240 73794
174 74982
450 50724
101 70769
33 52325
12 29806
255 34086
481 24060
267 14658
255 6186
487 13070
472 44710
10 15516
443 94813
384 3911
226 91295
289 37650
405 20862
174 24752
25 49280
347 15231
310 48103
98 4768
286 61144
63 46371
356 29235
178 91658
97 7810
412 2270
50 60353
234 14535
80 30387
244 48933
127 31331
23 58627
88 56114
380 33635
279 86995
11 69366
457 9997
77 77259
283 69073
282 90938
413 78608
248 22906
440 56411
438 37629
361 90623
29 62716
155 98510
59 27299
93 72188
151 50329
321 19568
186 54391
387 42622
186 98298
444 89869
313 30204
251 15125
186 23337
199 67633
384 47425
255 47136
429 76473
453 27517
73 27156
232 65402
172 17726
194 5898
144 78418
142 75117
424 85769
147 72172
174 77895
407 95142
294 319
429 91677
369 1763
424 98197
191 7449
374 38199
393 2080
61 85585
112 40779
245 89666
96 36873
52 46714
494 94504
393 45704
398 86072
250 38855
353 65317
69 83798
448 69819
75 53387
451 56498
132 70139
220 76167
449 95580
158 39132
286 30943
330 46632
184 7961
141 35230
201 92694
219 88723
222 20664
410 16767
172 8887
269 78344
332 43745
282 71949
469 12079
297 63891
218 79679
294 50520
294 4499
234 72052
254 99771
262 66160
359 72253
319 6822
45 64147
329 95526
85 87737
389 30960
383 8260
227 20193
497 69157
56 22132
238 38551
392 65183
396 70409
13 24950
211 7157
106 30787
155 35540
221 10505
486 79849
455 36190
91 16324
370 18292
353 79650
182 54619
310 28431
361 65351
101 84199
437 17477
300 70671
230 5810
410 97060
252 16727
230 12261
402 81224
54 56879
2 14063
365 49905
66 45644
485 69196
227 72703
94 65635
468 15978
53 82843
207 95964
458 29213
321 28149
279 90638
477 36392
482 48515
300 56342
403 99046
224 93135
40 91198
329 72552
495 2874
490 90008
248 594
354 54025
40 85992
12 5591
171 94777
222 59683
54 94339
323 11843
34 41241
89 89606
43 2198
288 22695
494 54251
369 68173
120 28097
16 43516
116 36765
282 74197
449 23720
76 66023
185 89609
70 43316
72 55349
308 21044
339 36536
280 15000
417 71841
319 58297
462 74553
236 92046
491 5305
144 47111
403 33485
164 51447
176 82003
493 82194
414 55709
51 13999
12 17959
187 87737
483 98558
454 17356
394 65982
391 18143
16 69531
85 15022
379 80231
66 3327
91 90830
265 80480
342 87537
293 42678
466 89281
387 19695
90 27660
25 19290
132 44014
49 66809
360 88442
82 61165
328 41903
212 26032
467 46080
475 26031
302 37066
292 72395
286 27992
155 49049
243 96195
126 57527
254 25363
168 8361
197 64784
191 49867
325 608
143 38334
395 38489
405 33755
264 14121
469 83308
324 37804
73 18536
360 64515
451 91563
3 36509
218 73761
397 63314
450 96767
195 77562
292 64391
232 9666
59 5202
388 32615
173 25438
396 80942
306 57938
463 85167
96 33362
192 81398
26 6256
241 53921
481 3363
410 46279
238 73802
416 12053
226 33018
34 37492
285 14438
323 72783
155 76993
14 23356
438 85238
425 84288
169 73754
290 79311
207 81691
334 42952
6 89222
149 23127
205 19109
470 79909
91 56988
126 91272
332 92189
225 94494
471 10115
102 5170
27 11843
201 89447
465 18040
199 6400
430 22815
8 76690
62 67984
210 34770
89 54752
176 81429
381 21112
331 32390
463 82686
236 15158
10 62892
489 67055
119 7520
199 73009
219 28160
354 92742
475 47595
21 47976
111 18700
106 33453
260 58692
199 62713
427 97224
456 62973
31 17150
402 66903
86 60396
213 74510
53 89515
291 90952
223 80747
476 24308
347 95447
220 3869
99 38476
163 86118
473 85761
5 86251
370 30625
182 8277
474 75944
310 70517
273 6248
12 4353
197 22532
498 81177
306 32680
107 96712
248 87696
417 96007
209 76974
128 50050
301 45006
148 98125
392 63745
83 46080
359 52461
133 25356
202 59986
461 85924
448 23818
467 32427
315 67349
453 27011
368 27612
173 42058
433 96851
306 24976
314 29085
235 29739
367 45265
38 62116
2 59848
5 17748
86 26914
177 27140
292 58080
366 49839
430 7167
465 83109
71 34842
123 97021
12 82216
250 66503
298 12598
23 61640
394 47002
119 1395
203 29309
156 78135
312 95958
411 27936
359 80389
328 20473
451 63235
59 77006
467 17714
115 37361
205 26815
73 43252
472 86507
274 25232
326 83189
46 84115
167 72309
138 96220
288 72437
491 29000
53 19307
176 20059
431 95808
196 76605
90 59730
45 55920
20 83671
214 74701
317 61554
70 30469
273 25642
136 19140
249 16690
205 67981
42 14191
41 57988
352 95458
134 66746
132 19345
162 97285
495 67536
214 30844
485 13759
446 67296
31 61486
46 44882
6 91959
116 66177
385 8367
3 17587
110 60989
361 32924
218 6314
82 1798
4 56279
271 38017
370 95227
16 51595
37 33958
427 2691
96 28119
319 81804
261 19504
374 96263
431 44096
55 6553
373 37902
20 7491
398 34658
456 45062
163 19387
207 79734
348 44392
449 63553
239 74158
219 52868
499 52428
347 2026
34 91429
114 67422
128 71486
25 53988
210 14105
297 98032
352 15807
149 37801
75 67232
496 57553
384 5271
213 23412
239 82323
453 40683
376 45144
156 53330
210 45081
121 88521
295 85597
437 97074
325 12973
280 96058
236 65309
140 65397
450 14287
304 17940
110 15599
210 78234
389 91721
106 31379
60 62794
353 68799
320 63610
42 81437
368 30661
112 84311
431 8738
390 17909
371 16799
357 3579
467 15736
18 92652
426 27789
142 51943
394 79706
96 46115
362 12729
491 58387
248 86063
181 53354
276 68987
129 52881
322 57560
17 86187
376 56422
257 3263
298 20520
174 34893
373 14025
292 50397
316 48458
345 55209
150 85928
304 87946
166 28356
314 63979
205 17080
272 16835
408 99207
499 49996
479 45520
23 38500
180 52733
429 9189
89 93952
304 38727
213 77030
4 78124
384 30960
458 67428
495 93392
62 86030
29 64959
213 15037
132 55372
8 68084
21 4702
195 98030
207 89026
374 27541
60 6985
139 24470
353 31456
169 86858
101 32047
236 66065
18 34911
256 43082
287 30827
273 94307
23 288
414 87877
101 67606
385 55901
405 25785
377 25082
30 41686
264 98785
22 25236
233 33656
268 67151
107 28256
99 85223
52 9536
56 39150
171 55678
200 91797
75 2567
235 15311
389 30264
122 69049
30 82728
285 30711
315 3672
378 89959
355 19909
153 92800
121 85408
466 98070
458 10649
142 8131
87 56090
486 751
178 54526
291 81458
16 27934
396 53048
222 68380
163 98784
316 4265
476 39121
179 97861
132 54171
36 13007
216 43585
187 50228
335 95021
66 24288
172 83312
311 10932
433 50505
377 37655
345 49356
23 62953
379 49156
496 3041
317 71528
457 75657
278 7792
403 47516
400 72134
338 89658
47 47412
426 79381
151 79245
254 81372
438 57771
120 64560
436 83766
55 65435
249 3171
174 65131
131 71288
166 2164
162 62713
423 64424
346 19401
243 67225
156 29294
249 89639
381 46392
132 59053
89 49890
434 97394
285 6898
446 58422
222 96869
458 94710
132 99379
13 82152
484 75445
238 64047
374 4666
255 75388
204 50434
355 5241
341 22838
96 53562
402 94949
374 41290
165 72257
26 6454
473 87718
224 22445
467 70997
398 69543
420 56716
190 58019
489 96382
8 54113
386 42053
110 30604
151 64745
306 32078
34 75726
24 52226
246 61532
425 61041
182 42845
109 90337
396 19394
473 31280
207 63056
386 12192
46 48289
300 59728
30 82833
280 10865
395 13559
295 35275
443 27539
432 869
211 33300
494 21169
221 85275
171 53400
160 89174
447 57435
380 37962
63 70986
69 27145
342 66649
192 3993
444 19335
194 56529
73 25275
471 29792
98 43198
229 65877
73 98842
195 19955
104 93142
110 16963
183 47716
47 70728
271 64105
238 85013
179 65668
413 48070
302 73446
455 67884
174 82272
162 53946
183 51578
481 17837
283 29192
86 64854
52 66276
70 45670
425 59427
456 4852
500 8242
234 59256
197 98419
120 13516
18 69172
242 72683
434 65011
410 15550
390 80288
176 67495
19 94817
1 62747
241 18162
392 8561
269 25043
152 65776
301 98658
164 33010
370 90157
269 11781
181 28986
500 5649
419 51990
297 77631
155 68928
457 75110
309 61935
365 26540
429 71050
49 19136
192 69102
270 95316
319 83128
68 43639
269 44688
196 5172
18 88392
43 62452
395 8709
266 95260
323 39008
300 53458
409 44230
71 2390
463 70300
104 43432
324 56846
494 17213
252 22448
266 10438
79 52806
302 72370
489 26973
85 77798
85 43074
369 33143
413 95664
174 26653
255 40691
28 72115
423 8769
401 96643
432 43900
144 42201
266 67777
143 34611
10 57839
106 44595
442 47449
98 42310
401 49973
391 39612
333 60405
194 38560
12 68377
183 40666
158 26762
152 77575
497 31652
405 90660
355 47137
230 66540
164 50578
112 529
22 3394
136 30208
123 7904
430 17203
47 72833
364 82204
299 26278
84 31068
331 53266
182 30811
145 74029
236 9464
279 39397
227 78040
105 34832
284 35248
180 61381
173 64881
16 46223
468 15926
491 54457
124 72045
244 96989
308 81038
30 63048
109 87941
146 77494
301 86215
120 43176
314 52257
219 6449
79 27431
40 73286
208 18865
267 72834
233 34955
150 10412
62 33890
272 77817
330 8541
363 48965
47 67522
70 23683
136 33336
280 40718
228 92096
108 67557
332 75533
239 35087
37 12174
416 54916
471 57069
467 29442
387 40997
290 18589
206 85762
383 54683
208 30531
365 17363
266 38427
398 91136
56 16832
426 12323
267 23769
291 39867
12 55186
292 67592
376 14207
82 16682
390 24216
138 51065
448 68490
141 4146
322 92165
477 79693
289 79450
179 43890
450 29386
204 15149
221 32767
258 47459
78 38508
342 38535
463 94210
276 60874
223 60198
204 59534
97 92765
189 75485
103 52908
300 46526
160 14613
493 30384
82 80120
251 96234
92 19033
71 45885
86 95170
429 80707
100 29016
372 67155
439 9182
293 42986
144 78230
459 61555
394 91811
281 2874
196 51268
398 62252
69 39169
393 584
98 8730
487 70632
296 88069
328 21766
359 66958
270 24265
429 49500
347 80638
185 33216
391 4341
352 38763
45 20739
83 82090
53 72579
478 24130
237 81170
174 15004
233 37445
69 20827
420 38530
109 74423
82 37341
189 6943
116 42089
212 41224
474 29470
87 45107
306 86814
335 14427
107 36851
389 36225
127 15767
65 69060
305 81813
51 84070
311 62034
365 68657
244 95127
39 56465
136 41023
301 43348
379 80622
433 73502
14 35271
26 6490
254 53707
102 32572
403 62400
374 13447
255 88379
300 83100
244 67415
411 86657
333 2755
103 28917
61 7512
429 23106
307 50637
57 40822
236 21717
32 34561
144 39839
410 11016
462 55962
380 13837
339 23731
463 74076
131 82330
404 42291
320 48972
322 66484
393 96447
207 54346
216 79836
347 8047
477 47559
443 56831
344 24952
168 89154
183 61217
486 14463
342 38052
457 95085
105 23119
479 266
281 38909
199 63871
359 34521
268 23961
308 31654
452 92055
163 68404
489 49582
3 17320
308 6031
46 47522
405 12078
203 70219
393 40112
436 81296
32 79510
209 61312
139 63264
247 6030
30 2439
310 79179
399 89965
440 82277
305 98730
259 20621
83 12031
95 5670
307 52599
474 34268
39 45549
454 68142
375 13656
103 90228
496 61048
426 78874
431 43889
134 49715
392 49743
411 48165
400 87297
374 44808
479 44503
275 44525
259 63865
467 29556
15 70932
282 80228
80 19935
243 9341
248 97729
487 66736
334 54944
205 19712
227 6338
404 34689
352 1199
303 54052
474 84914
93 87648
253 91794
271 13017
405 50969
433 28835
16 61373
93 94397
418 4157
122 99691
427 19120
314 49245
321 68191
396 92414
143 87314
251 27220
183 6759
29 7773
125 34834
161 80632
6 12415
354 72709
254 60273
181 65209
102 51907
155 30945
55 75816
365 11399
349 4715
18 91641
112 98790
356 31845
195 93190
267 99055
64 37206
261 53189
353 60588
141 24811
198 77966
84 28609
233 75209
418 25021
497 48056
326 35162
367 94962
478 56908
460 79124
56 76199
336 78192
308 98083
265 61214
440 64494
206 17183
418 48947
385 3986
237 75022
53 80101
216 62836
237 2964
122 28070
51 70501
140 51777
129 55438
222 29512
372 84422
231 33475
304 20007
424 95831
298 58114
253 54716
161 97984
20 4523
440 59608
28 8927
111 96333
432 84660
438 46529
73 31855
321 66187
291 68953
418 76955
156 72893
397 75874
387 53294
311 3394
447 36993
64 82261
298 9234
138 28191
390 16487
139 33112
40 14149
490 21851
188 1925
339 38477
253 91478
415 75086
55 13884
121 7513
56 87065
127 96169
11 41523
54 55975
430 61506
21 9960
423 82821
102 67412
378 73250
69 9964
145 14218
468 15821
138 12082
337 83397
269 25789
283 13360
336 94818
69 85842
301 59820
413 98544
428 81184
123 16015
466 56077
215 36952
294 76238
491 40777
252 2905
390 53050
13 93256
358 86717
213 1098
403 1505
278 30111
110 87851
274 8223
207 14197
24 9533
263 39380
139 33546
83 28611
369 45358
206 32847
6 58059
427 24747
239 79401
129 19034
367 12530
374 72079
229 26751
305 86062
248 14391
403 18485
302 64703
185 25602
302 35668
224 45657
274 22613
264 81599
158 48301
474 61414
66 5298
183 99645
240 19791
242 67619
476 2165
245 53012
97 18996
185 12258
459 89654
90 34938
380 25283
152 45564
210 5902
116 548
388 25875
188 65341
376 84264
274 64216
274 61151
253 19343
364 59072
405 48237
29 18624
450 76618
486 35302
396 44021
407 50541
350 29920
311 64936
347 21267
88 95551
379 98117
180 77090
28 64810
15 27401
166 5937
271 13203
246 44275
110 60687
276 79649
439 77379
269 80341
181 44877
190 18371
335 32076
335 95097
439 73426
241 34325
219 64341
328 37096
138 29088
50 58618
128 1741
102 61137
466 5625
293 73043
43 70176
453 20530
190 23672
425 17550
221 11483
378 17463
99 69328
493 64941
327 77404
347 69283
188 20874
451 87156
227 71505
148 74738
192 95794
405 19828
177 51599
34 23151
228 54826
66 14334
169 32159
307 1881
286 63209
95 35160
246 98523
411 23066
319 75480
115 53855
232 61357
468 5090
152 29457
322 38930
241 43156
370 2678
425 15877
153 15371
196 3321
22 48836
412 95984
500 65348
219 19578
434 91713
97 21522
301 7995
288 85350
182 97022
26 14522
450 98434
23 84448
224 84905
344 78105
2 36929
445 85042
208 6290
311 85433
223 31785
487 93408
151 5832
177 61127
402 74054
382 49577
179 1631
179 83706
184 81119
375 60840
324 77551
169 53511
5 87337
320 83177
272 2455
257 34640
160 61595
244 79125
383 53634
356 88465
225 68541
482 33627
98 94835
382 10460
12 50013
134 84207
443 11466
177 42763
127 50095
345 61177
398 55887
49 64767
363 60447
188 93423
456 34639
56 9021
77 53761
381 5769
235 96644
231 60273
62 94636
243 38249
464 63303
283 26778
83 33532
481 59347
346 93116
52 44433
193 88231
338 95412
136 35377
55 48054
249 6718
325 86793
359 17420
175 9959
471 10796
74 28084
31 24388
87 6240
330 22845
370 37758
89 1612
240 94798
257 21227
111 37932
306 60428
121 45514
454 93079
432 41590
440 9962
132 51048
310 48493
500 76922
120 38586
181 94818
210 90203
11 41791
154 73440
211 15568
127 14268
73 80096
231 25708
204 92194
58 53699
485 58184
36 84633
52 67097
123 41360
20 26041
107 38447
165 27657
433 55265
121 93677
457 94390
208 32964
375 46996
142 38595
25 65208
426 96959
256 88712
425 32552
203 92531
475 84082
343 41093
90 91896
293 59399
188 16747
470 21286
317 69878
406 61584
4 77779
434 41473
245 72543
166 36046
477 81687
448 44031
267 18254
215 78483
283 80501
245 48544
266 48531
321 70120
61 31685
185 45755
180 32151
94 86841
489 5619
51 37835
495 34778
1 68835
156 88027
26 14731
302 83558
362 60822
498 15114
401 77581
308 88071
75 9433
165 86155
83 97477
289 22495
371 3429
169 85124
354 66567
206 84413
155 20692
292 73988
427 43350
465 47574
23 82679
319 71481
447 96287
201 12270
292 70347
366 11909
15 63330
113 33754
387 60994
379 4667
339 97208
140 38139
58 22231
367 45072
6 97252
453 7962
114 64082
378 6662
315 21908
8 8192
179 34570
258 91564
345 17178
434 7925
262 86047
299 67336
339 91330
344 55071
372 27209
388 24839
199 55118
376 19976
135 48161
271 99158
154 53602
481 18799
380 24517
440 93002
437 76987
454 5084
198 31626
266 58142
221 21836
199 88045
177 72978
11 56619
306 75878
349 46812
115 54931
391 78321
199 75843
113 63920
47 20200
328 97155
403 14939
252 68912
133 27607
163 12940
205 51993
223 28942
179 44364
300 31203
180 10505
156 9275
321 58622
213 57115
14 20572
459 48689
204 49108
255 1314
276 50681
352 54422
434 20273
446 85656
19 82414
474 28921
32 75359
412 21312
352 16247
201 73939
317 48163
417 94286
384 37802
475 61850
4 86177
23 22541
287 89163
307 77588
234 75660
499 15521
172 45278
55 48773
286 85255
354 83289
166 76845
481 25448
384 65002
312 2794
499 30066
161 41306
358 95042
23 27055
41 53408
168 24511
307 8963
243 53085
31 46258
347 3511
216 9722
338 60446
199 20139
131 32072
444 30850
169 77533
109 76783
425 43032
206 83423
112 64685
308 10541
395 11164
471 84522
309 1433
176 40182
368 53929
139 821
464 7447
257 24814
471 44007
231 51009
407 29780
350 49400
160 73844
193 11578
391 98274
314 18036
48 59778
177 15851
461 14491
263 75625
352 51183
441 94224
85 98692
270 84262
294 96739
392 50553
385 88878
116 27335
105 19122
386 25054
9 46562
134 79162
460 14049
149 34523
7 95347
281 72951
50 56067
60 9221
188 26669
333 14990
402 9376
76 34801
112 64425
361 13122
104 20133
105 16875
101 6857
280 79115
401 99589
396 21268
16 30693
189 41209
19 83594
383 12571
401 29635
411 46539
181 79581
162 58214
214 16847
108 87862
382 96721
346 30908
399 60075
5 26209
425 25627
1 76589
279 56383
207 7522
221 63469
171 94163
12 68990
134 21445
6 93693
10 96707
286 95255
41 88550
493 22919
58 94641
328 75798
412 36728
12 17774
324 12301
20 93577
223 77561
270 41791
310 51837
130 48541
432 3695
42 52750
500 40902
368 58390
93 29055
163 53021
355 50243
107 491
253 20681
16 55857
5 96124
159 9213
178 45678
93 15500
99 4888
226 26312
225 75350
255 74164
420 59958
113 84768
306 41317
392 92162
475 26886
172 98680
216 59888
315 29355
405 39873
369 62279
79 19226
191 99607
294 57900
456 75023
383 60872
171 90060
103 77266
319 2045
42 80408
458 29085
358 33985
455 56336
469 28212
192 13036
431 75138
84 14654
146 54734
138 91051
251 61253
189 21611
252 7874
398 91838
132 34275
56 88723
417 42120
419 1693
90 696
309 36304
257 12533
256 70336
407 18779
155 94240
487 95697
436 68699
299 16151
275 40492
371 14792
190 73779
451 54377
483 74152
465 76466
266 34876
297 34755
304 22876
7 85034
269 41573
453 703
267 31828
499 69239
244 96721
109 45267
48 19081
280 56946
17 22226
181 77339
161 2384
148 53214
499 63172
262 65316
154 11662
416 32591
165 17909
274 1641
221 48579
372 79348
303 88433
213 79211
431 64563
499 3
42 39896
348 90407
397 69992
389 20693
363 11455
497 32882
395 23101
106 24012
403 80852
432 53166
270 16491
61 87595
123 42470
495 6190
397 72786
281 89881
177 9754
186 2262
483 83195
148 78062
124 81499
147 4452
357 85572
431 49552
451 16501
42 37704
1 86115
115 32435
234 72148
72 27410
460 45877
201 52737
234 70
434 65687
115 43625
321 13173
156 99873
382 15454
494 16133
218 43551
482 73599
221 19595
363 94999
451 42671
359 3810
123 96629
94 76309
263 3400
34 28255
417 92739
325 91970
305 18444
275 2796
440 117
45 13774
423 32411
215 41624
386 12354
282 62605
10 60120
295 90298
468 82283
314 38497
199 69713
120 29812
338 34518
414 23102
179 85092
211 11783
65 64482
158 62788
103 83257
90 95345
390 47554
172 93702
123 6842
52 90721
111 34754
57 87090
198 66503
404 54921
140 66940
125 82771
359 72765
338 31967
307 72166
6 24320
289 15734
307 98196
344 73156
480 7764
335 26338
104 54540
77 91393
105 34327
131 87163
178 70170
178 44465
118 312
222 38215
471 86556
144 65354
200 53274
233 36475
327 90497
229 22430
367 73417
12 44047
54 44247
109 2578
108 67626
326 46520
71 27437
393 8558
10 18096
367 77253
342 15133
7 37071
192 10794
19 66822
348 32322
7 39963
363 75671
292 32872
283 38706
379 71214
369 28634
15 6865
494 29440
47 48148
227 67158
226 39875
500 35848
176 96
490 81175
152 75581
368 98440
392 60702
426 22672
126 85472
429 5452
327 14896
165 73678
119 45217
203 59143
351 35767
479 89851
251 28630
175 91662
224 11310
426 28939
122 84094
495 50603
171 62018
263 28823
67 14271
486 21671
374 7136
114 78856
277 58313
399 53728
65 94810
250 49992
338 22922
417 67939
198 50723
361 36699
471 64528
279 30814
380 13308
90 69500
297 3491
445 84300
479 60475
494 510
317 60997
12 25549
281 65042
274 55473
448 94214
458 71513
170 80273
394 5123
71 38226
98 97464
252 24710
124 93573
10 34472
243 75584
238 82870
341 76897
296 81111
12 13487
148 68160
453 39023
180 25285
56 56661
60 73232
349 47895
348 41226
447 27002
174 31174
452 36892
193 96510
74 90765
63 54092
69 69417
484 30105
331 67722
165 78394
22 8547
410 11930
113 95751
428 58753
95 98468
196 93175
490 79503
138 44517
326 22300
307 98636
88 43173
367 47655
196 81878
135 70286
223 53144
360 53586
485 29531
27 41988
416 79206
391 13487
279 72204
254 718
224 29734
328 29094
426 52882
34 64610
296 98662
61 13922
193 41216
92 16480
334 92243
2 95677
242 40964
397 45717
133 8800
220 32141
269 35324
90 50720
256 72233
97 3463
53 80883
160 36249
171 34416
437 21348
40 87384
248 96531
151 15443
117 65885
30 10028
166 10956
25 76638
227 91346
333 35976
105 80915
498 16217
324 28603
14 9372
440 75125
139 16288
203 89209
13 42260
57 23584
318 78002
59 598
156 11858
222 33501
498 18942
361 51360
184 40365
430 10947
142 20079
397 88621
341 59527
171 52457
26 24825
300 85959
57 81942
393 92715
415 75896
448 92125
356 43027
255 63363
158 91687
385 23281
300 98335
141 13001
333 58588
160 10030
130 99951
467 60905
491 22518
259 96427
447 97221
444 51517
263 31598
50 75172
87 80351
227 68627
329 32774
155 32902
431 5494
482 75636
178 29641
214 80320
394 48440
486 76750
451 53767
140 59661
303 28048
80 58920
81 42782
35 79870
111 84271
265 986
409 98182
435 93002
169 82268
158 34889
405 70183
49 25999
136 45908
447 23733
64 87804
31 20965
493 32449
491 64217
105 95776
206 39248
302 2199
301 90702
456 61956
137 60460
252 24281
459 44870
482 9198
84 98413
248 75672
403 10906
388 1812
169 57232
138 83144
12 29697
359 24383
267 80060
480 94578
380 58378
425 7782
434 82520
226 14130
35 10531
46 57603
492 92985
2 42513
212 30925
62 25501
373 13765
69 72620
403 34059
184 13264
274 73159
99 39903
220 99810
464 78621
217 52206
238 86949
454 51519
443 6554
42 92144
87 29748
68 91158
79 6648
295 98528
478 71900
232 5144
279 97907
468 10850
461 298
395 99475
206 28767
38 11688
8 56419
234 72782
199 63591
467 27462
441 45523
50 15348
197 42193
375 25751
301 44084
188 23317
436 92360
80 98439
457 83668
272 27137
241 28891
22 91834
157 19849
297 95665
126 56018
266 45222
23 7616
138 14226
178 78234
266 31108
379 87903
466 19796
228 68255
82 90401
295 57193
284 29434
27 67737
248 96984
80 28748
274 57885
162 27515
208 13140
426 86349
173 46000
357 47855
287 71718
71 68136
410 2669
213 43022
243 26504
487 94313
114 41683
176 86583
312 61368
481 49336
481 46321
473 38158
291 43035
128 32267
438 19718
151 62692
138 9277
469 57503
376 6518
417 50464
321 735
250 93296
462 79430
390 69115
422 91026
348 62528
311 33157
322 62713
193 943
223 51837
385 55748
162 50769
303 68141
469 10650
125 4983
31 7995
262 13355
467 62044
160 9080
423 25526
75 13431
69 80
135 38037
49 61256
61 2059
281 28373
30 33747
272 96012
123 83977
432 70909
48 98181
52 82205
453 25565
242 31595
316 51241
266 75647
89 6914
125 46285
261 29768
207 75785
247 9043
306 2787
362 79141
84 93679
405 36555
181 25691
489 97576
243 24967
211 73771
108 80447
31 32792
475 90148
182 97268
191 96755
321 67520
31 99143
400 6004
132 56734
480 28686
395 57083
257 33837
288 52792
433 31010
112 40684
423 15812
364 126
496 8805
367 59468
434 28357
432 39141
272 18414
121 40561
315 86686
301 29425
428 80117
159 84863
360 57291
206 8539
242 13313
283 8956
89 58691
345 41425
227 11221
80 55959
115 29352
86 159
336 38245
481 27330
464 4111
20 42022
434 71869
174 21418
180 80412
433 32883
290 39558
392 65270
321 24100
30 90795
65 57284
256 1147
399 76888
71 230
323 95817
304 35915
375 19258
442 28696
183 94921
451 30922
435 50202
15 47704
32 21194
260 64881
71 17359
484 67954
229 77236
267 65705
409 62308
310 2199
153 83066
289 23012
253 81771
113 76142
134 27234
19 62834
500 38477
107 32477
397 54993
338 36534
128 65223
333 97183
207 60614
55 38373
373 31157
247 88676
436 67118
340 2912
161 54324
271 87445
63 25319
136 45195
20 97300
182 38469
423 52405
74 1020
371 2397
496 89764
451 67065
458 91520
296 12608
167 25865
454 3762
249 28933
303 88243
215 85446
374 31010
472 93002
413 60657
218 45157
188 77417
280 26609
40 57336
97 73353
357 87808
383 46655
4 14380
356 98060
190 29039
208 15366
475 13417
218 68171
344 69731
130 67047
29 80611
317 38273
387 75943
473 61800
80 97514
149 28147
98 15257
26 45061
23 29498
452 871
212 98740
38 84460
290 76131
114 27373
340 83299
407 51273
75 61744
274 28363
117 75825
360 11008
249 80772
450 49037
117 2805
92 39333
413 5205
455 85824
77 17812
150 17720
226 76868
269 28313
230 62688
293 73689
84 87206
282 7917
165 91892
77 89966
141 84719
34 80070
410 51304
15 1841
500 32831
111 81295
492 4224
349 1249
342 60231
122 28277
58 53095
282 47625
346 28810
135 44594
302 84768
121 99709
79 58760
328 81673
458 10764
197 54094
134 89024
134 76638
69 97391
397 83788
219 28385
305 26991
461 73204
329 38935
451 792
167 68711
319 34816
182 92116
268 14953
217 99592
395 47578
102 37372
318 70170
59 31316
356 51405
264 20350
42 93166
295 80062
38 37122
323 24802
458 7735
357 18522
337 69879
470 990
299 73314
36 95933
295 44538
80 35361
28 18455
134 29624
210 5684
317 56315
220 20590
95 56111
369 66914
486 72762
400 70615
446 50370
174 37568
500 78211
227 40839
85 49211
82 802
441 23789
225 95818
156 70548
361 78192
256 82826
252 91409
133 43528
18 37162
488 92766
123 21737
357 71440
341 32941
297 92046
351 71994
488 87084
250 847
64 91417
355 41063
132 5598
203 73880
402 10812
351 38872
89 9255
66 74989
256 16218
373 47613
153 74204
118 67464
328 58228
288 8242
397 53600
421 45526
293 74447
416 53957
106 30401
340 81308
362 64188
359 73118
88 39986
204 22210
151 23666
321 49463
261 65846
285 5123
488 77793
180 7423
241 10882
470 17618
121 65003
476 11148
402 29234
290 67598
132 55562
258 27415
169 74953
152 69804
331 12048
408 81031
382 37159
335 93517
284 71533
450 73161
171 1284
173 49065
46 63160
409 67821
445 99403
355 28067
412 43311
455 51408
364 33616
102 25135
86 27463
284 43535
126 95326
299 89890
109 71572
90 97759
423 26451
463 58791
442 95489
425 7362
1 90737
230 59229
71 2219
274 42219
157 50149
99 82546
203 35763
179 23488
372 62226
261 46897
433 29785
368 52071
398 90909
346 14881
181 98209
435 19420
496 2223
55 20252
167 92346
40 82261
405 45710
9 46022
63 15815
280 22111
368 48406
289 21786
335 12747
313 25025
182 58460
432 95059
113 63443
147 84007
290 83693
11 79944
395 90154
280 34207
183 88921
323 46065
444 31790
316 24231
122 8526
496 62154
43 5118
368 58071
325 76533
356 72465
492 56802
438 25231
37 34130
413 92412
164 21252
2 11558
163 69854
18 84969
320 95322
21 99985
79 18670
153 30305
173 44065
385 72918
379 3872
155 24823
253 39320
375 55875
451 1685
337 28144
167 29339
198 49263
301 55449
352 94913
350 37814
169 66967
282 35180
68 73836
354 78104
485 78247
390 50063
56 23596
8 79988
46 1730
475 19794
259 77398
141 71095
109 93605
18 30719
339 10974
267 72581
367 62546
387 32472
114 18906
357 73806
158 26839
392 82287
251 49868
482 34779
355 77272
5 67692
236 7294
45 93594
262 76153
464 69345
53 63636
449 32708
240 4316
422 99642
13 14810
78 86427
302 61842
164 75678
72 37274
265 10510
342 68770
374 49423
242 9773
220 19066
129 75960
61 90805
474 89673
94 26467
170 26269
404 47251
251 56605
218 13625
29 37716
350 56215
451 1362
223 25330
88 59613
385 9759
391 50261
20 92893
6 60742
497 29254
448 52335
129 24770
331 49378
72 31627
275 88524
151 72831
393 27013
82 40222
25 13596
236 87737
132 42826
446 83834
427 87927
111 73447
98 44014
478 4171
133 55613
295 1423
198 76546
314 89360
466 40105
319 1210
404 87574
309 50314
5 17232
6 52023
110 91665
165 52562
192 26041
432 4428
199 90117
314 87557
192 95543
370 55047
212 90919
174 17981
270 91714
237 16192
349 23020
182 70049
295 16502
343 25005
239 5910
430 47698
52 15335
379 44213
192 14243
36 98870
410 43345
292 66204
256 95401
97 19616
301 38422
338 82668
52 27338
129 56489
468 61418
274 24832
98 22672
10 19072
230 31356
217 69267
462 15201
241 39517
237 24445
432 33514
57 76501
146 52289
239 26145
181 54196
253 2468
91 91511
159 83919
495 27234
459 41731
384 32904
90 57620
377 3499
122 72038
439 32338
423 51270
439 66932
482 2673
245 26545
194 18870
161 97365
277 40717
50 1090
404 2930
323 52039
86 3575
300 6255
33 756
263 93989
385 50790
136 45955
75 11418
471 33989
116 91514
402 29815
476 26367
461 65732
411 47385
244 98193
375 14248
488 40530
243 70143
203 67502
338 47646
167 66342
482 99423
223 32611
266 13938
122 46336
449 44244
62 3732
244 48768
354 91422
395 11417
73 8791
144 72943
308 76389
251 16384
304 938
433 37703
282 91951
182 16738
149 95395
390 18719
283 35361
407 83520
268 39088
130 94161
198 59080
322 41478
271 78620
488 42040
479 35345
233 73155
175 41698
154 23341
18 1496
215 47323
72 22680
57 65897
194 78248
425 74416
176 43066
330 92068
304 36974
126 59279
56 5945
246 74916
83 38927
397 46490
28 67319
22 40599
70 68053
119 27824
406 83104
14 48129
404 44228
180 37908
47 73692
209 27928
456 73606
21 2904
403 31438
110 67378
86 26717
444 34476
484 12932
427 12498
171 20621
89 66681
310 96129
158 74463
24 72644
142 76898
255 39829
286 90060
362 9535
266 64646
472 49990
97 8948
303 49633
257 75919
437 26688
475 11224
246 99507
373 2220
464 66521
151 35876
38 68872
109 7300
34 27211
277 58841
179 89883
454 49821
91 41795
305 59276
430 17866
340 37815
221 42022
38 20277
68 64780
316 75651
493 44845
187 74186
482 39486
256 931
11 80849
258 36086
150 84616
140 14590
357 65598
112 73430
52 84017
133 58973
20 74315
330 80752
468 92893
73 21938
472 37549
309 47598
341 84804
288 40940
231 89853
38 60971
255 12827
64 62574
217 70508
82 48903
131 54899
457 1328
304 19174
225 79528
7 45614
396 56261
433 60734
386 97932
262 85372
35 97460
488 63089
312 31930
55 39409
282 56673
35 15268
89 70156
429 15895
146 75982
295 65955
474 52642
263 61568
301 8511
56 55311
460 48929
257 69216
372 20854
172 22435
232 29343
388 85169
442 29915
140 12842
411 38041
22 42733
450 75958
324 41352
321 21437
142 2507
309 28350
270 70148
401 9639
30 85814
303 81259
30 76757
474 13819
140 83893
369 7371
247 56439
211 33658
112 22476
29 10655
483 95195
111 90850
167 10432
363 43969
134 77244
252 7185
314 30406
416 66881
155 82398
367 67420
150 49650
210 97725
7 24557
33 26774
453 94708
201 76480
373 95385
31 16685
326 45419
55 70566
68 64991
297 83383
128 16324
216 75563
349 46525
374 16304
351 55753
205 88220
27 79318
6 65720
396 80954
176 17295
317 22836
249 517
60 51146
257 74176
204 98632
397 93062
168 9421
170 61047
446 59946
91 6387
477 49018
495 18624
356 32005
244 15202
137 84654
365 89982
99 42089
129 65370
448 86008
134 71676
307 1005
47 46952
314 88562
98 24554
45 64296
39 36106
74 33862
466 46779
312 10274
249 95830
168 61782
440 41782
71 37420
304 47280
246 90307
288 24044
8 7983
199 70496
439 50686
4 19828
175 52045
24 84157
138 26016
204 43539
370 59857
192 5090
370 84706
174 32939
37 75051
52 33127
394 94727
258 48157
191 40706
333 5508
422 41892
393 82538
259 92553
476 76686
15 92053
152 1208
118 75644
378 61913
86 43849
413 3955
34 66982
396 29542
113 3425
41 4991
44 2261
474 6820
191 60801
260 30295
128 12755
350 62985
407 87228
375 23409
337 36148
386 63771
216 75435
107 85683
161 82796
309 88955
193 16001
462 80338
488 77662
277 21307
126 20742
313 31538
497 52605
483 5361
245 74751
12 33533
381 1796
168 29591
57 37118
216 54755
335 70640
348 81852
364 34930
198 4087
497 2761
230 71033
100 15277
492 7242
83 2894
97 48031
369 8180
7 73030
208 83869
120 56863
212 63440
222 2514
330 29503
138 29575
326 92577
16 22521
438 65950
293 66725
316 64477
358 22481
120 39719
30 20534
23 57467
276 30825
461 78938
90 33427
265 46505
207 41742
64 7532
50 38757
445 91418
325 70591
228 70299
419 30448
322 58540
498 67146
363 48814
450 1552
272 515
23 12238
41 98285
403 20613
60 24233
498 34376
368 69251
280 27362
319 96587
39 25649
344 33605
355 38484
54 83074
64 75222
452 11335
71 56755
415 10655
305 7877
451 653
350 39042
33 52582
155 86454
102 31719
9 98661
279 50083
68 19282
383 62315
33 49023
385 66103
228 62626
199 76869
203 28692
144 72531
389 23062
55 689
207 86191
473 67776
147 61596
367 62840
264 79039
294 43067
179 70050
52 41443
201 36667
194 53726
143 2855
85 24891
41 46889
364 14887
395 81168
441 57152
279 48216
371 60252
413 69219
345 74614
49 1171
182 51988
48 6160
196 37929
348 30218
177 75651
128 11841
405 10048
273 60637
393 29127
499 56426
213 19133
413 57058
247 33449
401 69564
10 2174
4 86386
497 36920
268 8345
225 77991
397 66435
390 15800
95 90790
259 41205
95 96082
25 45676
230 4997
404 78162
292 93816
130 79490
283 8194
138 59205
346 39633
22 39863
302 11555
265 25190
336 72437
86 33289
280 60673
211 40241
48 99152
331 50876
263 63270
25 43823
175 29937
39 67362
471 10901
179 80840
66 83937
365 88123
454 25926
151 2368
89 91724
88 12041
420 55482
418 19397
59 99372
428 9618
394 90783
376 83297
131 77608
466 85810
266 21552
319 11847
296 53653
115 22002
364 51943
212 47075
469 11908
232 48997
138 63423
267 64409
352 77104
366 75463
392 27302
26 37256
86 41058
431 8879
219 2084
445 89043
132 37341
379 37722
357 3120
282 78772
343 45402
490 54108
366 84021
34 84141
263 27439
191 83909
191 27292
273 36737
147 66924
286 56403
130 91306
1 91660
334 72720
441 41136
376 79944
331 64399
23 14268
411 94908
52 36567
199 34934
249 96275
351 83458
153 32215
95 56874
266 24969
404 33514
52 90677
96 51455
323 81133
389 95696
13 92551
230 25116
397 63701
78 15813
433 56734
291 60105
145 13150
472 75147
390 31000
152 61472
200 27382
368 96190
52 4539
461 21634
350 33065
8 72791
176 77571
483 65690
258 48530
159 13764
60 96582
121 47082
35 56748
384 14229
84 96182
362 60115
223 47306
430 51243
310 94833
372 97808
196 84325
460 70323
190 79607
67 71133
493 12253
146 72687
297 26245
133 73644
72 54910
482 62221
257 49471
139 49390
85 95231
387 51274
370 8799
105 29803
435 34788
279 25232
229 30228
169 13445
90 11399
448 49995
196 94407
159 61670
70 56927
318 7143
36 33996
438 38883
338 75386
490 37562
40 34407
400 83843
405 78089
305 69884
332 10168
441 43174
277 25610
408 31311
262 74564
32 51110
423 23410
156 18947
237 69773
383 59629
368 34406
231 64402
225 53347
350 40840
477 14118
264 42900
460 21608
303 97872
295 40803
398 79111
138 13734
407 68904
206 65825
365 42771
424 98266
218 21212
349 42074
74 68000
140 25876
414 99784
43 62523
218 4355
30 7452
500 65912
370 2172
390 3344
60 87096
348 17175
172 15375
152 84710
274 42848
244 84075
140 81154
427 6027
421 92484
149 46647
392 33312
210 97931
247 66506
303 12555
457 35143
165 40477
152 72738
280 91777
451 52439
89 94944
138 39928
260 62861
321 85283
199 83604
341 16802
421 77042
499 75539
320 14785
174 82877
280 96786
189 45403
250 98764
171 11388
497 65426
149 35946
468 40061
404 16258
102 83546
20 1094
401 89488
191 9916
56 39114
152 63066
165 65835
248 86456
203 82167
436 96203
101 9608
184 20660
333 27234
221 13491
342 4707
213 6547
247 59094
494 52
357 59886
31 27024
421 67998
151 13858
500 11150
263 89061
197 93236
64 89852
338 22471
363 1758
211 86067
328 16295
290 89921
127 8159
85 15482
462 30472
328 21383
13 51513
432 46289
284 1781
497 59951
425 29019
209 67525
296 55151
418 98162
92 42891
428 31034
45 52444
280 14809
148 19658
2 32904
340 91527
241 8504
338 73032
422 36831
332 79264
52 3411
241 78627
307 17758
53 33919
312 51675
312 9132
498 71003
123 87608
385 45946
212 35029
250 71787
365 69373
4 77225
156 4358
425 91149
10 51240
290 83518
119 43442
123 55458
8 15450
356 47183
498 54225
339 29531
429 34932
431 760
389 92359
119 45092
368 92573
257 1593
169 5750
424 73765
191 73518
14 29254
60 68052
154 62259
134 10474
430 65250
322 79390
162 48268
156 23941
48 83651
137 16719
455 46029
365 80053
492 68671
297 53842
128 98363
125 78757
432 49856
239 49577
382 44609
46 9968
267 64971
493 40051
208 83542
114 97186
239 39754
435 11734
281 85881
280 34361
146 18042
330 8888
286 34541
290 60576
32 36482
248 6577
378 84161
401 55748
442 64736
393 68516
315 73622
18 53103
169 75167
79 2475
173 95666
397 3815
62 35089
294 16438
223 28750
65 51650
78 65583
495 98349
235 21825
417 38789
363 61485
20 16845
41 47127
304 35926
305 36707
301 59797
135 16071
317 20355
28 95539
460 602
214 16123
370 42219
143 97230
397 8999
486 75384
380 68141
198 1314
469 89623
49 42328
272 11324
135 63240
130 39858
116 79815
147 70137
453 20903
36 72480
211 8662
106 71700
314 73425
481 71784
384 49603
417 36461
32 79469
61 69997
200 17249
183 54616
267 4960
277 18573
395 27568
487 83421
208 45723
131 62921
279 75951
404 56359
468 54241
451 98534
16 29497
489 18349
32 76510
318 93637
261 77379
484 31471
29 28442
178 17636
348 88686
234 13580
53 63801
255 10732
277 28308
164 1163
295 16128
371 53591
15 19832
194 3084
478 91059
402 15981
239 15204
195 51658
494 83880
250 76815
320 45043
50 23642
64 45805
110 77853
93 4230
130 65267
209 15796
446 53830
207 3940
114 1396
258 36445
244 67642
117 37894
208 82543
185 41225
47 17820
314 19239
17 99765
269 46032
312 44293
31 81271
90 46880
317 67523
470 96375
70 22735
24 73192
5 6230
201 69594
76 37938
108 97747
246 16209
487 47635
249 27615
51 73888
365 35151
75 34166
16 61780
289 3476
171 93554
58 60276
115 26763
173 89675
338 20485
63 24737
422 86374
194 61259
313 46015
273 24117
484 92771
350 64937
203 69138
37 93018
138 59455
302 3876
268 37571
187 80483
23 17431
491 46882
409 71090
280 17904
338 41225
310 55139
291 79143
258 16423
472 99959
368 39300
443 22041
237 79424
463 73271
354 38321
95 26880
414 37726
8 19259
404 16036
494 73057
495 17545
268 9660
497 7229
119 83860
153 16859
395 71779
324 10860
206 80923
79 71700
387 85837
307 42846
92 36248
92 61898
288 30275
455 22560
254 23324
297 42940
80 84169
5 94530
405 10364
98 99656
172 88425
298 14920
419 85366
244 31782
28 97824
387 38796
155 91287
100 99280
394 43928
281 77202
68 36904
336 31453
71 35789
356 82710
406 30288
157 52044
251 44788
419 1491
166 22432
114 176
460 90145
77 96657
317 68458
95 17588
134 56547
480 70920
216 74591
74 31770
164 60372
145 83235
264 57680
450 15488
497 84918
349 2513
143 97259
427 73270
70 61791
37 39451
185 29518
419 97556
309 90975
366 78316
226 84162
466 81258
479 25577
337 25628
201 28027
386 11684
356 5384
134 4145
434 67500
123 94926
358 60907
140 34305
275 16466
54 70770
154 48613
270 23131
183 29790
417 63046
60 92809
26 86890
396 94904
84 14863
482 50239
226 38325
272 69378
288 23722
377 55396
313 37008
91 18768
195 83496
365 52304
309 83331
162 26487
41 48968
352 318
178 98241
394 87055
72 46719
358 12689
91 89516
436 58868
12 37973
358 58939
40 52513
269 49032
90 34539
354 70668
101 82657
451 3960
140 58301
38 7830
120 72811
50 26953
174 47022
313 7379
27 55208
334 8322
418 65168
225 39440
333 34930
474 63955
316 40793
458 23182
404 28477
282 39394
329 90586
190 89745
85 5691
316 81187
307 39161
350 25837
261 87094
199 39267
2 50854
282 76131
212 53063
469 12276
472 63217
236 11236
177 13450
176 67554
373 65098
280 33489
436 41098
428 67168
26 95674
101 49924
309 86028
78 91286
29 82996
381 38594
190 31618
187 80098
50 51473
292 92136
428 79392
420 98393
330 50293
233 82380
333 11933
374 20398
303 39950
246 36717
419 33108
111 85905
354 10519
363 73298
342 37719
122 78333
290 2667
38 65587
238 84510
210 64995
290 68826
380 25526
232 62430
31 56610
407 46207
149 35311
192 98102
262 59331
121 93682
171 77532
181 61622
116 68737
73 33693
43 52749
354 37853
158 77315
256 53005
341 73491
449 53198
458 78522
272 67242
315 70002
447 29339
255 3683
158 72971
377 4503
457 73814
488 27774
110 39977
438 56708
348 28702
173 2884
373 85961
392 79224
405 64615
403 38010
168 46185
431 89896
396 24297
7 22418
349 46470
102 51518
44 28403
114 77676
281 38395
255 98608
328 69482
190 87803
467 8439
338 53285
295 93438
130 98286
447 37514
297 53739
232 38046
149 2581
219 89132
149 65028
157 94198
223 31052
346 26070
442 78171
247 13343
221 27328
212 69124
94 17555
39 54493
8 16285
227 49910
158 40029
322 69758
237 19916
271 92300
174 47398
20 94221
338 46281
314 83734
160 19918
240 41611
6 2006
315 3684
48 80900
453 37797
12 58581
38 3386
460 76440
98 66068
320 95936
213 39347
37 13993
266 653
307 68740
443 75742
144 89111
83 41897
474 10475
485 98646
161 32427
318 27089
298 73688
471 72177
357 77616
428 63973
305 97947
98 18241
303 29351
406 96999
82 18978
208 84505
498 41353
236 21555
412 62671
337 22446
247 82686
469 84678
399 97092
174 79656
276 619
468 77342
64 85288
317 7311
98 76070
368 58816
408 11288
78 43293
402 46966
96 43852
460 62289
134 27147
296 51872
38 53098
365 78990
435 31142
66 92863
3 41491
61 97557
458 70177
80 22049
116 2373
235 2366
350 95012
37 92643
58 12778
54 48671
207 15650
111 48851
221 30803
326 91012
263 15563
14 82019
280 39202
56 18439
101 12877
285 10379
274 68769
330 70358
53 7375
329 78092
406 20989
335 58280
197 40018
165 31648
439 98155
321 45529
297 8833
412 46587
111 35181
106 25345
342 66263
367 46786
391 43197
242 71958
158 26669
460 95082
444 13681
238 33836
110 34238
112 40213
275 17460
359 14173
425 65414
32 81456
393 17266
490 69207
66 41433
188 10505
274 99525
256 54226
138 20609
286 10535
429 9538
43 5046
440 84821
54 65340
437 65721
239 48820
416 25088
238 30677
260 82952
116 24057
240 26354
367 33292
28 88484
397 72178
427 37159
57 76702
192 55436
222 57534
342 60219
434 15893
102 72460
60 79914
344 11233
479 56371
426 80550
301 80336
213 71630
420 64976
79 83937
476 5639
239 37297
455 32809
405 7902
380 50394
77 14176
149 48215
96 50822
145 62693
199 94702
266 4268
387 81526
156 72567
23 66925
60 39007
441 38315
322 9625
73 68986
47 27727
308 41521
164 64190
263 11767
289 67794
441 32029
15 93136
1 3945
39 69261
157 96368
349 58423
252 23320
146 70752
13 22104
301 32876
105 68856
106 71281
74 48949
234 97543
339 8415
40 67118
120 58617
104 60963
128 6440
227 26483
302 65452
76 10256
347 69987
150 90284
287 56647
171 61494
216 12595
254 43424
442 6467
414 63781
281 72574
114 53355
478 29038
203 98282
34 91115
36 39740
253 66500
13 15128
396 49109
384 14664
176 81344
279 42537
293 35139
385 17837
140 36140
401 27062
29 56305
285 82849
109 87509
328 22520
238 37257
72 21992
498 69279
33 78174
396 86481
496 79026
355 15854
205 68847
216 17232
270 77854
480 14231
398 30122
468 28045
267 31697
295 65250
419 67484
480 61506
331 63073
166 22119
43 89817
145 62112
31 93675
272 65116
66 47960
281 54303
210 64385
147 33414
93 9408
361 39856
334 89011
352 6495
169 53963
28 7005
91 48235
391 58642
471 22425
345 1795
16 28208
475 47109
173 74413
425 28779
151 95212
480 68273
106 73192
500 92959
201 30870
438 7998
285 14082
87 62684
478 77
15 97774
290 26915
92 16630
24 65224
41 2912
374 90208
303 41144
171 71740
87 78697
430 89006
473 41096
281 10258
271 48443
283 99719
444 35540
3 98797
314 38684
75 46248
84 32408
477 329
388 52190
101 86488
471 70450
441 16791
272 35909
56 1267
433 18256
148 4936
426 90134
188 44676
51 11122
430 40962
394 95243
142 1934
123 60227
433 52285
454 65427
175 75865
337 49964
93 97325
468 1479
208 8597
495 78182
217 72945
71 78988
142 99153
429 1492
363 29
413 37214
131 64662
204 94793
27 85613
159 29501
202 15032
262 57040
140 37859
421 82777
238 89863
191 54861
24 50857
218 44525
191 65865
176 93894
335 10396
422 14612
358 57620
183 45522
315 50142
77 83830
180 82139
60 24947
105 36423
298 39688
139 76466
137 36502
21 67292
436 67127
246 63923
166 28095
265 45519
21 59376
148 48119
205 72658
258 75946
434 48056
41 33878
10 37794
360 14173
76 10654
346 81722
42 57092
477 60521
216 74633
296 58218
406 93024
193 34734
14 88750
456 66107
188 21761
178 81768
93 92669
187 50079
425 89326
121 8646
457 22796
195 37035
401 98085
379 52422
338 12960
427 33395
453 95679
392 23790
342 69122
14 44425
66 51393
177 64914
186 73475
144 20218
74 65332
33 41000
