10000
44 104542
15 45346
24 633596
6 178635
14 43312
29 669723
21 115306
34 29776
18 566279
46 1883
42 656440
27 790842
11 49388
16 492038
12 772741
32 691966
41 867585
50 387496
38 698413
1 858806
37 469046
11 167342
47 4487
48 722910
30 485078
17 908694
19 321299
18 963548
2 166135
30 10503
37 807268
30 67674
38 155572
45 682422
5 894117
34 895682
22 582361
33 125794
4 952268
12 201475
43 708004
34 286008
41 718397
45 523009
37 36427
36 53563
47 274259
24 870430
45 425218
8 798396
17 190688
15 539728
21 450536
37 184863
42 831209
44 548752
2 843132
49 347176
42 742592
16 520621
28 397406
5 412362
22 744674
27 853375
16 856159
25 812342
40 769652
36 187419
50 410807
22 60573
29 590116
6 545296
10 871032
15 126767
5 731002
24 244971
18 95222
29 666500
5 582160
29 13963
18 3412
47 234977
25 794701
18 220291
4 530455
20 874206
7 550283
15 858423
19 691798
2 130147
12 739433
16 72241
40 348519
44 927674
28 65659
48 722139
35 630650
33 529316
39 830558
22 67585
30 953000
35 601036
18 146245
6 9439
31 545248
6 424655
49 652040
48 743984
14 489178
19 133038
28 234033
49 136302
31 869801
15 112004
8 431236
32 979767
4 972206
21 70328
6 699298
6 632892
7 6692
19 417353
43 590164
38 377129
32 735841
7 522470
31 691010
47 206202
44 97108
6 186804
36 387941
21 743630
28 892538
4 582143
27 676745
47 542106
48 315948
15 500365
1 598905
35 260265
42 387622
38 839409
2 800237
34 24702
42 963002
28 458150
6 995439
36 91141
27 328313
34 932978
26 107861
9 404397
1 179396
50 562253
7 832373
43 963288
43 242969
30 323729
24 807888
26 27283
49 745419
19 166804
14 12161
42 970042
50 427286
30 163641
2 459954
15 481820
30 479301
37 221623
8 368436
43 774785
22 761942
44 394087
50 559110
48 145864
36 193094
44 757948
41 765646
32 502617
27 413450
28 297113
23 795065
37 668174
33 667026
29 432575
16 69186
2 5401
1 969468
39 874394
41 369845
47 491139
7 259179
14 114791
34 240807
33 52574
50 208076
17 147721
16 33461
40 776782
10 912621
14 780945
43 238973
20 268511
31 230197
3 150535
26 599510
46 995026
13 725177
14 748053
33 538698
5 968682
22 619196
41 30462
3 816995
18 923692
30 861162
10 188065
45 64674
7 582742
27 730006
40 852709
49 45545
48 286718
5 95507
21 606477
44 644236
3 939430
1 951276
24 986148
4 773913
6 181478
4 40253
48 980523
12 72891
37 755181
38 541525
19 42015
3 6062
24 104422
19 534867
30 427264
6 625703
41 988802
50 304363
42 519255
36 258278
5 925439
12 770188
50 371666
34 903465
48 869994
15 142646
17 640672
43 792772
47 687010
15 613214
34 801607
24 566322
30 644343
10 81230
25 221862
34 704628
50 903361
30 578567
1 947333
26 148530
24 248532
35 54735
26 162739
3 283589
9 130238
24 754495
37 824258
20 856269
30 58215
17 283621
11 956004
12 915756
18 621614
7 267184
46 402372
20 155912
23 427928
12 339720
42 785455
45 469670
15 738518
42 528666
6 86408
10 997621
25 82749
49 314308
9 339398
30 877465
34 729684
18 400643
29 614641
14 3479
40 988784
11 518965
8 380433
47 261697
25 410996
49 133193
9 98778
25 315019
30 741928
39 623767
27 818115
35 392550
40 252438
29 587019
24 439931
15 845340
16 949730
18 103129
41 220322
42 132328
19 356674
49 331748
20 36593
27 989989
34 366689
50 750072
44 108177
22 830013
17 192684
23 774114
2 270369
20 208096
15 697654
34 99310
35 789309
5 218726
32 668415
28 321795
18 377803
17 992509
30 630587
14 592433
36 298102
9 901468
22 637933
22 862022
39 286534
29 56373
31 736920
43 18168
28 813003
19 318335
31 522450
26 348505
18 779138
4 405800
36 703613
35 104888
17 655179
40 457415
39 207794
48 831312
8 815016
11 657524
43 615362
21 705854
17 549111
18 790570
38 109946
30 452630
24 237044
41 232612
4 836232
39 95468
43 782193
8 45631
46 985550
16 549309
40 842678
12 359369
46 449915
46 607490
27 723242
8 112318
3 574367
18 620089
17 667502
39 556165
40 815239
48 868641
48 913668
46 231724
18 303021
41 288601
44 149074
2 272547
42 788413
48 569228
12 494799
16 708532
41 782094
27 274831
23 387514
13 346438
1 599082
14 783703
38 878867
12 687418
7 568276
5 558961
27 461821
19 551168
7 941505
33 295442
20 720464
50 311115
21 168607
16 246062
10 149218
44 945904
50 941788
47 918642
32 945084
24 204800
47 10600
6 504796
10 366757
47 915544
8 165007
42 599515
9 786121
11 90004
39 633059
33 471999
33 80137
46 98058
37 900107
20 406272
10 974351
33 105167
26 815812
42 862363
32 77228
36 877340
13 835106
43 667320
47 223664
19 485085
39 610928
44 716311
19 804229
31 210909
1 129763
28 485527
19 909174
6 498267
16 245965
35 2549
33 887058
27 963156
21 791651
29 702563
12 517284
32 699060
28 742115
12 435713
17 58694
50 156132
16 720276
21 62738
35 903605
1 803700
37 293162
19 661612
3 750342
10 6547
31 761257
16 19293
24 166107
2 171816
27 623046
50 940913
31 467493
42 82484
14 68117
13 960876
32 640899
28 131214
32 121156
29 659172
27 993670
13 113918
39 583776
42 80468
10 556019
29 846806
38 283944
16 655857
25 866130
25 733465
35 40556
39 987968
14 534357
14 386141
37 689280
41 797022
5 316121
49 443611
41 343375
31 520693
27 317217
27 682416
22 445182
36 84967
19 72276
37 645257
19 289085
46 287536
5 559253
50 159731
3 259589
21 705300
12 332071
45 970958
42 879906
23 671851
21 802820
31 622099
45 980267
46 491245
46 921438
11 626895
46 874687
44 120576
7 285602
2 130832
37 50667
22 601762
39 740599
23 466872
3 952750
50 11831
26 836740
33 105742
31 383090
1 638360
11 680019
47 728833
31 514388
11 630608
45 980698
47 701212
43 226268
3 499744
50 835525
18 651667
14 368991
9 646038
29 837630
42 76797
41 136836
44 950261
16 767560
34 213066
8 301939
44 111394
41 765821
19 159396
39 552010
12 850610
3 603716
46 197953
13 180029
12 533861
39 143670
11 234402
36 92952
26 478402
17 483235
3 870801
48 49779
34 739226
50 583478
36 486958
8 775681
3 50889
21 306224
47 373081
45 291251
8 974417
26 75211
8 715723
12 475373
21 165233
37 823494
36 996802
9 431462
15 450308
48 554953
29 264442
22 272578
3 292698
19 221933
37 655947
31 429271
7 219112
22 521702
15 58950
13 621276
21 62210
15 510599
1 674288
21 584211
17 972201
1 202555
35 893616
19 856027
39 491068
15 936682
2 993345
1 693191
35 307815
50 869027
36 174768
29 236096
1 852532
21 22502
27 840474
1 50508
23 14628
29 67763
4 695774
21 193342
27 644396
15 339032
22 604922
19 583142
37 718416
41 649080
32 21565
16 949028
29 814135
36 468893
31 384865
6 357900
12 45899
40 932138
28 619719
10 740295
18 569412
32 529091
48 309296
38 263761
4 621852
9 313284
14 218005
2 691991
38 403734
48 393259
39 763174
17 464834
32 2222
12 657712
48 538015
14 262504
16 264514
18 205937
28 454292
13 720913
37 813674
30 426300
18 561532
41 316428
25 191289
29 678810
37 832140
30 125336
15 384671
8 479008
43 107447
36 474989
17 677504
45 469678
14 891294
6 535199
44 756838
13 341247
5 930060
8 305527
38 567977
9 95511
36 561741
19 655408
30 129455
38 451775
43 394292
48 526567
6 642938
5 500894
37 708877
23 758019
31 637217
17 655555
28 314745
38 737214
43 844506
8 8075
34 327218
16 418755
22 672115
37 357573
18 88104
47 716293
20 466172
20 658940
48 17676
11 229223
2 721159
40 722342
49 334252
21 608942
1 736840
2 737737
22 839302
22 796914
27 787910
44 58433
25 802196
8 192982
33 722515
24 91629
27 198284
39 212
4 66357
12 463822
34 786025
32 225120
2 230900
42 616437
21 440460
16 959876
33 106095
33 48131
17 646316
31 769961
3 425302
38 191087
37 777302
37 618821
10 971930
40 941098
32 547977
49 583204
46 334670
8 706162
16 841426
22 450123
35 467469
6 155931
10 266545
4 49006
2 409094
24 845874
46 200855
27 136447
24 364498
31 784366
41 578498
34 728351
37 34071
42 598104
38 709454
5 729666
34 370212
3 65089
38 805402
18 584194
42 946476
17 966615
26 222027
30 166461
11 867965
5 832477
35 561788
10 950033
9 45068
11 94998
12 463257
29 822488
20 753428
9 287211
34 649717
7 302088
43 904774
4 117085
17 286945
34 245994
34 441719
46 905110
38 937735
12 293409
36 678368
10 853573
23 704556
8 709097
17 148064
15 374480
17 682758
49 431979
22 746057
13 787716
1 889443
50 663631
7 125628
25 231437
46 201059
12 982415
47 325150
3 837510
29 209617
12 479012
22 394920
1 579251
29 3569
22 673948
41 115402
28 320029
26 767664
3 503538
8 171101
49 792087
21 791648
16 868496
38 588138
35 444285
10 996126
25 203922
6 863999
16 811262
28 301704
46 100571
18 474878
40 106152
11 641923
26 832049
13 234807
12 524209
30 813899
35 434837
30 858513
4 703119
21 99596
33 557381
29 589812
17 191795
50 865691
13 762359
22 983829
6 293896
46 699098
4 922814
49 853047
37 473969
27 546754
2 726599
42 446981
40 303506
13 862502
21 935862
19 234382
4 436877
1 454849
38 505403
46 363572
48 724119
47 725040
36 393434
49 521544
22 352036
17 160146
5 741234
48 69506
8 143591
48 287588
3 914615
31 988936
45 992575
25 357706
47 964253
38 707919
18 420683
33 133107
17 776810
15 619886
35 916790
30 612464
4 589436
26 744780
19 751926
28 392541
12 404382
42 358778
36 476609
46 490299
15 919463
44 30202
37 834127
15 709151
35 653542
24 734975
31 294862
50 328659
14 754394
3 382479
21 800173
16 986395
8 947648
48 308656
24 75797
11 465939
23 811868
29 197752
13 21081
5 899298
42 560762
9 830432
1 889973
35 526369
50 22013
4 66829
24 430791
12 411619
5 39187
23 986322
30 732648
39 427144
37 389254
2 223904
12 497619
2 230149
5 787055
38 525928
39 767451
5 630545
30 356983
21 481028
8 187267
43 831910
18 995003
20 940555
16 309192
4 727977
47 59689
15 683966
50 28355
4 308778
43 708605
5 266587
41 71763
28 826057
5 421264
46 676533
35 726330
20 169540
14 178799
17 800609
33 72722
9 868509
7 862979
47 77006
21 388611
23 727321
2 581228
32 125040
40 156028
27 603393
41 887525
35 822272
9 785178
9 328955
14 264131
49 374514
48 111754
18 38963
12 980706
30 43870
41 569483
29 899137
20 40359
44 611949
13 844159
8 114654
6 92941
41 483970
29 247020
38 491680
40 63436
49 225989
11 142310
35 545698
35 127891
30 305877
17 87042
30 577309
46 309048
2 183140
28 522039
30 44042
1 34969
23 830558
33 914595
42 788639
2 184733
29 936582
4 318444
31 450758
47 231100
50 248851
30 446656
28 467214
5 471461
22 966081
21 527850
48 896983
29 18016
38 913490
41 638341
40 434126
12 382049
41 686812
3 356177
5 608873
38 585157
49 561345
40 974912
38 836203
5 659467
49 449364
29 798745
10 69887
28 72304
44 156715
18 702495
24 365354
39 613832
8 667908
43 829757
43 921144
4 149394
33 468238
29 111638
36 324116
22 599680
3 78116
11 282583
16 776166
16 502243
1 389440
19 216750
22 373524
26 115608
39 866676
3 228726
27 81354
18 346816
8 333295
8 664926
28 523092
31 905471
36 249754
11 755572
38 152981
43 980499
40 549881
38 16608
35 687868
33 754647
48 733592
35 707136
40 859533
36 651022
14 607880
25 140140
31 72970
16 854720
2 631655
45 749605
11 289795
47 169035
45 368939
4 660495
23 781927
25 861886
35 189927
24 466741
35 982233
47 842570
7 272559
9 765566
30 273870
46 28028
11 782180
50 877050
22 447717
22 773289
35 368866
45 951145
29 8877
6 333128
41 784464
17 402344
46 803516
6 782489
29 676161
47 885622
13 992115
44 509565
13 985509
5 508856
14 748977
49 97668
43 568351
9 545285
30 3209
36 791332
5 146452
48 197200
13 433132
43 831138
7 544234
49 728593
23 819841
10 40877
13 314273
34 998141
49 713936
10 398876
17 844305
19 439367
35 767669
5 844515
43 310407
33 199074
21 998663
14 557530
25 291143
17 248578
34 170407
30 771669
7 695098
33 168815
45 691302
49 528359
49 572971
10 290116
7 93460
31 662667
15 354314
48 448776
5 485910
25 840525
5 864688
48 96950
20 504879
21 217004
36 719115
43 213053
21 266974
13 936535
26 919047
43 542717
11 275350
10 821041
26 637469
18 775572
15 372885
7 216366
6 391444
36 388756
49 594169
38 428284
44 378485
27 662747
25 979145
27 701328
10 646202
39 470699
44 104539
21 197609
19 529877
44 187501
1 645390
23 45413
47 884749
12 224099
37 932111
43 986111
21 939555
17 422283
32 899442
5 593713
37 984672
23 453710
10 875796
30 725177
40 774032
20 740314
32 365470
3 188697
14 952680
31 108346
48 125775
10 460382
31 427251
9 537824
2 825308
41 111811
31 471642
46 473262
1 866053
33 475432
7 838241
21 734069
39 741178
48 492309
15 835053
8 43301
43 540821
32 139682
38 140689
30 687274
7 667427
40 318613
36 531063
8 233787
24 625095
5 56391
1 950731
32 479530
10 353059
25 298778
47 366430
30 567097
26 76335
44 848930
20 331280
31 468061
49 190472
23 967260
34 700122
12 165531
38 689107
35 670817
23 222253
31 762491
17 376399
20 454198
37 592913
22 648769
27 966903
34 913708
38 330905
14 974056
22 914806
8 898491
16 143517
12 524194
3 834356
25 569173
35 493609
16 893716
45 873243
23 9079
19 316293
31 859217
17 209918
30 126165
30 66188
41 321186
28 962655
5 606197
50 496741
50 674486
47 111293
34 538253
7 879783
13 301442
29 570144
13 328014
14 615444
1 200245
29 813483
33 66904
43 609763
11 603322
12 179167
31 573564
11 377453
11 645624
39 781918
41 536506
44 411053
29 11544
19 755629
8 819068
38 292155
44 885202
21 643920
34 754557
1 439521
37 450659
36 69767
29 717573
40 837114
22 127103
35 962219
16 317958
5 235175
1 576206
15 345733
16 711530
11 359764
21 240675
28 552614
7 320992
16 660863
19 475567
43 738852
1 390338
23 591685
47 564108
50 297389
41 906593
12 94642
15 733513
12 19305
11 191213
18 652828
32 739262
44 401659
14 266342
12 492430
27 983458
44 16630
10 508840
46 919108
31 131862
1 487454
46 764420
49 198512
42 648222
39 112578
27 585713
30 217452
46 448302
35 528172
4 430458
23 233337
10 392985
35 715484
26 264246
24 469810
16 341087
28 951126
34 466688
15 775012
37 960116
34 753131
6 431272
6 855428
48 548375
21 827014
25 123989
37 616496
35 560828
16 406371
1 767253
35 620035
4 74991
29 63642
16 409873
17 259679
44 644469
48 342732
45 606749
15 904876
6 139587
18 310514
16 894771
9 459519
4 807338
33 128153
42 209025
26 468944
10 103541
27 21467
32 650726
29 362241
19 304064
35 976196
6 746693
8 875571
38 986556
26 424803
36 794201
17 495317
7 503463
39 743810
18 733029
26 137762
29 83466
1 746875
49 684022
41 744719
38 206193
9 380072
8 405177
32 846384
21 25545
30 696480
44 468417
5 55772
45 261569
47 806468
21 530431
38 272687
20 719198
35 111540
31 52245
2 988661
26 147354
13 550873
26 924732
45 845588
50 568209
50 798155
25 129765
22 326760
3 711857
31 80803
41 419907
25 929407
7 959481
7 556240
34 151869
31 209052
32 394838
10 988669
34 377931
8 692805
3 941135
40 964409
50 358848
29 705698
41 948193
28 28766
15 917413
18 305387
50 315033
24 985416
16 72412
40 695424
32 69927
36 47521
12 172840
39 481845
8 117
25 192638
2 13350
36 53673
39 20970
17 830997
36 68105
14 937816
1 669066
6 321344
25 502367
5 44260
19 662165
41 804415
19 57247
18 966794
10 429299
16 9443
25 386087
18 800874
28 187898
34 365407
42 610190
37 283409
19 791546
50 986970
33 498482
33 582093
6 745798
20 678946
13 471986
28 241459
29 635741
43 503399
15 9958
10 808388
29 915336
13 655924
29 140092
3 328089
21 532914
43 612547
39 749251
5 160424
43 810367
28 364900
40 197613
30 253642
1 201050
37 785139
1 724817
12 798419
50 881185
35 645998
49 655268
17 339086
15 469426
24 653790
43 570674
39 332266
48 269174
9 340287
8 609426
2 709725
36 83557
46 235256
22 549293
2 340037
5 131608
30 742748
32 168106
49 10305
21 192271
18 708187
21 165509
17 981891
48 772709
7 656447
17 779998
28 783987
6 91350
32 153869
16 388774
12 381929
9 636528
8 889627
6 847
44 123247
14 22687
2 264217
12 76241
36 435827
15 734269
21 309886
47 84626
37 409294
37 470545
14 732088
29 969875
39 299452
43 895071
11 45021
22 198650
17 988619
9 598
31 437871
1 732111
23 998545
15 643399
26 800679
13 11851
6 467908
42 741444
21 685993
14 391696
28 716506
3 66639
31 185151
38 660666
28 450562
4 512774
25 972645
48 189868
24 510840
8 74344
40 417351
17 327290
43 731747
29 182931
42 498713
4 446388
11 851732
29 7914
24 717137
28 855142
7 366822
46 117639
34 886225
8 397256
7 634735
20 516648
39 108705
38 5214
13 536039
47 764041
21 919099
7 747320
35 37012
46 72013
23 584430
33 907710
8 387827
3 358680
11 699858
38 184541
37 820707
45 350843
49 714538
41 902423
14 360683
39 763659
12 138258
31 539605
7 972492
33 597118
16 745418
4 702584
30 342783
9 86337
17 76570
50 980968
31 249275
8 584971
28 150883
10 383504
34 671980
39 800389
41 390776
29 663096
29 249300
14 520380
32 143551
3 430930
24 910658
26 136115
34 147287
46 588267
27 469221
1 723511
44 965519
1 790991
46 12468
19 730027
43 155546
7 650692
23 794063
43 822427
25 992238
8 203445
29 373618
16 358456
50 320015
12 949948
25 850548
21 358540
3 658516
3 711724
27 201773
26 911928
1 477669
20 893512
31 36965
13 246697
49 947142
8 276832
47 443401
45 264077
42 305484
45 900512
26 427768
46 319324
12 32669
34 714715
30 592952
49 592209
35 186468
37 858920
22 65579
27 551569
18 962420
38 663483
20 175693
50 768956
40 154147
36 317932
18 603652
48 321888
14 781765
30 419575
36 199340
20 291173
42 651831
22 419536
37 50840
17 896445
20 500022
36 652868
15 443176
43 351043
29 934290
45 777460
20 379945
25 713996
33 935079
5 979351
46 304231
31 962917
16 768616
21 853242
44 178622
23 845987
31 999839
36 30896
4 107822
8 185565
18 922845
13 481855
5 385901
9 277208
40 25451
19 72062
45 472227
47 740316
45 549155
13 773406
30 748041
16 851618
4 631800
5 572772
18 593580
46 717704
35 155328
4 298384
45 976585
24 359288
31 567890
36 241079
21 311405
50 289681
50 439576
29 939411
35 784022
21 638944
25 901333
42 578672
34 919138
14 961743
12 455713
38 331505
32 234214
33 610726
4 219182
41 682923
7 61583
30 678353
26 933713
47 450358
35 585682
2 659389
31 686351
43 791033
14 59710
16 589343
30 279709
35 670737
23 740338
30 24625
18 111140
18 64907
29 330840
5 152444
10 736941
23 65629
10 371662
13 283900
25 978012
47 287780
16 1220
19 997985
22 257574
23 296586
19 285154
10 963689
32 900549
2 908340
27 326224
29 713761
4 116611
2 657844
38 506614
39 800061
43 427746
22 807119
49 751650
47 476134
12 845020
44 973789
32 223731
21 869754
16 459971
44 913303
32 754117
34 159684
48 778102
23 245633
19 625142
49 389334
35 767463
22 945475
29 70437
34 421269
14 639535
3 617316
48 444570
39 430306
50 413425
22 54066
17 788800
37 232769
44 441727
6 409600
14 383916
9 853573
33 940612
34 342749
22 867264
9 862609
29 162368
18 90205
40 755703
8 21649
13 859955
26 544984
6 297601
13 405611
47 812864
23 460393
21 936042
35 308705
2 905582
29 693672
38 518369
13 358574
31 463972
15 274663
49 688079
22 170325
12 554651
10 874593
2 1837
34 811087
18 932381
37 978614
15 193206
48 687655
25 281037
25 703679
9 122917
21 485422
49 287844
41 292974
6 148030
35 380811
31 946986
1 195940
49 93624
8 115506
35 666601
35 15661
12 534996
43 8045
40 831652
44 644412
21 802132
8 385610
10 976457
23 315132
2 440027
38 953169
30 310548
40 836618
1 520759
40 126959
21 607662
31 86603
6 358831
40 137265
38 760129
49 513323
45 202211
13 537090
45 306073
9 110101
28 598580
3 41447
26 258651
4 398406
31 150569
40 58794
44 428172
21 534856
25 591335
33 224011
28 214336
23 713127
43 378843
31 921374
13 845649
10 946176
29 91996
27 296136
2 868278
9 727397
38 963625
37 496849
34 395482
16 973789
7 564391
13 621402
30 656227
22 142972
40 496724
36 950876
35 981128
35 73821
5 889254
30 871287
10 559024
37 100583
20 860019
44 654471
28 116665
39 389265
18 270157
1 408367
28 525688
16 913556
1 125813
13 800823
6 478068
36 955048
26 393121
6 709404
48 473410
25 462363
49 528303
37 598999
37 475877
20 653906
27 7750
33 748541
39 798939
35 540829
26 463574
10 722684
44 916131
5 840319
15 346095
13 964539
23 932731
5 89728
40 387070
8 511014
24 853708
21 527092
24 995812
33 428839
17 142349
37 551451
31 240910
49 150936
19 509607
16 224413
7 702215
1 644733
36 404287
6 88021
32 124872
34 9121
11 743990
3 848675
42 339742
12 612894
44 499372
46 428610
31 753591
3 337048
38 162941
26 715348
36 718241
42 513717
35 176608
11 832540
42 674572
49 14651
16 884869
40 670054
13 517432
25 412406
36 861162
11 282998
33 246786
19 872211
14 218605
10 158330
42 541928
15 871549
40 490515
30 877359
8 16736
42 854193
1 478160
12 90331
9 276730
44 406974
15 587134
16 371321
45 597408
47 77660
21 712113
38 647111
30 397270
50 580263
18 893784
13 83505
20 212408
28 343
23 521257
31 350389
20 161063
43 161260
43 927695
43 413951
45 955218
26 285337
13 726687
47 931484
47 530324
32 355884
28 302451
48 778576
18 15672
40 261192
5 215977
25 841346
14 243065
35 159454
29 567046
43 992378
29 937876
42 363515
13 973057
1 455629
43 66781
33 805425
36 362597
10 856364
33 359392
27 368586
33 559713
34 322583
27 449358
3 867916
49 977844
47 958046
42 856089
35 323581
3 52943
18 6341
2 58984
41 451197
10 443221
10 546159
14 450617
50 357096
12 560567
9 601186
26 663094
17 770833
12 523734
3 436588
25 166573
44 548074
24 417827
38 574836
11 249427
2 575429
27 347118
19 66545
15 864658
34 505607
10 376878
3 502071
35 292396
35 692118
23 775679
3 604235
47 373748
14 821901
35 734964
39 623123
43 942578
26 959681
30 866379
13 745115
18 874099
3 9633
1 308767
30 157107
8 961167
46 433621
4 546055
46 878636
42 675081
12 13332
46 941566
31 759219
38 238483
45 984486
31 223991
20 85343
48 87017
5 954348
10 736826
48 260141
46 855277
15 111273
13 665075
35 851987
46 965314
28 907275
25 602354
43 120349
44 507149
28 106617
37 693548
39 998858
10 776000
23 152069
12 479670
2 683793
8 80129
16 176495
32 912349
30 7471
42 278070
6 112749
35 304113
35 22515
22 848622
5 673841
2 790057
40 828189
46 775606
15 458591
36 950662
33 479461
12 854366
17 869164
36 150855
43 488555
44 281613
40 706681
33 998992
35 186974
49 242583
29 661430
46 495088
14 419428
9 872688
10 39557
22 643632
31 260515
33 477101
29 932718
22 933723
47 161618
23 75103
39 973305
39 755273
10 637711
47 146636
28 964186
44 97170
5 82337
31 95521
35 302029
30 555977
40 12819
6 714013
49 574267
48 576894
27 462143
8 746997
28 87847
21 688947
43 803966
18 91729
42 849401
47 290088
8 922260
10 263726
4 572596
12 922278
37 543458
17 317178
21 504482
27 666267
11 322046
3 9027
7 495493
38 477975
20 553007
49 367393
7 821554
13 168654
14 314491
5 697594
7 130139
1 155895
13 969366
14 52278
47 288025
28 740032
26 45735
12 851349
2 404234
50 724078
16 470792
17 927667
43 439954
2 908156
16 780339
11 216747
35 943697
6 301929
6 97625
9 316729
42 343550
37 194605
46 696204
24 504193
34 773524
44 170753
16 490123
44 482276
48 307386
45 89135
49 19885
36 298191
39 259382
15 547258
12 753156
21 424584
33 170184
38 243393
5 253071
17 471981
34 297088
21 966759
21 715458
48 726012
13 625605
41 919648
40 780921
10 604834
15 955054
15 352944
16 677505
47 320296
44 252116
20 282810
24 812098
21 984948
20 934377
22 210252
42 754815
24 109349
22 548661
8 688219
41 697990
49 354429
11 692789
28 749153
48 695589
9 189742
41 380490
9 591799
8 838637
50 839529
27 860618
10 889045
42 778184
19 619096
28 759811
14 894922
11 325170
33 144350
46 766411
36 970466
1 939280
40 332034
21 389925
35 274757
15 103660
38 167656
47 845779
18 166829
21 328049
43 997747
33 380338
30 536263
17 103292
30 517138
42 422034
32 623957
44 427206
31 998584
7 429117
6 129126
35 9881
17 312804
46 254569
1 126828
24 866420
6 874554
43 418283
29 338798
11 6627
9 486128
13 212729
27 301761
9 739972
44 294789
39 883954
10 708036
13 423683
32 250188
22 375457
29 771788
43 450046
49 539048
28 735681
49 105322
5 508778
36 951417
3 351845
32 450008
30 636957
13 373760
21 800597
23 360195
18 747777
13 932961
9 605921
2 217698
9 508171
13 398232
48 793537
20 562387
20 291995
27 860803
22 713006
23 789011
18 509283
20 340894
46 342682
42 412253
2 946849
23 109854
1 909642
35 142522
38 875293
12 384084
5 968151
13 804807
22 797114
3 340863
42 929755
16 24147
10 597830
44 674085
23 589139
27 920901
39 325308
49 799559
31 716865
15 180746
28 170137
20 808195
46 687762
33 201580
43 610974
47 178452
48 69430
39 455535
20 228182
42 413196
22 152336
21 698517
15 654126
43 977289
15 316059
16 302352
11 551991
28 829025
27 912707
35 106770
35 853857
39 434612
18 410918
3 949499
44 225256
46 842406
5 596936
10 542544
40 529730
13 855448
27 779916
34 364078
1 931594
38 594327
23 552723
12 987682
30 594104
21 896196
15 215269
21 579674
35 461674
41 742329
3 115110
42 104416
44 592020
2 729805
34 429669
20 368672
22 818662
29 685648
33 729095
43 873590
26 886459
38 624244
30 987850
21 245152
26 664047
34 850108
39 757252
23 342521
44 276477
50 104780
27 889282
24 593070
29 448722
36 699475
45 417095
41 264566
12 91282
39 372843
45 536748
24 731785
19 639460
38 271142
35 682766
35 167541
48 774268
26 630805
20 636701
41 105553
30 331489
5 217355
15 285043
36 449138
24 843122
8 334107
2 269027
42 967199
2 731329
26 899289
24 197064
44 84902
14 838535
19 392101
34 879924
14 891042
5 961741
46 29488
19 728409
17 569824
39 922533
6 390298
22 576811
13 255743
30 293776
3 99197
18 204533
31 491017
25 83535
48 298350
31 870418
9 17817
49 622710
22 42209
50 674761
50 305470
16 29598
9 247800
6 640679
22 459511
26 571913
31 830262
41 269834
46 372812
6 262409
46 433776
43 685106
34 569103
5 517156
12 819234
15 66606
7 506580
13 620091
45 48124
44 754452
32 656371
40 179110
45 716381
34 293120
44 385951
3 631862
14 222327
41 192261
2 547645
39 446811
10 909344
44 57995
3 786463
20 134841
41 789671
34 164246
48 259681
38 101230
27 651411
34 584038
42 743842
10 269819
41 135655
48 658288
40 230378
10 387954
24 909025
2 591435
29 612423
18 613658
50 354704
1 937400
30 763275
41 243663
30 32770
33 816257
44 616415
24 593931
13 988030
6 469959
8 393569
14 817531
41 951091
24 269706
19 948203
25 205356
38 676087
17 513744
34 905297
5 625038
38 787085
41 266654
18 476329
6 327464
46 798139
19 667198
10 153206
33 3836
38 340011
4 652121
1 392176
33 143454
37 701620
34 252633
28 179580
47 793190
11 246235
27 933688
28 526285
2 789766
47 150876
29 604009
45 899467
25 683068
49 110297
18 469639
34 908085
32 707842
21 72146
32 75398
19 999485
26 799517
33 888114
20 477429
15 432651
38 189833
10 455254
32 838815
25 360910
18 831503
16 471007
22 795839
33 189714
50 288752
34 253968
9 567879
48 891610
1 516641
20 299621
10 155586
10 879631
29 394049
36 69682
20 947870
3 668463
22 316410
22 617599
9 752004
40 397413
27 104769
4 887930
33 651404
39 820583
31 963192
10 958651
11 51322
39 891147
44 837895
46 596886
46 8096
10 938115
10 982996
22 18379
38 54156
7 867413
28 224234
40 987367
49 10116
29 53755
31 687004
26 131547
46 258504
37 312346
27 679768
2 460812
48 595750
25 139844
40 439277
50 91057
31 984528
11 986544
23 475410
20 613321
18 434273
4 198200
46 31493
40 102489
38 341794
9 422172
25 577402
26 198650
22 334790
23 455176
13 147265
28 855208
15 130963
19 638075
27 704388
32 293396
20 381536
8 846054
34 577265
49 911342
17 752614
7 843522
50 174927
15 7865
41 221666
25 15038
41 357424
49 53324
25 34940
3 727336
29 253697
25 413419
47 258966
14 377907
3 83697
21 776747
49 22858
15 822569
42 97308
11 392878
38 913106
16 708936
12 531763
30 249126
39 510789
33 396844
29 969432
20 661940
12 166671
41 645148
44 649894
34 544855
15 797663
14 269996
38 86978
32 810405
21 179077
36 733332
33 986283
49 56928
43 355005
44 708645
43 486137
7 165536
33 544479
18 287616
2 68002
16 179289
44 123189
44 144192
3 929849
38 863168
41 643539
41 10500
3 182992
42 365234
31 736577
27 422059
23 65870
10 711062
9 134944
7 572663
47 404359
21 234183
28 261377
37 129359
7 623373
31 683099
40 335710
28 704136
1 405126
40 883771
8 681378
40 533597
14 635197
44 392325
27 800986
38 140129
37 224629
13 993716
29 127318
45 216652
38 537494
37 66636
22 653069
12 930228
11 81924
2 80844
33 292859
1 251311
27 941906
14 930645
5 478870
11 582153
33 595148
33 950714
40 464451
20 283986
49 636900
21 984763
24 559295
29 918004
41 529388
32 472468
36 206572
29 155747
9 167578
46 452598
3 480250
19 246556
28 308063
41 870856
6 870206
30 610305
45 225998
43 460399
3 3135
33 264955
17 209527
32 400108
42 949059
15 454957
4 352023
17 971520
30 98945
27 243975
24 203229
12 345274
17 372914
22 526485
10 236707
46 658243
22 203290
33 200312
2 405574
1 926814
26 57565
25 437469
42 129787
11 62721
33 482768
1 728520
5 591293
50 300594
37 894794
46 829971
32 910794
1 921769
45 367754
9 66543
33 838788
46 200338
50 540136
37 603354
44 762926
34 31554
30 731825
42 453273
36 760840
11 101465
23 80978
17 139426
1 308354
20 609388
16 200959
38 866399
24 273901
47 510212
20 842838
42 949121
42 502791
1 679811
7 577964
14 831593
11 763268
24 674512
22 944864
6 219527
15 864869
25 648612
49 359634
31 391080
18 691424
14 971420
38 583392
41 974842
43 253885
19 20827
20 862042
3 390082
29 730449
46 643634
40 423603
31 207436
42 285773
47 846584
37 580978
30 708872
17 115339
38 873493
3 915848
34 261060
40 8309
48 695449
34 250369
46 93365
1 129744
22 935457
25 563358
32 608580
37 875477
36 130813
21 587254
19 323190
31 7656
26 104933
40 815481
22 691045
43 513853
34 169975
32 583804
30 982314
7 352275
10 688148
18 268515
23 300872
26 631434
32 761410
43 309377
1 816589
28 684376
16 181754
47 436341
5 618858
28 178580
7 793233
21 42926
46 923248
7 898172
38 54813
14 136504
23 275470
41 890821
43 212917
29 177591
45 433233
40 833990
28 284476
29 461685
3 738285
3 556566
3 97058
49 472824
32 508307
28 640056
12 367336
39 261194
23 183806
17 877573
49 37463
32 414830
27 435121
47 253998
35 669863
13 980029
5 852122
27 476071
40 689529
10 601113
30 85312
29 596557
13 877127
13 272781
29 757786
9 443136
34 384809
33 257625
39 485279
10 892143
34 967166
19 291429
22 686921
33 589475
25 291962
29 754382
44 213633
16 574760
30 689585
9 783635
26 200112
7 811445
35 872614
38 830603
10 973882
29 31655
41 210898
21 965906
2 304728
46 433020
18 290186
28 306925
9 857898
49 691599
15 925049
18 391184
43 917904
5 994892
24 778818
50 921564
6 49685
37 616047
50 836601
27 237978
9 432095
30 885567
39 664768
10 683634
30 219919
29 462142
29 754456
46 448548
40 887381
32 315715
12 884922
41 942922
31 423421
46 512586
14 553997
4 228931
12 773515
15 63162
43 797303
20 805841
19 811363
23 937787
5 622928
47 293905
43 774913
35 819076
46 436096
41 810654
3 437559
6 858496
44 284360
43 914040
10 121075
10 972846
17 186858
28 934596
21 579022
47 958386
45 278314
28 605161
40 556719
24 761676
44 823521
42 553978
28 835599
24 196258
28 317220
28 928854
41 569590
5 22682
29 375977
8 608033
48 742545
1 575337
15 556059
40 140690
34 158419
43 188674
14 423439
2 311123
14 219259
21 534921
16 800330
50 701611
23 488059
21 25996
49 735548
3 893493
12 87780
22 369245
1 10296
41 898953
44 296984
7 31989
25 886280
29 629806
42 40021
8 902697
9 957685
10 159881
31 230544
16 650104
4 742576
26 971554
18 28089
39 358739
14 312630
1 832037
23 638783
9 759870
42 749231
28 549950
7 932375
29 918310
12 776090
38 246170
28 972332
35 350773
47 735183
25 395287
35 283784
14 642922
43 309213
9 164881
39 386516
27 238698
47 950510
19 166310
41 607047
42 481796
33 932506
12 756975
18 34715
5 893626
12 547929
4 925076
44 107280
21 787460
26 185918
26 429384
38 720823
18 579169
34 578570
10 102845
50 180029
45 989630
46 121721
46 57890
3 177017
39 701663
34 934899
22 373241
3 543677
21 599439
46 599415
28 303445
47 136422
14 37985
3 506094
28 388772
41 847784
5 564098
26 151765
9 912648
2 136497
28 701450
25 730654
25 661113
44 648781
44 356738
38 184307
43 351729
16 748417
29 919557
13 562287
22 615285
34 434279
43 536138
13 359875
8 362054
32 380458
43 253348
29 467027
33 856031
29 339512
45 672729
26 338016
30 441621
4 84292
26 962088
3 911848
28 358635
30 267051
7 546536
6 586848
36 461859
44 522213
16 185618
21 492847
46 722608
45 930929
25 566041
32 472896
12 915533
17 551171
8 502754
18 157499
14 469266
48 363784
14 798053
22 622883
9 220104
41 704278
28 85102
34 47932
22 295417
9 241647
4 617279
2 467867
1 706386
3 59733
43 732724
48 690422
29 749913
38 727226
2 767634
33 82297
7 498821
34 21467
40 553580
37 999610
33 528556
39 9814
28 169857
25 508801
13 572558
18 407424
45 795461
19 47803
48 51016
44 440598
47 982825
31 594343
33 565303
6 167566
10 145126
27 328447
46 267112
42 145225
49 446826
34 154064
37 224719
26 406621
35 655649
4 459878
3 142546
43 539415
19 434840
5 193533
43 248814
5 171851
42 494288
11 934539
34 205935
50 904527
21 83618
5 169334
36 643497
15 146785
14 358449
47 690317
3 421978
22 41363
2 552922
24 217104
16 459093
19 275145
43 155139
2 539204
47 898095
41 295818
48 401589
11 886495
36 572330
44 921795
3 387046
7 936585
14 918532
3 949192
2 977858
18 246602
46 448495
29 317241
49 54245
30 462733
33 589706
26 218192
24 678617
18 717899
41 477578
13 821111
5 625654
23 476620
24 515415
32 670904
16 106119
19 397014
39 61221
48 922158
22 712913
20 557516
7 315340
16 971766
48 495305
38 542468
50 843430
7 883594
27 265439
49 252870
15 723348
38 78178
2 994459
4 957870
41 549627
36 962457
28 732922
50 851827
27 580364
18 488399
49 611034
11 772557
42 493797
5 453723
16 417097
3 382329
29 425538
28 126057
41 364135
2 109689
10 239414
28 386942
17 441864
34 873269
40 678597
34 294692
13 416925
47 287085
41 522548
13 603127
50 12545
38 190639
8 99936
38 978235
7 465613
14 76469
14 868670
32 35409
25 992788
3 942133
41 564137
2 544755
40 445876
14 757657
45 786364
23 162015
50 648211
8 280525
7 987306
44 750699
14 501652
5 487462
36 347132
14 499108
47 680515
20 845273
38 530805
40 283688
5 472204
17 95960
35 411879
49 910000
8 29530
49 108703
46 532828
5 446199
3 339520
40 409947
16 343120
21 424119
31 106827
1 417249
29 83967
5 665601
23 612843
24 422333
26 190238
18 936540
8 591984
47 179592
13 393232
25 115187
39 565174
48 505946
15 25621
6 244976
24 85048
34 996183
9 550212
24 735593
50 642111
28 874945
6 638399
7 601052
15 201953
36 949910
17 532199
14 760412
37 337900
19 258703
29 289438
15 315744
33 282493
4 59078
12 850869
43 454060
4 644173
31 190934
23 930703
16 927460
46 262151
34 697594
17 704760
32 757112
9 568440
45 589491
30 336325
14 519690
50 961220
32 911291
34 345294
47 27049
10 166864
41 858902
50 810588
30 468892
31 412479
32 652877
45 582580
19 783249
25 799276
35 755071
22 93851
6 696608
31 47791
34 485683
17 214069
2 414956
21 261583
12 389505
36 777181
4 574059
30 380434
14 805913
8 81634
39 246829
35 492418
50 903196
13 504523
20 828071
39 355533
13 113250
9 751014
42 662880
13 541702
48 953683
29 573922
10 861627
16 999631
31 386934
30 453394
41 793048
20 671849
10 549879
39 656856
12 461854
36 194206
45 570144
28 494261
14 151412
12 511581
49 865485
39 148668
4 804251
32 187050
4 447398
33 132334
6 121928
31 318077
37 389909
39 299640
38 740476
48 150654
26 252893
13 478382
11 472691
29 492574
44 36597
29 536879
47 539096
24 685127
5 123465
30 563639
44 619417
2 195836
24 165780
5 72660
49 83534
29 892191
31 612862
5 883958
26 233788
20 568847
37 944916
34 686412
35 90086
4 987754
14 272880
34 210320
33 693519
48 993618
24 506746
14 173441
20 568012
9 393088
33 13815
34 70342
21 702055
20 547486
11 630301
34 567189
42 849407
33 643651
42 546071
26 295310
26 540696
33 92958
19 961587
20 208995
37 872758
10 900464
19 454152
26 218118
6 874886
18 253406
42 278629
39 711103
26 548962
8 471497
11 480226
1 442568
11 758439
47 890332
47 678056
1 960885
50 140288
47 129338
6 334636
36 653874
49 986865
20 687407
32 93603
18 277559
17 585167
39 695227
8 564830
50 228348
7 900761
16 668970
9 945684
23 192837
42 691900
8 747029
3 328879
50 331705
39 710600
30 739940
35 422046
6 90469
13 204197
21 652016
22 753034
32 470325
47 952581
42 664402
40 328188
30 496931
4 735644
50 534090
1 125433
13 129470
35 897478
1 444573
11 142873
31 342006
33 543216
10 339321
28 52822
25 4001
35 690165
25 645591
32 925616
24 410414
24 819299
10 931357
30 142892
34 935731
43 570536
14 334204
28 766747
33 790544
39 366899
14 769531
29 807671
30 679819
19 262268
48 848065
17 367221
36 974096
40 150917
48 394597
17 102574
27 817826
8 905948
23 248686
31 235226
19 821970
4 553161
48 264886
6 51202
35 8496
46 59068
1 263038
46 909767
2 210954
41 825313
4 142396
2 871808
26 313887
50 733036
8 465899
26 898026
28 33714
47 607427
17 837778
36 743698
28 873242
33 743590
46 871021
8 25790
11 421050
30 503503
13 177560
19 398391
28 458488
15 356150
32 631983
9 762242
24 844430
20 666860
43 518427
49 951550
36 109560
22 771544
18 502282
43 647271
31 207166
45 506782
13 426654
15 647956
10 917939
32 994937
6 732799
3 371303
21 786012
41 496136
2 578475
41 310250
40 243108
43 740421
14 71794
35 695477
36 836596
19 816722
46 378217
3 794784
42 273847
12 143228
46 348950
13 732306
5 309880
50 713921
45 48144
33 470229
2 401405
19 105930
16 636309
35 204922
22 332316
18 915563
4 765100
7 446953
16 517309
26 440866
46 791085
11 837410
40 915165
20 311368
35 264611
37 190926
21 916395
37 49599
39 398586
36 351897
13 475889
44 109663
37 302322
10 844281
6 456415
12 414450
35 639807
44 985730
40 345301
18 939914
7 419043
42 706806
23 817294
23 957373
38 160357
4 105375
35 421363
8 881263
17 397950
32 660380
13 304512
48 802126
20 913746
43 687926
13 807401
32 882730
50 103636
43 810075
2 436044
31 690218
13 124382
45 127380
23 45710
17 503952
17 865309
7 843051
22 614671
18 97726
29 226272
22 498131
38 785652
11 499232
17 834343
4 377645
41 126649
16 765154
46 541126
6 225941
47 276499
19 941473
49 338943
32 518871
28 406526
41 6627
50 855267
47 379968
50 5662
22 521327
27 882805
17 559276
41 480302
50 298168
25 938134
44 771062
22 574735
42 18679
14 113680
30 376389
3 908362
22 504165
12 381333
24 953107
17 17158
37 86180
10 19993
25 231880
29 7719
35 712205
9 565871
33 731719
6 608738
21 732084
29 342567
31 899739
47 625543
11 781445
27 855869
44 403421
49 961714
12 991234
43 550319
36 187664
45 657647
47 864003
1 145596
19 901004
15 255476
31 516220
20 287658
35 258967
41 690945
19 397837
12 85958
26 256507
39 874784
5 855152
6 504001
50 369076
19 134517
36 756311
29 442043
13 663859
5 734539
22 433133
41 875521
49 33616
1 186844
50 474682
42 896519
18 570061
6 769764
31 669091
25 444700
17 119589
5 95056
48 472349
30 468489
36 715074
24 214913
2 209377
6 368210
20 784060
42 538133
22 830600
8 353885
7 643197
20 291789
47 343735
41 818603
3 797616
26 276466
32 241347
10 216147
16 89158
48 332149
24 906997
14 692293
45 604105
31 892623
18 138199
29 23723
10 176058
7 38291
4 59722
29 222133
44 973112
37 627492
19 920046
45 406279
21 188886
42 288004
21 993295
34 109823
30 474321
22 836152
29 632062
10 166082
37 19026
38 395155
36 571021
17 619980
21 876311
40 885332
5 511191
49 803618
8 497501
8 977279
11 497548
41 773851
11 521283
45 96337
4 276816
50 412164
6 131493
34 894275
49 25501
45 122836
42 978867
45 673947
46 550968
8 421438
25 195523
13 601728
50 887062
25 719949
20 980580
41 259017
11 339812
33 536287
41 326842
27 246321
2 366616
8 954639
44 62279
21 22554
7 556393
12 283725
33 831735
39 796905
1 742378
46 133932
20 723768
5 731253
30 785678
49 881866
3 309447
49 723941
13 552752
15 193313
48 145238
7 102150
10 935473
34 78969
21 969852
42 23813
19 238784
13 277859
40 19202
43 353901
21 556976
1 704718
35 958227
5 745786
49 300878
38 62797
42 812637
15 394917
10 527116
2 571904
25 483440
50 177255
24 438326
10 45525
36 927926
37 632329
25 651104
38 348259
23 718304
30 103000
46 536616
3 673785
28 506254
28 6312
16 545615
38 808575
9 709736
5 940487
8 775537
34 991006
40 430504
44 568337
43 821143
2 393094
40 662312
34 279774
46 911397
43 958194
5 810983
14 998325
14 154663
17 39444
42 650483
37 467559
23 637249
24 456829
17 751819
40 893776
39 961954
1 117101
40 749644
49 450449
9 449146
7 26719
7 811048
15 286929
44 984520
8 434507
37 33239
49 960227
41 392461
16 289089
46 547652
21 482267
30 410652
48 133652
37 571431
22 423999
3 768529
11 395314
34 481665
9 284542
29 750143
15 276995
22 308481
35 313292
40 168754
22 155099
29 685332
5 708106
14 62100
46 169359
47 87065
28 407533
32 893470
6 784353
14 775986
18 38211
24 81792
7 353702
47 138229
46 469262
10 627147
22 769882
43 437443
40 704168
11 928630
23 388862
30 628430
13 338205
7 183383
4 548842
7 475513
4 894816
29 916681
27 655845
45 589765
25 322935
24 570433
31 607038
22 379295
32 910282
50 456368
29 518772
36 187685
9 521426
20 180692
33 927656
37 858186
50 127885
46 889294
45 612664
31 259572
16 335319
9 725166
22 414354
6 556992
38 361019
18 912665
49 398942
2 63945
31 375851
20 985566
6 724532
7 282413
18 149835
26 418346
11 832178
47 437182
25 849947
29 445408
39 567130
10 31575
25 594512
20 455862
39 854289
24 216602
18 206892
48 881174
36 243881
40 124440
4 909412
6 911844
49 743629
33 303115
46 393359
47 840911
43 878689
13 849148
47 612565
48 159596
10 210397
3 496038
34 210953
32 453416
39 417622
10 326713
33 950100
50 599016
32 370998
12 81366
18 794823
11 39252
17 16345
15 585021
42 887775
34 922960
19 165
5 343146
12 109409
24 726216
7 907715
27 875153
38 56804
32 303835
7 176297
19 919690
20 95146
41 734221
45 534176
20 511778
35 520249
12 980533
12 771429
24 381826
34 872184
38 157292
31 94811
26 226474
1 130567
49 29047
40 994027
50 107614
46 284541
32 214342
23 1190
46 204729
24 982584
23 70462
1 126852
14 571470
2 804688
49 865980
24 673642
3 983404
15 956292
23 51589
28 442908
39 825662
11 210103
43 720437
24 263481
39 228479
28 50101
18 978599
5 387791
11 437674
43 519290
28 894034
7 802606
29 763601
44 110233
34 180495
5 422980
35 297827
50 186829
32 249015
18 696346
39 833551
20 421881
35 793515
41 799356
7 713350
40 646187
27 356556
33 73898
11 392041
26 410065
16 758234
25 297947
47 186131
1 704263
17 559398
33 113109
19 358066
26 198029
11 399366
19 974918
33 55164
7 312016
23 715498
41 229956
23 778405
8 724060
29 722019
6 416578
21 784336
2 336649
49 713630
43 148318
29 669351
12 559127
8 370457
21 965875
5 324206
14 340690
3 410747
46 89455
23 525414
45 577872
41 928589
36 981634
49 203194
21 865549
27 372729
16 96797
37 455957
17 897298
4 331692
40 320063
18 658644
6 85324
37 710542
8 649850
13 505751
43 872542
33 899191
39 276344
22 283506
27 412245
13 405026
14 78825
6 103710
49 360353
20 630895
17 380898
48 536370
36 176119
41 729984
14 248316
34 807872
30 327438
14 425028
20 215685
23 848237
23 627226
13 471538
12 421996
3 366697
6 274882
3 860203
38 696215
47 256498
28 998959
16 931024
42 76023
37 402758
6 617120
46 541618
3 662694
8 446168
5 697310
4 375060
26 20104
46 112245
22 887002
22 593920
41 284643
39 486403
18 52971
16 720783
16 984416
29 762065
3 785743
29 558662
28 981074
27 706554
6 857021
1 134164
11 135209
41 320922
27 198513
37 456951
23 51573
44 689040
17 855113
15 108246
27 456678
44 601756
35 376792
40 186890
38 103630
37 470190
31 902857
26 712590
18 434626
19 119304
3 974033
48 121905
47 982867
20 211226
18 838975
47 825323
24 344257
24 940521
33 46995
33 575061
10 842802
31 560046
40 875626
33 416696
37 958159
11 969461
49 54416
47 17080
31 659126
10 191133
31 780764
22 684390
11 838319
36 786342
23 825572
25 146116
36 839374
29 265651
15 604595
3 469474
14 821857
41 289986
26 73209
15 946157
35 872500
40 588152
10 212374
12 482891
36 49559
46 125141
31 11692
27 563082
49 263339
7 508277
42 357056
31 403761
16 98293
22 61448
20 904036
27 851699
8 981342
12 701398
38 968425
12 390757
34 461164
15 672884
26 959364
3 22419
30 916429
14 63186
36 929505
29 475318
19 969053
38 599907
7 760243
7 184065
18 551317
37 749511
34 456863
10 621397
24 599793
22 481026
17 806813
33 607350
49 742154
25 559631
14 589234
21 892198
41 375637
17 404429
42 194901
8 724877
8 583225
44 129911
50 512307
35 538456
14 14166
27 426480
2 776970
20 320622
50 282997
46 772875
22 4562
20 202176
20 50897
4 407879
49 388592
18 373223
1 901982
25 703687
38 958669
15 712896
34 490194
40 885487
10 493796
39 504706
19 968199
11 105689
25 570960
31 386827
28 224122
24 298805
29 474188
29 721241
15 380209
25 901025
25 988120
1 957095
27 543829
4 989978
33 533545
40 870332
35 179296
11 592585
16 956747
6 26693
11 854645
45 236555
39 891522
24 343235
42 810055
7 648547
6 651055
22 842012
10 220230
15 569158
29 5907
35 533489
15 279995
49 570799
1 71659
18 297061
42 657486
7 876909
27 675161
12 831344
32 192317
19 471852
23 74109
17 698529
47 516853
17 820495
17 454370
3 723406
3 359814
29 140378
42 361767
23 519225
27 846997
16 444747
33 330472
6 631693
29 384681
41 169385
28 562696
25 64835
21 544391
20 215639
6 470125
41 556073
6 366495
33 671327
33 543094
41 127721
5 203733
2 855104
40 665546
28 205347
15 194232
45 299512
48 119503
5 818849
14 494012
20 276843
39 82389
45 709453
36 97537
6 906140
13 671387
3 476611
31 555957
39 8072
45 605942
4 549702
24 705136
28 48104
20 886106
7 725242
2 702893
21 282045
48 688641
41 558782
27 241434
11 572373
19 754689
46 449164
21 296796
26 624973
6 766037
38 640091
47 432459
45 294083
24 444995
22 596394
50 942007
6 848907
27 577348
30 398828
35 373436
34 379753
5 947050
42 885175
9 254513
19 91629
17 812140
37 667622
45 719618
44 449803
44 521780
17 36033
45 450225
5 386439
34 113218
40 922490
8 371515
9 184015
50 931727
13 25462
6 950414
38 870113
28 617878
42 640396
24 887967
46 587898
19 502347
2 407808
27 517020
15 253053
32 33454
47 4336
44 909228
27 372994
33 797233
46 899307
30 117349
36 119766
20 882330
3 490272
20 507402
26 959776
38 498393
45 184373
28 26605
23 985938
42 286801
21 439804
40 317510
47 736890
16 876398
4 974010
49 243857
40 821159
22 640067
13 550138
26 833742
10 930089
47 640787
26 984395
43 363861
17 107343
44 577689
28 453889
16 204381
23 149267
37 932950
9 797348
15 964487
10 68099
49 137203
26 653547
29 951152
28 425460
28 975691
18 123813
43 413002
7 829675
2 628383
36 907564
30 546120
15 914595
16 715681
19 350894
44 800543
16 355424
25 634794
18 198924
43 958736
22 745006
32 181008
18 929279
15 365195
34 609646
29 143314
48 219539
45 819671
6 359402
26 605125
15 857639
6 711359
17 101727
32 411721
6 695037
16 389391
21 913652
50 854169
39 490249
16 590386
35 17213
22 5692
35 863360
4 779063
33 367961
50 609322
10 142438
44 218242
42 962792
37 761806
33 832327
23 309453
32 456996
38 315523
1 553568
49 53259
30 443558
27 759005
9 677932
27 156261
16 460515
12 524771
8 234570
18 663722
23 871481
14 898397
4 925848
49 478302
47 367198
36 936020
38 14982
27 605261
7 491402
1 286458
4 618299
1 964542
27 554104
7 392282
41 243785
37 153139
1 775594
16 888832
11 53470
44 93345
45 8909
33 587276
7 654102
8 696808
44 325445
20 358023
5 107404
15 293424
23 876954
14 267600
36 589680
44 802543
22 867244
30 205708
4 369302
24 848427
24 275984
44 640239
32 41888
43 665077
14 482876
2 856908
4 261237
42 506614
20 864605
43 965056
34 933274
23 651739
20 769445
28 142847
17 432712
16 324149
22 306593
37 707278
50 315506
38 989024
46 420408
1 293831
42 531279
5 920112
3 518800
20 26125
29 336611
20 108791
16 707079
8 913598
5 110024
2 831161
37 772342
28 126572
21 433344
27 524323
27 642464
37 552002
4 844035
39 995928
25 48597
1 907585
27 40512
47 987028
33 335926
27 618065
37 734125
43 15601
29 552147
12 251241
43 528334
17 749930
27 638526
32 434156
16 358967
20 309310
46 390206
5 796253
18 527220
23 628974
45 880871
12 663311
27 718374
30 830565
36 799117
22 937963
48 142901
41 196734
28 653765
9 531485
6 904280
49 30253
14 464896
31 634635
10 778305
15 107205
8 224173
41 182210
28 42333
45 115903
19 910668
22 346142
48 928480
37 927728
39 144896
38 646725
41 996988
34 441990
22 594966
9 544014
31 699097
6 537771
12 39448
48 614594
42 925652
48 696534
36 813427
32 234156
29 324955
43 181781
18 973896
41 630318
42 12329
16 6527
49 636151
12 499664
47 848080
4 733994
13 533747
16 995032
27 186945
14 671560
10 839274
29 86192
46 535031
38 729868
50 980674
9 25749
21 146767
23 331886
23 104463
41 622869
49 389832
1 395958
49 380681
9 828889
42 141271
4 833129
33 239620
8 142129
17 998595
39 974701
40 767955
21 748997
22 997791
41 263271
14 147657
10 596883
40 948373
24 205914
11 46551
19 924255
40 413532
48 922790
23 21561
27 371887
19 885579
30 9141
26 245419
45 763743
48 53879
3 959969
22 88030
23 608527
28 169781
31 637466
43 847416
18 206691
10 902821
32 830995
44 469278
50 788861
5 960658
23 750174
4 205272
25 500231
28 139004
16 40703
35 489301
25 859557
4 163809
27 438400
27 55861
30 323341
22 617237
49 591312
24 173899
34 297435
45 101747
29 680982
19 363481
44 662896
46 255913
5 339974
35 451515
28 919986
28 576535
45 308800
42 604751
47 907748
22 747891
30 28656
27 510784
14 235792
15 781504
39 846726
33 257234
47 233249
50 747078
26 27774
10 344678
46 89875
26 616015
1 737206
15 409116
26 27249
44 302881
35 950114
34 428617
34 22584
13 169859
19 244858
36 310477
14 915725
33 615244
23 679355
15 976820
33 424972
41 245987
1 131681
48 595535
22 960732
15 954820
32 115063
33 529237
14 156938
20 31488
26 953306
24 801151
18 593530
21 943635
28 497473
3 138138
23 706836
24 258542
25 791283
37 658843
3 969245
14 781573
20 947396
15 436544
37 415061
25 952290
42 228774
31 218737
37 550902
30 636694
6 765364
32 216470
8 250464
29 715726
2 638344
31 725617
49 298906
9 645234
16 687990
6 109931
50 971295
16 988954
25 116420
7 100425
19 222317
12 682231
4 204285
26 326798
13 545399
46 19304
15 614368
17 68442
11 502787
17 590901
46 370413
32 946817
27 536309
34 760146
32 840182
29 837395
38 793709
9 437655
38 805453
38 725887
12 972173
48 231323
29 225722
37 229862
29 308501
44 805454
18 111599
23 841056
4 448285
16 257022
8 543520
27 999603
2 181054
23 825241
13 388430
27 561489
40 765309
4 45568
14 479448
6 288747
24 269121
26 366759
27 718635
39 124531
10 352358
8 98249
37 125585
14 817282
5 154321
23 41449
29 878895
33 123133
43 268341
44 622388
32 491590
30 273370
25 565226
26 330624
9 983666
4 307904
18 747656
18 340518
17 956323
21 762085
22 629487
28 943022
50 30875
12 299325
11 942277
46 330781
34 367491
15 970586
26 329691
5 581201
31 746548
35 912539
16 118366
3 828976
27 292436
12 582746
37 117270
38 726417
2 901124
15 573308
12 973933
31 232793
16 157664
18 247721
43 196058
50 725565
50 993141
6 675576
6 29152
25 101815
42 919835
7 5934
18 435343
5 313912
13 145360
9 931889
40 787316
28 54978
15 967451
18 377361
35 70722
7 804584
17 402353
12 702417
47 800364
46 971415
9 95221
7 331653
42 451979
48 869201
33 112356
22 84794
13 730192
13 859381
29 496934
42 161299
2 360744
22 42134
35 186527
3 985223
26 835718
14 786485
49 155774
18 480286
2 725602
11 508272
27 972103
26 434795
20 810602
4 821286
3 909866
9 127137
31 133463
29 705569
1 959038
5 757571
9 266080
13 647191
33 806928
25 941318
44 318195
45 201105
9 40599
38 757155
21 117060
20 780488
50 165580
20 887185
41 894244
37 401959
10 738511
37 303639
8 845597
7 771172
12 385860
27 284703
25 627239
1 96457
18 39107
47 5912
33 431128
10 426541
47 818152
22 195528
27 904140
5 690674
42 397570
16 955311
8 576957
41 842628
16 116506
49 934391
1 616414
47 358022
14 218089
45 631543
12 808553
50 339991
41 502127
37 627477
8 182784
13 17840
35 728362
19 606442
28 732804
15 819946
38 109562
2 168318
30 942448
35 875307
43 39556
22 263301
8 290142
14 955373
5 738814
48 488385
39 250480
12 136542
2 505206
36 687219
20 925507
2 646580
18 556194
33 735220
43 667326
10 618292
12 560260
45 741985
7 898878
41 593981
41 454776
11 320792
37 94094
42 525674
38 812266
5 124265
10 460477
32 503166
6 340616
27 847499
37 155759
7 896680
28 209439
11 470365
49 708337
34 431100
26 879303
22 689304
22 40214
11 613532
7 489396
16 475946
25 81155
39 851657
11 653997
8 961870
47 144947
42 745986
16 854365
16 611133
32 515015
39 820795
45 4494
42 136460
8 495902
4 397511
31 587993
48 767190
44 286666
17 391189
14 833511
4 648289
38 810117
1 249432
20 373009
26 698131
43 618974
30 938350
32 286123
6 481884
12 594032
46 918482
5 623127
50 972325
39 269183
38 805965
37 843846
38 71454
25 369969
19 150516
40 373391
22 214603
36 816710
8 364309
13 165020
22 45866
28 515185
18 302015
50 452479
24 375528
2 79099
2 762354
2 795696
40 60573
11 32497
25 952655
8 251984
41 16285
46 83496
8 273960
49 713762
30 323243
47 585949
28 621749
12 368868
23 308683
22 551034
18 269344
28 912997
1 780343
26 275654
33 530417
7 65540
7 651958
5 606154
46 21364
16 982860
21 667073
24 278921
24 484756
23 970727
12 23200
44 866451
22 219787
44 981658
14 800719
19 982649
31 901489
10 535318
4 10124
25 35169
5 8289
14 336903
6 864210
49 369423
18 742424
18 258856
15 526176
44 86451
1 330652
34 842419
43 286400
2 664197
20 3082
13 203799
7 931583
28 783844
13 329548
23 632693
45 749214
10 622071
15 775343
3 90938
30 69019
42 808466
46 527559
4 923635
32 1055
47 495528
18 275972
41 755246
3 428782
46 535433
4 193194
23 234819
9 594670
22 71434
40 110113
15 14810
31 950846
5 483916
49 300996
1 839563
21 466938
41 954592
35 624602
18 283406
46 893790
23 703238
27 340719
4 161027
30 975888
42 704380
27 452113
9 600368
11 163815
20 838410
40 62314
24 408881
47 896451
41 957365
25 938480
14 925505
28 923090
8 744034
15 78479
37 290175
6 873435
4 333227
49 327943
7 909718
1 72578
5 96885
27 977216
7 724452
7 519825
35 981798
34 446833
33 771060
40 773445
1 5584
6 468521
50 289580
10 479425
42 652826
48 377444
21 479986
9 863009
10 17722
1 4088
39 287293
36 327215
20 235886
12 232885
7 508563
41 398894
43 495932
38 587824
40 874262
49 449639
32 249012
42 867967
14 891779
32 315721
8 760322
7 378400
12 996555
14 355140
30 905563
40 266616
10 713266
3 801182
16 336360
30 374488
22 517821
38 684175
5 302369
44 764138
15 229259
7 200626
22 181365
14 572809
24 930164
13 108020
27 198821
21 664013
33 295909
10 91062
24 210124
43 711781
22 676030
22 422847
34 172250
15 366077
4 7498
12 590356
46 666738
42 399693
26 52804
38 236285
20 593614
39 654307
46 798976
49 335815
29 271275
41 180246
8 340988
20 598520
20 779987
10 280857
11 310659
5 477070
18 781102
11 948514
37 993674
41 791393
50 973149
30 94236
18 750012
14 164693
17 235837
34 728690
7 935699
43 93458
9 744186
7 100614
41 205078
18 127115
29 943111
48 545916
15 490975
43 522075
36 107393
37 921014
1 333945
12 93710
20 678058
25 970423
13 966531
15 581275
27 245426
34 432422
13 289188
44 565421
24 684660
5 507844
34 816348
19 899985
10 685844
28 542646
31 78321
10 44136
21 412263
11 307212
34 407755
19 301788
37 351048
37 868418
17 531023
10 350350
3 424402
13 128176
37 15
1 188124
34 380164
6 896344
35 299141
4 499216
36 975703
44 509086
24 700204
37 122323
49 533647
49 789191
23 821032
24 408527
44 694232
36 755624
29 87136
39 825377
30 171868
14 65329
44 360110
44 412988
18 154167
16 627383
7 365185
37 764201
2 860564
41 980595
36 966302
21 137371
24 978339
40 235332
5 560896
18 626013
39 506138
34 825869
21 642766
23 495180
13 258421
23 432131
35 263728
14 613246
37 804395
47 888754
11 985461
11 463505
38 969564
33 846244
34 305507
18 316704
4 590968
40 746915
48 802831
38 954848
31 588526
35 584347
49 15441
39 164295
34 399712
12 299520
26 718365
12 718813
30 925614
1 627222
13 512139
3 66377
47 904310
37 345483
11 637806
3 20218
14 134691
32 178844
31 930089
10 770409
37 859862
20 301466
13 989928
32 154703
22 670401
8 474010
17 225949
19 959260
2 70120
46 124990
50 868952
22 94064
12 36031
10 682925
44 886529
34 926422
9 803452
29 778748
9 833718
15 778275
3 265025
21 425471
22 736410
8 419297
20 117620
15 186488
46 38749
24 984414
39 23508
42 158635
43 680255
7 18160
41 119043
22 371206
24 848168
37 873703
18 598936
50 760547
49 894966
38 983679
18 444286
16 321180
18 90709
18 287753
6 137931
15 266992
34 412379
45 766944
33 198761
48 539904
25 34079
15 740104
49 25249
44 875652
24 86499
36 882638
38 305818
10 466279
24 859332
34 585631
9 727065
43 102808
47 235947
39 40099
33 223186
50 829275
7 249134
35 596119
42 141396
26 16960
39 487241
6 106327
23 873212
30 62558
13 481840
48 993032
13 280451
13 166156
20 639498
28 818195
38 486138
24 700382
30 559669
48 287900
24 139548
26 548121
19 737091
43 366481
15 595880
44 240944
23 566254
41 766719
3 405105
47 420776
46 96632
8 260574
16 460214
10 52317
10 790598
4 519819
28 4564
4 780843
11 724494
4 686019
50 418337
12 664463
36 23314
6 87211
33 364088
25 625989
50 355140
13 55788
23 51807
48 958717
17 424223
19 846011
48 895848
20 46004
39 928403
39 295175
28 855533
37 529575
22 687522
7 984793
15 925360
10 584590
9 790318
16 103933
35 569677
3 577922
1 836726
27 36383
30 151578
13 589781
5 945246
32 471887
23 12927
35 952270
29 469619
44 508911
45 417517
39 216846
17 441971
4 612057
46 438714
46 918034
50 867960
20 163571
47 928
34 874124
16 447691
18 899354
5 211756
18 161776
29 397819
48 565899
4 414805
36 423858
48 783702
46 253775
18 98748
39 943680
18 18056
4 121428
22 99737
27 79670
19 805682
28 855513
1 751193
6 755585
33 254686
28 492994
3 698786
21 541856
35 497762
34 268903
38 325101
27 181458
30 645368
10 307375
31 450696
39 602836
24 275923
46 829849
23 758760
29 448657
49 809185
48 65457
36 33187
49 990440
18 57754
30 459233
25 363889
38 11963
21 990776
44 199302
49 391984
45 755332
5 903574
14 586031
11 533629
35 871250
25 198538
50 945311
18 652534
15 138606
2 984985
46 578852
7 92967
16 994563
11 704648
37 285808
10 503202
23 576017
17 653319
48 29507
14 397038
39 219824
10 804285
1 134298
10 549931
17 81171
12 432500
21 560622
46 108880
28 801866
22 60635
25 369568
12 155296
9 895104
31 895104
9 763003
41 680929
14 318353
25 282146
16 35191
16 828829
11 544687
40 403106
46 838076
19 63002
49 894936
47 384322
24 296735
12 252654
40 590506
33 334365
46 436946
16 220803
20 753618
40 688874
23 164002
32 157549
50 331948
24 823370
13 792807
36 168682
2 77455
15 175839
29 446896
33 549420
18 361363
36 794011
24 329277
10 867105
11 959270
6 486478
44 701252
2 997096
31 103973
44 506614
6 664635
28 427721
37 810489
28 307806
23 217470
3 241997
13 891875
34 785763
11 929479
15 422568
22 587628
50 184672
8 870935
19 950252
24 247592
15 762601
4 320886
30 86237
34 474628
12 123640
9 308598
28 668565
35 432448
29 679566
33 807507
11 412849
25 364358
44 18984
24 627091
28 251542
19 872555
2 243709
26 774897
12 762835
9 921258
20 105640
11 19396
19 182242
48 375267
36 568285
5 62523
39 738988
5 584228
10 564665
40 679446
15 828536
21 73673
8 745432
14 861227
10 572558
27 530971
41 78723
15 860524
37 380459
24 711486
16 660918
27 556504
46 251426
5 38439
40 958938
46 496307
7 817452
9 610271
23 887379
49 560443
11 681051
3 863136
33 207526
45 904614
36 616334
14 319021
3 889383
38 162127
48 395346
25 729741
31 809822
27 13883
45 886611
13 738104
11 271329
11 805409
31 236124
7 557593
30 120359
30 78288
2 779314
16 962547
29 817339
21 967850
7 152260
17 292620
24 254540
30 992500
7 464249
21 405978
27 451359
40 803174
37 564368
50 173712
27 80164
21 5450
16 996034
1 260727
22 956507
24 944656
33 259370
18 211327
41 641862
45 623382
15 251454
28 486456
35 94782
1 869799
28 138377
30 92084
38 456001
8 386241
45 798391
13 237487
24 870547
33 823446
8 599883
5 762796
31 919529
32 54283
15 384446
7 862804
8 949388
33 569886
15 25493
39 131327
24 478042
36 779026
41 897054
32 770743
9 556912
41 834456
16 684519
2 917006
50 593023
22 866753
12 790795
40 889086
8 423240
2 478745
5 471831
10 964051
8 840134
6 143195
18 531901
48 625167
3 93530
4 547642
50 396487
29 921019
6 902104
40 883758
1 413004
19 967069
48 37646
40 576944
39 705676
34 824838
26 447664
2 908936
31 446371
35 419425
21 963587
6 547896
4 279272
37 807456
7 417790
16 460364
32 372359
3 450815
47 11190
11 764579
46 297927
18 484601
16 220960
32 163819
39 106822
33 177441
20 726508
43 984981
18 442567
13 596896
5 281537
26 646021
10 676902
27 807630
26 346678
29 314233
30 23908
14 371637
1 196481
34 78780
4 997445
49 777132
18 865480
13 250074
5 397089
29 387497
36 323615
35 795796
12 415145
5 66788
40 872372
34 994934
41 290680
18 158555
18 196251
7 806927
48 617365
33 691152
28 491197
44 139615
36 91583
1 101534
11 6032
2 765423
42 562365
10 436345
28 499897
31 626299
36 749617
8 178243
45 705463
10 453657
4 158754
30 89434
50 568347
29 883838
1 971233
26 935471
6 97753
23 330164
38 721344
44 756094
24 539018
12 334907
49 30031
49 362559
14 903693
37 496866
11 737543
9 736654
36 368569
40 695145
37 211264
8 746044
9 575057
42 184809
20 418623
23 942072
25 835826
33 809310
33 783298
24 205335
12 21113
7 41951
31 382062
50 251476
25 987622
46 581519
16 63146
39 21733
39 655639
40 812604
19 450701
24 348339
40 700082
15 143314
41 157227
21 119931
18 200304
35 950004
50 755280
17 592289
42 697145
4 561649
10 702106
23 619280
15 418312
32 102048
10 891155
14 376666
9 10647
17 156544
35 251927
7 665717
4 865153
39 943225
29 469562
28 476061
9 202576
32 59483
6 540558
42 443126
13 627810
26 569158
11 470945
1 348347
2 110051
19 202056
7 799246
20 774550
16 709504
15 849938
49 603840
38 153199
30 133109
28 677745
13 625551
42 707564
14 907088
6 167971
5 782150
27 471434
38 70867
43 741921
16 315253
26 421763
33 704281
35 841077
50 321748
46 658332
24 420662
29 774847
24 628749
30 317040
7 378433
43 381731
39 168302
29 99991
9 301161
16 869946
1 791047
14 604752
28 802580
28 328999
6 669451
28 340170
36 916681
23 953514
27 174111
29 906041
40 989587
21 839693
9 831160
22 635786
15 548722
39 665003
26 67483
25 525332
25 325753
11 484641
30 32832
19 76628
22 104348
31 670459
4 290856
35 699566
29 472513
7 349885
27 118485
40 400112
46 221613
6 896117
7 551626
40 148129
18 843700
36 169090
37 495055
30 340364
6 94362
40 170855
33 409230
30 460281
28 614009
48 800812
13 552590
23 633793
46 873913
46 642158
20 376348
45 999745
10 969789
26 6247
33 989041
15 268540
47 77889
27 911418
49 525682
27 803507
16 664538
26 416468
40 481239
44 592586
39 658664
9 672150
46 948712
14 201519
39 430634
29 696256
8 273166
10 625833
44 647126
43 137316
19 264171
26 973411
20 826860
35 216427
17 879706
16 776563
22 545907
39 64964
40 336055
21 896859
48 390874
25 89496
33 798853
26 837194
19 544506
39 856535
15 394667
48 264756
6 935475
38 104131
34 383541
7 215000
7 527744
47 622394
39 784496
49 174335
22 511586
42 886112
41 130762
5 346740
35 815188
22 120530
35 541127
4 242267
49 868357
18 255870
44 420983
43 634453
31 384730
28 649791
35 847103
5 111817
34 796461
38 450752
44 622014
45 287408
18 230146
42 287714
34 798307
22 361655
11 233525
9 512440
2 886834
43 804946
27 459396
40 755233
8 510742
41 797879
29 873809
35 710043
2 870036
32 201620
38 353037
15 26346
19 691861
44 545193
50 460221
21 664042
10 756365
30 745052
35 305814
31 820984
3 36466
38 857425
6 200285
22 255115
28 552733
8 222310
2 922067
34 629304
48 57294
23 923809
16 864445
3 584241
8 924380
31 192030
1 850552
23 878212
30 735929
4 156776
24 951237
49 45361
25 909982
9 534348
11 274410
7 732077
16 518566
44 452544
45 875439
42 869523
12 592634
11 678719
36 614914
40 68428
20 31125
47 963288
7 356835
47 445432
11 425972
14 146721
43 568468
3 791383
47 104893
35 295093
23 776435
33 776651
25 590391
25 428110
22 200680
6 32482
12 747979
42 274350
7 304641
12 349184
40 891847
41 466550
36 753989
11 760374
43 180986
2 534677
27 62210
33 486144
20 184944
36 973043
19 260230
24 977421
14 731577
48 65299
7 765579
8 154035
11 693493
5 437285
28 248623
13 679802
12 776063
16 174044
29 48766
9 514017
19 11844
24 634811
49 329806
20 576857
2 545694
22 235224
8 400725
33 337877
23 136322
27 984547
27 871048
29 762069
40 514083
12 361951
9 99808
32 748773
11 272847
42 263916
32 963483
40 37842
39 133724
30 343496
26 148235
15 389307
22 898240
7 858073
47 845198
10 237408
35 165014
32 970074
50 596874
20 479940
33 797219
40 473670
34 153360
9 260471
16 190515
18 869008
5 993974
12 143771
4 543905
45 724233
42 314537
44 935027
6 677602
22 179937
27 936436
5 822506
29 885018
18 764144
34 63193
6 933295
39 495620
18 466538
24 810560
1 283580
28 459206
39 752960
1 696714
1 954086
13 497029
31 188003
42 434494
4 98767
29 624759
27 391096
14 944331
49 215655
26 776653
41 647752
40 291839
50 417697
17 241573
20 384143
39 583925
29 930079
22 506503
11 883779
42 812310
14 164460
4 440449
10 336100
29 766813
8 88123
40 619454
6 939249
23 408735
34 553219
33 984873
35 594000
14 492123
4 221416
20 768012
6 463725
50 834615
45 827616
32 37406
41 373412
42 457205
24 158775
15 945353
1 980871
1 81575
13 941557
24 805036
2 114438
17 466468
18 430823
40 387015
12 978296
6 189900
7 684718
35 806871
8 484606
45 763294
12 926679
41 632206
21 331984
33 248516
31 655342
25 87946
44 49854
22 537180
4 755765
32 684747
7 528543
18 518953
15 543797
43 194909
6 990977
14 932201
36 773430
42 342092
20 405951
25 603403
22 139698
37 912539
2 938442
13 943134
12 959913
15 219632
9 807366
14 926229
22 840393
38 852012
32 359825
42 131908
37 132559
32 434370
26 215102
14 343640
36 208009
36 150426
30 884595
39 6568
11 207963
47 535157
31 401547
31 727729
26 284231
6 932227
32 106162
39 576770
37 451199
21 316100
4 687067
41 871057
9 338167
18 399042
36 167258
41 221374
30 810624
36 839316
44 908578
4 418230
29 796585
30 702848
46 952310
15 820858
24 195648
38 346639
39 866943
12 383058
40 376322
24 817789
45 150078
7 428292
15 451092
37 577291
22 751399
25 248197
30 860697
40 701122
43 705293
12 984453
15 941218
26 480086
50 168091
7 799972
33 59615
19 165042
39 338480
25 413230
10 732091
47 373043
29 78769
11 938891
26 463374
7 194340
22 540399
8 362378
7 441992
15 10260
27 376362
31 899007
36 427912
23 632975
22 643146
48 42570
18 785552
44 255789
4 568652
6 514291
25 795845
27 303787
19 844458
31 297164
25 375816
47 475296
46 678634
21 502187
38 246891
10 45499
14 828749
37 109347
35 181431
2 947793
19 402569
4 469178
43 38628
4 745485
30 792755
4 186171
22 912741
37 844228
37 762451
31 613205
42 9380
45 47750
39 966921
14 155158
19 84425
1 379968
23 711449
19 86784
23 481256
42 867200
46 900299
3 853429
41 438593
25 395940
31 172246
23 119619
40 999558
33 685891
31 595851
30 615483
10 582992
11 690542
45 903297
45 55599
10 238712
17 191242
46 181430
7 597992
11 707458
36 650735
1 661102
16 798640
1 549305
48 637824
29 366975
23 681489
24 549810
20 135215
43 462361
20 432376
8 892546
15 291857
24 151156
43 568677
40 619433
9 628246
41 576842
31 505058
34 358766
38 468213
3 563466
31 945373
27 587604
11 436252
3 665578
5 646355
1 747225
15 691357
36 276782
33 578809
33 348797
2 622294
42 544369
12 177030
15 759823
34 822193
36 705685
39 149567
38 87553
38 6064
36 548461
16 272786
26 902797
43 671969
39 653121
17 230165
6 795647
23 813460
42 430008
9 541170
42 164830
15 972408
8 656610
28 372002
39 652384
37 85417
33 486251
1 514431
8 955748
10 48021
44 389920
9 109590
29 648533
27 561099
27 274627
25 21363
5 777494
47 403047
25 261389
48 318112
39 673274
1 152260
20 189678
1 621752
27 487624
30 940799
7 166030
46 78113
21 132335
6 45791
22 10086
23 792958
43 426134
12 613239
37 576714
21 584325
19 493698
13 24266
43 709194
23 348778
31 354163
27 227269
4 383218
29 430557
19 935606
43 626894
32 130216
45 53358
11 800187
7 540135
24 896464
10 908843
35 698551
7 310458
21 533279
5 752261
41 38608
29 386270
46 70760
35 126256
7 152150
9 452219
18 113914
21 755661
37 534258
37 3416
46 277330
34 596076
39 696841
28 120527
21 324958
20 487921
16 301285
42 809040
16 469480
6 361731
19 762540
5 913890
28 681494
6 805252
22 544267
18 101182
48 823712
45 643479
28 620500
40 705942
27 21443
19 612512
4 78402
24 616862
38 127152
36 290028
28 699636
38 159719
20 344618
18 636728
19 172800
14 977901
48 847318
7 647476
13 298734
23 209160
33 224455
6 588042
27 772730
18 109794
17 511081
32 45027
41 651989
5 289815
34 498817
50 706745
8 109296
46 213169
45 679027
16 87023
50 155489
48 173670
8 644725
47 989762
46 192299
30 84336
23 456829
42 681471
36 5426
25 809541
47 688521
39 709148
19 798878
39 437187
12 597783
46 558547
43 176688
22 709162
28 398240
40 246913
18 966365
37 581298
4 851897
29 559719
34 222016
2 947183
42 893294
11 322842
8 795679
33 3072
27 740749
31 928429
4 370313
22 99871
1 454981
44 350710
15 870186
35 623656
37 564613
6 508033
25 720353
36 948856
33 267245
32 760174
48 577589
48 508254
34 99082
20 697685
4 47070
31 196240
19 157419
2 87949
31 565786
40 252222
47 996748
7 821239
13 962505
34 947436
13 628995
10 375263
26 443725
11 338619
37 97734
29 473449
24 338890
2 60254
34 281820
34 482614
35 503641
20 361797
12 502363
16 458668
17 334299
44 25196
48 391901
31 672473
32 678264
5 285311
15 662326
14 658433
9 74979
16 56624
2 137886
3 223193
39 962576
1 121368
4 515993
43 908860
24 557054
41 125532
20 309046
35 104226
31 94589
18 540503
29 736306
28 411036
35 420035
21 473817
14 695598
25 333672
14 68281
43 133720
34 66916
9 579879
17 465328
24 651273
4 600076
16 817334
23 72287
34 668855
3 84350
34 874722
36 911246
4 450060
17 844462
4 568077
37 873100
29 925394
27 687972
11 770783
25 137993
41 414739
9 244555
37 490701
36 815065
30 315504
46 551607
32 981409
15 70863
19 981805
7 974655
42 176872
46 761973
39 131939
1 926936
45 371135
7 603324
48 694813
10 462129
21 850942
30 443258
43 785863
21 935516
30 133808
8 305003
30 952258
34 781969
1 428355
9 429690
44 181595
24 634309
2 420744
18 680940
14 427763
5 232361
46 321942
45 321519
46 725067
18 789208
11 263839
46 942205
18 872140
19 722116
39 766702
33 943530
48 417895
11 521707
27 327675
32 139867
26 958009
40 515648
18 305531
27 635720
36 471295
19 461392
50 675911
50 421351
30 916677
42 586300
45 719460
31 640729
47 593863
15 406862
44 66196
36 318225
26 513834
23 324322
6 805401
49 297549
48 896167
7 311484
33 173761
12 231927
2 337338
36 410035
43 343380
21 621335
39 118567
44 162336
33 916198
48 758556
6 633374
5 330992
33 676342
25 978612
31 111380
14 330640
18 255515
42 911121
43 276582
38 535794
47 261416
11 930566
12 193764
22 736935
1 527162
30 798982
10 91948
41 576527
43 181295
2 200273
49 988552
4 364008
12 692145
9 915647
13 245127
24 966325
24 855107
50 927720
22 875202
44 711200
16 858423
15 208525
1 621405
49 927250
44 495608
24 797978
10 606613
11 241797
6 80074
7 490676
36 866933
2 460060
3 553692
45 690782
22 236456
27 33938
28 978324
42 774042
40 223546
10 267315
45 10399
7 486806
35 837180
47 841923
34 157510
24 384942
47 430466
3 311768
36 348387
2 546282
14 74025
4 479406
37 233624
37 589338
20 177257
26 718065
23 419515
9 777417
39 759186
38 604273
41 228860
2 584367
31 41188
16 637437
42 25988
47 637742
33 363183
14 61943
29 725436
8 441270
39 809126
37 65348
42 693878
30 807980
2 277013
39 698782
23 226042
13 64164
23 20334
27 666296
40 804191
43 999674
25 517231
32 37310
24 990002
2 358110
29 40481
10 656990
36 786584
12 406813
16 988095
28 890123
34 325287
35 875792
13 732614
24 897532
15 210541
1 936546
26 284959
9 99291
7 198200
20 677980
39 683645
44 117894
50 311003
28 296123
8 19064
30 796961
3 944246
25 410429
27 174477
30 950694
12 528273
35 581173
26 397331
11 116217
30 400543
22 716940
35 791019
50 347152
22 252999
28 629015
7 901818
42 443220
49 934362
33 530049
9 2650
5 551451
24 861840
19 530041
19 252710
8 716339
28 669604
47 780343
14 266101
2 352864
15 583495
17 218872
37 379793
24 706817
42 811589
36 107333
10 954336
46 768088
31 884798
12 331931
27 841306
13 60003
28 446216
23 604444
35 745330
26 358907
26 930801
9 284335
34 692869
2 352424
10 69818
41 230737
31 719028
44 877537
44 252869
1 875346
35 685430
31 516211
20 445400
28 300883
4 456989
24 340615
41 751572
32 449306
35 745429
8 998708
26 257773
6 838478
22 260407
14 207333
45 730788
46 384279
23 424864
50 439024
32 75222
47 671453
13 355178
35 229845
16 188386
46 413926
39 616404
31 636824
25 194129
13 467742
17 41489
31 997413
23 72581
13 104788
46 710097
27 69265
25 181774
5 795024
9 25733
32 293951
38 796203
49 703793
34 983698
12 177454
1 621322
43 768959
9 252437
28 28271
2 528713
25 454582
48 760716
20 629924
41 366836
37 667101
35 714774
27 497557
30 878546
39 376601
30 572919
43 93257
42 66011
23 85605
49 64246
30 156649
14 561194
33 161218
28 227208
47 588306
12 151712
26 815289
45 424099
19 108015
2 698357
11 665929
28 415293
35 586933
46 850436
23 615145
31 732617
37 352527
16 551561
25 193672
19 522875
11 298471
14 269256
9 690951
5 367058
26 505916
18 916714
47 596707
29 269196
49 98370
17 180701
25 347731
46 687795
37 958375
39 797982
27 761002
36 330972
19 194956
7 401719
15 209118
34 227794
40 801897
1 504539
37 533583
29 746996
13 764733
33 152565
29 995098
10 893462
21 425672
48 714763
20 540166
24 772783
45 80557
5 989935
50 718619
36 88582
12 311013
12 382161
40 856147
4 219641
45 383464
11 778420
20 645700
1 6344
4 648159
41 698377
47 777221
30 823582
15 941077
31 879996
29 751288
25 823049
39 431686
5 195718
7 216833
13 332267
11 540462
13 347735
33 431468
13 796413
8 77314
44 97592
20 728929
30 670187
2 546542
41 381663
16 207220
37 130270
16 964705
12 157555
34 513733
43 357518
32 33166
25 905671
47 922360
28 887624
27 829128
7 308884
17 251025
39 963088
15 397023
16 341029
43 742200
8 369606
45 275722
44 12113
2 107262
36 746816
33 225226
12 416912
48 315839
22 341965
12 392078
45 874733
11 859524
36 82814
44 7530
27 359873
43 515570
18 203135
40 37349
6 614185
48 993815
29 291305
21 103565
23 477886
34 375577
2 717861
43 330887
1 804186
17 508461
15 745394
11 326867
46 251520
37 314186
18 443179
11 2666
2 934694
44 727522
4 376871
42 389384
6 794030
2 331808
42 624331
43 134035
31 639726
7 713852
6 104875
45 1113
47 424035
33 166319
37 43833
23 325785
38 667485
46 12757
9 600944
16 938536
47 508805
12 396933
28 138300
9 658261
30 37074
27 298663
37 103765
35 107252
25 398724
18 118075
37 397225
45 792555
33 750714
2 695673
19 349410
38 537757
11 72629
45 611705
15 803255
37 906312
48 52984
46 617960
49 896116
9 64881
22 102152
26 777531
50 391915
49 108353
1 331190
49 994911
11 960449
16 75668
37 304180
30 994813
34 469635
27 187891
29 182232
9 786729
7 132412
15 275768
40 55626
29 643754
43 905760
26 767012
7 894107
36 468834
29 305678
15 14220
7 394626
13 163915
49 713696
18 213728
25 642515
44 320981
3 291494
48 28439
3 634445
50 65570
32 860090
18 214659
36 359790
15 850354
15 756047
15 52551
33 520197
48 528026
31 645129
47 165349
40 961379
11 882739
14 23849
25 370003
1 911181
20 282800
14 548725
1 10663
17 925646
3 471352
6 599137
26 874864
2 839293
30 412787
16 741884
22 432930
34 648536
15 20782
37 450759
4 976415
38 261132
5 195537
22 958532
4 762099
39 252751
5 550472
11 530681
48 180294
17 462609
47 453691
20 726224
5 646726
40 939517
19 817328
6 580267
1 894781
5 238372
27 784350
46 133
40 28331
17 279263
49 160345
48 130280
39 204312
32 646848
5 782668
16 302582
23 68736
8 117553
41 561907
13 468119
45 705647
28 477450
26 851030
44 237308
6 481973
46 731795
49 778864
15 703347
31 288503
40 145152
8 228924
7 613417
50 8663
29 579118
1 241327
8 895876
43 518761
44 985403
48 733698
39 321429
2 649623
2 774983
5 445892
25 960553
15 733870
5 506243
40 957158
24 910197
15 950756
15 932231
12 532545
24 952053
19 720956
20 976582
13 748414
31 173826
16 944642
21 69905
10 412841
17 174540
21 947535
23 516030
19 504556
36 400916
37 496734
18 379650
25 838334
4 936709
44 746766
38 231544
14 427013
43 380338
30 185645
34 328237
7 493093
49 990448
42 840180
45 690466
38 327836
2 563526
23 649345
19 171841
12 193204
42 580805
50 658236
28 352069
33 312038
14 154313
19 753228
44 988805
30 456557
23 746455
25 435730
16 621745
35 737703
33 281236
2 973312
21 62832
7 32696
5 957920
37 889903
8 924999
20 416824
13 595858
38 173988
15 504031
6 310330
34 314177
4 320081
10 986770
37 384587
19 31996
7 183595
3 76604
17 66537
2 897318
6 763060
37 519344
40 674234
3 144801
9 186072
49 502227
18 787324
27 838084
37 323445
25 636982
37 579195
5 23801
19 943220
33 901651
40 22282
13 699060
18 745011
6 46734
46 291317
41 835715
40 217777
23 472816
10 737919
34 124254
24 258200
12 569838
1 778243
13 508121
16 415880
21 660258
3 868911
50 353356
29 897801
28 43411
14 69865
28 173964
40 7247
2 109643
42 121507
41 543638
32 148271
38 348995
35 259668
31 821126
6 717565
45 683362
43 976423
7 415286
33 655965
19 836971
16 829502
42 161351
18 854602
12 58846
20 751473
35 255638
30 645091
13 486176
2 965919
50 20572
6 851022
34 578983
36 959136
35 524630
5 340799
7 386742
49 437552
37 109530
36 593395
1 565539
17 397725
17 277882
36 513332
1 771521
22 948451
33 540937
49 899472
49 582648
6 866500
15 105396
20 160356
15 148497
48 101067
6 571569
7 589283
24 983842
46 840879
21 61790
23 857395
34 943235
16 371962
6 794635
13 59377
4 171303
4 53580
39 797367
40 662414
17 16034
41 687373
29 144013
36 482106
3 558866
21 558825
35 880008
16 182700
24 112011
33 292142
4 503928
32 253013
24 613246
25 635363
10 765298
45 22255
34 90463
9 917789
1 770254
38 798465
49 228770
7 591429
42 183955
3 399934
7 501787
38 906456
35 406017
1 644073
33 158938
29 609361
39 747277
38 659482
45 751314
12 243676
45 371622
16 243736
35 654630
48 222869
45 699243
50 273769
42 416971
50 525609
11 643361
12 122064
45 756124
6 382576
38 361022
28 651074
10 742141
44 61569
47 241939
9 311754
21 807370
42 493010
2 683577
32 616585
15 595766
2 800033
5 467428
26 850681
44 41357
31 244539
13 793356
47 351094
27 508011
38 304329
37 853801
19 675127
39 574548
21 620493
25 928102
37 258591
12 634600
27 40431
20 761429
20 11446
32 90556
27 857272
34 246030
21 292383
34 51730
27 405489
12 48065
25 601205
50 927091
47 969969
35 45184
13 304186
32 238908
17 703523
49 360866
42 574342
19 766760
9 222517
38 62580
37 665163
18 526346
21 38661
41 297330
21 828134
29 558841
26 468062
23 854508
4 258793
42 745869
38 34476
24 50645
8 297802
36 531976
4 2298
20 704013
44 743023
42 259451
32 925165
28 862649
33 76228
2 634438
13 413887
7 552473
4 327
12 185701
1 814795
45 699040
49 27861
21 895920
33 420609
2 389913
43 40971
17 885593
6 418058
31 22902
6 758848
41 588476
30 124389
7 411725
33 326231
6 862817
42 450593
8 605221
42 4454
49 353369
31 723506
45 738002
13 540581
13 958845
21 304195
50 71914
37 208878
25 651131
34 573898
8 850918
26 48884
45 709133
2 270408
46 123194
39 781597
20 862770
26 69448
32 643081
31 81646
32 307468
7 352599
50 931014
36 519125
35 450710
9 338609
37 693964
19 998497
28 94592
16 519414
34 552134
40 183260
4 243686
40 704493
35 598923
20 320953
29 518307
29 642142
20 186039
50 828762
41 217388
7 133601
36 841017
35 987447
3 724634
40 74518
40 727542
42 471441
2 746583
10 787098
14 241079
32 98296
36 258674
33 7383
5 83105
24 712093
7 612242
16 469534
35 309702
47 105195
24 228450
44 52716
22 467093
29 696594
19 800702
11 628856
19 512056
27 362478
26 17110
21 720909
15 916035
27 20504
20 346947
20 484576
15 584211
17 645621
2 278710
22 877955
1 639059
44 828699
14 495561
41 355458
9 759619
20 628509
43 493699
4 358027
26 671692
34 361070
3 568311
45 299066
35 871650
23 665417
16 537376
33 346671
8 801863
20 790029
47 486884
24 920945
25 765326
40 429227
14 176976
1 932075
13 611130
32 807428
6 20776
24 51172
13 688978
27 301747
2 644349
20 364314
11 984723
18 970762
20 798654
43 100576
39 617694
7 567428
48 993510
28 536860
22 531733
17 258667
13 851152
47 959537
41 86588
32 800788
47 743091
30 52108
39 617885
17 293171
21 509683
1 297126
48 291997
20 897844
46 205354
49 959239
20 916804
30 274157
19 479095
17 323273
26 899101
7 299701
13 543269
23 249965
46 665031
40 661702
27 253634
22 220318
47 617499
41 95090
45 804613
21 260250
50 530957
9 493739
20 149717
2 361025
31 723943
44 756878
4 345062
23 527841
28 782888
2 484361
41 850070
38 889730
4 927029
50 305917
50 214285
35 518768
48 700782
8 250300
45 476390
4 178192
20 465502
26 662805
7 956440
33 375220
37 774193
25 471877
29 582222
42 755836
45 951547
50 73869
1 101689
39 244563
40 55591
14 377394
7 510511
46 960649
9 429190
42 910333
49 130544
7 555771
21 197367
3 966723
8 846566
37 674372
26 23880
40 191036
31 53666
36 483742
35 538777
28 240678
36 285648
47 813796
29 66429
32 442914
18 124079
26 7711
40 147167
5 712395
48 732619
19 259655
22 714047
24 588392
25 931246
10 589362
12 265382
34 447223
20 367467
28 989042
9 876345
2 284472
16 14972
17 560248
37 247552
44 310615
31 155354
10 848920
46 256568
40 90792
41 29252
1 89028
45 76264
31 556399
21 628589
27 687199
41 569609
42 761655
50 92693
36 345308
30 976471
16 180095
9 945042
9 768697
35 480710
9 468266
7 15001
48 43780
44 670504
20 273581
13 281357
34 257980
3 126848
39 671904
21 110385
35 932851
11 476383
37 20859
42 822940
31 323454
13 686532
4 349060
40 961067
24 499724
20 921725
22 833356
4 712663
19 774020
30 517985
36 378867
31 551234
21 746822
47 323543
4 218852
14 298764
28 353988
32 962549
11 152775
34 885192
43 32167
35 496238
4 134810
4 459634
37 322885
9 307680
50 355200
12 525932
38 357178
15 335624
11 408562
48 316024
36 263072
35 765536
12 54696
31 699006
13 140178
43 461383
45 802851
20 876393
29 141051
46 655337
39 350640
16 999168
50 187867
7 88880
3 625506
28 482738
40 52449
2 443257
10 343350
27 263536
40 464603
46 836795
39 152533
5 948801
49 575337
47 352102
41 484521
11 373652
3 290347
16 693004
41 595350
46 162612
23 384141
18 263004
44 194023
12 614360
10 986009
38 336487
49 775994
15 516712
12 537430
29 783859
5 247331
19 256518
33 866314
32 625944
33 386378
17 737183
41 774161
21 633848
10 220027
14 163773
3 538954
45 12864
45 345842
10 664292
13 666166
21 288789
33 564690
45 309728
38 448724
9 609964
5 600312
16 602923
44 111009
35 918489
38 629416
6 655332
2 169543
8 933266
5 388677
31 198625
34 646752
21 544796
44 88030
25 465201
3 206508
8 575979
34 688631
11 335083
25 910702
2 303745
17 710716
12 534102
35 712337
28 471982
26 544342
15 911861
3 858775
9 310255
4 133294
43 866399
44 191121
26 246251
17 961038
41 877174
43 835259
28 213624
8 671982
13 802890
22 407151
7 53908
9 80186
8 643852
44 634118
28 550857
31 27130
24 478007
12 118530
5 65963
8 745066
39 738910
20 951959
25 126963
43 60988
36 680278
30 862064
41 534838
36 26374
38 413228
20 997708
21 992211
5 760694
17 571667
6 266673
23 210342
29 572669
1 674318
10 565271
20 920731
26 118559
15 362788
4 90410
17 566146
44 519183
38 92610
4 475142
22 377754
40 277435
10 469619
10 59498
16 416588
41 899560
19 480899
16 515993
3 716211
28 841204
20 291253
10 218768
33 361178
26 296759
9 441379
50 540081
11 12900
20 309262
17 892236
6 774944
38 114947
10 615244
29 73627
41 433378
11 294964
4 955473
8 764729
30 935689
40 180989
11 951239
41 299388
47 75675
45 217999
8 474838
33 161756
39 161742
5 75387
29 948952
46 542021
13 59921
6 712736
10 815431
25 932031
45 174033
21 753195
6 56927
12 977285
26 235029
13 915268
48 765321
41 582591
40 530601
20 374831
29 983905
43 282553
18 123179
32 236819
9 369881
19 508180
4 400103
30 182133
26 205960
29 796422
33 605046
15 425054
19 124160
31 860174
43 466413
21 589534
29 430831
22 643993
27 73628
29 469997
19 101064
38 999546
5 736242
43 162651
23 38180
50 742662
22 922866
43 118307
46 991247
49 623701
22 86172
46 602703
20 697740
32 88349
50 91789
41 646793
40 574589
4 413165
1 875233
1 21339
2 820938
30 980645
11 261122
10 380913
49 536510
4 805091
47 40307
46 925059
29 721843
25 92570
42 434425
14 629241
35 527713
13 91568
12 264206
42 938777
23 518860
22 269749
35 838456
17 263266
22 232609
35 515036
15 931543
22 633523
39 586359
31 632933
22 763558
45 619096
9 913472
32 621599
22 77445
23 468033
28 140046
46 449829
1 727501
22 665520
37 508727
20 718225
19 924577
12 77869
42 553288
22 576705
44 113698
10 511159
30 859446
19 897052
42 215043
15 628744
14 875608
50 280264
37 146898
39 411586
27 611036
4 751833
24 523828
43 108538
8 220118
32 287593
50 81332
50 280704
32 183368
11 179985
35 365552
43 714729
50 960126
13 633677
36 428532
1 920119
31 417453
39 613314
34 478032
37 754748
46 301811
15 595866
25 248009
15 49014
18 856104
43 429733
48 13101
28 939336
8 839729
10 787946
40 564560
11 949495
41 886366
5 347827
29 513859
6 640457
29 103839
26 482032
22 210213
29 758597
27 987404
21 134831
6 554224
15 888403
23 300265
3 323674
17 821331
37 498171
12 993993
49 438559
2 865775
17 535634
27 472234
21 937307
43 743207
22 304251
27 898563
27 929830
48 115497
21 256779
50 14346
14 33010
11 483022
31 583774
43 147454
4 28971
3 325985
21 837758
4 873415
50 715717
36 574547
42 920503
18 830401
17 368801
29 936739
12 824017
42 282090
18 755809
36 589497
10 300172
32 614989
26 791733
27 836937
45 835295
9 634914
18 808479
42 673210
17 210132
13 38678
10 151829
15 432311
36 350499
48 710570
40 737180
24 359399
29 569580
21 738180
17 64019
9 643803
12 119436
38 807186
14 743137
2 149950
38 666916
17 23466
41 993936
21 68514
50 681315
41 183940
2 656031
12 157377
14 485867
25 785264
34 102536
21 301600
33 233670
42 360209
34 29405
32 72047
37 87349
24 846810
37 335952
19 420659
22 445777
21 758007
16 206206
14 877291
49 580927
14 130593
10 660424
49 989966
17 320453
14 409973
17 804510
28 68754
23 285761
8 169726
14 184917
41 534848
13 262491
31 284155
17 519578
21 175804
37 824682
48 75174
33 578421
28 165613
50 631256
30 218475
12 482753
1 948103
42 577149
22 87028
18 722415
36 278408
10 344805
35 434995
44 355525
1 687527
47 4042
37 960591
47 156706
6 398500
5 82055
16 609687
1 654323
10 339344
34 743071
49 774002
46 696234
17 858390
15 19307
33 445110
7 619437
2 101892
11 249878
29 55078
26 298659
25 404591
16 895782
35 488053
28 700756
39 466474
5 806508
29 843959
38 806457
32 882870
38 207329
10 279126
30 264407
50 53510
37 900369
24 732992
42 435531
13 169808
45 243432
4 327115
17 565562
10 802031
43 808270
24 698668
23 800872
37 624435
20 494707
29 204394
18 195826
21 359992
22 374168
31 229797
5 211452
14 442884
43 862207
41 31317
17 211420
4 570010
2 128887
28 140922
26 87544
7 691162
18 127559
50 893524
39 107537
37 819786
37 943920
18 50921
8 510637
42 209739
7 186581
4 683882
5 712912
34 465199
3 965888
19 930046
27 220549
23 96387
14 140454
48 132365
10 970466
5 666469
30 546778
32 8742
3 297770
28 672072
1 208775
24 320323
33 287733
10 456576
8 185533
27 354564
28 352934
1 933919
38 5990
22 75028
30 445687
39 184219
17 520923
37 159953
28 202046
24 687623
14 71248
7 991095
46 624377
30 687663
48 18117
16 363280
31 454737
26 151557
16 50757
13 248113
16 957092
36 445670
45 445955
28 155985
12 863366
25 582038
40 511200
32 731712
48 104378
3 484987
47 103423
27 763222
47 518060
48 455684
39 936835
44 809961
7 712791
14 895946
45 433572
16 955229
40 651673
14 250059
11 958876
34 819110
49 864962
20 218554
15 91938
43 503192
9 290689
9 312599
28 574847
44 866977
30 136673
9 381196
43 647408
32 209115
10 823673
1 115632
42 669976
30 770306
43 189359
9 696394
36 944000
38 130967
2 888675
6 38360
36 79836
25 26233
6 955352
41 346545
5 874379
5 682321
46 230809
16 391162
12 268458
47 479037
32 90848
6 482223
10 120612
1 887371
26 384589
20 646306
7 325430
14 847100
41 41447
28 897394
18 278116
20 479241
1 998715
46 339649
32 5793
28 331248
10 268627
26 190359
33 899776
2 60927
11 445748
14 522261
19 269956
41 969417
39 121572
6 186848
17 904786
3 170835
12 562869
3 790300
10 316458
30 734947
4 283008
28 903018
16 840797
29 892460
22 593459
29 161062
19 429487
26 952554
21 133883
38 385845
46 465057
43 536718
1 887960
10 101525
8 678401
3 660111
50 902956
16 942499
41 805711
39 864208
29 203018
10 915770
47 374922
48 469119
8 998707
50 939508
25 198807
7 699114
34 986377
46 584034
48 781119
23 930714
44 779963
42 905288
27 769792
17 282530
7 54982
44 540468
36 561030
12 12945
30 654200
26 595683
19 43189
33 211154
18 888342
20 986558
43 329043
23 35234
27 7778
31 858663
2 788785
27 370416
43 108684
47 610467
1 748194
30 62928
25 826975
13 930568
43 336385
5 903049
18 223050
9 262249
24 238151
46 863179
48 789163
28 431879
40 903502
35 368689
35 593414
28 657602
32 748734
45 80133
22 648902
40 951258
9 464279
27 521640
38 630401
30 933362
3 311179
18 611010
45 115330
49 881699
19 749493
8 825126
3 176484
47 289951
5 323035
6 61954
2 846594
45 876395
25 958766
44 221924
35 480340
30 957277
20 847302
1 843449
1 773077
40 680660
47 981478
5 688528
33 671223
40 520850
7 250649
10 950957
7 292672
45 844148
32 304034
33 557032
9 770321
3 111266
46 233289
4 340992
15 720850
46 760741
10 8526
20 831460
40 679406
2 184857
25 193656
36 971017
47 779285
25 266873
25 966445
37 357172
36 545503
49 418250
36 994798
27 701131
25 4693
16 43211
15 32394
33 137188
19 528627
34 521791
11 29912
15 195772
49 405534
27 282739
22 656667
10 369188
39 289071
9 42926
20 708082
7 120324
21 356573
24 562584
18 207132
41 927009
12 371934
12 172496
33 454267
13 491545
27 638783
9 752834
15 906596
38 456058
35 885238
7 263233
5 256350
21 488082
43 464981
22 495148
32 475246
23 668225
40 438615
14 117542
22 52557
13 158456
16 902921
23 333825
23 908403
50 754948
20 492405
32 795136
41 409571
1 194578
8 711453
5 69129
26 731537
3 649363
36 461522
45 450737
36 746114
23 62826
47 698077
24 725857
9 193983
46 738513
38 254033
35 949341
4 758936
45 227625
21 459694
26 428051
30 885744
13 370494
16 896424
4 185417
17 153542
27 570312
34 123354
7 552828
39 700490
41 284668
30 361292
30 149795
16 366430
44 426130
38 25705
13 639192
32 416702
16 667182
26 702655
27 962427
37 488192
40 287984
31 938134
12 675827
8 474085
15 158089
7 924876
5 933690
29 629533
23 4385
36 645015
28 331805
26 715651
29 361390
15 368753
11 729567
12 978347
13 775214
9 982269
20 784290
16 127136
36 236689
10 876702
28 757738
11 511925
26 93317
33 86587
26 989137
19 163123
48 386984
45 335552
18 872664
32 709176
18 704610
31 307156
10 545592
17 289843
34 317912
18 360233
10 867111
3 995120
33 615201
47 326700
30 565224
18 799929
45 145733
32 642859
16 660073
20 941733
40 376289
43 526168
20 258847
36 607340
23 214136
32 825889
32 977775
39 265050
25 733731
2 167085
42 608848
33 357028
3 218182
6 633202
26 638565
19 83079
28 656577
41 625166
14 175465
38 93021
23 982055
47 318826
19 173952
13 464174
14 630431
36 485718
26 650958
47 940768
21 812383
23 893424
31 660532
41 298857
23 104840
22 736022
50 660097
17 749578
37 13848
25 610018
21 365325
34 395229
45 950496
5 182633
47 791602
27 574127
25 924846
19 350089
4 202978
40 996131
34 907959
23 326097
45 639367
39 492098
39 235140
39 328659
48 570581
5 682174
39 361182
18 135805
21 466320
21 589932
25 88409
3 199720
7 636794
17 242235
18 45493
16 592799
10 412389
39 615291
28 914166
35 81880
31 505686
20 835728
11 507684
7 887717
33 384838
29 492664
30 850851
45 401648
50 990253
8 250521
41 29110
39 197203
5 263341
26 840533
13 198796
33 564414
40 481346
48 257598
36 345043
24 225162
4 435659
19 323133
7 128206
44 509949
11 823726
12 639593
36 93391
11 336718
19 199320
26 364227
12 485446
16 448927
24 921508
21 940005
41 522688
6 847341
50 973851
50 429102
30 793038
13 867153
25 165486
42 298014
11 363910
23 478705
26 471737
43 973286
29 53057
23 72597
32 330594
35 58173
31 411623
16 767528
31 789611
19 559365
2 469363
24 578599
11 61638
16 325892
26 655052
35 755035
44 185991
10 864113
26 330813
10 432877
48 230854
45 608555
8 759580
18 42474
44 723738
42 94453
5 770495
17 246069
11 704296
24 487840
12 417177
29 925088
25 13688
24 82870
38 499352
47 834177
20 801925
30 696610
40 872029
37 809406
30 438253
26 392838
19 130969
29 872370
7 424454
45 752895
18 399136
42 55199
29 574498
33 533945
18 955090
7 306718
3 598824
31 643573
30 496699
36 902821
29 416401
28 966125
29 872080
50 968102
4 706244
23 399939
18 792039
2 711036
12 280776
17 263497
42 976968
5 122140
49 385222
49 814154
39 523099
38 558247
15 546686
4 464800
42 201881
46 503302
9 205447
49 722795
23 896002
34 24467
49 303459
43 916665
1 702151
47 18649
40 33799
45 237571
31 629189
46 993382
15 637137
42 269397
38 408901
17 79752
12 179714
2 934808
14 26082
31 948589
30 762885
48 90876
18 121795
37 658207
30 406531
16 537783
30 449459
3 995020
26 57758
28 95940
5 733959
9 802794
18 219289
49 136086
32 99202
23 129539
44 23704
4 431269
47 336068
4 647945
45 927364
26 451991
1 629104
43 262359
14 616579
1 65712
12 724833
6 80491
1 257037
23 992942
18 689668
46 261163
23 337326
11 984005
6 887392
33 423344
11 614986
40 702459
26 415182
13 841445
1 202103
48 186756
2 556808
49 660635
9 565544
21 313463
41 130363
10 832885
1 484367
34 686235
50 459967
4 142805
19 477382
26 187330
24 905854
29 789027
47 264807
31 288336
49 583947
8 659271
25 687349
44 635783
47 320382
49 279298
32 942718
18 69857
31 752933
36 917023
27 694185
16 694407
20 990625
32 695294
26 565016
21 604977
47 175250
2 440991
18 895040
32 188187
47 592610
25 699508
38 77029
47 294273
43 352187
23 484200
12 561166
31 862584
8 931493
50 456049
18 812457
47 257959
29 523834
30 154611
22 121478
49 23077
45 229334
36 885661
7 781157
33 924147
48 606439
47 700015
13 841996
20 348588
14 519661
1 953500
43 669149
3 736828
6 965930
34 482385
19 989681
2 627988
3 439496
21 451128
12 226038
49 637380
16 875104
35 977884
34 668602
3 987925
15 243610
43 309932
20 910357
45 648596
8 147617
46 189929
23 724525
25 281803
34 538150
33 641022
25 791261
12 965868
37 116570
32 947003
5 676479
27 631035
22 766365
12 181068
44 132565
25 450038
5 725685
3 798553
48 208277
31 727076
17 792647
8 327964
35 614994
2 361031
36 15038
8 539289
43 256805
38 80654
1 510868
42 590893
37 209339
28 521688
23 507156
43 877267
42 439336
7 987671
38 973900
46 979317
20 883110
5 321998
45 788148
15 638957
7 946770
42 603189
48 301092
30 66950
23 477916
7 838818
2 959338
8 304929
12 40715
13 871677
42 769456
8 51735
30 960261
32 40939
37 860849
34 955672
9 976606
18 585411
38 172552
18 859706
17 972807
40 263462
46 885022
36 683322
42 204529
25 559675
2 625442
17 979816
19 513820
38 535481
10 224298
10 81630
25 109984
49 392028
23 208469
2 624883
14 290496
18 803664
43 751513
39 307268
48 105058
18 378253
9 68458
5 895429
17 134921
41 63330
38 756410
4 500019
45 252353
36 52260
14 897323
49 744017
8 786053
26 547935
6 106588
49 70565
9 189434
39 832777
22 803883
50 557954
22 107740
11 58079
13 929842
35 996745
32 492168
29 124531
20 511816
14 127851
25 833709
2 471552
24 158301
13 527289
30 923957
20 957817
48 292780
3 840013
29 406608
37 36684
31 947295
18 120530
23 734878
22 444343
14 897984
47 837369
32 430979
14 663029
17 968697
27 311985
49 624686
21 966722
21 306063
5 760235
20 315701
6 757522
32 507905
18 624517
23 583205
5 668425
7 555010
43 556827
26 725617
46 903926
2 297096
8 205210
8 823457
36 445329
32 12778
30 931993
17 907654
50 347227
41 522358
1 830944
34 687581
9 533976
18 36910
46 87960
5 266400
7 282758
45 333722
25 647798
14 161114
10 55719
19 151071
46 567629
33 627587
9 695250
8 496077
4 719434
30 325943
11 858670
44 134889
18 892778
39 941835
38 66817
4 92914
20 95519
4 585459
40 708517
46 280311
22 346051
15 321654
30 895457
20 306977
37 644996
46 728527
35 543546
33 625211
43 995262
7 8681
25 793351
32 220753
45 540475
26 223068
33 266
50 266820
22 993872
27 467746
4 771760
20 205464
30 554484
30 691769
45 147029
23 270543
17 116672
2 420980
11 988900
46 761454
16 697685
39 795259
5 841591
24 410717
49 610194
8 105728
43 775581
20 583723
36 737370
1 606849
44 406319
31 426957
8 346527
30 855690
47 256248
28 393862
22 781501
5 234895
44 894572
8 125361
50 246415
3 454241
45 406047
30 432908
30 77866
8 784474
5 335696
28 597867
1 307783
41 781117
27 603437
14 34017
30 506944
48 749028
19 971530
43 196604
5 256657
6 618687
35 114579
38 437221
14 960857
41 714127
42 314808
28 786023
16 316441
38 458255
43 345464
31 456175
5 574096
27 912964
38 832847
29 297054
10 112513
23 109724
28 141054
27 489514
44 562570
20 834694
26 551649
21 140180
22 608027
4 30626
41 263890
26 448194
17 55532
1 32058
12 998828
34 694062
2 200874
40 901684
50 520930
4 372293
11 522907
2 701193
35 297687
44 272766
13 465775
45 273493
26 414460
9 751566
26 742516
8 681621
42 489105
6 60236
36 799619
10 52258
3 395777
28 978410
32 471063
37 558795
45 436132
29 883806
33 578176
17 334609
5 578736
6 315093
23 740386
40 134237
36 50464
45 246965
2 262868
40 827798
12 315323
25 992065
19 371722
33 798681
8 996202
27 424777
27 261230
7 211486
8 104481
28 44107
14 975710
49 224465
16 476056
25 310053
2 94984
40 738960
2 70711
25 663664
36 335581
50 23572
38 634624
13 497403
8 944181
50 117413
14 901435
40 529857
38 418525
49 965643
41 994167
31 100886
15 909340
29 631897
49 723043
21 93374
28 586576
46 690188
7 55830
39 812414
7 683776
42 470100
36 995470
26 644906
6 995398
2 965846
50 110160
33 226538
46 432545
42 626946
17 935282
49 597137
4 169863
45 270178
2 982085
47 712278
12 201277
11 29870
28 198019
2 305289
10 519652
25 464892
1 183395
27 344682
43 602758
27 154292
47 579047
6 760849
4 82899
22 26546
47 85051
2 940496
49 779918
44 506451
26 695903
7 91551
46 366585
36 589360
18 69663
36 770372
44 665090
20 367045
44 441251
30 608435
5 662860
27 463712
20 86992
9 905073
4 881705
10 561863
43 497162
46 211747
18 57503
17 866853
50 453109
17 95746
34 908128
47 370602
12 718298
41 17808
1 874431
13 264871
46 918824
46 477685
42 530623
13 230618
9 398294
27 987171
45 778222
23 292875
19 222293
46 895109
38 642518
29 383607
43 456348
3 527164
32 87556
29 514252
2 594825
49 547840
20 415163
39 623472
2 666592
2 852357
2 531548
23 979068
41 736573
22 52614
30 514400
11 770709
26 300539
18 948880
23 266924
39 862281
18 235394
3 636786
6 851326
41 807703
44 164087
8 836583
39 244046
41 727222
26 435778
11 689604
44 509636
1 425766
32 815534
24 372416
13 424924
1 619666
35 114061
16 276475
25 41871
48 153314
19 866055
8 731938
29 404255
25 616209
10 127997
13 591930
19 468080
20 713427
3 646465
16 350902
40 175813
40 469604
37 643241
33 988156
21 854067
30 694820
11 893778
20 308450
43 4275
26 641534
29 545078
18 205717
39 408361
39 593085
19 905034
28 714547
20 13483
2 690034
10 804446
47 628567
46 100351
47 61471
11 189761
12 486386
45 240628
45 622819
22 46376
20 576067
1 235868
40 655871
29 462855
23 534982
2 129103
24 511189
35 236572
1 394170
14 454280
30 802050
17 681575
21 842060
15 72647
34 394624
38 228438
15 532304
12 385196
43 861180
20 592577
34 350397
13 217402
15 729509
33 694653
8 141704
3 279556
29 837826
50 570974
18 328504
18 762389
40 3051
49 742637
6 925814
15 20984
38 573659
50 811154
19 297959
42 918281
18 703404
38 915887
23 100399
35 957719
43 619277
6 687225
37 40534
16 170882
27 443608
31 61569
7 688456
35 161862
4 687167
7 811428
40 883092
38 601684
36 549867
24 750715
35 419012
27 852472
19 841191
27 38367
1 120667
41 884969
17 601452
15 960558
2 795562
15 647683
8 599121
14 818338
25 950942
50 199528
42 178578
9 34642
8 742738
31 312584
35 538081
23 745687
4 182215
1 831215
13 504854
29 912200
6 471010
36 270594
16 462627
20 590260
19 558201
45 888047
29 933011
19 66841
16 706064
10 734531
19 820702
44 525207
8 433233
40 979659
48 940671
14 275851
38 755669
18 837683
49 415854
23 611384
31 64286
13 52119
