10000
85 25919
51 70629
156 36464
85 55811
14 62116
207 25970
367 70498
168 33842
88 5846
105 42814
19 41038
127 5432
175 36090
349 14849
98 57557
72 86871
66 3538
314 57483
123 64487
64 29509
188 40699
268 16663
394 86975
35 33186
91 39159
239 28584
124 86417
110 72614
92 4693
82 18218
286 61985
111 74852
251 40362
273 13355
286 70192
131 34623
22 86434
328 81963
136 42042
38 52538
218 17181
342 57421
265 10072
86 60196
148 84647
119 45648
271 81220
159 81910
65 4482
56 30764
198 80366
175 41953
237 6083
197 73505
203 51716
18 80956
86 37494
365 39846
219 85206
85 57193
73 64879
44 86029
340 52152
311 35000
162 51273
15 31967
321 11645
242 51072
384 44567
115 65307
34 67050
86 10313
190 73794
5 13461
33 13689
61 57993
106 86813
17 41920
317 16079
199 69537
369 70737
54 49696
129 40925
46 54372
95 68757
144 83576
29 78417
178 1367
50 24627
316 74216
379 5745
125 37146
183 1720
327 57746
266 18926
367 44068
267 41122
222 58010
86 84841
227 26962
154 77715
46 82117
364 72195
102 41741
99 43689
4 49818
250 5904
262 79039
225 68685
205 30639
59 83276
239 6880
193 10521
326 67733
366 88482
223 86876
306 36617
108 65547
304 6306
34 81977
271 89634
284 66112
316 80032
310 2687
86 73439
163 15022
161 74732
152 64931
36 69092
206 52923
43 50182
180 80705
166 89205
346 12135
248 22666
71 79803
328 10515
20 37931
19 74356
95 80781
136 15924
105 60689
251 67679
105 42562
323 21946
183 51742
124 62265
81 69570
358 50546
9 8195
212 70576
84 15657
301 34985
269 34206
319 24846
400 69354
375 63467
80 66527
218 86135
130 22267
271 3187
127 8355
354 71579
310 49852
242 10022
120 15836
228 84929
154 84500
159 22276
102 59451
238 20395
58 85880
209 69093
7 60740
220 54375
307 73924
70 71321
40 53480
299 74698
35 79797
139 14188
183 55834
329 17899
391 59749
45 69970
191 29935
210 72506
155 41929
120 82791
158 53805
275 45347
285 58953
186 8752
177 32980
297 84007
393 41638
368 65300
310 298
226 8529
349 48921
167 7084
392 43047
266 24535
213 57531
187 74606
214 79675
302 27270
95 88304
42 29525
107 26084
395 27990
7 86178
161 35658
53 17239
255 74846
219 2
77 59718
130 44951
294 65115
311 38826
74 89416
29 58509
93 7557
137 47863
198 52097
21 1107
338 41481
237 54580
46 8896
133 44301
208 58552
369 50405
207 81355
268 37605
6 43346
258 40307
390 72483
341 51595
225 71449
348 18684
31 1795
111 86528
140 1478
60 10519
168 15726
245 36724
70 32034
96 883
62 82450
278 35263
43 54988
132 68975
349 16881
189 74843
200 16461
118 69212
388 64206
297 18855
11 1745
3 76019
30 77121
245 79387
64 11566
311 19060
89 50431
288 37330
212 69037
255 2513
305 7123
342 28257
117 53479
345 5068
245 39013
275 13693
270 42050
290 1124
80 38042
342 70299
14 20605
230 88247
32 17346
27 87953
177 55927
338 13872
130 63302
158 83282
357 9911
20 80445
386 210
318 47660
214 71477
233 30631
398 12336
375 61567
337 42655
13 10636
83 57748
85 63767
227 55621
158 16059
126 35569
23 85565
249 25677
168 40542
396 44823
169 6252
337 87238
280 15441
153 27841
152 49506
215 65535
365 69434
3 56771
1 66153
121 5783
305 10645
391 12429
16 23674
290 61813
323 74333
338 63971
100 19068
337 62883
368 69597
160 15529
361 50582
146 18388
164 9599
191 61631
156 45585
338 60843
253 79463
316 39877
330 7829
271 10147
71 22447
84 10000
272 88624
245 1054
288 43682
307 6111
235 83018
273 69034
116 54552
359 17246
279 59819
145 11233
81 16742
285 29289
371 32028
80 44483
276 70983
162 68815
363 41749
45 85514
152 57488
114 55882
124 87012
165 23849
269 9037
380 55406
195 1776
307 11379
46 29957
283 65177
77 26490
166 26438
40 63764
253 45529
343 9477
154 48585
185 76063
78 59054
350 77914
188 47777
205 6475
188 36777
175 54854
122 64485
354 87912
148 47741
119 12550
80 70027
85 33589
163 2960
211 52997
283 44135
146 71645
182 83097
97 17831
216 42944
182 29058
25 30166
236 13672
37 22207
287 67971
74 66920
18 10429
206 66759
362 31620
198 46435
384 60359
160 6397
211 12476
42 24779
243 17542
184 54081
71 65527
115 16135
136 7267
68 34981
356 88726
45 58557
188 71358
16 40652
295 9279
326 4413
93 65733
393 10097
156 47923
90 63482
214 71923
29 43420
400 5199
184 63811
213 72923
120 77234
290 33290
267 47057
359 68320
247 553
284 11979
33 39453
330 77384
199 79470
365 86120
375 71508
25 46216
389 22923
290 74368
170 33541
210 36908
111 4932
215 42166
166 85280
2 82761
289 60481
234 78268
217 69695
119 44590
121 73916
135 6430
288 18023
60 30726
242 9183
140 72351
232 27219
368 50968
187 24309
325 36343
349 47844
46 44579
368 27370
176 79306
29 75142
164 60187
399 77457
377 76993
21 15439
80 65267
308 85444
382 77889
130 22534
141 34248
332 83889
203 6536
240 83359
74 32663
68 67044
334 26303
237 6703
82 38131
153 69389
115 54401
246 84727
19 30249
73 87979
200 40408
104 31378
363 86691
384 32772
265 40006
320 63248
69 17984
203 79313
196 52118
266 48847
304 49349
56 19588
230 62435
4 46385
151 33578
35 59281
363 8754
75 33993
345 59030
217 84058
176 48321
140 73461
50 8146
7 77017
211 20726
51 40890
318 67902
91 51709
17 37690
382 17132
332 10341
193 53821
133 87889
74 69614
327 51529
86 89403
159 4278
388 21062
398 4332
183 25823
10 32219
280 79856
125 9182
370 15413
323 40965
388 46399
144 32801
163 86752
265 72820
181 25925
166 40243
23 52009
6 21358
200 82001
43 87986
235 25697
153 48877
393 81331
171 32680
333 7336
63 6299
87 16226
21 41476
137 21686
356 73936
301 67484
293 24259
28 63642
373 69482
232 7806
24 3577
308 66451
225 48021
151 57766
138 26767
397 57142
242 84493
373 3382
282 54268
388 89103
183 44656
144 24744
228 50917
390 10165
269 87560
261 4321
325 80959
193 19439
32 76505
17 53263
169 79651
337 81464
190 35014
224 37141
223 60626
227 8251
355 87067
112 48529
163 29302
308 70470
285 75724
286 5951
114 31835
306 46173
360 84310
343 11864
25 22471
137 17090
306 65895
327 82678
21 24094
214 39506
71 67141
348 73027
227 1006
246 10524
53 32673
243 71305
160 35950
71 77793
136 948
121 67673
345 11844
373 50657
382 59371
219 76396
219 26676
61 11154
196 27177
69 36290
387 25221
61 12095
245 15774
293 44787
254 80437
209 71664
369 16513
152 80158
73 83375
230 31827
387 67939
234 40701
321 59254
233 6441
248 40487
9 47080
227 23645
327 75510
238 53935
307 36490
44 67058
206 75949
305 25192
274 87995
281 3784
138 29896
47 69584
102 29335
295 51170
73 74408
5 4692
10 48879
275 3666
182 85194
255 87185
365 79443
26 45606
48 42261
202 12293
137 10758
297 78361
292 36330
164 21053
398 75564
205 85864
285 20315
154 74802
8 55018
388 25914
186 71688
168 51558
371 68096
9 15827
87 367
92 19236
141 12445
234 46805
257 63193
338 52993
51 14929
292 5547
261 70330
215 36847
49 14408
116 10649
241 39312
329 72831
85 38031
8 46871
113 16028
277 28775
156 39973
267 58868
194 50148
327 5131
51 55270
187 65360
210 35141
365 42962
119 30380
214 53823
157 81270
387 81292
132 69450
215 48482
48 80494
71 633
344 11800
204 67020
360 28294
37 65348
144 75755
34 53156
115 21023
123 86517
41 16523
375 73143
381 19324
357 50054
303 69735
150 7792
339 66554
273 4689
224 33254
398 46441
290 89956
155 13263
89 36130
282 22162
232 43129
177 85287
199 18616
168 9023
273 33804
319 7708
230 88876
230 6245
250 44283
259 84921
149 17044
319 58637
17 31873
121 33882
191 85565
354 46397
370 65930
399 56789
161 43124
282 27261
58 44778
17 74602
250 67025
294 66935
86 36260
269 74291
389 11266
369 54322
323 730
224 62681
304 6360
202 89407
127 9150
294 11672
312 73163
12 5613
22 77038
332 66557
26 84381
246 33751
22 28305
336 19650
130 21505
179 10431
154 66142
366 36255
78 35132
210 85960
353 14706
356 52024
347 57964
175 14445
279 72242
191 43815
326 83653
326 74146
362 7357
203 23645
251 57659
278 22358
357 72022
181 23706
104 46736
235 26940
39 70093
107 76904
394 67772
273 29816
12 69234
154 5072
382 55040
263 86688
66 79130
238 67592
160 73508
9 64163
101 57773
165 13432
143 5230
339 18815
194 39242
379 10951
102 51816
132 59113
294 66905
349 67802
162 20392
296 42666
254 26414
297 47115
50 10541
44 29327
152 53059
172 36339
113 85367
108 57899
256 62632
178 72158
365 17680
215 15731
4 8351
249 50701
131 13536
9 45116
79 74819
29 6191
32 38183
79 3822
160 64514
108 37325
224 43865
134 70976
3 9300
82 65271
385 42793
203 57167
150 18105
13 46777
16 20679
362 84043
356 1388
297 50341
266 43562
66 31238
92 56265
180 66331
251 23027
383 54040
122 17172
90 12115
193 39305
110 12242
92 63727
169 54727
297 13304
316 66638
78 1835
285 68325
352 67588
102 25528
317 40376
132 8147
227 84896
393 56646
358 69752
234 66265
286 81773
66 30151
230 65285
189 66382
95 12942
302 9925
107 33206
122 78216
243 57495
58 79530
225 70976
381 68252
198 36237
35 39463
181 64855
243 36777
87 57883
38 5253
101 80339
202 26080
289 75329
112 30992
285 89624
190 64206
2 54192
302 28055
42 40233
45 11542
310 26221
109 81941
361 24502
196 55633
204 69529
42 62274
344 53421
399 51296
223 12101
306 24414
195 29827
11 38938
237 37682
323 24049
311 59508
358 40621
306 20023
56 63052
370 20763
189 46356
157 37166
143 84717
47 12198
28 23386
185 7510
229 14402
109 30497
208 76603
228 48875
391 68591
104 50864
391 2082
315 41489
195 53942
318 78532
142 26463
378 89709
340 49756
27 83759
289 87163
63 17552
328 53625
92 70587
174 7291
55 7666
108 52610
334 71304
289 85242
175 88245
270 23583
335 59982
312 6603
180 84950
153 23768
138 61411
15 33984
194 13708
171 40969
47 53900
227 60409
7 75178
273 40165
392 7248
243 68285
144 31472
89 48551
388 71387
57 31631
170 67550
46 44035
14 66813
5 71323
209 14637
127 29102
22 24927
161 8814
243 51093
103 12185
310 38467
301 74991
173 18905
180 35157
317 70670
19 84859
380 15198
100 89489
247 10292
115 45214
284 21715
210 36806
241 32149
232 13821
364 3979
173 29856
72 16059
255 44828
103 74389
112 30082
122 82406
310 58477
330 89574
122 72087
371 49151
153 83989
100 29453
390 26748
224 5271
326 58184
80 33414
387 14320
255 7885
249 2954
220 10119
380 54103
156 56214
64 88461
197 25704
32 25119
340 63822
312 28254
200 55391
42 86121
388 74473
237 41519
129 63286
57 56656
42 12276
76 71714
254 38244
136 71882
338 73904
323 69877
204 20912
134 24384
89 53196
31 88037
360 12021
127 79287
252 27975
252 61044
30 70724
367 47791
265 1662
39 39030
60 60961
133 44412
220 3395
222 76035
47 20116
109 7741
370 50369
14 22247
228 45402
83 57797
73 56063
387 43716
167 4082
54 19020
60 72679
250 54585
279 12114
50 53693
58 5322
209 56043
191 38085
227 15346
240 32641
325 40914
44 84187
264 17084
73 85568
338 64842
237 88580
29 11376
52 14882
134 23643
349 63902
47 87737
93 16015
45 29172
202 76652
330 83363
385 60448
309 22838
289 9859
93 3271
398 80719
90 45949
79 29910
164 1476
32 39372
362 71101
160 38576
300 78757
4 48874
177 7190
34 63457
98 9284
7 18214
141 58156
338 51291
291 11792
151 52919
138 2557
157 20523
44 82156
368 61346
54 69456
351 15461
265 50086
383 64694
349 3621
55 6082
377 3528
337 53501
45 20240
207 59751
296 66858
36 53525
98 35877
119 66006
275 79926
84 51797
218 51050
155 78509
359 21384
110 76874
17 63321
247 63655
209 21997
96 23715
85 34548
89 26876
46 30278
310 6812
290 14194
78 4558
11 496
141 76031
6 14022
258 80986
245 78647
290 40462
334 49705
180 72058
9 2551
19 49078
54 34561
191 35742
180 81799
171 81158
219 36163
289 81554
339 66021
346 15039
171 47627
86 40989
148 23016
282 43015
99 37522
349 32007
178 15241
202 74122
127 55734
129 26181
251 58764
22 23709
92 57197
144 64228
284 36353
107 48592
344 216
278 76675
114 66448
134 3940
352 70191
322 49708
58 66335
277 36513
400 28675
63 78713
17 72511
132 38486
181 4253
187 89236
389 41092
176 3004
29 48172
355 28698
113 42534
39 35258
213 69796
51 74072
163 73222
116 33446
233 76287
57 73064
152 55813
182 44335
151 69977
19 43389
270 28396
362 88260
251 45274
299 45107
272 67802
43 31910
130 79757
257 25553
108 69192
88 68124
315 50031
80 2309
319 87560
29 62399
16 83024
134 82380
183 29560
247 10778
113 45454
224 62304
159 11484
148 70276
88 27588
107 30513
373 1843
288 49436
228 34615
339 70853
199 13078
328 52597
242 1678
6 11640
96 82742
10 67350
303 22387
321 45464
223 74360
129 78066
102 71174
353 74940
47 60004
364 70585
391 31609
83 1769
367 4132
215 27768
108 20025
275 19310
58 77433
176 57589
261 89794
95 15559
286 38537
243 47406
189 21008
51 12318
361 5524
157 48765
209 38273
142 65000
390 17639
235 70599
351 3478
315 823
244 13595
267 38179
275 11453
312 63089
78 74899
344 83133
75 40403
130 41407
355 57443
257 44410
372 23411
374 70742
383 45363
163 74035
202 20797
64 46336
78 26256
345 15754
26 54066
366 2005
287 25342
354 51732
194 15803
381 72922
157 40274
138 56411
46 44388
10 79044
23 82738
191 27889
284 57
65 83729
377 55270
60 47316
361 62791
224 1630
95 60751
384 3679
177 1803
356 5728
104 25821
72 87970
66 15650
138 22872
272 55671
63 7981
248 72679
335 61356
339 17467
244 52054
384 12737
191 4112
208 23340
3 42695
344 64850
88 20541
211 45939
249 83619
29 78817
295 43971
136 47044
4 34017
363 77057
136 16452
126 68346
207 86971
128 82045
201 61754
337 83674
26 6487
152 68359
87 46121
238 43917
303 49116
257 28436
143 23505
114 53728
268 64478
263 78758
286 79927
89 9951
63 11467
87 81664
240 15527
50 54074
68 36972
16 57185
3 58718
89 32889
329 10690
28 38897
20 70450
315 30406
57 26514
27 66282
16 24443
277 52458
131 89566
359 20911
259 18911
100 72338
148 59303
48 17513
364 6127
149 43273
151 7185
289 51982
182 3307
21 31183
171 83074
231 56268
382 11124
225 55145
268 30561
176 10952
243 32771
374 16322
295 62414
168 81326
192 82797
385 55436
202 7280
157 37612
211 86590
95 48939
400 76735
395 28912
201 76886
237 56490
344 74331
64 55355
302 19409
200 81057
95 61460
233 24912
353 83859
141 12667
304 11621
321 49163
157 76138
217 39476
234 23212
312 55530
240 50187
9 54700
57 14421
233 57944
166 68208
234 21629
27 42820
145 70254
14 86423
201 12355
331 57296
238 62303
131 56145
99 61209
72 2316
77 6963
19 66248
101 66345
334 708
138 85269
266 24129
236 65838
251 27079
66 80769
167 5515
134 3538
74 24738
19 10193
229 22558
206 67385
314 57102
106 41974
306 67994
162 89950
264 36953
339 8387
299 58252
79 88665
191 30509
12 41203
316 263
50 18068
222 5713
353 75843
388 57015
73 86205
97 60041
287 58742
142 43411
335 73674
53 38354
245 10868
39 51181
194 48227
56 40926
125 22315
158 23889
367 7537
6 5979
294 45180
62 68019
100 46452
396 21418
381 65921
133 88086
300 89882
119 68778
174 62391
16 21015
53 31955
277 47583
103 41621
140 85412
189 63906
290 54639
372 8340
229 50080
399 60900
171 29350
115 76157
393 64682
394 18324
61 4906
304 62473
53 58572
185 22430
70 35423
217 22642
6 45181
298 43336
274 4787
314 51465
57 58934
91 88224
142 34014
65 81943
58 41448
103 45830
8 30820
27 51759
199 7377
109 47296
59 23592
179 4487
157 32427
264 13322
214 13726
73 30010
8 89092
23 3965
166 87884
392 57726
38 25406
245 57897
262 1611
333 25514
308 12609
97 4563
261 89907
294 8982
143 24840
262 12583
111 78909
335 24690
68 46183
115 64139
321 51456
22 55789
271 30445
339 6676
73 11040
360 7777
254 8111
85 9001
35 40746
241 78108
334 69635
181 45952
316 82206
14 8299
60 71950
223 21517
65 36993
77 77917
244 39123
258 75007
352 26108
107 64776
4 48743
202 46065
85 43925
340 37084
137 49071
115 89487
141 89481
21 15176
336 74897
60 50418
262 33187
204 4692
342 27133
1 26735
379 83344
70 7784
375 13990
190 23185
155 85825
47 58964
305 70470
258 55145
99 69731
341 61617
337 49535
249 77867
350 21550
180 45244
35 36819
192 50128
123 5071
346 20367
53 13389
323 21247
342 69689
99 4289
261 48858
273 17287
396 88821
44 67495
45 81492
166 11055
91 88758
164 11743
397 13981
31 29246
175 65371
197 9227
400 13232
57 59591
357 63595
398 38128
324 23148
304 35106
346 1281
92 87304
86 45386
3 77222
236 66532
75 4282
339 33733
46 7679
39 50924
89 35162
39 71572
398 36226
72 66535
387 83686
129 6670
304 63066
109 11906
356 59952
76 54185
145 25148
81 33249
44 36942
309 74639
14 73953
211 1133
118 64982
187 29378
212 68798
144 86478
31 30279
25 38338
240 67486
371 13425
357 72701
125 75061
383 2929
363 65847
116 2476
292 56278
382 61761
244 35663
90 9376
154 37258
138 85208
91 86778
3 19631
206 11586
32 2832
334 60843
125 39993
379 40982
253 56688
313 65894
325 70503
95 19877
62 59630
169 38379
359 47923
390 56075
112 74905
235 81150
384 63829
399 82667
112 23724
269 68479
238 43662
325 41888
219 29196
91 17452
110 38344
294 5228
223 48488
114 36070
156 85885
62 51007
135 34201
127 27199
309 50752
236 51823
369 70898
208 6767
87 25171
251 38085
394 1897
305 26238
319 12639
89 83451
319 2395
111 38245
377 5497
387 75794
270 12332
136 4178
387 30686
117 18391
226 67169
247 3115
25 17422
78 24084
9 87567
348 52169
184 6352
73 21462
80 46638
353 14461
30 72026
19 68271
293 180
228 32671
24 74387
363 85385
387 48701
99 60407
130 13684
300 61050
392 34984
138 81065
378 6227
293 40490
225 43686
7 1246
76 80581
176 24947
140 17088
69 63415
246 76602
381 22034
36 74687
131 55083
324 14089
23 80833
216 76818
61 15293
340 52249
189 30219
35 86059
33 82941
338 23551
394 88124
99 59369
346 29868
380 20642
107 15920
310 9590
103 55562
318 77443
175 43419
215 51849
277 48013
342 11268
1 89108
213 87710
95 28627
288 50619
239 74310
187 53487
276 38303
314 71577
182 78938
24 8034
80 61055
321 83985
226 68963
359 18494
368 51697
225 73376
129 82377
327 87118
146 20950
391 45138
81 5911
291 80329
306 13874
193 2502
348 14202
106 73415
141 17211
123 62304
82 65965
23 47018
288 66524
163 15421
142 18485
41 30686
393 30902
342 88382
14 32099
299 77537
339 35517
192 35719
239 65411
92 33117
302 13241
334 39875
206 83297
264 81373
196 55287
318 62819
215 84457
251 14127
20 28039
397 6789
249 85281
228 30247
314 64026
375 34645
318 8341
31 43201
147 22134
265 18268
390 56799
216 71931
44 3485
17 74117
77 26735
78 46823
371 21870
92 6956
303 69089
189 23336
164 50140
294 46688
74 89566
161 21372
220 78423
29 84744
331 10876
57 16999
41 18272
13 34939
222 54253
113 44168
151 6417
371 54253
322 14235
54 75028
163 77104
318 82500
50 49219
68 3475
58 35203
120 22676
251 9568
186 88024
122 33664
288 82140
348 9201
148 64792
46 83744
211 63684
304 86052
79 59984
54 71510
285 67040
22 19407
184 87218
12 41472
300 53269
120 36207
396 89580
271 58507
140 48361
230 15623
152 37820
43 68189
395 54977
204 20783
72 56215
157 80960
197 76495
342 70375
395 5676
226 43199
296 44150
194 62278
13 18539
8 53839
160 65026
204 52086
155 19009
235 26175
139 65904
131 76635
98 28703
216 1834
262 2737
34 61351
303 36558
189 11937
221 85454
55 49205
367 75123
37 67023
29 57655
127 73808
31 79289
287 80241
180 1728
55 38782
364 55460
216 62057
222 9398
251 89920
115 8687
331 10993
121 64284
265 25702
33 70772
279 26328
2 73098
78 86375
323 75381
152 84039
277 42027
326 29056
71 38486
12 65130
111 78352
368 20741
24 73812
334 42134
78 89813
343 73409
180 55280
157 38904
335 58466
233 69471
56 42888
213 4570
174 34830
99 61562
321 34201
308 67281
136 15782
353 41396
188 3841
118 75475
267 79039
369 70933
326 53177
104 63234
164 33588
144 34431
285 45555
215 61239
351 39500
155 51109
284 26304
176 49140
105 73885
46 11117
1 7755
289 85759
304 23793
184 12466
265 84364
278 23593
129 8238
228 26474
162 61753
284 13707
88 81514
208 77339
87 68342
129 61504
163 88737
136 27486
390 7252
161 45977
14 15648
26 11297
316 50281
89 58464
295 59479
324 18418
135 70973
294 75630
170 12895
240 19420
98 62634
294 60539
309 15192
110 50592
315 42488
245 80662
228 54737
89 31723
128 88170
64 10426
21 17081
176 82822
348 13069
100 66775
4 74763
206 46994
334 62407
207 4168
207 41028
224 19927
337 78663
93 37479
2 16988
357 75121
83 15220
219 72639
315 80878
184 83468
306 50409
199 51010
86 53604
23 39228
281 27215
380 1538
241 66741
351 42812
247 41466
73 43518
88 55517
380 7485
167 28457
283 54594
217 17977
397 82055
120 8382
125 63428
49 67451
61 81193
149 67835
110 70359
92 42873
25 31401
141 54188
138 42191
391 76146
96 10195
332 32199
207 62325
368 87999
381 5029
94 8284
360 15233
307 85986
94 11305
338 83396
308 44348
142 71512
64 35783
99 31662
159 29517
30 46242
368 77760
400 76558
7 82771
95 60926
26 14947
357 60934
151 85877
174 17026
77 15493
382 13296
302 63982
217 24378
372 85451
106 69838
328 71360
125 27482
140 53148
149 62976
3 14304
326 43717
116 24840
363 83162
11 72099
386 10254
343 84835
11 81025
205 85748
221 52487
387 80386
273 59085
6 22249
244 77233
261 83533
169 14228
211 56953
70 16249
121 19822
338 47591
242 3563
189 3701
62 88759
136 67570
287 67248
344 221
287 25615
24 5354
120 65390
36 46959
106 39218
351 68990
136 46430
141 25373
395 5478
249 53926
142 6798
97 89499
144 86751
149 57807
6 57843
172 2436
71 80265
95 27942
318 79778
300 51259
107 72808
260 70034
17 56798
173 23947
89 57242
113 77344
398 78699
189 53015
176 46544
99 45178
369 75241
216 31583
171 44577
247 21210
296 68296
92 1703
376 24713
106 68910
142 22394
357 26055
164 696
137 64888
50 75793
81 13719
123 79110
1 16253
33 45716
397 53376
27 80553
255 77117
102 8564
180 15765
289 39233
224 55625
336 74515
358 44341
250 85529
193 81737
251 30618
62 89644
355 32286
111 24580
68 74424
41 73035
344 51414
71 27360
297 17929
229 64803
71 52210
38 54388
118 87389
158 62997
333 88394
233 44720
72 7041
34 40257
375 77150
253 2372
108 33276
206 20949
81 47877
31 48153
384 8157
30 56396
57 63583
268 22439
336 12313
287 70201
108 10886
1 76567
201 89084
255 76465
375 34201
59 57534
216 54450
27 57557
150 88702
312 6833
203 15218
63 46473
119 890
227 44096
222 17982
361 41840
135 52323
90 9536
334 51576
389 44861
259 71644
346 62173
217 42626
128 77926
360 60137
240 82489
203 70769
104 7829
50 73967
170 19362
289 34101
202 58971
127 64193
131 61788
168 8753
338 3690
236 40190
25 15477
158 70192
78 65366
245 65515
297 74050
334 58119
202 83841
249 65992
177 59577
391 76384
276 10033
83 3151
252 19079
198 57250
136 74978
225 26345
56 15610
374 6187
164 61858
191 78212
83 49009
198 68714
308 70175
60 64033
312 7831
146 74856
262 63529
371 80687
182 17874
280 43854
38 14198
226 79540
120 34420
372 18430
50 20820
229 24432
268 73426
259 75862
134 55529
171 28395
144 35250
114 15017
144 80558
63 76330
175 89466
126 37862
12 60715
319 19154
200 25712
85 36066
24 22747
136 62982
358 89152
307 81329
64 59073
150 81787
72 9391
53 69555
226 46748
88 84229
25 89139
249 41918
395 5326
121 77490
184 51336
187 11269
262 42649
166 54529
272 45224
72 28208
307 63343
398 4514
208 14252
333 65879
317 60753
284 58166
355 59364
120 54034
145 27609
335 71055
56 59667
277 58935
205 10915
241 32557
107 11692
257 38161
110 54739
354 30876
8 12819
121 59338
288 50647
397 35377
142 59893
27 76853
96 2932
337 84918
281 52447
163 13899
332 60962
281 78487
309 52060
78 24389
321 73031
146 6713
49 83662
169 35750
379 60727
27 56772
89 70215
210 56903
232 77785
319 52927
281 40715
277 37112
148 51897
284 73141
64 50946
239 18549
60 77282
239 49305
122 39660
94 72056
254 76299
20 12352
244 6040
286 23848
71 21375
186 62705
138 86318
28 64586
211 2991
204 59742
347 77282
293 26719
240 11828
24 1619
339 19488
359 6842
74 76123
234 33027
383 26541
222 14216
367 62207
289 72564
12 55936
183 25468
171 73246
216 50183
262 15688
319 20450
268 84146
93 68060
28 78690
68 67153
222 48380
12 71461
10 71894
210 52241
383 23848
244 55982
237 30134
86 49377
107 38951
112 52047
82 49561
157 57303
336 52823
110 34363
374 56046
53 88703
250 34493
27 10472
326 4248
58 59986
359 22893
83 9466
127 1234
393 68016
339 32089
308 44457
62 41929
256 87559
316 10868
171 17808
352 4222
171 61303
79 19768
309 75281
66 36336
311 64241
183 248
95 6910
177 49800
257 66645
164 41718
117 70639
42 26082
231 15795
17 8783
133 11467
218 64771
132 33435
43 18607
60 64452
110 54773
7 41746
352 42613
327 53125
19 20921
205 66967
237 47157
146 19717
262 69515
130 59422
206 22235
363 9534
84 47696
194 52145
96 70676
383 50225
315 37932
141 46629
161 33662
59 47750
118 79734
285 21474
366 61612
395 51934
227 82750
49 71534
371 77262
13 68063
127 61780
181 13251
13 15805
222 38506
71 79768
70 33721
394 57222
107 20060
24 41114
321 74637
327 10041
385 53861
192 51583
180 21126
288 23890
76 4118
170 12458
347 53799
131 41211
58 44300
36 71207
372 54277
188 51325
104 22358
92 15839
122 58735
121 58633
370 71276
365 3875
108 64065
214 71029
327 20670
69 8512
70 75037
368 76408
82 73515
177 10775
85 60572
198 51186
145 51152
255 88785
87 20254
130 36598
80 50536
314 69784
392 52007
148 3171
222 19354
257 75590
309 88369
86 8715
358 18386
287 32063
187 16733
104 46323
230 11510
226 2427
264 9673
356 22997
250 2097
360 45363
392 15493
154 34656
273 4421
380 19385
360 87917
293 73289
102 40356
285 79237
70 49290
178 14719
119 77067
134 87177
222 16244
31 56936
177 27854
70 28322
381 81613
360 12955
256 24741
248 15654
128 831
27 61704
323 88897
235 64814
68 40673
308 71534
149 3103
314 28276
23 24909
305 4705
148 45387
20 54506
149 40797
335 84000
396 43175
260 55838
12 19953
362 56452
92 77038
233 61159
263 87517
111 33465
63 53255
366 33369
101 51941
380 33928
195 36695
194 5977
258 42046
110 13563
244 87003
145 64409
92 15200
305 64751
209 58303
263 43771
366 61074
306 54189
245 78232
99 57698
215 904
319 89719
238 72023
305 14331
228 61223
309 1934
40 67600
349 11219
320 64949
64 76217
258 29973
166 13730
58 66283
381 64870
7 38899
200 63371
174 89663
42 72255
101 7725
319 84400
137 42858
4 52121
345 30963
170 60526
25 66455
231 37962
175 40144
261 69303
217 70146
353 11843
374 20328
285 13934
40 14440
350 22398
345 37135
222 39259
35 14620
124 13032
38 35700
103 89628
357 37988
135 2584
281 64507
100 67211
125 16316
109 39041
353 46363
354 51496
199 88851
282 44791
361 22038
318 9385
193 13596
396 34591
63 19091
229 25549
342 53930
287 7194
271 22640
164 48489
373 51796
145 30138
264 27504
103 74066
122 60601
206 5724
101 27247
253 3601
131 10220
292 85600
212 61336
34 12714
348 15531
255 8643
162 81412
323 44429
82 8648
333 68961
187 72168
45 76520
162 38840
362 7286
141 67531
333 20994
281 39026
228 8101
357 69500
144 71024
85 29942
359 76809
176 32204
387 33087
290 63770
129 39183
283 30747
195 76763
174 38722
63 29913
114 65899
141 7726
308 10339
253 51759
227 72300
366 72026
131 22876
184 21627
315 41567
3 18415
167 71133
30 84737
55 17086
266 9882
333 52056
12 1439
163 80619
382 69490
147 76034
350 55741
93 61371
285 5726
133 14040
257 62765
290 56736
276 11555
368 60081
211 26316
159 83490
96 70909
82 58354
337 52410
32 43005
302 24250
38 58992
135 84280
339 2450
59 19104
91 76380
162 64518
373 28620
69 13586
174 70336
320 13602
67 46463
183 77593
250 85066
62 53106
362 79414
351 32057
398 23957
216 17615
294 9943
266 3863
150 82687
220 72299
181 57116
230 2883
287 65707
70 17395
356 48310
302 17942
39 54472
147 71412
319 50196
224 66413
250 63815
338 58910
37 76922
105 77087
165 78569
157 67423
209 576
119 18721
197 58576
51 31520
177 61071
277 66836
232 15613
241 65056
289 21921
369 44705
57 87774
355 61066
176 56095
9 81550
184 21071
135 68284
345 51454
136 31170
383 72858
393 29652
330 47050
221 62176
93 73646
103 74580
352 70263
3 35866
62 11590
14 50118
295 55001
248 65928
271 18780
105 53324
189 38209
170 22595
205 85294
136 5618
31 30092
116 26178
246 67715
326 84734
202 81790
69 11641
358 17031
64 58968
10 70706
296 52993
282 1404
20 8167
46 631
124 25407
400 8208
30 83197
257 62501
188 39725
20 48298
156 19040
177 69513
103 13942
227 17296
11 26526
250 71820
137 28761
298 41887
6 66794
395 72504
110 49310
231 82595
13 76216
127 86104
293 31840
102 26239
155 12354
100 39896
89 14516
292 41172
349 4410
118 74444
329 24308
398 70254
273 34826
180 50955
65 4264
258 41095
116 48347
361 30756
269 31923
188 57765
82 15219
211 63183
28 49526
313 4734
9 87066
398 25596
250 85436
247 14774
101 46242
201 64340
51 55192
97 40132
35 26188
63 9985
342 23671
102 737
17 77920
302 1479
207 39233
307 86873
156 4625
243 1166
90 79702
35 9937
400 48472
107 35109
214 84716
69 46708
235 7874
338 87269
159 525
37 28721
297 61317
102 15028
258 49695
144 86326
56 53126
132 59765
268 6532
372 76887
84 33688
232 34384
25 4236
77 40118
186 55644
353 5276
88 14593
72 73419
185 70053
234 25722
5 50103
306 34751
299 82596
161 76007
333 611
153 82665
288 11982
162 11955
77 70109
201 74490
370 41991
156 42810
258 26865
127 21786
145 52117
314 68483
153 27692
104 46942
327 89176
58 75417
271 56256
194 42987
100 27329
393 33516
369 68093
153 39119
35 61923
371 5518
268 26469
186 80957
353 87685
182 5094
237 68673
179 75735
92 12894
128 22612
241 43260
80 35110
32 2695
267 54285
277 71989
382 53670
43 23574
247 41133
134 69826
250 50761
266 37620
383 28889
177 34956
354 58794
344 5427
241 3220
115 48813
338 20070
245 14824
266 82722
249 58414
375 4882
348 70881
87 53288
304 50633
94 42902
154 66672
324 26117
309 21057
37 27780
189 64037
175 68987
213 54621
152 72252
242 43594
165 5636
125 27329
116 66778
149 27408
291 70139
26 845
38 45195
355 10916
5 40003
314 68567
396 73022
346 10292
298 41287
328 60427
242 60135
55 76069
93 47132
274 48227
149 38652
150 9751
331 55106
309 21501
211 76786
341 86908
147 46797
398 54123
87 51923
160 43364
272 31652
11 23470
256 30764
292 2125
112 39658
119 39372
299 43043
352 76155
272 33472
32 18914
259 62832
46 46471
348 89723
211 79106
327 27475
109 52914
67 36031
334 25195
35 35495
234 81383
240 46035
268 37488
133 21049
369 48749
145 31639
123 42318
8 16729
320 54355
18 57905
89 33881
187 28781
323 3751
82 15847
33 25713
138 23070
344 83825
140 21482
66 42536
323 62121
123 12797
382 72015
391 88026
273 54812
266 85568
101 81694
14 36312
307 61598
161 14469
173 2690
53 49235
310 20059
238 23535
196 67332
71 6669
133 52999
190 60749
343 999
323 22716
239 67710
12 40606
3 20321
100 69321
144 65030
152 82647
261 15217
41 53000
117 41061
29 66140
281 40502
157 28153
396 86009
8 67655
141 23876
15 47169
176 78881
247 52887
94 4136
378 76197
272 77600
310 89640
24 82144
125 36753
361 41680
227 10079
394 9239
3 15514
390 15121
43 65859
335 41405
299 63385
214 39062
234 41623
325 74926
273 4541
229 2771
109 30155
184 77769
177 42304
353 44497
242 26409
359 16209
378 72446
230 14361
326 77963
317 27064
328 5015
64 61713
149 88430
296 484
311 40304
143 59389
364 58425
245 88040
118 36631
125 32459
393 66552
32 69870
145 22904
361 38557
217 81632
199 31719
132 11296
95 40337
392 47301
391 2597
350 41087
348 68896
52 79154
333 74381
283 9741
158 52610
217 23257
38 5229
280 19513
208 82051
149 39362
318 47885
353 15877
370 55625
116 62515
371 88849
197 40179
398 64709
67 36681
66 8276
368 43077
130 66306
289 87738
343 8192
367 14743
220 31262
184 43604
289 44731
271 35227
376 66618
375 80622
251 61237
156 15075
228 15505
123 42730
83 31469
309 63983
44 87822
304 71045
54 88338
246 43881
172 2983
164 2175
256 44665
220 35764
292 82721
180 57914
175 17342
244 31832
46 20235
379 8873
176 13946
75 69331
281 48302
89 39066
384 49658
158 78113
193 66827
72 61884
91 13981
282 66724
211 38830
312 9032
320 34595
396 10711
317 17684
340 85352
122 18628
33 46572
186 79362
121 72858
102 43537
22 5810
137 12350
21 40867
307 67964
216 28989
199 42655
308 64840
76 25147
196 75003
175 40946
340 859
143 38590
231 22473
96 85124
2 88199
121 62272
158 49126
166 23313
26 88489
263 20243
390 4561
111 77702
377 59978
245 30785
380 49539
390 32000
269 79892
225 68022
13 44591
218 82421
243 16038
40 77244
279 25149
295 6613
87 31188
39 48766
277 46989
331 11890
38 13399
346 4732
277 63040
129 50962
62 26998
208 37338
164 71283
136 51643
380 47903
52 12342
287 9117
93 34418
284 67258
371 84503
307 22948
27 17031
156 84425
28 13241
302 87570
49 75130
248 19439
10 69247
283 11174
187 48138
189 46334
43 24696
328 28013
198 13624
297 80371
172 5185
82 18754
240 75512
185 73809
202 12408
359 47382
181 45046
329 83252
385 6713
338 24534
146 27513
7 85520
143 38194
193 34307
84 37991
223 70103
225 44552
242 47999
9 89138
79 61729
131 2949
240 31882
189 55030
67 11229
356 24251
329 55312
173 64153
345 979
127 86879
363 35947
294 17290
77 61611
130 80655
257 22743
390 12959
93 86174
74 3624
154 19681
121 15409
389 72389
83 87595
257 59309
380 59304
83 44030
283 34852
181 67100
45 17941
371 59899
303 17125
321 44025
295 78891
19 17427
124 18021
388 15612
233 48162
160 48348
303 65613
57 86639
32 2780
373 82958
340 74566
95 73051
343 9821
178 57676
233 26161
161 80820
29 56551
178 13371
395 1920
350 31374
286 8939
146 6213
230 82452
369 8849
39 24761
112 33542
105 64373
137 87968
198 59351
137 86967
47 77248
65 29699
135 409
89 31734
102 79125
344 38713
183 49612
45 63459
234 36873
122 88503
195 57824
163 69713
362 11296
3 2778
329 43534
392 88676
257 72583
194 66977
309 48390
392 85722
173 25410
355 14006
340 47740
192 6012
347 47593
130 47360
244 87791
382 77038
343 19226
78 1437
176 28790
127 83969
47 65905
83 26564
87 28461
79 40186
256 60011
157 24428
230 13392
108 41347
151 49016
171 25215
328 47240
194 76784
161 65291
201 32104
300 17764
254 19180
170 87927
292 57437
206 29616
366 23118
32 40401
120 13587
219 4128
127 53696
144 4003
244 40851
273 33584
189 74731
295 10398
116 68840
380 44109
86 8351
369 39406
277 23399
105 38235
166 54908
252 8686
164 81428
277 84375
187 67657
165 89942
350 62682
222 74830
145 56186
345 19981
128 59805
64 14722
22 22280
340 62964
246 43532
360 60849
230 25990
84 2342
95 24323
132 44565
319 52033
342 32458
23 79278
111 61370
365 73749
215 34091
187 8953
40 86343
174 33203
355 10432
120 41748
300 7889
351 8560
201 63157
251 86897
118 42000
172 9832
244 63297
273 17981
341 12909
2 69099
193 10819
103 71784
245 81296
399 3616
319 48576
394 77020
163 71637
127 51464
25 51797
375 7972
157 47115
160 26878
109 61068
315 25773
63 10697
15 4518
104 75649
51 80554
358 3340
200 85758
119 62313
301 45922
159 28258
200 79662
278 10049
228 59508
392 28587
93 40644
227 47301
310 59891
29 69012
147 37328
347 28579
368 35227
283 2355
201 37657
27 71177
79 29338
319 15674
329 68162
159 65391
400 70330
167 22705
2 19932
342 23373
176 21777
47 53778
225 39808
139 33288
317 38061
52 51886
146 71658
59 6139
98 81933
20 85802
306 37355
53 14390
237 78038
251 3577
287 30412
372 38154
395 21652
230 14595
246 79283
342 39567
218 61680
18 37238
35 60256
104 83342
85 41926
156 10814
132 60552
327 82827
266 88583
2 29082
37 62479
335 27486
310 29048
176 60052
292 22601
398 25981
359 80145
52 46742
381 38350
241 78221
360 81323
41 49964
238 51
165 72699
103 74031
62 73646
387 86372
246 78434
322 55881
287 24425
394 29643
290 32003
84 14277
218 85599
399 31416
230 18613
300 40899
202 76604
336 21721
95 16053
85 48634
78 55899
233 13661
121 64179
29 66255
35 78963
136 27363
290 39071
274 78244
36 34798
89 33281
7 81027
223 5532
384 65935
154 45091
229 80320
339 8924
323 26536
343 54376
137 14555
377 85818
58 60817
334 31283
63 86659
320 7438
211 46773
156 25922
229 50637
227 20464
250 46844
381 86242
152 60311
81 89368
44 59725
174 21784
292 7206
326 40478
294 72828
109 22717
104 33437
222 24010
22 38156
22 84862
303 35543
88 26211
311 62943
55 15456
55 687
15 24478
25 58926
365 41660
252 44629
114 43009
342 50447
340 74418
141 41647
141 8030
349 35739
201 69310
261 71885
156 62271
106 12048
138 75187
162 26371
334 87652
282 32770
100 77061
145 24467
335 84855
314 33855
83 20468
382 57085
363 86220
248 16260
165 431
263 60740
113 39264
368 87878
102 78486
73 2020
221 46488
351 43130
371 68333
385 36661
395 36125
35 18292
155 56388
60 67740
282 83972
312 9384
200 61795
22 51537
326 65097
363 43569
265 63341
29 25219
12 29706
41 27352
75 46939
222 46947
345 43801
224 41382
202 19133
6 49303
73 73651
331 81532
292 37331
129 46532
331 41770
298 78270
293 77162
141 77966
235 42139
375 55611
139 37480
199 49835
294 32352
273 8366
114 65709
236 68585
345 25005
20 19706
104 80716
120 67814
17 77507
381 21706
121 43472
249 74969
75 56971
185 8340
131 74294
236 65419
196 25989
326 24958
306 65840
174 22455
169 70508
320 40434
244 8648
123 79122
375 49844
212 75580
165 64360
290 36423
331 87337
336 31664
339 89105
126 33851
242 17593
207 18308
75 86849
61 62295
89 32675
273 26147
201 1823
347 81274
349 4025
400 80474
250 33135
246 81821
91 43758
314 76982
284 89233
332 40761
176 85733
173 66792
379 58247
327 87528
153 35676
165 10817
309 87153
311 2368
259 54820
32 47233
359 84653
119 78377
331 83731
57 80522
77 36294
22 47893
46 13393
111 34899
132 22893
190 15176
345 30223
158 51130
170 82457
223 80137
169 73218
68 89314
268 82331
229 31118
284 3310
205 78254
22 21862
140 81088
189 59145
310 63666
133 21891
98 30828
122 50486
28 66591
136 80184
115 38530
336 18453
300 42990
233 71022
62 14600
204 79886
324 74499
311 73410
30 77306
236 35867
352 80243
95 71078
65 59808
11 14729
189 54096
349 18366
116 58049
7 63967
25 43311
351 36913
308 39278
333 52600
160 34261
17 12505
205 2599
283 87666
223 43111
209 7093
301 50469
108 76697
19 22836
59 70830
1 64234
350 22078
362 82083
301 76343
342 18741
175 70326
208 57609
291 16411
264 58502
42 84652
274 83887
171 17152
85 39728
174 4864
93 87045
385 31249
202 353
6 691
175 54568
275 34012
196 1643
144 84976
260 57425
189 21162
207 63515
346 12840
41 46587
365 60980
234 71688
399 42977
252 16124
271 76325
80 42914
318 24577
296 64165
241 33598
222 51679
322 73724
348 57384
143 2427
131 36614
362 23200
165 8149
311 28455
298 65925
49 79406
398 49630
134 56963
369 26022
214 51850
166 74225
23 4053
389 1860
372 12946
345 71547
138 13582
307 11945
282 66106
133 41521
378 86641
151 63667
115 60874
69 71431
148 89757
63 44486
158 14726
120 41233
358 77359
104 68546
151 21623
314 63481
29 24547
399 65396
58 22845
169 52260
101 8076
112 69063
214 50004
288 21188
299 55507
105 503
7 59306
206 15668
125 26931
135 85063
329 86987
191 71711
232 34338
375 48558
347 61988
193 20440
248 44076
85 41644
89 29162
336 85539
74 11020
160 7919
367 19501
249 35712
301 77627
243 3199
348 25568
201 65235
379 72983
187 72960
28 18005
397 58641
115 60374
391 70129
220 865
211 24142
370 17097
290 4572
104 71624
55 67271
4 5735
186 10537
255 28748
199 47254
295 16410
188 47105
189 40749
158 27040
311 43713
181 83838
239 32050
107 83424
258 13204
1 44200
2 84910
90 36936
132 63132
14 56308
162 14231
137 82195
331 47630
233 22738
110 30225
35 73861
131 63972
127 2664
274 68000
151 77722
330 54714
284 31874
315 20349
337 49545
252 50572
30 63522
246 45203
15 80385
23 69909
130 55594
112 32235
349 56406
167 15340
37 9322
214 85652
184 48995
10 53755
36 21333
341 22604
125 64456
348 75573
75 8750
42 36495
281 46463
299 88810
232 82951
274 12640
122 129
308 63444
120 61906
362 63058
12 87011
210 38360
71 64881
31 17025
28 69166
181 1550
291 52236
158 59594
152 70759
232 34940
186 37777
228 22669
300 38084
168 12152
54 46106
238 36941
21 39996
147 35441
247 47432
233 31255
112 17606
38 20592
88 88533
322 86565
363 37697
237 3862
8 64371
86 19562
82 72638
245 87199
98 88841
227 10139
130 68684
364 75587
227 75647
36 53304
345 22914
239 28884
170 35542
327 36233
242 37606
154 57254
258 68680
393 33278
348 24074
154 54257
153 56764
135 49268
227 73104
253 5709
316 56035
398 75174
5 71471
272 35637
391 79408
60 66093
94 17893
111 61304
136 17876
316 18179
11 65080
360 27149
396 17007
316 72593
25 9522
151 36397
272 76538
249 87750
198 28323
202 62680
305 86229
161 86666
93 36118
77 58654
75 24929
223 25817
45 4029
77 11655
332 70585
65 26836
3 20632
73 17436
241 10896
133 20371
282 29958
139 59119
103 62150
102 50982
385 33939
115 8368
74 84348
178 18858
149 32645
171 26169
72 77288
311 67498
257 87166
339 36645
382 64074
288 49352
308 12387
21 65815
345 80606
364 49563
330 22861
193 37659
389 44530
294 48852
256 51858
290 81901
17 18235
173 51299
227 51920
21 33495
232 47148
236 11158
273 40813
56 40179
23 54869
194 62777
214 83473
55 75377
285 47220
186 75912
351 84566
256 17241
357 20346
291 73632
298 18394
399 33460
381 53492
184 52211
211 51567
274 28502
98 1142
56 6574
7 47279
358 38841
321 28257
14 64141
147 20841
359 80636
214 4953
217 81219
277 39281
242 71440
111 38543
244 66208
329 815
229 7229
361 81107
174 65789
12 3170
77 12437
161 44816
19 63652
75 63263
54 50368
291 41741
335 49559
116 65419
397 47267
301 2799
33 55210
67 56376
112 88188
364 29788
53 36478
101 11581
268 25075
317 87096
295 33120
55 14778
109 25093
92 21831
22 18248
247 89393
144 28610
168 5748
238 42
385 22071
3 40484
332 68975
139 16029
258 82581
339 49550
341 65036
156 28088
40 48073
60 85868
290 17781
301 82679
31 37575
140 43498
206 64051
11 77020
164 8166
351 409
23 86354
34 43480
132 28192
339 52111
250 61712
1 39997
269 53219
308 88364
228 65071
388 63931
299 19891
288 53311
241 26982
296 38355
315 6788
339 67177
31 9246
122 57810
138 11145
75 57036
251 44295
23 23532
278 25777
340 53850
386 26364
284 63146
347 44412
44 64169
80 39718
357 52059
22 27345
191 17078
291 79914
145 40823
4 59107
171 41752
312 60218
28 5459
355 8480
316 77786
140 62784
19 27045
95 82132
272 12988
60 63124
67 52902
101 31750
35 47628
36 12908
41 32674
67 83842
3 30539
290 55062
354 35889
149 51247
188 4314
19 58584
171 18253
56 81014
44 47692
371 70679
225 31766
153 65052
384 79478
385 85813
225 1120
22 1107
292 79644
392 79134
56 16266
10 22558
309 49109
310 314
387 19134
37 36518
257 45089
119 80482
31 65227
81 56398
308 7375
170 43393
346 16527
141 20007
140 71863
122 36626
399 29470
132 86799
6 20350
373 77873
220 89440
246 13948
366 8745
103 30369
398 32257
157 83603
114 24843
111 7696
98 84848
392 83637
270 65999
232 40825
117 34176
195 52341
271 76800
368 56739
389 58871
219 14192
243 55256
20 61526
77 9431
349 15708
247 83864
96 23384
347 30913
103 46529
263 89525
2 4225
268 56033
261 59107
17 89299
295 12344
334 52714
5 15426
353 62865
76 57112
12 44864
130 47869
100 50727
350 43679
116 46423
395 89012
393 48264
89 7347
339 47967
44 32807
202 66501
27 37401
231 77798
370 75772
358 63597
193 32671
107 76201
235 49126
122 87308
184 74726
93 10250
243 38278
146 70865
76 41508
11 71268
135 77720
156 84033
235 60109
192 52389
309 47764
180 77499
178 48808
123 64113
376 7294
184 27129
286 67194
343 24411
191 11995
277 54849
203 15529
2 51843
278 10523
262 5871
296 83181
266 10335
251 22291
267 22129
96 12029
202 27939
106 26091
47 67709
144 59994
321 66083
320 14802
351 3224
55 16477
314 69700
218 22939
217 27536
256 64709
244 49903
69 67530
41 15520
9 31871
10 48566
15 8764
397 42569
207 66458
235 73126
244 49583
226 37454
223 37427
338 59047
178 7914
227 40342
261 67512
158 55153
100 31707
256 84587
159 50480
379 55333
25 28816
212 50923
330 2729
261 1441
237 55440
108 65119
291 70014
75 42660
238 80582
198 54380
294 44254
169 61372
263 39914
95 17252
369 27286
155 17214
55 79813
179 18850
273 62140
336 31554
347 8236
192 54702
131 55510
276 66660
94 76976
82 61824
259 38719
339 78261
175 57716
118 22986
176 16028
156 35248
122 19616
250 21416
229 43813
155 80851
188 62400
251 31121
63 45659
156 66373
19 13927
197 70208
13 25160
286 51108
170 41379
342 42694
122 20080
29 51390
144 51685
26 71828
116 78099
374 68156
2 35702
318 61165
168 6194
214 60583
363 57257
369 36066
211 74701
377 76740
250 38167
109 70204
161 87751
206 49338
395 15165
258 2170
400 21354
337 58409
44 25337
138 44107
173 78862
175 74937
200 16777
309 89700
277 55434
5 70550
318 4347
125 79188
292 34111
352 82638
203 42233
2 68631
201 39571
173 24794
106 31633
366 19717
14 54824
137 68110
138 1075
129 76050
371 24747
257 69259
231 49844
102 66347
164 8329
242 50736
334 64908
298 70527
349 48895
73 40234
124 56355
91 64398
316 18592
131 87342
287 51448
197 84032
78 523
237 75707
211 8155
310 62587
287 47
340 12608
38 40793
27 59579
158 89994
389 45463
227 42599
399 67808
22 77707
253 72271
329 74892
114 16136
261 81222
121 74810
276 54742
127 34397
71 38538
86 39398
273 43714
259 77768
235 54547
257 47870
190 24897
60 84761
28 24767
375 37687
87 20149
135 35117
248 36633
325 30890
25 45013
368 10127
155 86106
104 67312
322 34146
372 40314
356 13118
238 83618
109 60810
129 21078
238 2954
66 7482
57 1235
276 62181
199 27877
194 19187
259 69857
393 21801
236 24792
11 25691
118 61132
190 30270
121 31957
90 12861
321 70406
223 59769
205 6460
317 61983
80 32429
265 82956
51 1872
63 17753
304 77237
123 34789
344 78596
94 847
159 19931
271 88179
283 64289
263 16123
265 78477
324 79637
343 1339
248 42523
27 12105
23 24397
90 32613
380 25115
162 32719
228 51222
113 39560
161 72230
252 46712
9 16232
41 29132
341 76646
165 62323
162 15279
238 39017
115 61879
394 74752
109 16171
254 69891
378 52092
312 61395
198 66682
6 52860
277 44973
365 74930
43 13384
339 87048
82 74739
165 57914
40 78162
306 975
287 78726
221 37048
363 72681
111 62057
23 45727
66 74471
209 53086
328 52025
185 69490
114 22556
181 88849
218 6949
112 15234
297 28499
199 1291
161 88747
139 31583
389 87842
338 26570
315 21565
277 38431
385 52678
275 35911
37 32441
189 71127
380 35817
328 48809
188 72167
206 32599
50 12923
173 47937
221 28276
39 23487
320 35508
160 14690
260 44001
51 69802
180 45835
142 44627
79 14763
337 41888
90 8215
195 52585
59 78951
173 65813
335 42844
28 35359
5 83759
3 17104
336 19964
71 19793
41 52135
114 58103
331 37548
225 50032
245 65344
22 35318
172 50337
54 29130
198 7863
123 6678
336 28589
131 87896
393 8479
368 36964
117 89694
118 26069
267 84003
97 64524
294 50615
188 81595
232 16851
266 70759
322 25792
65 53191
14 20586
58 67051
358 37460
3 82913
170 9398
29 10093
253 21739
382 43289
344 5141
352 37223
374 38428
143 44579
278 19891
399 78987
61 12397
53 12651
257 7680
329 45861
47 7121
122 73786
6 82465
26 53576
266 11815
174 1283
290 1137
143 45692
282 23786
171 4096
17 43633
373 57751
108 62067
144 45240
353 8058
216 7727
381 2001
42 38738
143 44742
55 34650
171 19841
69 32592
136 81569
62 59998
322 74548
271 9768
344 44949
266 16655
175 36976
276 16927
334 62390
392 78816
384 87964
242 1250
373 63878
197 4865
304 58656
86 28850
362 20537
78 32294
126 39258
395 36705
268 23220
240 48876
199 52019
65 57141
182 86818
360 89387
246 81342
355 48583
358 22473
3 76997
298 30945
30 62489
313 2191
270 28078
255 48436
208 22938
267 66072
6 16783
82 86390
277 1958
123 37441
136 72730
33 20662
155 32200
148 33494
49 2378
24 15084
207 63342
116 10526
238 48432
132 7541
93 87938
199 74583
348 38339
306 12322
386 13573
252 43173
168 60699
80 22154
268 39682
126 1453
111 71232
298 55564
248 38623
155 87888
111 17367
157 41984
194 17072
255 13928
131 11234
22 54545
263 75297
393 19038
329 37971
3 4448
213 72280
196 9424
14 34893
64 47883
201 7845
382 74
239 55861
58 89991
47 79599
196 509
361 47684
351 25186
244 57413
98 39593
298 6188
74 86650
103 64912
23 54473
237 63367
122 44836
66 68227
350 29538
96 82178
268 72186
356 42170
388 29396
352 15805
379 29081
42 25248
232 85399
139 61621
278 61745
368 21702
277 75316
332 63846
217 2030
164 59597
185 34632
369 13147
178 44136
370 13079
113 34435
232 35796
92 82823
296 88874
250 15367
108 64422
294 81608
66 84591
384 57841
347 80694
140 80974
334 54390
386 85041
19 64054
380 11038
8 58554
250 73357
351 27576
289 89654
110 76385
8 47294
382 42454
138 4762
252 47808
328 66406
347 48121
180 71326
96 34238
390 12098
133 31834
74 3993
86 82740
240 80007
391 78577
379 57546
220 38063
211 75734
336 14281
339 64776
255 61595
251 62435
235 78903
15 11827
106 74451
150 38149
247 41773
221 858
173 86331
81 46581
143 2556
248 9957
131 74561
393 78374
114 34784
400 62942
169 89008
43 39003
331 71926
111 40960
13 72090
371 48887
185 70806
19 27306
396 8793
143 89801
119 28749
250 23265
290 75197
332 34339
116 87205
49 82722
188 70391
279 80620
236 19751
115 58537
24 4159
44 26870
171 64219
63 28427
355 88375
361 27289
240 52291
17 57949
201 64351
171 73981
295 27388
326 12852
151 4443
351 38557
316 34035
315 23038
299 67618
178 43218
30 1501
206 7983
18 54329
64 62893
57 73807
155 10386
392 13041
183 29190
393 67506
31 7761
75 46835
68 54559
173 14784
360 38741
71 7983
243 14955
129 65491
322 88510
377 84796
50 11682
322 18324
330 10197
351 5755
15 423
156 66276
397 62346
374 68064
276 1484
206 73334
345 34233
10 19339
241 43096
292 52803
105 31107
393 29241
49 17395
155 934
253 87387
175 24686
194 53932
352 1193
335 63908
266 68266
273 83741
16 22565
286 89328
214 51670
27 80306
168 34366
245 80761
241 33038
172 45210
100 12201
52 71681
167 14629
147 52939
371 88422
53 18204
166 49011
363 62916
81 61261
279 69631
74 61827
193 14829
107 68812
70 25909
49 11189
276 61420
254 44447
95 44887
8 61830
399 66571
311 59919
384 11569
170 7559
304 77561
323 37621
196 49526
311 65329
4 36566
383 19728
218 54623
74 78854
231 58541
392 22699
399 81948
400 21082
168 72515
219 19939
350 49762
23 30054
162 36498
53 82021
102 85798
220 38062
243 33762
387 11283
211 74917
186 55604
375 5739
242 34710
163 49348
49 221
189 88093
176 30548
65 14652
316 34930
208 51258
264 42980
12 7294
8 63637
30 49083
264 75890
144 32200
83 59474
163 15426
285 11257
251 24905
58 45221
110 58226
20 5142
89 59230
169 69816
154 33217
138 31836
86 15157
190 30814
69 3541
93 76017
306 74594
197 29931
60 26875
360 4447
7 426
75 72737
59 49164
393 13770
260 8134
366 77613
369 61139
61 38596
101 33665
123 45112
249 84163
210 41521
343 273
14 55115
49 56748
307 59525
104 78193
261 77259
261 17006
174 59828
260 8924
284 29996
307 73739
16 82041
392 56941
385 27742
217 62173
167 74661
209 80129
16 41724
81 77085
126 24132
333 10225
263 89590
379 3538
275 33684
328 6134
210 71461
66 59781
52 37711
191 6385
63 84222
5 7256
396 60935
159 73821
282 55989
127 80403
346 6173
374 84233
49 11663
365 43682
41 88521
112 38289
320 26450
350 86177
231 74177
346 26230
373 18740
173 23303
82 61530
98 45218
60 31948
120 60335
245 87970
99 41060
3 8227
12 56455
15 24707
28 68955
262 36583
309 16366
27 34531
122 5109
179 56713
241 27335
296 57373
344 32284
39 24973
398 17378
161 22854
277 24059
174 29825
278 55187
5 52660
317 73997
245 43644
185 1515
399 60003
77 54166
186 26792
370 27812
126 79758
307 30479
313 12727
319 32613
318 37506
235 19607
288 58650
157 54326
347 62745
82 27840
92 50321
345 68902
164 20707
373 16299
169 7160
223 67080
133 85148
338 15106
116 72174
286 71214
346 38238
229 78184
11 86316
32 26131
34 88254
59 23687
251 19988
197 53190
9 27978
322 21368
112 42111
9 937
203 39300
134 47160
344 63957
200 36816
295 74285
244 33505
287 26607
304 12390
361 49447
169 30536
322 45654
126 19855
13 14909
146 64933
207 84186
142 27265
210 45910
365 74604
67 70468
255 14487
164 46531
134 50514
346 51138
284 23558
176 12382
379 81481
338 33141
178 22079
387 62626
375 7171
199 84805
320 88988
105 16058
345 2897
119 61386
129 36378
385 7084
253 64105
142 79440
212 14295
151 69020
16 31055
266 72585
195 81391
8 38684
48 17897
215 32149
318 81537
17 20992
121 52880
387 4638
305 29148
255 66723
312 86241
330 34718
8 19523
79 80950
299 32249
202 70126
81 73527
366 27082
61 55591
15 84981
328 13054
377 1685
205 64475
7 52461
172 22072
317 7554
24 48941
286 27361
328 78153
150 77472
249 56932
338 58666
234 58534
163 80808
143 47403
96 24140
271 40669
1 56404
102 83949
372 80225
4 70327
299 27484
75 24593
395 2485
261 83622
63 72840
268 75540
307 36903
208 53949
218 68535
357 44370
88 65621
66 28163
89 44744
307 73994
216 27396
119 14884
377 1493
51 34899
48 70480
270 17610
7 6349
67 2391
316 62203
226 32375
112 42931
383 58214
73 47497
49 75434
65 29331
84 75449
341 74671
136 36243
183 13021
207 62247
29 1888
307 5037
31 42363
254 20689
13 40707
224 44118
23 55546
285 80185
258 14065
396 68174
330 16992
345 21111
75 41622
68 5587
182 18748
96 71424
242 81672
308 33333
120 60071
94 74967
6 35211
107 23582
350 39154
336 64452
340 10738
180 54156
99 75784
147 74268
280 40854
381 10542
37 72218
180 17159
320 83246
306 14649
145 8191
209 10014
88 14518
369 29378
69 69768
342 5139
78 76064
120 36414
348 56996
257 47823
46 50031
161 42187
68 42666
237 66153
6 21255
92 80773
75 74432
233 45796
274 35996
165 83036
396 52825
97 1093
15 12793
168 87504
86 34432
291 12509
188 58987
19 41232
260 43744
155 25899
372 89222
306 37694
4 27511
197 65620
292 35679
292 33270
260 9978
289 78888
346 56082
260 5672
15 12045
169 21018
194 12622
80 63972
292 37561
28 2992
154 86466
309 69005
126 16620
182 35607
14 79237
351 81613
268 48255
164 37475
332 27716
77 46354
57 25123
388 29616
192 1946
122 4618
356 42019
34 18015
24 4600
179 37927
56 50584
203 21623
33 37170
391 16672
36 17614
252 77999
391 37208
17 7794
51 75066
211 58228
391 17914
31 77877
164 79335
28 84368
63 35713
334 40606
243 19771
132 58200
380 65148
139 10087
332 79759
312 13145
42 4648
194 44250
206 28333
166 27798
102 4303
50 36154
180 52947
138 45506
206 67686
134 3246
125 14703
321 55665
31 71867
75 87699
101 51561
312 63093
53 39549
288 25249
329 63454
285 53680
205 20479
48 53084
325 75069
364 5148
294 30909
137 21991
216 75536
322 48552
154 19264
344 36679
382 15899
221 70421
104 29234
297 12175
180 68480
153 26604
301 31809
43 69378
326 10944
259 10898
293 83265
169 50066
147 28538
296 4419
318 4341
257 32656
311 16022
246 47969
276 25982
271 18916
79 83009
377 32031
341 7657
178 13134
8 8110
286 49135
77 5035
357 1060
382 58225
370 80570
250 79034
246 34820
128 50238
323 48531
376 4243
177 85264
346 79663
285 15370
165 71803
389 62297
329 87345
77 47888
93 46979
317 43838
346 20760
256 42972
318 70343
247 76996
362 82651
164 84946
388 73847
160 69569
230 65273
357 67510
61 67966
4 604
203 25326
208 28858
277 10967
209 58904
390 76512
323 34874
282 27332
388 55391
20 65071
26 27131
121 64566
330 47266
130 45230
114 79181
269 87159
80 3128
157 31137
312 37094
166 33294
2 37996
66 18662
121 5121
303 77213
110 61384
126 24582
163 43463
85 26124
225 83728
30 1899
194 40414
118 68851
8 39035
335 55708
164 58975
223 11581
367 36189
334 61940
164 15265
92 34372
260 26503
200 71085
289 61092
186 55740
356 68957
379 52262
136 21942
231 38199
60 10841
2 70887
100 19656
80 70942
120 17883
203 62506
228 65953
129 77826
166 69467
83 18895
68 5732
55 53029
51 76631
375 88684
177 22098
256 27546
188 34947
52 57818
216 63607
313 78787
334 73796
104 3285
23 44166
366 57601
37 31805
110 35146
74 14428
349 55104
303 21216
36 29429
94 81401
370 64924
89 40888
263 51012
193 86088
43 81407
207 9916
101 2139
303 34802
116 32502
320 29358
89 84262
101 21197
282 24562
343 9157
161 25687
304 72861
92 89802
354 704
203 88845
398 10498
308 60995
93 42603
130 12095
203 18037
146 89788
231 32174
36 33479
276 67653
352 28408
155 17583
319 25615
118 64337
62 40210
151 84040
94 17522
271 7527
390 3417
327 64974
352 36551
251 56861
88 81243
122 24704
80 2439
39 19404
175 20938
267 52081
157 36044
33 51288
264 62957
184 47293
18 69155
213 63556
241 68314
382 23385
125 80020
208 54733
182 34021
185 72743
204 32950
63 79031
245 47565
168 10636
299 2258
127 79981
122 71609
54 11177
246 54624
318 49060
179 4316
161 18293
236 31432
56 23160
13 6924
53 13510
248 62098
379 22458
116 65139
224 48942
217 23962
82 20552
197 87333
256 83789
234 55934
300 7652
206 58190
287 4358
362 15516
53 51033
252 27427
125 89927
373 77014
155 46520
139 80877
374 26788
359 73778
57 63629
264 29123
230 53179
223 3861
238 52790
273 38675
59 76289
376 14075
166 81447
291 64332
273 46656
129 44676
79 22570
106 84398
327 45191
294 38323
53 81902
371 38359
264 62769
180 67855
85 45209
300 83499
386 38958
327 85984
172 58935
306 433
178 39174
366 39663
231 24992
17 85792
196 56814
85 75970
36 88870
391 85840
103 75178
9 61351
319 38264
144 77671
278 77074
86 57511
390 11162
10 9001
335 85020
235 89059
68 6519
385 71803
318 7136
52 10672
232 52973
355 23589
338 35111
142 39334
350 42796
300 41580
246 55296
70 61685
132 5431
185 65703
56 66795
297 62656
277 55587
265 25183
36 28823
387 27824
368 33767
167 51655
105 49229
355 44172
1 79391
336 78752
50 41314
213 9029
38 44625
50 43915
77 2037
358 9449
283 59391
105 77355
295 42890
291 49682
333 35014
275 87596
172 54251
137 13509
361 19961
268 48291
74 47019
325 89806
268 37951
210 30895
270 8027
4 44768
132 73282
113 63838
197 83697
115 18976
237 34890
23 66888
300 17908
303 58123
276 29450
209 86490
31 47227
53 67303
119 18507
155 876
364 83266
34 7394
210 20415
338 61376
48 80564
387 89769
130 88643
372 81663
200 83942
309 50120
340 31575
77 88096
352 32239
118 66248
102 50719
219 41439
54 69285
17 37440
276 40392
91 52722
231 7743
4 6
91 24342
121 37183
288 34652
172 4852
345 76815
195 39294
189 88462
310 38234
137 15020
101 1172
188 84800
143 9010
394 89140
108 46528
42 83592
229 56731
56 20321
198 80257
212 16653
115 69855
369 4314
192 36744
343 1730
151 78094
193 65839
342 24888
351 55912
142 29448
325 63595
374 1083
202 23538
53 25227
138 81779
28 34450
37 550
202 85907
334 41997
213 11952
188 8557
248 11777
364 23500
16 56607
190 22196
109 65734
244 15114
183 20470
278 15726
327 35092
368 89707
153 43698
82 28907
49 42454
159 83369
99 37112
270 6370
249 81352
188 15413
369 64013
249 84324
125 75105
199 77867
113 27335
318 64624
24 58951
58 49303
367 84228
91 47863
281 20062
148 59011
281 30000
28 59984
91 58408
305 41906
396 42929
384 66229
44 49004
350 441
355 65972
322 66779
106 76293
88 16132
366 87524
400 84138
336 11052
253 45305
104 11004
231 36933
157 7566
73 69100
238 26257
147 19652
268 73187
265 9882
142 88922
35 4751
316 87081
11 66358
244 24066
226 61518
280 8864
331 59960
142 80777
398 2031
383 57865
22 18501
296 10139
211 60437
252 43347
89 64671
384 80373
128 61253
158 46340
226 37346
275 76306
224 12153
321 32838
381 2229
61 71403
129 54298
177 58282
7 69001
235 81837
303 62882
109 42365
253 31852
219 88613
121 69055
224 44035
93 32598
314 29611
218 21113
121 13751
35 39928
372 34604
240 29937
164 23391
172 43800
166 33025
327 55702
190 64558
262 49907
191 29422
30 11831
243 89549
44 44698
25 63239
160 52137
50 3712
93 66563
19 4057
123 22218
279 75045
262 34665
266 46394
348 321
78 34396
290 78754
154 43962
63 74053
70 35611
208 29915
81 85327
371 43062
43 23500
140 72824
27 31482
67 77241
154 69406
51 71816
181 22657
77 10028
128 71521
99 8464
270 50567
301 59394
41 11819
104 65723
208 70986
210 14861
36 38096
239 74982
315 71736
343 15720
77 13863
197 45428
297 24609
314 81888
161 73382
312 11726
234 4969
103 34985
333 23566
372 18070
200 69838
301 55478
302 29762
22 748
387 37162
263 39288
1 67347
331 13061
293 50947
3 34402
323 28549
177 47019
318 13808
158 44607
161 20447
100 87200
361 24225
52 68545
264 31891
33 22250
339 13688
227 1429
116 81711
310 63608
346 42017
376 9315
292 85437
207 8727
298 27386
256 65391
36 34874
25 19167
385 57609
200 19239
2 26743
145 58894
91 9089
44 2599
377 5992
341 85804
278 83643
250 2257
311 77080
208 37888
111 59467
399 21224
121 71121
194 44108
162 41368
104 81193
108 6641
149 15361
300 68220
289 84585
157 57472
136 48646
331 56065
152 37950
105 89232
119 88989
156 8550
74 6256
109 50009
159 82649
43 8962
292 72351
262 27685
125 23828
85 87265
274 45073
177 26779
47 47892
120 47980
50 51918
348 58658
161 60406
257 33078
97 37251
98 68367
128 43121
268 49967
12 19113
225 49429
378 16314
343 78312
272 75959
198 17049
234 55413
30 29629
201 71440
303 24614
191 31951
126 28677
101 85589
7 8818
70 77957
182 66772
257 1122
92 89775
10 37868
192 24671
185 37590
267 1465
394 8876
27 27046
284 53946
274 46633
306 49552
196 39323
277 20799
108 88087
15 71022
87 64382
322 47651
279 50726
383 14763
290 88537
31 89093
33 14755
270 35369
145 70261
27 35020
165 84827
345 40038
258 17875
81 59800
385 77206
94 175
97 11040
303 63771
211 48809
376 349
348 73220
146 63797
358 3080
70 20754
319 70843
134 62094
9 67977
260 21999
136 41076
361 28177
295 7467
368 68215
259 56110
152 70453
127 73150
102 5472
46 89109
176 25078
76 9472
67 78708
134 80730
125 72446
349 81519
356 69818
263 31892
270 1362
205 34054
359 13212
30 14855
382 71071
267 19205
279 20821
313 86749
251 16162
82 64346
19 7646
68 46816
225 61706
33 21467
8 24636
29 28551
335 47603
307 46772
305 78716
113 39511
96 21059
55 64406
317 35331
284 48333
386 51816
393 25302
264 52316
235 23911
65 57152
149 63257
32 56268
124 22428
124 83922
58 23676
192 24706
364 62682
270 41132
195 19635
391 64155
151 17277
293 46745
111 15630
354 27296
330 10714
14 76323
186 81312
220 27764
195 24730
37 66976
193 58720
196 4732
47 32138
168 32047
400 27002
246 36441
42 11099
212 70077
310 48466
191 35529
178 37253
278 1819
255 57333
237 18937
19 80873
395 61020
199 7510
331 21438
234 65913
79 54730
189 41750
296 30006
326 70342
80 45140
381 36886
257 69041
177 69774
363 6716
388 20962
113 75395
218 76741
348 50049
271 26661
135 75710
190 62402
18 39832
379 1521
159 28353
73 57304
136 43615
260 13062
103 47898
361 20967
76 28293
89 79544
26 37162
330 36157
394 10873
166 31565
263 52851
234 33477
241 15509
392 17094
379 52068
133 17958
92 40635
348 81250
337 62429
361 34207
185 53875
287 77288
280 39845
387 57777
85 50257
206 31926
284 46623
206 27642
108 38059
70 14935
282 402
10 29928
189 80543
340 57977
367 24399
370 27930
35 86276
21 61434
105 73258
131 69674
91 76918
294 60155
388 53922
139 81233
100 4245
52 21571
174 71067
38 41201
137 78364
28 80266
82 56904
258 49764
24 61338
187 26298
47 33220
172 47734
254 80282
62 6061
145 81382
16 65306
152 39093
354 26129
390 37672
91 41954
2 78759
4 54647
185 14475
187 45482
330 25056
65 21993
265 86669
269 43119
381 67372
150 84930
146 41326
189 76305
344 9155
273 19493
34 68036
280 37409
39 89311
397 88248
324 44674
220 71016
25 71682
344 42517
311 14960
150 9806
89 76540
143 30716
248 57729
178 20929
292 6687
351 86540
18 34071
301 15186
345 34785
134 84724
84 67568
358 39373
67 7103
303 15215
378 69604
135 45012
400 30239
72 31686
353 67380
271 77319
253 53779
334 32405
7 13594
235 24134
6 9890
303 61203
200 75183
87 3607
74 18447
38 57171
209 1741
241 48354
372 29803
353 4669
287 76913
149 2065
98 21615
302 62178
240 47343
385 10803
112 86626
296 19644
224 80460
97 84068
29 1600
221 60089
28 11399
371 29923
68 81937
315 74950
49 34293
35 66184
67 63356
237 19190
285 11543
287 54254
119 32466
130 53445
204 53514
355 42217
348 75281
373 23715
123 81523
93 9231
16 78078
37 69358
88 22105
25 28822
240 50185
317 70017
206 64271
181 10717
297 12286
27 55527
44 80683
382 25422
72 23786
125 85287
319 48943
111 53603
361 27806
174 26052
258 78635
24 41100
234 34405
205 61181
388 81432
212 55001
152 63561
118 86519
129 83470
80 59720
127 52957
5 59122
102 27996
282 59781
206 2242
73 63454
33 21893
223 6842
112 42418
13 6277
254 49725
187 13443
131 45521
96 63809
362 27998
155 30778
195 34538
30 55120
322 59980
189 13392
271 11284
115 78236
244 72721
382 46957
306 44828
366 27260
252 38343
138 52230
138 31285
42 23559
103 37364
366 51759
52 86926
214 4936
131 73481
88 72877
348 65945
158 41587
395 46575
373 40805
144 57178
143 17829
142 44844
65 3448
77 87103
181 66034
249 88868
265 63009
224 57398
79 48366
87 1078
108 76630
294 53355
9 51454
343 8761
356 76526
171 82841
64 28973
373 24276
320 63177
397 79073
368 44522
398 87409
77 3118
281 83389
248 59831
304 62952
199 68627
123 17296
308 54879
247 50166
332 60818
370 85557
337 55251
144 20249
312 33608
105 7910
124 56410
72 12841
377 19455
254 77711
322 53802
13 71788
283 61834
286 22024
335 24484
107 26199
268 30018
85 24753
178 27759
95 50475
264 23696
33 72376
231 45308
199 18474
301 26463
223 30564
219 62793
366 15959
375 7351
316 84303
267 26888
291 84981
356 5291
212 79812
68 58392
19 79741
193 9884
102 68719
19 21158
121 70432
9 15973
29 1995
245 35740
308 56978
92 70808
182 61047
7 73230
16 54583
357 47438
384 68676
246 15267
186 30327
33 65486
310 7395
303 47463
384 24682
286 52219
230 12098
31 62388
30 69073
153 29052
381 23378
243 74591
81 83125
237 8798
104 39338
24 70387
86 8507
394 61102
35 74870
332 41611
331 32778
27 69798
204 55385
90 12850
124 36306
109 44837
224 68320
80 39235
54 55910
334 31871
396 49848
27 10169
70 2098
315 64297
60 79688
184 72532
314 35260
400 70281
31 73125
116 25803
238 34500
75 66711
144 62529
29 3887
127 4038
280 88893
76 12141
334 88315
59 33120
196 5778
178 25440
357 19418
61 42196
45 21034
237 24188
207 66786
68 23572
336 82854
299 37492
249 9580
125 22709
25 3427
89 60219
65 34010
339 26408
294 43109
132 39921
242 46630
341 18273
371 73736
328 27289
170 89047
319 54559
14 17667
3 7098
151 51966
383 47273
115 3982
18 43353
4 71061
320 88555
224 11252
113 23113
367 6020
17 88024
1 42772
159 46728
374 63555
190 19289
100 33585
231 76674
324 87508
149 31443
197 9551
263 19596
40 45673
177 29931
66 19158
140 37277
317 26626
305 80078
39 79820
50 75578
81 38986
370 88693
146 24797
167 39037
274 24730
175 57804
351 41303
216 42368
123 34420
311 11487
236 46148
370 34197
11 50300
118 48005
373 62245
146 20904
397 60025
137 7364
216 64055
196 56746
256 24561
270 44428
178 72908
38 17058
31 36490
224 29342
63 75532
341 21457
105 55973
31 30329
348 81620
125 25889
153 66310
181 39109
135 78315
381 20921
14 33723
209 52308
316 38407
240 24424
20 38455
254 9769
89 59290
228 16698
87 23694
332 56154
283 45203
277 30364
6 75186
117 40114
14 50329
18 58480
108 87822
184 53874
63 33921
182 5179
56 986
241 22280
156 46588
95 81859
310 44306
189 41236
258 39137
90 21976
354 17989
217 69718
77 78433
355 63418
107 70598
243 22993
187 20831
200 10188
301 33426
215 64433
200 79408
262 21494
133 7856
322 47447
81 6323
362 3220
31 37708
386 82410
212 3894
49 75524
122 50424
67 19223
110 32595
327 7502
258 12191
18 88401
299 18291
106 80738
116 37635
108 72242
201 59925
231 84508
285 32909
79 1029
324 78029
379 40280
297 64023
118 76537
346 68790
226 23520
151 76519
129 80564
151 6396
26 9465
51 51350
282 5793
201 28376
368 85780
26 26368
320 88264
220 43482
145 33116
41 26787
207 50025
334 1910
105 20546
141 37291
164 28737
235 73410
134 77276
67 52077
172 58324
129 52180
389 24574
152 12402
229 57059
396 4335
51 32280
169 35545
315 681
26 16961
252 85087
114 66512
379 77710
311 5041
303 88724
354 23058
291 78938
193 11576
215 50619
341 38248
222 19994
69 3449
17 47670
56 35582
331 18276
143 79313
140 26783
105 65063
39 26675
204 79389
275 84158
275 27477
61 43497
218 28028
324 39969
52 38118
28 22678
165 87674
204 24764
9 3833
240 19443
123 73757
200 27571
143 54842
215 17867
41 70987
52 45577
99 10060
124 13554
187 68904
126 14154
194 2017
398 52366
174 59761
99 14531
313 68460
249 63739
320 83002
64 82520
277 24177
43 66123
158 86232
321 10458
99 6972
304 22524
228 45773
389 64552
113 38728
149 64667
319 53686
71 44146
122 53415
55 7691
46 46516
36 59942
332 394
387 10587
171 44338
123 18031
212 25600
55 41959
69 70361
23 57157
176 81025
239 19498
89 49648
230 14471
107 29626
152 58410
211 82332
341 83102
147 58948
32 79184
49 24364
81 75880
165 44875
19 42294
367 59987
262 53454
303 33223
382 85236
331 7051
306 81199
332 85620
94 12315
33 39918
18 20311
298 77374
1 18184
62 38078
323 84306
295 6650
51 63490
113 66268
81 74972
398 35117
33 9030
244 25987
394 44013
237 52217
312 21838
359 12841
139 54943
338 38256
230 28174
85 6448
209 39712
72 39962
183 13319
203 3650
8 33089
14 18362
24 16489
23 63307
78 64034
239 56459
311 60846
181 57909
128 52433
378 89130
303 29996
227 6779
363 27832
314 59326
63 40462
381 76734
236 66676
142 62966
292 4869
81 68994
255 58286
49 40757
345 36234
251 77511
82 73387
178 70774
221 77002
217 22700
114 12621
60 13779
108 63867
296 46980
347 78804
46 70369
36 28081
164 57131
284 40657
195 47582
144 74531
90 79526
272 81545
250 35296
79 8338
136 36085
133 44169
111 25173
141 22318
395 61758
151 12182
254 33453
168 2099
319 76006
21 18170
182 79453
235 61040
337 83682
298 71976
98 88046
389 46179
255 63333
276 40057
305 77870
50 9018
86 59976
16 37011
127 88021
144 43813
210 16934
58 64822
121 20429
219 21113
336 37750
400 8419
139 49327
144 89779
79 83442
31 72286
292 18291
92 58500
297 71662
228 30462
224 22484
364 82931
77 12774
348 10188
347 1545
62 22930
88 84228
99 41481
228 54384
158 69720
374 25685
263 88330
391 38137
218 81092
229 65620
133 75611
113 5415
29 6966
113 17502
154 9962
319 23882
70 67377
120 18225
226 39472
158 8091
1 59509
294 24598
267 37420
10 24902
364 51219
169 69322
98 76967
2 89800
274 51269
317 46638
4 46702
2 71242
34 69651
224 72239
333 2890
23 45692
136 46961
302 85403
315 52782
94 44642
322 62084
5 21358
379 5694
260 21544
75 18785
369 51603
282 8655
246 24809
98 88191
400 68398
68 9940
177 74936
148 83990
174 81255
88 50559
130 39211
156 82685
329 74844
385 28002
310 41621
393 22094
269 17705
285 31360
250 42960
23 7982
216 32179
104 34101
139 23727
291 5752
279 52698
288 46955
6 77540
283 88884
6 12833
339 85161
296 37740
379 76911
98 49346
331 32957
382 9433
384 37570
345 52840
232 63578
85 66942
343 38413
24 11819
357 15347
122 49997
382 79572
187 75569
353 78808
250 43852
17 77616
31 9065
374 47808
82 82604
141 67368
98 16926
372 36207
80 69822
399 17128
273 37678
7 88960
31 44230
261 60825
136 84620
347 37658
253 48526
267 15460
52 944
158 62464
199 86424
174 35920
179 65498
301 68390
154 60012
316 59347
322 16720
84 9685
100 46036
145 36963
253 7352
33 45904
16 66234
90 24614
66 10611
321 54053
44 88949
164 2784
157 76799
369 2534
149 25520
285 21814
219 87792
78 82445
25 55937
304 62993
203 79698
36 33959
3 36932
252 66433
247 76613
273 3696
177 69988
222 61721
31 55515
130 18023
241 21331
1 76339
349 20317
52 21791
110 78766
180 28768
209 34662
387 34530
182 37755
355 7961
293 39898
349 13846
71 29183
396 40801
185 24567
15 14177
380 29706
123 6272
343 43145
102 18182
148 66116
397 27491
47 50943
94 5049
90 27378
287 12145
27 59226
262 57322
205 9007
206 85590
75 45873
377 47610
280 51270
72 87030
186 78360
164 17973
41 82607
217 55499
277 63139
118 5563
126 4108
126 71671
330 62673
122 29553
146 69210
373 81073
37 60338
398 59034
244 13924
314 14516
212 22148
367 4283
400 11740
298 58441
324 75695
90 88935
130 38533
130 24806
257 88786
59 1664
361 12155
336 61223
152 2002
48 66545
96 89674
368 78200
87 1061
358 46237
166 13567
47 40956
218 53104
218 72546
262 44389
154 33381
384 3296
168 40463
191 50573
15 88471
19 54433
366 7982
253 59507
298 17165
386 6714
329 34397
284 1482
248 60605
74 86937
262 66493
235 37584
54 58430
375 62951
97 67285
118 71081
50 76577
390 1562
137 87192
170 62660
104 6416
325 51193
121 37569
307 45853
101 64794
273 24665
286 70716
112 8125
87 59873
134 10393
215 4579
285 24711
234 22437
274 84191
271 59137
87 35338
27 30894
33 25252
132 63654
90 87098
71 23639
145 74882
259 81161
85 7561
188 20656
46 37152
9 8041
132 32759
182 22686
389 61787
306 13197
212 51560
274 16872
213 769
284 39973
258 45475
317 89012
328 85058
356 89467
75 28772
165 23464
206 8640
295 30016
299 10614
6 82522
321 55256
65 58910
33 80300
45 45039
353 32336
176 1447
25 79919
231 59648
185 56764
289 1261
336 60327
98 21032
230 61710
385 21729
307 60537
362 50169
310 1192
157 18209
63 50898
172 41669
5 58203
49 47097
385 36851
86 48905
81 80135
347 81057
374 10535
68 33384
6 80809
344 83080
91 89615
211 80934
34 44967
276 55309
93 71260
64 51811
386 45518
14 7376
297 53294
297 5306
242 31099
209 60230
284 69875
73 19002
319 31090
154 69546
163 25854
383 52934
119 68817
344 54804
267 43705
328 64716
6 6368
70 16946
34 11313
335 50830
330 27131
371 12114
323 89424
115 22055
272 37110
26 26348
140 16130
177 64242
132 76308
344 39105
26 24334
228 40863
195 65869
380 53496
298 37071
331 35697
332 69801
193 63410
361 85090
338 64007
281 61149
85 51945
53 70148
86 85851
9 58712
277 32057
393 29933
276 23863
233 37071
157 33168
275 77851
106 54547
213 66369
139 83305
128 49751
20 38920
235 77654
220 66235
349 46065
64 27530
199 16723
125 31286
72 51068
233 34300
22 47963
331 62169
268 17154
126 77496
359 18404
322 64554
135 37514
107 55383
116 79119
32 20125
7 7944
349 73041
380 12576
242 30743
231 19952
178 55679
268 26060
133 56643
389 17903
182 22055
192 10614
261 67205
175 65723
358 73315
22 15528
144 70747
176 48302
399 20241
378 68876
275 22623
343 80132
239 21458
42 74888
107 54383
191 47854
210 8447
82 14356
4 24224
198 5926
133 48322
144 17983
173 24647
186 2271
150 74803
161 13498
369 63543
6 70947
129 32481
224 20782
29 45374
233 87374
275 62903
13 30083
304 52892
14 87920
41 87556
3 45092
181 63423
132 49815
288 61924
319 48729
90 88463
262 45944
374 81993
239 8340
300 59107
243 85181
55 79586
31 50745
296 23512
246 8998
177 32158
381 80724
330 53729
302 20316
111 72491
182 21479
160 3891
167 21589
256 36479
182 79543
135 17474
77 73447
192 22066
58 54883
12 55921
255 56189
365 41085
400 44970
139 2588
88 36507
82 84682
357 25318
162 47879
359 57176
334 28113
133 2375
206 26361
200 30785
46 76102
205 60232
140 83085
7 13914
317 50906
60 14573
376 43785
323 18089
106 33848
172 29607
385 88417
280 76298
97 84347
76 4250
162 29252
211 84796
351 6222
281 42461
104 12388
272 49308
258 78774
351 89627
146 61573
302 60136
293 15189
284 56950
91 6109
105 12604
263 61924
188 11564
161 75118
286 58874
293 20097
76 57498
49 43927
90 6578
330 44973
251 79747
152 39947
377 79795
117 62678
163 22348
98 32143
282 38100
178 45528
276 30656
253 11693
137 47535
143 2151
232 78459
38 24977
19 25841
311 34743
319 24918
154 75931
53 24907
41 61299
275 43836
117 44248
156 56542
337 80206
100 83353
85 7845
373 32583
317 51016
220 41059
263 44044
13 68643
329 1138
379 29225
248 33307
209 46979
386 36723
284 28113
389 6163
397 24291
197 34999
316 28761
330 9929
80 78639
63 40260
345 60217
69 2764
310 4777
190 56738
383 75419
179 41866
44 34063
286 26917
284 33425
320 35727
399 87766
173 47831
108 33385
123 3938
349 41865
22 8406
365 82827
111 16978
273 68670
40 58846
236 30349
138 17193
153 25756
143 60106
165 64455
232 63912
50 20772
344 72311
101 16118
312 20482
377 46989
273 74561
202 43485
5 23966
59 70325
294 35791
337 56769
301 34721
101 81810
308 27022
342 51252
268 28554
292 5053
217 44453
390 86234
161 15656
293 42730
400 31712
367 61104
327 40947
102 1185
184 30306
398 78762
140 72698
178 40228
46 70357
335 28713
397 43500
87 54519
125 89566
288 78371
358 58588
114 1152
308 7265
157 42943
69 73609
337 1365
63 29648
387 46311
151 48145
367 45333
283 18182
352 24871
233 13819
346 42716
342 83874
273 60414
200 42393
47 23955
315 88677
130 80572
272 49491
380 32094
138 54960
241 9141
31 64952
44 76615
61 81598
202 6531
226 85808
13 18878
211 73544
299 19984
166 60662
301 82886
199 40477
16 51358
87 88427
39 59232
41 625
279 9792
275 15676
25 82234
323 55588
204 64389
7 42085
257 39425
52 76606
13 500
96 6511
186 69747
360 70334
86 14104
234 615
243 11241
156 5125
325 27025
324 20370
375 39124
109 58698
310 75250
73 61714
325 929
9 16457
295 46816
70 9174
56 13519
28 8315
101 58945
106 86211
399 85469
35 22630
92 19125
384 69893
53 45233
156 65914
393 9914
22 77103
25 44064
99 6556
282 52242
57 51767
134 78883
181 64642
155 64684
358 5306
107 6228
207 17369
282 30071
137 79832
115 69193
111 18334
340 45082
160 51992
285 43810
33 33282
245 56204
232 53308
53 57581
178 88419
218 55919
366 27841
343 9065
79 30640
49 42615
318 57210
290 67467
102 11157
295 4321
310 14218
193 50839
275 48810
376 80210
99 51593
275 72906
387 85403
385 6882
306 84230
84 17010
388 83903
176 40944
383 15914
304 38580
369 45589
82 1671
169 47415
182 21830
345 17927
3 11024
347 88408
146 15224
105 60231
353 67815
82 24305
305 1353
364 76971
248 37706
13 58399
255 80480
273 63848
325 65165
151 29633
235 18633
20 72809
359 17387
270 24101
273 10700
82 43127
88 19216
159 21140
62 32362
57 19810
103 49857
7 70355
207 82975
69 7032
97 49697
290 68969
33 82179
307 22708
242 54153
142 48012
48 63849
208 63194
312 46651
248 9141
235 78451
362 25318
383 57276
189 1573
142 48584
221 63215
197 67873
265 16135
198 88886
102 5227
294 36543
219 80277
224 63599
370 6294
304 86154
61 44043
57 13724
143 81872
16 47024
175 78710
318 77010
265 47853
49 62034
365 17426
380 55221
109 9621
227 77501
163 40234
32 14785
137 86963
17 50732
351 87589
119 30097
57 86408
296 28875
270 3146
78 20663
282 28807
390 32874
172 32590
2 37605
41 23706
103 37890
88 88127
336 13359
148 65418
361 20781
141 23817
5 34443
359 19317
265 52553
361 28878
126 66374
351 64515
147 1558
200 899
104 28039
393 61198
100 79585
265 55847
240 36813
115 3533
282 61970
167 16062
99 49535
153 88611
162 65168
176 45590
174 75176
184 10067
184 64527
64 4552
255 41872
333 52363
25 68877
198 13958
49 88545
6 54299
259 85869
125 8468
386 4154
47 7232
3 86552
99 61740
79 78361
21 79439
229 5715
53 10161
53 46642
150 73899
54 47746
335 58604
178 31582
349 45225
277 51541
128 82673
49 38415
377 62334
332 36475
19 32549
32 86753
23 2079
26 65921
181 45565
364 30357
386 23302
188 2376
149 23115
211 43574
105 60894
382 86200
110 81643
224 89082
120 32396
62 49234
302 23709
289 8874
189 21856
184 4613
130 71627
276 75341
99 39933
234 7519
343 6510
68 47656
137 48711
128 4231
313 32658
399 53605
235 27126
392 23009
262 77566
387 71191
167 24073
62 29823
347 53525
91 22050
24 21608
160 38499
197 76479
118 77119
285 38898
282 19974
97 24221
255 70661
162 59682
26 26243
203 52792
4 2225
69 36956
28 51128
289 47873
115 42808
354 71726
78 61030
96 70341
135 46794
166 6201
333 32704
100 47969
255 78452
110 27001
84 14667
251 46091
54 20141
312 3042
67 6556
194 19526
315 8284
271 61082
165 20225
86 50356
298 25294
274 43502
167 79316
84 64209
335 33099
14 72995
215 32258
184 44332
137 14425
62 18647
338 48347
320 85207
51 63461
209 68611
275 83708
73 30972
284 20327
67 89906
186 64513
144 15647
127 47376
50 89491
50 61768
65 27199
235 50577
10 53646
265 16226
90 87002
140 70709
375 19468
171 57662
312 77323
110 7949
297 31275
213 19760
360 75359
368 19852
234 4758
69 30154
119 87406
302 9784
233 81906
120 37969
273 51634
101 60543
226 80033
42 8534
116 86518
369 77246
66 49374
264 5298
253 27641
33 66174
295 24251
305 40061
312 488
65 52974
172 45645
335 51604
387 6938
286 80763
145 33655
161 48151
59 66457
388 65344
16 87300
180 44290
125 78338
178 87786
359 62507
340 40038
182 47463
244 9849
180 36069
271 81173
354 61015
7 3794
99 68307
209 62957
383 83392
72 4415
370 56816
376 79635
282 39083
148 41925
124 25083
272 81247
80 22584
135 84518
128 88270
183 40241
29 4467
192 54562
395 104
89 9244
400 30440
267 77539
104 78145
244 47370
388 1256
69 12909
342 20251
116 84894
6 62510
11 57754
129 23452
55 72743
213 41142
154 53689
54 22768
74 57189
348 66726
303 52313
227 36032
72 73272
393 13727
23 80746
371 35267
257 3839
73 84262
47 79308
197 23942
96 2244
232 76109
116 19080
6 6774
130 61907
165 25580
275 30437
17 26233
5 87626
395 74997
329 89644
85 20309
357 62060
56 68961
307 60580
142 60732
224 62681
72 70234
126 60076
330 85736
307 71127
26 3148
72 8123
20 47641
106 30780
297 89578
236 56948
91 3387
178 65182
19 86292
328 48031
123 19125
249 80492
244 24334
25 77560
386 43002
300 71032
315 9884
364 89943
187 40796
199 86861
179 80437
62 36763
85 84786
328 84519
154 87483
364 9976
397 52990
187 16736
221 84705
356 39069
254 36650
189 10730
264 57683
305 73391
55 75552
316 70572
202 47514
1 76328
148 14209
69 75486
350 46787
209 47555
258 71777
292 52427
145 60986
79 47080
127 2692
311 26513
178 37105
310 46116
7 59683
314 7950
380 71011
260 82834
343 50353
27 22271
333 43632
119 74723
172 46797
70 39588
370 42560
362 72003
196 44847
345 40467
40 41422
267 51146
123 82080
80 87432
91 58311
264 76180
110 30049
89 87628
26 82164
28 69531
298 75804
112 33589
271 78855
246 36312
125 36466
211 68671
90 29605
209 4752
147 61373
158 29411
391 62276
299 42381
313 31991
383 72871
18 23610
386 66149
45 67129
242 34005
9 81806
305 27759
74 42751
341 65980
265 7800
103 1448
31 86455
180 41362
78 52952
383 9638
297 70456
157 59055
310 27657
24 69968
387 86078
205 41529
350 71267
93 64246
92 35356
320 70382
339 46569
221 77398
144 76273
51 70176
98 50433
387 24074
28 76586
68 51960
359 12763
110 3246
302 10768
127 22969
368 76195
10 50650
18 85232
18 14821
330 67804
147 201
197 23972
106 50772
82 52105
216 21016
356 34764
307 72535
212 81382
228 43072
13 29273
202 39124
318 59210
70 32213
204 27214
93 51753
333 18981
106 45809
174 88291
329 41634
46 20828
12 22120
65 56135
26 42308
94 67399
107 81811
112 82692
62 53927
73 16500
243 6686
106 33430
49 26993
173 29331
1 36181
124 33758
128 7573
7 76756
97 41858
337 37954
89 88390
67 29643
210 70495
136 50581
9 70945
239 33455
288 21865
365 31589
12 35765
297 19311
40 45678
317 35276
352 45591
155 32643
86 79975
70 22956
177 23271
5 80306
89 34670
340 86808
61 86880
338 10834
173 70073
324 5197
288 2709
176 3369
303 13595
371 42805
360 57517
268 57572
300 3708
79 63932
321 36725
307 73430
17 78033
292 49337
169 75404
369 69349
107 84641
79 2175
332 6886
261 46637
263 71528
270 81138
56 44922
170 5686
82 41735
316 29364
169 25815
141 20347
136 82088
8 80860
253 57683
237 82738
184 82356
399 17207
64 84847
277 70690
142 71327
380 70343
48 7940
259 42876
231 72470
398 20655
10 311
308 20638
128 27443
209 72110
202 67178
341 13304
214 56656
162 59699
205 48204
226 53534
7 84798
255 70853
337 35269
137 83393
254 18947
388 29054
370 7385
311 55742
73 41141
334 81525
62 73571
344 70322
21 59649
42 1565
386 26384
315 12172
399 50919
198 54222
346 64382
43 86104
244 89689
142 74587
211 56809
326 42362
193 35700
15 84090
123 69251
89 36094
83 54883
22 70729
15 32592
80 71845
231 74265
337 21097
75 31313
361 82282
283 36031
108 80092
108 15430
81 21727
90 17948
356 81011
80 1989
101 54360
338 28928
199 67819
36 81790
337 58697
288 36580
65 71226
196 1732
244 902
258 22550
31 32507
398 46004
217 66395
99 26045
238 44719
334 74390
142 65832
337 2564
27 51938
114 70161
223 48719
169 4241
308 79615
294 88803
138 17593
73 16226
341 76063
24 45592
29 34718
156 34052
316 66101
52 78689
146 31373
64 3434
148 31053
391 67025
153 53804
355 11657
348 20689
16 22656
93 6973
368 64297
64 45036
121 23967
157 89256
373 20023
158 33334
226 42917
292 63395
320 76781
161 88412
101 61123
31 15999
284 65097
152 17545
370 12203
61 312
56 10972
112 14926
68 85211
73 55594
207 83661
36 4538
360 53776
273 70958
336 70247
275 57730
28 1878
386 12732
278 27589
137 74823
316 30239
392 76374
240 26260
131 33100
358 34950
145 36184
217 14714
351 12251
310 82065
315 49452
48 86309
297 16824
138 25585
16 78924
128 22424
350 42741
223 40138
400 83874
360 14476
395 30697
241 67268
262 72254
291 13
126 60233
381 34485
352 82509
16 62609
226 80271
273 81349
75 79234
299 81455
167 73174
202 11822
372 44342
144 25733
343 51889
148 74916
215 23593
366 20486
161 60807
204 2048
355 15093
288 52693
161 74922
32 40890
179 45709
293 63719
196 81878
285 64201
52 16388
265 78494
71 28138
239 39210
5 75790
120 50193
184 18053
99 74011
225 26587
33 40260
243 25352
392 63528
38 88547
112 6497
53 70616
136 20281
97 81650
370 45744
60 3614
130 38331
334 6935
67 37293
276 21423
307 35742
188 13755
210 51837
346 9378
359 72785
326 35327
75 6060
155 9824
348 80353
249 28735
171 41696
165 84033
366 26574
180 89743
351 75742
323 44783
267 39480
114 38642
355 46657
5 37845
79 83306
146 39747
22 69797
213 81268
152 10189
190 59177
180 80820
2 24844
18 13711
166 36769
234 51038
200 63437
123 26129
150 30780
373 18159
292 16869
239 51379
314 60460
194 78333
3 20702
380 81363
208 21689
270 40094
99 46230
110 44039
372 69244
22 32671
288 45504
147 79517
341 19447
231 78560
7 47297
199 76220
190 11053
302 47361
38 67127
8 72936
253 30678
280 89524
72 77895
290 15737
399 46955
290 83266
333 56290
339 47674
225 59817
201 63205
383 32372
88 86780
143 87415
266 4742
60 19276
109 49142
199 49003
354 10659
50 18532
15 57354
6 68047
78 32524
397 66786
28 55819
72 22756
139 59528
235 45920
241 29610
348 50471
150 50737
215 83383
106 10113
317 74051
92 63507
208 64976
4 67070
169 25393
170 35627
386 52299
221 39108
349 58870
62 55538
363 78310
338 73771
69 11537
67 71404
55 85203
207 74762
367 35914
103 59509
163 83151
17 83753
168 79799
199 36741
364 13713
102 24136
285 44771
336 76325
367 50387
251 83798
138 1541
336 41362
90 29373
396 87686
238 57301
178 54208
393 2762
343 65369
116 55729
324 74026
249 40800
40 14790
346 54353
323 46916
88 48271
316 43320
124 36368
189 89650
290 3350
130 53009
217 38731
29 66385
324 22399
372 56216
60 86969
1 4203
107 80086
194 64683
210 62533
359 82403
133 85678
6 21657
154 62375
74 10887
206 44540
240 25545
224 37056
344 20510
323 66339
170 68940
176 8843
31 45435
97 14003
308 54934
264 31612
314 58885
326 318
200 40318
84 2891
296 51131
158 27628
374 3990
131 42798
36 39098
54 65722
264 54960
224 58741
204 51887
252 23756
206 17566
73 48098
254 47505
251 21233
371 15958
235 73958
133 67983
82 82897
292 21246
98 25681
336 13852
46 65040
207 59692
13 50079
378 58845
234 51564
48 35290
375 14186
354 17239
5 10915
341 54659
397 79009
372 34626
155 63120
267 70582
334 71655
156 4623
170 25329
46 10091
5 73014
313 73138
173 41398
171 20233
305 46598
214 47534
323 83941
128 81381
364 56957
82 54195
232 27616
249 7770
262 82357
344 88546
186 15542
324 33270
362 22978
7 72820
164 85586
30 429
231 20189
27 69167
277 42378
3 49539
136 78366
176 37213
185 36500
353 62996
122 23521
85 74507
94 7894
4 88951
12 30879
118 2056
272 35223
73 8220
313 18912
272 11478
44 28460
46 31010
255 5019
319 51174
223 69947
128 32246
235 12427
338 47940
86 35697
123 69887
233 68419
37 46243
47 15404
381 35997
88 43266
277 80677
86 24255
82 72085
67 51841
270 72135
169 5515
248 34110
24 44705
79 57523
3 5629
43 77287
35 37575
388 37634
323 54672
56 28974
115 48688
218 53440
117 51785
94 67511
35 83491
398 17483
327 24971
327 63295
161 52203
109 6134
372 52179
51 39544
57 29943
131 8962
235 10675
364 69544
202 8656
351 73314
232 35883
162 55277
47 17548
285 10829
281 44071
160 28496
342 30550
394 65218
266 70849
307 55314
108 59410
339 84075
184 1956
137 12602
381 6804
325 9532
240 58679
238 28435
391 45909
237 62115
303 59151
144 22722
263 7025
24 44780
259 54324
219 82564
234 15661
387 58471
376 63609
45 66502
349 32773
395 8516
171 15113
67 22099
332 56260
125 87610
234 21610
201 69136
293 61830
390 29137
145 45657
236 70160
229 87157
291 7389
29 43856
266 74961
137 88500
81 56838
235 68693
63 53785
333 3261
366 61935
105 80446
41 56278
383 75008
69 5421
243 64555
245 6283
188 43686
52 44937
86 73541
351 11654
241 73624
392 57936
31 32979
164 49891
106 74496
30 48592
316 85879
386 61671
293 42190
323 85289
345 6836
182 85019
95 46372
340 6247
163 58118
220 53283
245 74653
15 58490
168 11373
210 46648
116 66215
239 60398
4 12655
148 1196
24 72353
194 56836
260 72208
47 19116
239 17665
229 79586
37 2787
338 47879
198 62193
54 27475
53 84566
167 35991
41 81748
336 10748
303 43658
301 20782
327 76871
209 80647
82 36595
321 59892
331 53152
263 80605
123 58541
207 24909
211 24446
301 11570
309 88827
309 2668
363 75755
81 54264
143 30864
303 30564
114 47383
17 4925
38 39599
235 42865
307 15496
200 83104
389 20685
53 15281
300 19146
261 31553
219 11974
171 68919
121 20177
67 49983
132 34389
89 62006
265 72392
192 61222
237 67038
93 14887
135 8588
250 63701
195 40211
148 45589
385 40244
332 54962
116 80494
169 20775
52 19780
229 89864
92 58872
220 47151
156 53534
304 29646
72 46064
216 18815
40 934
188 55126
214 26889
218 84078
19 22704
324 4269
98 9326
240 16119
203 52254
343 5285
73 47409
134 80127
188 76759
320 21537
328 55053
394 324
276 44939
318 39744
13 77034
121 72769
113 85800
93 57228
52 5922
287 39699
45 42046
361 41189
170 34532
281 65637
136 46257
241 26900
364 51047
117 16005
142 57625
160 77304
296 73397
32 4373
347 39173
117 79079
330 17028
22 17593
285 21520
252 83630
111 77802
276 38020
48 80745
273 7284
292 55510
232 8974
115 14366
323 54742
7 49630
175 36556
81 64760
334 70128
244 37325
101 79229
392 70662
127 74462
264 7286
296 51769
101 21752
178 75465
369 19737
372 32950
132 17933
310 72879
395 2630
311 44688
52 26560
39 12955
67 21861
253 63557
224 11622
370 58152
150 27778
227 78561
294 45228
131 42883
82 85085
152 31050
354 79341
265 75883
147 29031
182 22594
83 79489
272 55098
230 44142
365 37023
276 36295
5 36657
312 83810
391 25656
35 25471
133 49652
55 28597
100 24224
92 25611
173 6163
159 73927
350 33950
30 63082
58 61801
109 37626
149 21455
228 65136
105 46143
318 88583
179 41858
332 21090
151 87215
176 16094
200 53892
307 50635
272 86194
95 72985
95 45562
197 6614
243 30811
136 18585
277 55958
144 49932
284 33890
265 46417
56 7406
209 23722
8 31113
158 10049
340 78343
69 14200
372 21470
340 4066
39 88018
137 82281
253 70035
120 64836
93 39592
377 4012
305 3294
152 50516
308 8125
51 89104
59 74380
191 50641
121 43249
388 44663
313 80202
77 78270
264 8229
201 43928
264 21685
92 10096
398 8908
270 15219
37 24725
235 39982
361 74361
65 64512
317 35644
133 73324
22 57005
95 1813
45 11828
74 60689
81 79764
149 45035
210 83667
260 271
199 12754
191 77848
361 71364
114 17698
246 24809
219 30147
112 80602
336 28275
267 43694
150 46771
66 52111
379 66992
98 83683
109 68058
253 70855
368 10884
105 63216
13 42825
174 33580
365 81179
140 39605
178 13288
290 22130
14 28075
344 48729
138 72096
247 61763
321 77914
267 83657
258 23814
104 6902
369 40609
114 23710
214 13162
67 34663
285 47876
265 27445
325 42333
166 7210
257 1311
46 50870
330 47731
300 77826
122 28804
349 22030
147 1367
291 31043
182 40500
4 58986
60 28091
121 82002
145 9555
255 15803
52 49129
217 50312
232 22049
92 71066
38 60287
49 45586
345 50506
199 68318
384 50464
383 68626
271 930
382 62673
14 8067
398 88991
249 2186
253 63482
143 86540
317 83091
371 46213
242 87759
286 44064
71 58998
251 48474
25 47845
9 20378
59 29955
13 31046
48 46540
365 24772
212 65892
182 87322
292 80616
214 7272
369 73644
211 36278
17 23912
307 79926
141 36327
337 55247
180 21089
303 83307
71 50275
94 80467
155 26984
56 25999
106 48869
390 58270
114 33132
106 68971
229 65217
295 68065
7 46271
84 20795
99 17170
268 17351
135 9537
257 22989
195 67228
36 59303
190 21521
239 53535
65 9668
347 36689
57 71274
138 31470
41 23351
191 33080
102 44713
81 29232
394 61279
171 87220
290 79417
15 17369
127 63395
110 4301
73 5159
82 87943
55 52864
213 22907
216 79272
262 35076
238 89597
299 53646
317 71838
122 59017
368 3783
111 55845
373 44554
217 30186
12 6314
109 27482
268 58396
81 45365
190 24878
146 54332
16 48957
303 46961
291 73960
332 12967
205 12092
31 54513
295 79006
38 75656
16 56068
32 29171
153 6762
271 56555
88 11879
205 29134
85 87198
100 71184
63 42008
196 65629
328 57882
144 82294
212 4884
1 59502
319 32077
130 57860
372 20341
195 32742
374 86956
6 17792
203 60252
69 81036
76 37317
362 17995
295 85577
293 52822
221 34245
217 74312
164 63179
351 51113
294 48391
2 70316
224 31259
306 14058
116 81923
113 49118
375 39912
89 88759
340 61506
308 69666
55 31448
210 31508
275 78745
103 1860
13 78289
10 15897
382 12007
231 18482
292 22542
285 54198
178 49521
33 79678
28 47197
281 88660
364 41510
66 86157
128 24115
139 61734
121 42774
72 4858
253 2755
128 18109
294 23747
399 429
241 25096
85 28337
32 40420
165 64520
120 43829
70 6623
244 49135
37 10564
320 7914
321 16360
95 26495
14 66252
262 39283
179 6102
142 82137
172 44385
102 11158
89 20110
78 11301
316 52686
301 44769
351 1775
172 31662
60 51992
201 37340
51 37132
37 58429
104 61389
215 72003
338 22541
118 80978
13 8313
35 60563
265 57354
381 51032
361 64758
74 25023
388 24465
245 77060
343 3428
122 21407
65 35425
44 69912
102 60341
240 58082
109 78442
175 81457
195 43209
280 60975
53 13807
347 53631
25 81688
335 4983
118 81158
174 21017
199 22175
20 52805
284 32771
51 48396
41 25900
33 40062
5 33593
344 31733
92 86178
5 37871
158 67416
74 42430
222 3845
237 28066
291 2307
135 71396
203 13130
133 67570
387 55010
282 50540
384 63781
267 67667
57 49117
177 28636
346 86305
27 23276
195 56275
106 42517
55 60592
243 13484
109 15130
16 31119
51 43594
47 63279
294 63887
65 61240
331 70921
317 88007
201 42036
11 50220
76 13464
313 39792
244 43866
169 71799
260 32403
1 73065
388 1886
314 83582
159 86556
241 8418
229 30565
41 14387
90 65909
55 28039
165 26240
100 7883
66 81313
63 59655
1 48286
201 2380
165 50017
39 36021
86 4360
19 26279
335 78245
347 56103
225 66895
305 85738
397 2914
9 50516
142 65984
174 62554
157 19616
382 81003
395 4818
137 5148
219 74230
134 32896
133 33010
29 12395
244 30167
110 52366
280 18399
169 78429
213 26168
340 79520
131 85156
121 68080
348 12138
84 40431
1 35291
313 69230
197 61208
268 81525
384 72390
24 82403
365 1319
217 27237
396 57033
113 18110
97 89839
103 40570
228 38975
339 60067
143 64076
147 34380
179 72115
58 13811
19 88769
396 12238
391 32095
18 62254
106 21923
92 3877
141 3855
394 78781
258 29641
354 62216
1 77707
222 50772
230 26529
107 84016
33 79028
315 32805
197 56164
147 25744
90 87541
317 76675
124 69280
119 20936
121 60717
131 37995
230 72620
342 45511
331 6461
361 70052
370 51927
378 70137
220 75566
12 26777
172 71104
162 42375
122 22681
360 11722
193 51161
315 68809
210 10476
348 69754
159 129
129 29003
352 46470
388 64629
162 21264
98 25087
387 66537
93 83477
7 87200
10 11556
6 34839
4 84999
59 34548
119 395
343 63289
22 44168
92 39216
165 28212
210 21878
319 75538
166 89845
98 31256
214 74352
318 38252
278 67804
250 75007
366 47344
79 32452
90 44553
11 87268
184 26479
367 9913
237 55486
49 57222
273 9556
331 73964
382 78556
74 3647
85 89769
160 68535
153 26633
323 61941
163 66342
107 9024
348 61031
343 18488
262 55523
281 49871
323 8857
326 68889
363 48977
295 68176
203 19932
235 57738
129 80839
354 37013
1 44059
195 75882
355 15161
119 23220
35 87185
188 13825
399 48066
99 8250
253 32383
354 79853
306 56044
355 4893
28 67844
131 45552
169 44068
132 31117
237 43800
284 68810
192 77393
163 77319
94 31904
249 35217
85 31067
30 55058
379 88538
199 13078
181 12997
336 12278
241 44613
196 22459
189 61652
71 74499
45 19099
189 2445
345 28815
320 5572
109 45624
318 56895
232 27813
200 26201
253 13032
309 29879
165 24043
316 31622
250 11234
334 78035
173 10206
58 33838
146 8141
342 467
287 58765
29 47173
96 48413
283 40796
182 8031
307 42758
355 60254
138 52903
336 30352
377 43855
216 60349
335 60310
266 32031
365 79699
234 7044
264 51934
160 87381
362 1051
296 65063
257 51154
337 82136
206 740
78 46877
312 71767
200 18792
295 52929
154 45613
25 28648
19 6296
368 54297
391 61976
162 84361
142 1232
7 84490
388 12767
191 25440
296 9957
378 40263
317 71751
350 63795
188 26281
276 34343
272 89563
315 43848
376 78178
131 43945
168 10963
292 45737
377 53436
133 58223
356 41961
165 19584
27 49144
341 32556
209 3357
188 48497
348 4044
338 57589
330 45853
165 42823
73 88647
199 2449
318 77618
30 40703
127 73012
291 88048
329 64409
355 9255
27 22190
113 30604
120 71615
194 35966
169 54536
112 70825
89 37019
376 86373
103 8308
123 16121
279 72313
128 25552
114 13182
81 81612
242 88743
218 44954
342 42381
301 58620
340 57560
337 73052
306 36108
126 72578
11 61395
130 50986
193 8242
80 44197
245 41531
219 69603
113 27644
47 19284
254 81085
153 72457
350 13910
250 13734
116 30145
296 82400
7 45784
364 43773
259 66945
37 84907
327 53305
308 23202
56 60217
334 14363
284 72176
142 27228
320 14743
192 54818
275 52619
358 7603
200 13389
247 42771
376 7453
59 81242
398 21789
305 70371
217 80216
297 56728
318 63264
250 73830
275 35903
333 52725
149 16807
367 27813
99 57589
211 2895
385 84230
158 67669
198 75371
138 10374
222 51337
340 2642
280 23938
398 78428
233 32740
285 2383
231 13852
172 9170
255 24942
279 41944
320 62647
400 48285
382 15718
366 73192
399 58960
265 80663
353 9244
352 63853
179 55552
67 17641
7 47899
329 46470
327 86007
363 54059
221 73681
183 12772
153 29535
110 49526
15 43204
214 14753
70 55244
233 22067
393 75280
372 42245
106 85555
185 83450
139 66345
157 72381
99 44626
11 43555
383 16118
271 86547
14 41328
92 57849
148 26864
70 29205
376 37042
56 26848
102 73205
160 81753
61 20453
334 22319
370 74775
377 2203
364 78729
106 77920
294 31146
367 20420
320 65198
137 27938
61 82153
15 39192
198 85215
376 34861
70 65448
260 68604
349 89996
4 5135
110 60686
110 61910
320 84306
378 7568
64 67609
280 85966
253 66880
312 16770
43 6267
79 56242
129 49812
377 1132
75 23004
289 23965
137 80477
379 51238
14 13332
267 53693
177 37608
219 79997
31 1628
281 73421
23 8118
118 77016
141 34876
344 35768
232 8821
57 42962
164 11177
182 14383
385 79840
337 66940
66 10528
144 86506
206 9198
123 7007
19 21836
386 5949
398 10183
165 14685
211 30710
233 49087
124 85169
42 22503
98 3835
339 66453
373 48950
280 35940
298 5887
61 46794
264 40864
172 87582
10 37124
323 63686
96 31944
211 35428
142 76459
35 87252
203 56946
155 38021
51 57659
153 52671
182 45858
239 22962
343 19992
275 70849
78 20292
349 33524
358 20799
61 10966
143 9243
99 37814
365 37726
308 3382
295 19739
364 88043
185 29497
327 38146
115 6965
22 6275
152 11884
80 53418
96 51931
223 86580
374 67182
287 22498
346 29146
162 14722
208 49003
382 61090
319 43233
253 33280
387 41567
61 23573
316 41806
158 72193
45 86717
390 5152
46 48253
112 48555
346 84045
137 39745
289 87601
34 80364
55 41433
65 59132
3 18549
159 33545
386 67737
203 32991
81 89655
214 89949
134 23531
133 66334
152 26259
18 8534
194 45814
139 84432
21 58905
18 69210
67 89399
395 45798
36 12815
193 88481
148 47667
1 4432
275 25688
30 58731
292 50251
363 37720
287 21191
324 10984
239 51122
6 73878
68 86241
354 38238
50 34043
14 56761
177 72691
195 87896
299 72566
112 32899
161 23538
38 76703
150 60379
202 51292
354 47496
102 54991
240 36197
73 2467
128 73798
258 4793
214 72516
249 83077
