1000
59 39914
164 1579
173 37622
12 22322
48 34879
93 50643
207 46468
31 32944
150 35414
94 31256
15 42845
198 9296
112 56854
120 24232
265 59392
299 53161
92 52966
124 30923
268 40453
94 33166
6 6066
127 43872
76 39343
1 19823
233 5010
253 13997
243 57045
95 7967
134 46375
93 48926
80 7594
155 23047
267 15661
214 17668
201 45264
190 41595
69 33217
30 2170
255 57625
24 56718
164 41236
282 50657
96 51658
246 58480
242 12006
138 16760
227 9049
77 7064
219 39548
297 55636
179 36677
215 31466
173 27060
158 20955
139 2529
140 42922
117 41329
87 5297
90 51728
181 48866
271 32581
169 21252
204 42540
72 58682
33 48270
245 23869
98 42214
249 33917
95 8908
7 42383
185 16924
297 52060
115 39268
178 32209
210 25025
110 35953
205 50194
205 44182
38 34037
108 26860
255 59892
42 21725
2 34353
237 46020
194 36726
54 11332
279 17117
64 12890
182 52291
66 41082
127 32664
36 18936
265 53142
170 59068
237 37773
58 28371
195 49218
177 24318
200 7849
25 44448
230 35752
190 3177
19 56513
40 3058
231 21610
15 21653
137 56790
160 25179
270 34679
129 35543
186 342
108 28871
264 52706
84 2164
254 4020
11 34756
116 40023
7 7351
28 256
78 10606
108 18928
165 51470
252 29678
196 23341
44 25784
197 13736
215 32673
212 57901
83 17928
174 8058
50 17622
247 12367
250 40314
77 39226
95 15144
136 53178
15 14920
165 59195
253 47939
98 4713
267 45870
66 1583
106 27968
201 57187
118 55718
72 54837
220 21132
7 12299
166 56287
141 21985
22 29627
248 35603
248 6199
250 39520
203 49382
169 37330
244 29842
152 59839
147 42690
84 50734
99 6504
267 15294
262 18145
1 48370
235 54788
242 28411
283 54430
5 22668
201 17906
248 41110
62 37850
282 13108
246 30955
95 41438
244 30043
212 9733
153 41120
128 55038
182 13905
20 53275
178 37084
120 26599
93 24610
103 39203
48 3975
120 885
234 47227
55 42761
97 16883
80 15973
247 28811
196 18191
9 23208
186 22929
187 3169
284 28688
206 17880
115 10939
89 7588
247 24457
100 10528
88 13138
36 41976
194 17131
13 1504
46 21918
295 4340
35 41763
9 13156
26 24577
201 18415
258 16235
119 25676
216 43007
141 24583
176 27191
161 31590
102 23630
67 59287
142 32559
7 30170
25 23
224 57648
278 20524
91 21840
286 23310
285 6540
48 28661
197 18481
162 50943
299 36231
86 55492
132 55515
166 15487
91 36390
56 46496
161 9617
286 45460
22 55775
147 51202
230 55181
296 6965
182 53417
52 32502
160 3096
173 24180
78 21069
73 23030
104 1236
50 9563
257 13780
254 43048
133 17965
140 21658
222 48578
209 59498
167 40126
39 58873
264 16476
62 26128
193 51996
166 41395
102 35808
262 841
101 4341
236 28361
71 39849
142 1363
87 36326
151 11645
63 19797
144 49372
248 45902
180 11871
279 11055
20 3
191 10374
211 13628
284 53449
27 29204
171 22783
251 2196
171 13391
107 1619
129 59605
219 55548
89 49822
112 12060
107 44009
237 47593
216 14588
296 26873
146 57849
130 7412
247 12931
162 13526
190 57058
31 37500
188 37266
210 16358
249 53824
201 8535
57 31857
26 50899
76 46976
276 55572
257 26784
165 50061
134 34078
46 21020
43 46634
179 36407
223 50030
204 38429
11 37499
113 36291
210 43351
239 54665
254 49597
277 52212
73 2375
36 59139
40 17398
47 3916
148 58678
124 9823
100 15819
172 39330
209 8445
135 26413
194 11323
82 13336
57 57514
55 57944
232 11334
97 28799
156 48273
181 58272
209 13373
10 17298
43 4076
226 2631
59 34471
215 23194
8 703
47 52841
219 47089
232 15528
248 51842
53 49660
155 18442
271 40736
15 30633
272 31392
290 30446
283 46255
31 41049
82 35442
79 32690
171 38413
205 36856
36 40841
137 30866
64 30853
77 19589
59 56145
159 6447
193 44840
89 54753
128 56874
277 1720
281 36341
145 42025
167 31437
220 46783
153 4189
83 8604
191 47336
97 21540
236 7346
75 53966
247 3060
221 4578
189 22794
259 17043
141 19650
281 12487
176 6907
199 37155
266 48311
274 6851
215 34239
282 9928
130 988
274 54647
114 20228
266 19385
132 40042
136 53272
250 48112
267 29053
23 25330
294 10223
93 52975
255 48332
21 27641
194 21344
115 30088
182 30833
187 40420
199 36304
289 26371
79 39593
130 59983
300 56223
157 33636
279 59336
219 21795
213 5130
27 22731
89 33563
62 47030
55 49826
264 50988
79 12530
298 7061
11 58743
278 4925
73 17306
58 58678
198 50562
284 5023
274 44973
32 42866
53 44778
294 27359
71 30187
20 36984
233 11906
174 7302
286 17885
81 12300
195 7455
299 59995
136 55290
31 22862
292 59986
81 3957
293 145
2 45264
270 21596
262 13350
7 52909
280 15106
220 17688
214 21586
142 38554
170 12032
41 1906
90 54034
256 11706
57 35563
244 34394
296 11182
94 41937
237 23435
104 51995
271 1351
52 4692
129 42974
21 55620
167 22598
283 19631
268 3180
160 13749
22 24540
254 22087
252 13602
42 28016
143 59544
251 51668
190 48566
244 46800
294 19551
238 34618
182 39888
15 49194
105 47892
258 52867
243 4945
208 45751
116 50037
156 55758
172 31526
52 56289
288 232
143 20885
140 22333
64 7951
234 49577
245 18416
210 58586
222 46860
192 51227
278 8264
55 10944
129 7332
6 32933
277 41017
194 2853
156 17370
98 40556
55 56538
155 57532
102 118
183 35332
298 34096
170 23902
294 33185
9 51762
123 30965
285 58774
112 47423
42 58004
178 39956
201 17219
81 8393
153 58940
49 17314
203 28604
50 54706
46 27284
116 19620
8 36791
188 58848
34 23883
33 27045
128 30888
168 351
267 54889
160 11411
105 51446
19 25821
137 16083
28 52485
173 15578
278 49772
230 8711
183 47464
271 33872
59 45112
77 17284
168 55486
244 33721
185 33442
237 6041
140 5333
227 51240
26 50088
263 15321
216 32880
279 31292
180 14492
215 48474
84 13266
139 14491
79 16498
62 15191
61 39685
78 28125
243 32186
137 53871
241 25465
2 26192
239 41586
210 30214
137 2144
287 14074
207 51836
41 36010
285 18965
172 59556
52 7659
231 13549
7 40854
1 29995
95 4887
230 19222
256 1758
186 2633
45 13518
18 58469
300 39059
289 7299
135 5441
196 52324
236 27526
235 20106
95 19189
278 54868
58 22838
152 36255
24 10429
44 38969
35 45815
63 29529
184 16813
19 13644
92 24944
227 9295
253 28367
81 53461
24 8025
191 41068
106 58509
10 33484
183 7475
102 9406
178 15510
211 5028
16 58121
146 13210
273 28602
266 23004
89 44115
139 32901
20 27556
239 8905
162 43430
204 45626
300 51837
139 19141
89 48074
164 18160
174 46247
124 54273
86 17420
113 41662
163 54186
2 23321
159 20215
268 46981
28 39371
14 27472
217 4515
138 13080
82 18736
190 26179
184 25845
208 3321
130 3085
6 13083
273 25897
110 18267
6 37929
287 49089
59 49704
119 1070
145 36289
59 37397
265 33172
90 5006
198 40426
30 1032
24 9188
73 12975
196 52767
25 18333
182 17384
101 54939
90 18616
26 28242
240 32295
98 11266
88 21905
249 44814
242 15624
167 24635
122 2095
67 30186
210 16993
63 33552
55 57436
269 25243
16 30046
108 10151
127 30434
97 22509
270 21767
11 44781
11 28696
120 41262
116 52157
289 46310
288 21034
237 47933
24 12749
58 31440
224 36602
159 17919
211 5040
41 10189
286 12790
62 1427
193 8372
101 20034
44 15347
148 27341
124 25688
128 52635
224 24037
65 29594
120 18649
295 53071
85 56336
66 32206
139 18833
223 4065
210 59871
244 26727
106 6871
105 27541
219 26479
153 53519
81 48647
177 9116
144 50717
2 27233
138 15859
137 26528
32 37130
242 19441
45 45349
278 19762
215 57693
268 17501
68 1623
265 15186
86 2381
12 39769
7 48506
11 20588
14 55102
64 45636
88 29521
172 9315
296 56842
295 30918
24 35519
35 14057
126 48922
61 58691
107 28370
183 42949
199 53928
24 34327
194 57068
82 28629
5 31176
115 40793
184 20175
297 43981
246 6498
42 16900
88 8179
253 6093
105 55024
258 9390
91 22541
74 44696
57 19083
77 46632
119 37876
158 7004
210 23507
199 20793
41 45730
23 38563
289 5564
238 47074
33 40511
284 46490
170 40272
286 51328
133 54436
126 59425
100 35956
184 25544
153 19430
172 22824
291 50007
265 7163
103 39494
90 34538
164 52926
219 45544
36 18491
228 39925
21 10681
258 4578
28 46624
172 26536
225 56976
72 19877
236 40365
163 19319
70 46311
300 31922
95 38751
66 36017
46 31349
141 33066
27 13768
41 33713
148 24368
144 49798
300 6099
59 21100
163 15246
201 5723
129 21321
119 6904
2 37656
293 3202
231 39758
199 49477
176 3023
9 41604
60 2852
192 14229
173 51277
103 28760
213 9274
111 39214
246 4899
51 4664
82 4236
68 43274
164 52447
298 7487
233 4707
86 48491
160 36252
198 56914
55 2928
88 34324
55 2288
239 32655
128 47697
228 6484
258 55109
18 58329
293 55914
255 51612
18 19131
129 11839
209 22623
30 3465
185 33849
16 32564
22 38365
65 34747
94 116
164 58257
248 59384
179 30169
208 28843
251 53923
34 36057
39 35146
254 11739
101 42739
165 50165
19 44047
247 53047
55 43777
3 42416
196 12367
102 18947
39 47293
197 39186
107 50248
138 3135
133 9145
99 8166
144 25990
103 15416
106 10553
263 5193
86 2245
86 19871
172 8047
297 6684
108 48916
284 1492
199 20462
207 6819
36 12373
298 17650
100 20668
18 26322
107 2371
186 23568
173 37836
158 48297
205 44496
219 46021
262 34439
153 29334
121 14654
151 5866
92 36191
203 24902
170 18130
260 44866
1 22262
138 17415
62 59708
89 18035
33 53347
90 1265
150 53256
261 48684
85 16520
253 53753
255 9708
167 34783
99 43393
48 18150
150 16476
78 46770
242 45062
179 46598
135 23459
106 7312
178 56334
112 758
48 38884
140 21788
273 50135
23 34176
55 42017
197 26355
102 26118
142 45877
14 22480
46 37448
5 46769
161 40762
269 12971
148 21455
36 49932
94 48568
92 58306
184 9129
111 35461
254 13368
167 31704
24 52134
167 19442
281 38334
73 32240
99 11653
106 43427
133 56219
209 13079
211 14494
224 623
294 46886
273 34648
34 28565
162 6112
262 14046
177 59569
152 8629
69 19557
294 28676
240 31361
229 1866
203 46129
166 52629
237 58129
44 22735
184 20470
216 49738
199 30370
69 587
130 44497
172 7187
133 24038
93 36230
65 28770
264 33314
268 54242
85 44449
158 5384
132 27377
139 58580
282 45118
42 3097
