10000
342 8846
138 54781
211 29086
276 16667
164 5010
14 21596
289 33080
190 74653
334 66612
184 36973
194 42720
179 75067
349 36476
480 53109
399 7510
253 9260
379 46370
476 70924
112 47144
10 68036
227 76273
272 65432
120 66837
25 70493
261 66998
386 71732
174 24294
216 74302
163 42126
334 69939
492 7734
369 79667
424 53472
114 31284
442 1550
207 72244
79 6136
362 23064
139 20414
224 26688
84 49710
20 79622
142 79828
354 3930
69 19802
436 21226
209 19688
212 43452
221 50097
468 70805
444 64000
116 13110
164 66129
352 42188
362 59111
132 64703
67 11794
186 29816
202 79494
143 45726
103 58458
382 76982
178 10132
332 65039
54 59119
398 54586
195 51660
142 28866
380 50699
358 45545
473 45614
148 18182
346 28539
264 1001
43 61396
425 60549
166 71665
437 73007
352 58011
8 65272
336 34949
405 4801
170 23458
392 24502
117 37438
13 53921
257 17990
208 56994
222 15819
227 24047
323 42415
308 71343
117 2841
371 21652
274 65717
444 13466
62 62155
495 25381
232 6464
3 42610
450 45162
340 37292
453 31693
268 62015
450 4029
266 51906
465 72779
306 65032
144 35661
450 76380
452 79428
301 53661
52 33452
494 44036
108 25667
73 18282
323 26567
55 14947
485 27657
257 27477
174 19473
113 2680
126 11705
389 65728
51 51844
362 10708
14 367
421 61549
182 49044
262 20328
123 13343
192 28049
116 59829
6 72297
74 45703
314 8722
279 28181
212 4956
263 69427
212 76320
331 59427
277 43636
273 4285
58 4364
217 66010
297 8032
419 41713
143 37429
146 51579
2 51498
431 27931
459 33921
400 74758
100 56839
1 8354
67 24955
39 2998
329 41978
88 73903
500 62166
68 23383
25 32247
315 43382
435 28488
292 1163
250 4021
368 12994
148 31183
13 10127
488 62547
203 5952
146 41754
287 33792
105 17498
59 15068
173 25053
139 56220
205 35148
275 58973
154 15148
322 52877
14 29159
41 22994
226 41972
78 39736
200 21681
354 35374
346 70831
223 65968
249 45414
82 50505
35 41488
398 53980
169 73432
479 3959
402 9574
221 79999
38 35188
134 31046
92 28337
480 47603
125 14100
316 31744
430 21775
16 59160
14 73125
258 50426
169 31472
18 23315
186 10441
208 64499
146 8882
468 34057
327 40226
488 45959
182 30571
93 79175
297 21100
251 31412
350 57732
257 22322
274 64579
122 77225
475 76761
234 16027
263 28940
361 44466
14 11944
407 75566
264 32552
322 72445
452 26357
63 48571
218 28074
170 68647
11 26592
346 10725
15 46005
274 33041
382 34159
42 19296
76 40672
202 79278
207 63108
354 77221
205 78688
200 22178
331 58657
126 18369
155 1852
141 64689
223 75867
467 50127
113 46558
146 77075
233 34154
495 23225
421 5531
196 53977
36 73
493 55500
218 55640
47 44238
458 6851
304 17798
173 55062
121 23708
392 19510
373 4526
226 45235
267 79867
456 77590
447 63396
455 41327
373 25151
17 12725
21 43098
336 45567
230 1896
29 25170
151 24429
47 8998
465 10984
414 72908
34 74148
148 20449
280 22640
311 6548
184 48743
296 13158
403 5078
146 50034
225 8933
358 21110
201 29440
149 60029
226 4619
36 72250
165 76748
107 78943
389 42991
446 79600
269 1145
254 60704
469 14846
335 55968
225 50342
116 61884
49 14960
428 48792
496 21738
104 7355
349 34245
59 52491
381 17349
193 43428
399 79682
124 43438
18 28205
242 51713
363 63410
41 65284
304 77587
118 77573
338 1163
142 2951
103 49039
260 21964
369 30934
157 61504
406 24716
251 52759
397 33754
446 50962
44 23930
274 43612
352 37247
275 32852
87 79032
380 78254
302 61939
5 49584
447 69081
496 31383
281 68221
324 33025
27 54029
325 307
44 25432
65 1754
58 17950
390 69757
34 6460
186 60263
58 17382
306 60459
195 20994
260 78993
499 40513
417 78830
25 49270
11 47240
340 46260
411 49800
227 28816
48 34812
392 73573
463 36852
452 70999
309 45969
193 17099
377 55240
193 56562
171 14503
487 50974
393 77365
41 49955
422 40554
61 15948
406 1314
51 71162
307 32584
302 43292
252 56755
259 42662
385 11558
336 54184
355 75935
266 23621
270 2053
244 9213
30 67868
290 33967
481 60056
323 47261
269 2943
206 63373
115 72371
205 55952
93 20534
209 54165
88 11975
20 61498
259 39659
140 19232
42 406
137 34468
59 28606
154 14313
421 56943
16 79416
256 10926
494 15573
59 68220
144 28413
154 40048
364 77309
428 7954
264 15041
306 71345
378 76679
298 9963
370 53789
317 63654
167 67454
221 45537
98 34240
96 65595
70 61864
495 48700
211 8020
76 53600
164 38746
496 38801
368 6508
465 9279
204 66317
58 51184
263 8110
498 24046
21 77664
241 59377
249 25418
359 42019
131 3964
379 56589
254 55999
221 62944
447 36340
476 78547
316 78603
281 57226
498 70999
438 48308
177 65656
152 30663
274 24597
297 64380
79 40312
423 42229
7 58315
291 7688
246 44059
499 52120
283 43975
277 72033
1 17483
93 54640
297 58216
83 4662
6 7355
66 43796
340 18066
462 60149
2 16969
183 7999
92 73869
476 73180
118 49062
134 8418
243 18987
54 58824
406 24686
250 46456
408 11348
272 50551
252 64630
21 73898
418 68996
3 13770
473 54023
44 24554
217 73129
85 23328
166 55485
404 11840
395 27387
371 61095
367 31902
90 29788
395 27458
149 13664
59 35215
443 66797
116 31560
96 38783
328 73887
261 64939
347 66218
270 384
462 44553
303 65312
403 74913
348 22776
101 49071
335 17974
19 11425
310 25475
433 37762
298 31772
355 13818
46 52705
80 62424
118 39913
240 45538
28 13445
143 46479
202 56067
420 69913
197 79980
350 55117
184 6959
39 11579
316 10481
172 78740
226 10289
94 58877
119 39172
64 54818
187 32948
454 2910
26 26459
68 12389
177 67031
377 32920
299 15464
72 58808
42 29553
67 44399
494 3349
179 53602
237 11628
449 68728
345 45603
24 69699
196 18843
460 59141
400 67995
69 36861
17 36507
38 16319
49 13746
399 40239
239 64568
103 61411
116 39004
286 30514
353 27680
184 54882
55 72438
28 12348
226 18201
454 46049
246 19331
254 21119
436 43584
11 23839
152 16413
425 40947
133 15239
259 65467
66 25722
270 34832
444 70067
380 62528
166 21560
69 31298
412 38588
113 37207
12 37769
188 45277
492 27736
97 29035
50 47982
220 72624
203 53149
332 38523
237 47160
433 53551
477 3445
447 70407
417 53740
234 77893
242 17939
20 40399
323 70124
322 42158
261 36781
347 19672
253 36746
267 32439
205 65570
313 29495
31 57655
173 48832
405 45500
355 44879
103 7663
247 29067
85 60955
295 79298
414 63794
432 43144
169 57425
81 49634
296 20516
170 43685
72 47279
230 7042
259 44901
470 56072
306 44926
248 77453
143 59737
268 30100
231 59507
134 4025
373 29959
126 30958
330 42694
499 72419
383 7586
433 51933
383 31084
288 67315
478 28773
42 18287
263 12503
148 68952
366 47476
450 3991
162 50419
242 61450
93 12825
433 3046
403 9720
162 79044
459 36936
281 20472
210 44201
301 20139
194 60157
371 39919
436 52561
285 63653
422 4418
395 1555
21 25037
498 21694
224 6765
376 37765
56 40262
185 72908
391 36860
365 70842
133 68697
475 24862
57 98
500 61317
233 14381
458 73979
106 9251
117 55891
325 51456
374 34494
476 55986
195 70864
162 72294
148 10763
227 77936
409 38768
205 68919
162 1412
426 42352
85 26080
47 3793
247 64205
334 44443
184 59309
5 70278
390 47105
177 44433
194 69102
156 58000
20 56009
159 8458
454 44619
349 44908
8 202
98 78390
79 66997
461 78479
149 30790
262 14214
374 12141
485 9068
483 50431
357 13972
66 11950
106 79720
7 6893
40 26237
474 52854
293 55478
351 35628
163 17074
52 48838
227 23097
371 66742
215 79336
489 77971
1 32469
420 37791
346 41317
114 61276
272 58041
275 43621
24 27969
371 41813
441 35462
318 59800
363 4341
134 71950
161 40867
317 38618
80 44556
484 35430
125 17304
17 90
119 56736
438 4952
470 28071
31 72202
373 68598
212 68083
366 78783
373 10949
149 12250
73 16739
248 26546
215 26132
449 7451
344 14163
106 16616
450 27452
420 58113
258 2507
65 6032
280 3908
187 13220
158 15536
90 4836
360 48422
42 27908
143 31957
479 56122
485 23402
443 29902
107 17170
355 21166
304 32278
98 70509
435 52885
344 73095
120 65921
288 11246
276 54699
12 36275
76 77680
175 23370
2 76837
198 8716
144 74706
420 49486
223 15265
444 35595
42 37987
339 57541
336 74113
59 71013
325 54406
306 38202
105 3909
301 59203
280 65301
73 1380
193 12897
305 8718
195 49267
270 46912
415 41546
66 17897
228 68252
317 15341
53 32368
139 65326
474 6113
28 71371
20 48157
382 22331
324 61115
451 45593
372 72142
25 46849
303 55730
280 8158
39 3961
67 21115
290 5962
488 19126
110 53241
111 26189
184 54345
230 67976
254 41216
336 67401
497 66804
54 64285
84 20124
433 69195
294 43320
235 73939
496 15608
353 34840
293 17986
346 661
360 72480
431 2008
477 10315
33 68494
301 38174
454 78760
30 48361
488 75577
307 39277
409 54350
166 53974
97 22996
269 32837
375 63713
256 33277
109 2394
30 56844
379 41771
415 22960
324 32492
220 18869
329 71240
71 55030
479 67744
171 39519
253 58830
90 69687
256 44447
454 56306
38 2532
327 75508
420 21627
156 19740
272 4950
170 33395
47 47678
327 56692
195 41631
112 23544
226 58908
16 60086
86 75696
238 6331
395 73524
35 56503
97 31902
118 42033
143 19638
394 40700
332 33830
440 43848
350 39680
182 19883
98 3596
181 49212
270 71284
200 76433
123 35396
51 20367
43 15620
377 5155
336 45450
390 36853
163 9363
437 4397
433 21822
111 45011
130 1742
278 14600
145 2654
363 38665
225 41819
29 28323
4 58227
24 14373
151 44801
102 63179
327 48987
317 20191
186 1980
88 54728
151 15246
438 24645
230 6197
386 65246
93 19374
305 38482
401 38793
490 35576
9 10600
5 61300
247 79753
437 57936
66 79338
253 32853
190 7758
3 14670
4 16771
361 52272
222 41282
74 7878
160 52040
55 65725
497 17129
295 74234
463 29615
350 528
15 9648
39 71513
366 13908
106 3791
271 23411
114 55878
14 11020
24 48949
78 53267
151 13604
48 34317
122 42075
166 45433
341 36241
397 44553
103 66182
343 9137
469 42869
94 66331
422 19873
423 29107
70 19633
200 17468
368 6535
66 288
127 60181
328 42993
16 77892
214 61497
430 24869
255 65607
101 32433
56 45894
340 38455
450 65608
295 75260
188 66124
358 15565
370 66800
416 57161
103 50314
312 76376
496 27367
423 46455
399 22327
52 31538
161 53327
295 70208
41 70531
155 75734
183 66540
336 32781
13 67398
310 41446
489 65721
108 26507
316 49884
181 75050
245 17322
483 59292
260 27214
151 12814
328 32372
190 49318
66 51893
131 78289
259 9728
370 62233
274 44108
266 32438
76 353
52 66176
86 71329
367 33375
34 74597
74 22452
218 46132
213 40116
463 30327
428 62185
167 20592
434 30813
372 77207
211 43577
399 39290
291 1949
439 63137
457 3017
355 42360
57 26239
323 52269
106 15863
91 68271
220 8314
214 38753
479 7550
77 38768
478 49660
241 32445
269 33842
413 64122
48 46314
422 32961
114 17565
13 34140
383 47617
424 27712
134 71639
5 63606
391 51694
326 4065
310 11772
395 60543
338 25059
271 26203
339 23091
327 18772
369 2133
341 52694
371 18166
215 68842
53 60799
94 62409
390 14072
435 21326
438 63955
241 32093
353 6361
129 2849
322 22289
217 17061
210 71020
165 74421
58 28608
245 62395
20 73757
489 11566
179 27321
264 41291
430 69212
6 5871
258 52150
85 67750
289 53311
328 59809
259 77118
131 24709
316 71727
88 35272
484 60644
413 77698
410 61087
48 28853
294 6108
98 11047
395 43050
212 40370
245 6784
265 24098
492 33387
274 19625
168 30458
317 70922
215 66934
155 24103
274 63504
245 4725
8 15154
39 48669
93 55501
408 79808
468 1635
335 13625
297 29705
118 70419
313 42523
201 12381
229 29675
3 50495
202 313
342 51180
28 68898
418 37089
486 38245
414 61919
164 26022
479 69894
485 72130
18 10462
126 79819
466 40942
281 12226
376 20217
74 78350
270 78500
474 25184
117 17585
374 25283
351 64103
313 52587
497 76571
351 39206
445 42202
39 63778
470 49586
450 35775
55 23780
301 2151
280 76087
336 64046
253 2500
1 52450
20 14753
357 13943
184 55342
19 469
381 51931
167 75150
185 57886
361 57677
349 54323
75 16811
348 47101
46 73708
235 32555
82 7478
384 67140
129 45002
408 52696
68 46532
493 59794
354 46459
480 74797
115 63791
240 20181
6 37538
97 28914
304 26141
394 37845
455 46222
215 3746
500 6111
412 20836
97 24173
136 48383
143 11563
299 78630
209 2101
64 72879
187 14480
219 69073
117 51693
357 8283
301 9705
35 21513
292 13869
52 67761
306 31928
303 46208
369 32853
300 76193
478 3030
388 34775
229 367
141 22872
360 33963
111 73858
107 36616
122 75501
195 20619
173 41653
406 50772
216 419
133 69626
391 69978
206 77912
489 67559
46 2744
246 8232
280 27266
209 42589
172 37126
347 54
26 73409
54 75064
288 48219
439 41423
24 26738
485 56957
195 41616
383 14119
163 57872
150 66431
370 9061
449 65122
312 59607
186 11920
81 35077
8 5365
169 33011
287 41639
118 20725
270 62874
354 66631
294 77230
358 79300
288 63330
444 26835
47 52974
366 4963
171 77884
108 1901
431 51017
99 53974
340 70942
28 60888
288 25786
117 7803
240 68639
392 22287
327 28071
190 72323
397 45447
105 42156
192 21238
218 37210
66 33809
349 52984
36 54235
496 6950
341 50449
484 77554
154 32915
199 47776
343 18424
219 50166
148 6470
293 40487
134 62501
315 16239
201 64156
331 70808
309 44498
345 56838
150 46089
286 48566
470 37808
479 68471
479 16781
2 19876
386 66464
189 1776
498 56592
413 32268
255 71901
165 54841
227 47373
472 10489
476 1277
426 49631
132 16571
276 48231
4 13585
183 63413
21 14390
181 24454
130 30439
328 51879
172 22130
329 51834
432 30468
415 50892
477 31056
333 60093
496 30211
264 66943
306 7329
302 28594
233 23629
124 64649
299 27901
476 23084
290 15009
132 66777
86 10446
165 36063
174 22846
353 16854
139 74788
162 43182
359 40930
57 2074
124 22821
80 1932
55 18079
236 57056
485 44421
384 67712
485 63394
363 12500
248 40869
146 4757
96 56600
360 71196
386 45967
116 70299
23 16303
247 20179
143 24693
179 26000
169 24479
197 39395
28 68773
108 5975
222 5984
427 75352
363 13525
479 39160
242 40735
491 78502
173 36945
498 45006
304 6816
441 76255
489 36875
82 16273
351 10103
470 29312
311 56468
108 35027
470 47498
207 45728
170 41040
360 31841
73 27711
274 62446
403 9585
232 27946
16 12142
439 64183
221 64410
217 13371
422 20468
111 26736
190 9990
392 66870
447 35460
255 79503
37 59819
209 45742
195 54936
497 49113
175 7835
159 50244
349 36706
441 2999
344 21125
265 29902
249 50937
268 32181
57 60485
384 27386
328 75958
364 44732
365 51742
363 38967
218 1572
365 13775
54 11862
249 62113
118 79009
64 25419
395 24833
4 59255
440 20964
434 14307
409 51607
417 18679
61 33647
177 50058
48 33217
65 75627
481 46727
201 62189
334 15714
260 30312
83 30708
63 8776
467 3827
208 79770
343 23887
256 37665
201 3229
70 63438
174 30580
162 60343
32 67294
419 78719
445 52759
405 72820
350 32325
291 49419
313 20207
146 21422
171 77089
72 6335
439 8418
22 69744
225 15814
231 24091
152 76620
287 7421
408 26012
169 19059
189 58246
393 7059
182 8509
379 5026
11 16495
97 66755
172 60143
397 72926
131 66724
233 16593
217 42531
233 18963
78 37010
197 64560
241 35621
152 42512
117 2878
186 66044
287 50497
298 72880
13 21911
97 37488
24 56335
165 18795
27 38259
27 53777
42 23837
119 7287
436 14913
146 50827
409 49329
378 24260
125 5235
22 65628
47 44576
270 25803
219 37043
197 19361
5 42362
94 12383
151 33493
18 37771
491 59610
313 42181
450 39082
492 43850
106 49019
269 61764
497 6506
72 45448
172 63038
394 56677
129 16999
105 46787
162 39229
196 2516
364 78473
150 48505
104 9137
471 65746
465 22577
259 23870
296 49924
309 78607
342 75369
241 47224
102 7804
475 1190
248 56829
485 61466
455 73207
333 46364
48 29200
33 38090
265 3892
489 38972
64 36378
89 2980
13 4670
220 60655
499 42583
206 46228
291 32338
379 2324
343 31642
370 20149
329 5298
463 75619
278 25659
21 24759
155 47203
440 13221
371 60250
452 73019
63 40090
36 73188
112 24388
376 68216
301 6122
200 76741
46 6389
495 70603
219 19434
181 66281
39 18319
49 56258
157 29370
331 77885
62 55071
371 40014
473 76040
444 9104
162 75584
66 24421
451 19423
73 12310
370 14681
116 56808
373 44494
175 62811
32 19930
25 35710
311 50854
262 61129
474 76770
110 43038
251 79353
373 60916
115 24004
221 67834
141 3420
303 32599
398 25834
82 468
227 38873
133 42380
302 28192
182 77569
141 19931
10 2774
338 72931
250 888
193 65848
241 55659
165 3278
99 30858
276 33916
220 40915
178 73460
43 48763
446 25915
244 63913
132 41394
74 4956
188 67490
90 35350
222 3846
414 34332
216 3199
210 60111
475 51985
258 50848
450 73689
222 1351
286 61338
397 79029
140 12745
83 42882
427 23296
435 74023
103 67870
418 8250
302 7200
358 45364
291 50423
235 11735
330 46948
189 70307
465 71307
176 26788
335 74150
211 15247
291 39514
358 37044
25 52187
496 46194
66 41530
10 54005
63 44456
190 15392
426 46791
348 58151
161 73978
337 50954
473 6352
119 17280
215 62909
270 69551
195 17709
238 71970
184 14168
138 64852
461 39943
142 34131
228 60857
6 3743
9 39720
366 72785
428 42665
340 829
88 65056
417 54111
40 13994
160 7092
294 1947
429 15316
299 66357
120 52594
61 16864
183 69036
141 19037
359 56192
449 14017
144 42086
63 20518
52 24519
324 67000
256 4568
98 39589
435 8402
154 523
277 52657
487 60919
294 54826
157 26105
372 20235
26 54340
40 56430
141 31565
314 1820
82 32237
288 50062
352 72351
411 61533
47 79167
182 30234
162 69548
489 2914
50 28906
364 73817
113 6955
13 54198
404 49399
66 79160
29 76002
128 17269
418 121
141 39177
480 76326
491 14631
57 4583
222 27583
382 70612
410 20394
282 62487
230 30409
165 40987
307 17976
322 45091
123 27547
198 18779
147 11429
30 10567
277 62772
353 42287
290 70040
231 9776
373 4433
315 43864
339 18485
310 31544
105 20166
410 37390
429 45271
208 20014
229 56297
422 67904
334 2348
350 22153
198 34162
149 45453
298 34519
5 48101
457 48022
200 44832
260 26598
214 30582
276 75200
407 14542
99 46003
26 46316
443 50268
443 47594
73 40257
127 7338
219 41387
262 50355
430 2646
308 73495
470 48396
425 48458
241 35783
47 8316
207 68206
160 73231
157 76540
381 69825
177 55237
140 66381
292 15971
95 67895
16 13070
251 65505
267 35647
447 38984
470 60024
378 64208
90 42684
444 56912
491 64064
53 6296
463 61267
412 53760
96 49359
438 62425
447 59721
144 64686
350 37580
325 10542
455 6402
154 41701
215 52952
4 17122
496 72288
189 14654
230 15471
211 28466
498 7820
279 4476
55 14043
391 50960
71 77956
9 67885
136 27904
135 37176
196 54966
5 50636
172 48882
449 28264
414 8469
206 40415
110 66137
201 60141
73 33683
67 45193
226 10115
157 29504
35 58039
171 2719
182 70912
193 79510
53 4319
20 69299
429 3396
343 22676
228 20583
492 18543
271 40026
435 58585
344 34894
26 8970
105 1850
328 47228
316 65252
365 33829
348 63957
79 3187
387 13990
452 17106
306 19366
334 10991
106 6967
414 73972
323 3517
149 11233
264 64569
206 32322
484 18475
254 7185
404 69824
479 24745
127 49017
305 76780
332 33022
228 56399
300 66838
188 46984
201 58147
24 59451
296 19406
264 48647
368 17578
90 15015
184 21926
389 4610
213 10972
249 58608
74 48338
200 38699
426 45306
108 27761
54 6343
379 9048
412 57997
458 22583
273 24169
15 30698
180 75439
31 60795
144 58564
436 39360
142 3293
423 13739
301 22726
351 61880
304 79887
105 46305
120 20168
478 67233
483 78736
233 38986
458 67308
498 8276
52 22923
11 3892
1 29468
171 45500
83 470
434 39989
224 45171
438 60369
59 56291
154 48248
30 46178
189 3128
455 69776
307 11895
148 51361
309 2426
472 56012
468 76783
497 24721
446 8421
225 69865
417 45777
244 60845
178 61567
325 51965
183 34763
393 11023
365 79
394 53764
142 65660
29 74562
325 46901
245 53941
321 49333
150 43707
30 6554
51 5161
276 69683
396 60396
306 62187
196 18032
360 39203
240 76935
21 3185
54 11380
410 52445
379 73058
57 65942
322 39399
451 10823
463 544
78 55391
101 16588
232 52565
192 53033
298 24095
483 49073
233 16676
215 75770
325 33451
447 49111
89 51708
13 62741
417 62875
395 51621
164 68253
220 52279
470 41764
91 26559
187 63432
436 475
94 40811
315 79079
351 77869
278 72953
293 35977
399 33699
353 12746
368 76894
57 40770
205 30954
138 4197
130 66966
270 15430
210 39243
279 60276
297 36826
382 10162
22 74226
437 67790
110 40870
334 18472
460 22899
485 59909
295 67042
158 2955
303 66208
404 70021
11 58783
23 67787
293 38749
439 17311
98 60608
279 22999
178 18078
272 48722
474 18356
307 34966
309 58247
178 14934
138 33699
463 18034
245 2093
175 51808
66 5884
396 74126
352 44881
360 1787
63 45922
84 28221
474 35641
170 24176
154 72264
360 14667
234 7070
158 19302
341 73928
328 56568
463 36349
73 68683
380 35217
341 64148
47 44415
121 21857
460 4060
161 52642
179 62080
69 73569
63 46318
445 27238
267 24842
471 39118
52 42706
193 57261
261 34330
240 68229
358 44936
387 53671
207 70451
302 1575
106 53491
415 12064
427 31969
452 24776
195 26843
294 33158
69 40914
48 71498
52 71035
7 73339
388 15800
231 42010
33 15280
308 9202
26 46570
447 25584
387 11566
209 76497
80 23669
247 21251
104 16068
184 70821
355 861
237 17007
312 77087
420 43508
175 21748
143 804
160 9415
134 43692
426 70237
460 4642
86 61961
399 35680
5 18989
335 49700
145 52244
22 69107
229 76375
111 18300
184 61961
115 34290
491 23208
179 67247
151 69277
132 28010
299 32264
154 70626
24 53626
81 59624
183 65860
430 45174
231 75573
317 35140
55 21758
157 55944
13 74903
333 33962
434 61499
434 71143
299 32493
375 73613
367 62885
340 22696
499 58967
103 64131
128 17688
322 76718
284 73234
103 55133
430 24339
75 64187
9 51475
452 61815
70 61588
327 25028
155 70902
58 34563
220 5680
330 58264
381 70972
478 28781
110 48469
87 32151
198 35332
446 25782
217 27350
353 72001
250 8154
102 9318
210 63298
99 65416
243 69365
464 56255
349 53749
29 69785
468 16509
145 44172
172 12778
95 71475
432 61813
161 34798
288 12385
156 60865
356 24870
346 72570
158 71926
272 41001
187 23755
236 72751
323 66637
191 47437
104 32934
468 26689
267 5779
16 6017
279 43309
60 40576
148 53418
63 44117
261 54904
241 29103
219 44624
68 58199
356 43300
175 69445
152 45843
10 10910
203 65419
268 68099
205 58013
45 60144
30 3276
468 50825
483 31400
322 1740
319 50953
469 12144
195 38932
278 78472
224 75471
283 74866
230 73781
473 48685
287 41416
259 34043
348 39107
314 76782
300 55543
32 72342
195 38609
105 46870
373 29493
272 57205
400 59234
179 78333
141 22261
271 27173
188 41850
217 2146
151 33330
31 65862
295 43639
464 7200
384 62394
20 65604
260 20033
289 29590
423 4918
333 54001
166 47960
117 52013
483 54012
231 20433
150 64063
441 9348
492 18515
448 61966
407 22734
338 14655
359 59996
172 54542
216 51145
325 44734
202 60412
33 71980
323 44603
491 41561
40 8350
495 38867
305 30320
485 24773
372 3841
236 49756
438 53838
96 51586
287 51163
237 61330
205 76932
413 57820
208 51536
321 49262
297 6058
413 71637
78 42650
388 47809
172 38998
281 38269
313 47832
437 24447
362 56479
230 8478
423 25999
205 29897
370 14036
5 33781
463 42000
314 5721
307 67783
127 22789
444 23467
409 32979
255 45534
373 72196
18 28953
266 14939
490 44064
288 45006
475 51685
2 63590
351 14679
338 65370
234 135
51 56283
101 29010
190 65214
190 12213
38 73651
38 35537
166 50023
276 20194
7 63681
127 63354
439 51655
143 22688
248 26335
328 42737
186 55821
486 55187
185 45186
364 39661
1 16591
201 36944
451 72875
210 44444
239 59317
93 15130
5 69670
463 17328
378 46402
312 37458
117 53078
498 11926
103 17885
274 79852
358 40123
166 72267
284 62753
296 14703
45 13118
429 40730
136 57486
363 69945
42 13656
268 64347
237 62600
237 4928
295 6577
484 77393
225 76498
386 73473
492 27032
137 39414
383 20210
407 5146
403 37434
117 61331
86 48587
333 78739
196 49105
409 26218
101 67482
358 57815
141 72517
178 8489
390 68773
498 37149
34 74775
117 11608
107 10427
306 53719
385 68933
110 10357
195 70028
284 68439
251 12729
15 76936
157 65144
143 40685
303 46952
333 40688
356 25179
166 18956
101 26420
372 26330
271 59819
426 28477
344 6826
94 19209
213 48204
66 63048
457 28735
220 56613
137 23990
173 37523
50 4297
247 7380
286 39638
67 68395
287 44127
160 25683
163 65482
317 36893
174 77424
323 58702
163 68927
181 7151
16 74364
294 73706
257 74507
275 53227
121 47313
442 65209
205 43145
368 24808
98 53304
156 65121
295 2759
189 76597
461 5470
124 51833
414 40618
388 3253
263 3718
372 1096
306 55196
261 12948
496 22210
273 76822
471 52290
153 64089
305 40473
60 22710
364 76954
482 47825
388 65676
158 63884
257 64723
243 45841
258 2447
223 27242
394 67287
459 77749
435 17285
169 72799
414 60935
339 59518
257 72742
289 1139
9 70640
6 9907
20 30022
379 65083
348 35197
183 31356
358 17947
361 71087
183 29611
450 32253
243 57052
253 12592
485 37266
240 12195
260 42167
301 5704
102 26452
443 41383
180 28851
413 59015
387 36354
439 15982
241 29802
36 35023
17 40729
61 23057
242 1929
44 51676
292 10255
294 65830
164 64260
70 13032
71 32501
492 73177
347 44046
483 63143
158 27686
363 6588
265 2542
347 77997
90 20641
336 38509
63 23139
253 41742
148 41382
177 44715
128 62674
288 27250
113 67384
297 52761
292 12009
213 15512
326 29468
363 77334
294 74256
479 21231
304 37810
104 3176
231 45136
277 38792
484 78449
443 77769
361 38982
265 39448
275 29951
207 58934
420 41858
468 31891
26 31291
24 76586
90 32666
418 40476
30 58297
155 66582
311 28399
130 22920
176 56874
466 69284
329 79178
123 41630
77 53794
429 23533
129 72336
499 50326
338 21833
253 60200
391 66931
258 22489
436 20664
127 22548
192 45261
83 35662
56 54357
429 51372
342 56432
173 54143
243 39262
135 5883
214 5324
134 56683
223 23454
226 3775
88 57743
14 12278
359 55983
23 53365
317 5126
148 8711
269 33750
148 23962
247 72374
127 4624
350 60587
109 18993
55 63293
125 38908
251 40794
27 29874
417 50220
111 72239
326 36109
192 67965
427 30230
133 79237
302 75422
383 51934
85 48903
382 26190
389 75980
448 59321
344 23229
69 28931
12 248
241 49731
94 38994
471 58116
349 26577
480 37564
288 77211
51 34895
319 78185
163 73520
322 37750
332 14880
380 49571
342 42740
46 76004
485 31504
457 50824
155 40699
172 20781
456 47100
152 76378
125 62695
410 42765
53 12529
168 9313
99 22527
416 10385
283 57749
428 5106
93 31246
464 44668
109 15688
167 6149
9 56880
134 70213
378 54937
411 12216
30 52877
200 31408
251 39793
98 57520
423 44421
242 50466
307 14557
403 65220
13 19542
366 25628
425 79530
9 63633
267 76798
484 69738
151 31257
131 11482
220 43106
166 16328
86 78224
420 28909
228 76849
45 49136
262 5127
3 62388
132 53660
49 765
157 67198
423 35732
422 11687
43 16656
497 70964
135 74179
22 22901
345 37674
48 27915
334 16232
293 54203
447 42816
46 37095
99 6474
180 32668
19 19252
198 28337
37 72624
29 15707
294 16614
458 27723
175 42060
283 60028
244 23740
375 40503
420 1553
90 25728
214 64678
230 34847
64 3895
392 65795
74 79776
199 77216
403 20704
152 47324
381 18180
221 76441
236 30235
86 32405
59 77873
150 17580
159 44858
331 8158
145 24752
442 6348
92 77812
292 68912
305 53206
265 72210
130 76211
163 52294
76 936
447 23548
197 6522
340 22264
278 62829
434 30783
489 49381
232 49568
217 4939
255 4386
289 48572
469 38480
425 66959
406 63221
465 37139
415 54620
179 71113
26 11184
486 52094
367 3488
134 34723
414 44571
252 75106
6 6691
432 8567
203 5330
118 52107
178 35909
432 10209
192 22562
432 3762
314 62925
159 33827
204 37380
411 9874
486 59478
225 31949
46 21649
168 40903
356 7602
444 72642
100 13563
360 16526
155 24888
484 40472
402 63332
168 46844
271 21210
267 10943
140 6612
436 41035
193 4114
369 47753
462 34239
111 55488
6 53400
340 6553
278 53858
33 1596
220 1293
228 62555
280 42408
427 43790
459 34063
111 14811
495 75742
462 66162
48 16434
434 56163
258 78982
275 19427
289 47794
97 22945
243 34964
363 78297
453 58716
229 58341
431 77896
347 47061
371 62291
352 72831
315 2540
360 39194
308 70322
94 16486
3 19696
63 43775
335 40284
429 12702
105 76116
285 19159
423 33030
402 45404
386 25502
295 46833
8 50479
281 68950
422 74941
67 24754
208 40771
415 48288
448 14196
28 12295
266 13411
278 44104
187 7234
432 39528
229 49096
43 4457
137 32263
260 49500
397 5496
410 45032
223 34751
473 73914
32 11768
72 447
337 70663
268 36041
54 1042
499 24841
217 59153
378 20866
80 5984
428 33074
308 52190
89 74170
327 64698
87 61830
483 55965
368 58528
404 70550
341 21788
358 71475
337 15580
153 35287
68 4046
84 13388
117 5223
182 29726
261 49943
264 25084
298 47565
500 30060
148 49938
164 25927
271 76902
285 27161
223 9591
376 44287
194 60797
129 20441
202 20155
330 5982
400 34061
89 52158
459 7430
488 32189
171 39535
438 36597
238 4574
300 70230
82 33657
178 77770
401 19384
254 79038
151 25026
9 37018
192 42299
197 10049
44 36662
500 5374
317 79859
400 60540
316 54134
472 59580
396 51441
494 11851
350 27098
395 36260
199 41744
328 26250
105 16983
17 37714
98 58170
293 64825
123 37685
327 62382
111 74061
104 32550
398 34307
475 61898
210 23414
407 57553
297 74617
264 18798
265 69004
27 39898
439 2770
393 7409
108 8812
244 64594
39 63214
419 28041
137 7025
253 45681
412 65280
29 34458
129 60662
281 12339
121 50149
98 29368
116 59300
29 33701
133 59504
418 57629
43 56712
264 31460
404 10676
271 57057
220 69623
133 56286
218 71694
368 50577
331 62767
334 68180
342 48748
224 56905
298 53367
172 19936
323 8922
43 13253
414 28648
164 51305
404 50523
231 3021
247 69270
306 17459
81 27175
379 52758
230 57128
345 14443
386 42654
46 41353
5 26148
208 23592
330 24103
140 18249
309 72641
64 51768
153 30279
423 38612
42 52472
432 11615
219 1902
343 3890
366 56095
347 59061
15 63724
209 67284
33 401
351 25676
253 55189
322 40689
352 48564
313 22769
373 24762
67 63485
354 20583
233 57388
418 32698
110 39247
1 21532
70 6710
296 65895
419 43045
56 33411
79 32873
412 35258
32 18806
252 71344
262 35140
411 11069
20 75854
181 51706
67 29956
229 61009
6 7778
141 30156
372 48516
285 18154
166 4804
84 66767
235 41826
407 73280
290 14811
40 48086
491 63168
396 46042
397 54201
145 33257
65 74017
225 60789
290 13158
233 29365
208 70655
59 51577
101 6444
60 60616
295 77523
291 39139
96 78534
164 62446
388 47784
498 60716
426 11207
429 28875
36 1552
281 20718
46 15936
457 13206
315 56691
369 5247
425 51366
373 6450
123 8204
199 10536
274 51658
452 22700
405 45614
116 30435
48 7696
330 55548
426 21626
237 10387
7 40957
438 41847
219 4398
3 57472
364 15150
141 71652
268 52796
471 31820
197 76137
233 43774
115 13554
362 62197
258 72310
262 77443
137 26222
201 67206
256 366
466 46468
67 23403
177 18407
100 15132
338 71747
465 42932
399 37497
12 40888
66 48738
5 39827
192 5283
80 41507
23 64314
440 65572
401 4799
413 79009
287 8405
171 65418
483 49225
36 71261
35 61678
262 39037
20 41814
35 11376
399 40918
19 48232
7 59989
194 71162
297 62995
495 77721
290 20579
442 13067
53 48939
483 47301
426 6145
141 13638
492 65376
468 2316
272 38636
63 18541
440 8919
54 15722
150 61127
89 62098
470 74514
491 64499
363 25305
12 34948
202 4198
188 764
413 53009
142 5079
42 74587
289 41598
229 45722
30 616
370 17767
357 11633
465 64628
295 58592
368 78997
51 45123
284 5315
38 57639
100 45037
5 68202
436 28902
162 66116
360 15265
163 68516
147 74066
290 5347
108 10003
296 74617
324 65307
78 41469
54 46202
223 69824
14 16907
456 8008
334 40351
210 55790
64 531
256 9134
370 8732
205 79129
132 10357
11 64261
334 35017
435 2408
388 56225
250 6602
268 55400
287 76650
95 31953
498 56179
408 79823
431 10289
212 64118
473 31799
276 13708
408 19008
322 9957
431 67772
488 17048
318 58025
416 13896
341 31621
482 25607
416 68598
413 56849
425 1787
447 751
361 9143
328 63501
403 73729
114 20772
98 75811
324 40724
424 45907
231 22620
194 24739
484 13721
25 62827
473 51730
340 48081
383 600
24 29420
129 5588
479 67845
432 77768
421 42687
265 70659
445 50743
127 50786
45 680
466 8410
246 2898
408 15408
417 50617
444 6720
481 16599
94 76838
359 35518
80 73330
385 25006
81 29259
235 39792
216 74271
445 67096
161 54065
294 60424
177 9673
398 65676
349 28823
393 38096
367 33047
139 74870
441 50200
70 60631
416 23557
495 5051
313 14525
453 69612
164 71175
152 53638
416 48261
283 48844
248 27981
195 40651
354 380
190 38858
342 2163
360 62051
328 71449
150 1200
55 60805
158 9260
270 52710
432 72093
327 4714
368 54829
231 77723
133 31407
184 37729
208 16633
479 33239
239 48777
18 24939
178 47261
67 32457
14 73411
383 34752
197 33325
176 17168
491 4572
87 57650
308 49009
278 60152
363 7456
312 23686
205 45566
60 26582
452 32712
366 69962
84 16365
294 51220
238 45300
199 69934
480 61723
401 35133
146 29863
247 78861
364 45532
398 9468
29 58091
312 54714
294 9026
238 5910
241 18137
218 8101
203 50608
266 39082
182 38588
331 34333
347 76849
291 29531
57 42436
187 25572
232 22736
310 34971
132 39788
216 55052
159 22997
440 60831
187 65876
455 79543
489 9790
82 14564
163 76950
255 34181
363 60513
273 34299
325 77872
36 35066
269 71147
482 22178
135 65243
325 10053
373 31077
38 24078
376 12971
351 42387
160 23558
358 16245
263 56568
88 49058
247 58307
71 18427
101 59570
441 67235
226 27406
134 48791
362 53801
206 36396
239 70421
80 49298
334 63117
28 56492
487 63312
287 34887
125 18249
165 43498
183 70343
446 78721
409 8646
402 63926
79 10965
431 47561
185 6561
411 73372
61 37395
179 49551
57 37720
345 74226
454 33162
475 9594
458 66581
454 59950
335 45078
408 24496
41 26803
463 17797
497 17299
396 16188
344 51597
452 76818
152 17555
254 49754
251 10900
295 45871
250 2810
440 76664
312 1199
256 30179
360 31028
44 34899
78 52489
89 79429
186 58100
101 64557
100 78411
278 65694
131 64603
453 14037
202 46407
364 3470
478 36370
113 29665
129 39459
490 62169
329 73785
39 30514
171 11770
498 31578
224 62135
450 46003
388 37943
468 41902
254 8784
141 12209
145 73995
82 41671
382 25238
279 53299
459 29398
328 53748
110 26754
34 26980
252 51500
480 12699
354 8329
52 4873
116 75659
274 75474
233 67311
196 40841
224 27839
189 16878
30 51829
277 23802
14 27201
402 65668
435 66270
374 44353
438 2108
255 10443
153 35025
162 20041
109 16437
312 9478
20 19359
96 11239
20 64400
247 40548
203 22008
427 74804
72 42078
32 45329
393 45739
486 51038
167 26410
229 50495
152 57109
444 8622
329 20206
87 53307
188 32568
432 14438
332 65613
490 79512
144 18188
357 3711
439 50212
167 19544
103 10753
38 48790
49 17376
236 12746
103 52921
118 47146
10 54714
194 36733
132 33991
125 58551
416 14642
257 53627
189 60173
387 40118
302 11239
486 32848
221 57060
403 6012
383 27722
275 62240
398 217
329 37937
208 8619
193 10316
64 45730
321 25040
240 18961
280 73762
174 36435
146 12700
22 78150
437 79287
179 23016
304 68827
46 60846
354 49611
465 70105
175 10293
153 42435
320 24359
297 73669
174 20318
449 42260
447 11700
195 78378
73 23817
209 36115
165 10625
274 18836
289 30844
172 57864
94 43096
105 33107
478 41331
79 28859
440 67724
218 59908
239 53083
241 18716
175 59482
329 76815
388 45342
245 4186
153 30482
381 58511
490 21380
35 8881
326 67795
357 43528
106 64387
133 1172
436 31883
315 77038
297 53784
122 40422
203 40158
347 1977
376 69207
473 7535
489 23391
28 60985
139 57241
362 42773
374 35782
93 63158
165 62110
307 22499
164 16126
124 33222
402 14312
432 53681
3 64600
234 31912
467 67283
134 54786
409 79362
147 40250
137 12949
122 55180
238 49491
493 7471
377 62303
185 13354
332 54793
97 47112
68 57888
497 40486
231 35858
176 56851
263 61932
338 74306
129 2598
247 43653
87 49678
70 48915
195 35460
162 46991
385 14848
416 39200
157 41111
371 63151
490 79268
371 30649
388 3105
419 79206
147 40659
51 26315
6 12682
47 53587
390 24816
125 44511
244 3154
47 46119
58 30216
83 67785
254 41017
65 37647
41 58803
77 2327
361 60992
122 38779
452 26995
124 30451
43 7442
379 2291
452 18365
10 47121
245 6019
344 33682
410 56791
270 66598
71 42203
83 9510
7 5189
295 124
122 64425
241 33620
201 73982
114 872
384 47630
491 18866
139 1982
374 28874
494 69481
2 50886
383 28236
34 52956
176 48909
74 48989
22 53772
50 70072
180 45186
77 17153
262 57275
75 24777
134 65011
308 68318
414 55339
67 9389
111 24117
263 45388
456 38473
338 76691
206 63292
469 52121
217 72717
393 31238
125 66913
177 24231
483 65023
269 79191
315 54800
457 5806
389 37325
288 41966
337 68324
205 41590
33 19667
181 24377
123 10762
36 56389
297 70137
116 56889
227 1059
73 8279
500 52880
427 43749
89 75997
214 53145
365 44746
477 34954
299 3745
396 35551
399 2873
390 73078
38 52307
59 19529
392 7495
307 78859
429 38497
313 38089
266 58256
77 71770
156 75416
243 49860
460 15321
334 72922
146 76012
374 21245
133 64622
482 63307
488 17700
46 27425
440 6839
46 13609
444 66641
198 65915
220 23180
8 28097
82 65990
73 56593
364 61490
160 48583
284 5598
385 73561
399 10430
79 74992
267 4735
246 8885
481 28464
190 18182
186 70301
275 32144
138 1025
135 47745
465 41768
171 72870
69 9374
146 60972
407 22498
4 25302
241 13636
80 13013
329 49249
110 48622
329 67185
494 40635
129 64124
464 1472
193 61053
90 59922
300 48451
333 1672
269 52914
436 3973
366 71226
475 32528
156 71355
197 21666
497 74568
350 41505
126 51697
371 76843
281 46213
213 41849
103 65038
233 73580
219 30516
307 64227
450 16729
478 40986
133 47309
338 25177
159 6821
219 37097
68 4931
167 41820
298 71283
287 27628
112 33559
191 25200
98 18205
289 63991
219 64933
342 3838
491 46359
141 65894
337 22494
198 13771
442 7252
192 60735
168 19630
292 24438
100 40172
28 18439
96 41396
76 37449
341 53600
469 40106
126 68418
185 58540
320 63558
104 2096
33 35504
326 25053
121 7481
450 11922
143 41407
73 42473
197 30841
337 28928
64 5544
234 78084
61 49213
53 58367
186 17298
492 18870
154 22264
363 45174
117 29356
410 52742
269 4297
76 67394
71 41148
74 9099
435 68791
406 70606
468 4104
93 23127
209 75223
77 47725
283 21060
335 75628
232 67102
118 25232
25 28306
138 43578
77 11363
55 20759
68 7131
72 7532
37 19265
296 77063
32 52898
71 18772
225 70149
34 16220
447 75503
139 2219
354 70840
218 42217
470 24103
143 8086
449 9832
190 14813
44 55778
313 62541
135 37664
150 76941
153 8328
98 51469
153 59276
155 68439
452 14674
383 70943
132 68001
314 19528
458 6739
380 53337
381 61772
269 18802
421 77064
19 2876
165 19333
224 2334
274 61851
269 58680
397 13890
200 35614
385 27472
315 22436
354 60926
338 42319
315 33495
289 28355
86 19930
432 48290
378 27410
170 60542
380 5733
86 25080
487 34763
125 43989
178 19805
437 71906
286 11980
359 79096
61 64666
463 68253
401 45962
335 40211
2 42011
151 72519
392 5194
448 33859
95 24449
428 30039
356 56822
148 57625
455 1075
415 9718
244 44329
228 32631
216 67098
15 35781
482 37056
464 3464
239 29167
419 60992
373 78438
103 39725
350 18642
367 45853
298 78897
436 69235
428 13413
77 32468
437 6968
29 25439
163 3271
392 78201
412 78268
162 9551
425 27828
383 27845
243 42647
214 5191
349 14725
342 67812
340 4039
64 18621
58 13312
239 35426
315 57198
94 6561
7 52661
161 56302
290 63041
173 34729
82 34784
331 22580
357 78285
309 33531
493 21394
174 30090
258 40254
192 19793
63 21378
133 29884
114 29064
227 39891
239 39889
23 53811
236 33609
479 27239
292 30930
496 30077
72 57350
25 3394
357 47931
477 24785
257 26226
29 74253
349 45176
500 7077
456 31137
353 27238
463 77726
288 27479
103 59379
298 76434
70 14552
228 3030
362 19773
16 31349
397 74101
157 79366
111 25593
122 57179
227 8177
322 38823
23 41830
275 29829
347 9095
462 61876
490 52682
233 1822
497 14622
381 36749
493 13191
4 61582
49 26844
153 14656
294 54175
39 18803
334 28374
166 54333
206 40139
93 16178
32 74000
40 18118
305 20059
232 21162
467 44217
31 3601
448 43598
469 36194
390 60065
53 36105
277 47207
116 25574
425 31579
493 61386
29 6816
147 64644
436 35365
167 11202
380 65439
455 64389
6 37844
332 48793
168 1295
185 56704
319 8907
114 10597
301 67740
450 16454
136 54615
100 69193
61 48092
150 75866
357 20423
246 30647
428 6104
63 14794
9 39851
242 77462
183 50782
346 2347
4 56532
190 46776
105 67816
59 40760
279 71695
184 69571
128 64719
293 17775
307 16467
104 64218
419 6512
447 42317
268 707
500 23743
295 49590
367 40177
169 21791
132 15035
252 30484
330 5855
258 24008
364 54927
208 35693
464 47817
156 41472
500 4298
356 74374
499 13112
356 60396
422 49907
127 49779
88 46760
11 40942
165 37314
161 35346
456 10956
202 11830
13 34210
416 19427
151 53079
250 46452
47 64191
456 11919
472 3825
140 74920
389 60833
444 40796
138 46282
401 44435
498 62838
393 2259
34 39590
290 74325
193 63864
321 12893
271 579
108 50552
187 72243
184 79827
432 37103
440 38727
75 39643
44 39589
355 76482
323 42137
36 73016
6 9325
225 49276
234 40497
426 8472
158 26102
255 47505
214 70320
203 79087
409 30755
329 46393
356 79420
326 2488
173 34437
65 372
37 25353
162 31540
247 73863
272 9074
179 10039
7 66506
495 39220
435 49605
301 44904
127 58605
270 48050
358 25413
477 65384
261 47601
298 44629
52 14524
120 37888
216 78650
116 18008
188 18204
463 7064
309 56485
448 31829
495 66934
463 6485
251 48136
220 11276
236 48140
78 25917
317 13152
16 10039
414 31525
63 40618
63 66438
325 1949
307 14127
160 51263
310 19218
261 78562
424 52373
470 36237
100 50494
349 6973
346 77863
91 6538
345 77377
97 77192
161 41878
350 9473
450 9081
199 55385
235 79257
357 4408
24 58121
87 32938
405 35548
130 71549
289 38976
399 27473
3 43349
4 6119
13 32384
159 11494
216 34663
241 3634
205 60701
69 3706
123 24992
127 48533
338 68467
97 47250
214 47002
101 66359
74 65971
489 14950
250 36293
250 20605
349 53739
381 55105
447 48787
369 32967
416 26740
407 69383
131 28213
77 12641
449 44740
99 39382
15 37531
265 22423
107 23606
239 58871
328 36203
84 78967
57 63453
184 33960
39 41730
401 40048
396 65159
221 13767
392 28721
259 61960
475 10616
6 19601
373 20544
105 52512
145 28634
306 21408
103 35629
346 68220
314 28688
70 66823
294 22301
413 69008
231 41930
160 56660
85 13294
33 9531
326 23448
321 64624
91 42800
141 46782
479 4453
41 22127
438 44181
440 17335
463 61556
425 25693
202 42445
398 396
215 19046
75 56548
146 15030
255 70484
261 73303
344 56313
129 23243
302 5234
281 53352
276 21506
437 75048
383 66626
356 34752
372 13370
475 46604
430 3238
168 23981
362 27169
255 37513
230 40726
12 42738
311 7018
23 71501
291 59198
287 1922
95 56768
492 73804
309 38998
142 61560
120 61854
99 39491
179 56387
380 54363
106 49878
277 65437
185 5812
488 35758
170 55738
374 74919
500 33039
78 63722
282 25196
52 18203
4 74764
459 46272
115 17139
196 28744
8 54601
229 24896
433 42776
139 23554
200 68359
272 44180
102 37689
77 256
41 55746
37 36415
6 29551
220 78185
48 28429
421 21000
31 26333
345 20247
214 9828
6 30341
289 67746
317 25291
468 40824
160 28813
462 77404
500 20921
110 18061
420 64512
246 13175
480 25440
335 71574
436 65674
119 43190
258 52907
187 11936
299 1038
441 47898
91 24331
3 23811
264 14241
22 41696
319 39311
284 32170
232 44823
299 31598
457 61507
391 60203
94 37939
172 24717
156 21336
393 3498
457 77812
278 59578
297 24840
275 72119
197 24468
103 5198
87 53196
314 67644
23 10589
431 28163
77 53711
323 54300
361 33361
460 54242
425 10506
111 44283
207 66107
447 7595
180 43699
123 61985
338 20883
104 13029
339 47313
453 63373
255 31916
236 59568
290 43588
500 18796
24 20013
369 54835
471 11834
306 62400
469 9944
279 66598
251 51135
472 976
67 10358
161 27052
351 51032
431 19029
143 32785
165 50854
143 74430
204 31980
27 47397
134 29822
414 48593
228 36117
223 49235
157 61393
403 50732
21 36929
32 34610
406 43982
111 61213
150 65101
240 65328
42 75853
465 27442
341 75917
215 3587
351 30676
148 78263
47 22277
334 53205
178 53864
302 61124
146 63471
134 54447
103 58451
360 31906
269 26793
412 7465
192 12372
443 10281
426 18991
262 31380
201 45090
339 11349
126 31915
84 923
456 60415
362 19187
95 38010
196 28918
173 50042
493 21998
400 33425
25 21425
30 44343
33 1287
39 50504
458 22359
483 44535
78 45332
262 71972
415 50021
90 32501
214 9091
476 45774
190 78834
323 46154
18 15638
416 5838
214 49496
360 19475
367 42581
345 57141
302 6881
53 48301
381 77423
345 57848
499 69137
88 64186
18 479
166 12571
312 21544
113 73602
247 10014
39 42923
392 62308
478 24564
5 48138
331 1497
175 1095
295 11897
201 79567
17 30422
218 54732
386 60863
287 10816
144 56399
415 8286
112 49686
41 53642
375 33081
462 18110
5 4454
356 12845
105 44199
300 6429
426 1847
284 26632
474 78392
90 1510
169 4998
32 60489
146 6259
230 64815
378 31319
443 13809
360 42433
159 15937
235 44773
63 43446
339 21777
185 71799
117 55157
48 38442
318 36571
266 19867
324 72413
321 54521
365 43016
285 53636
481 48571
405 51799
328 70655
250 29674
418 10032
266 6426
14 11347
294 67560
84 62387
369 71563
339 40890
242 57276
267 21208
490 43398
19 75673
312 17636
353 15487
111 54371
217 40997
340 78354
490 35762
237 54590
477 73478
91 12530
479 59375
13 69010
399 36590
459 14559
471 12739
172 78851
338 79030
72 75285
12 6701
430 49398
130 50268
139 39055
77 16903
397 72399
392 79222
253 1103
215 1043
378 21289
381 35879
52 64397
118 76706
46 1792
253 10495
27 12335
336 18926
433 69177
291 52990
402 76348
237 40253
237 38192
247 57878
215 3693
211 34502
183 48221
330 30062
285 74846
154 38499
280 55222
457 18489
244 11295
448 47966
184 63919
285 433
13 2618
365 3421
373 40154
419 5065
61 67462
203 37342
224 57970
464 27835
310 73377
78 72186
322 34320
113 44459
240 19416
388 7866
291 30812
67 55853
348 14361
165 56074
418 43329
43 48385
440 16117
19 25600
442 10356
134 72418
51 9216
279 64854
361 67819
133 31932
221 58034
477 54759
235 34007
241 76055
496 51195
26 29114
402 72705
135 7819
490 44698
488 38040
244 39081
500 45272
21 72177
151 33236
231 48031
229 47248
149 26840
217 25028
403 39095
383 62794
100 22054
67 76045
171 10986
331 41071
93 22974
381 27829
470 23965
202 33339
355 65950
336 40057
354 56457
45 18298
414 11537
2 23736
43 12250
49 31706
296 75287
500 26273
341 61465
360 66425
369 64813
258 79795
340 48808
437 64788
282 49604
193 52150
158 47108
422 60996
444 37879
68 64402
439 64271
492 2850
124 24193
297 860
78 9713
236 48814
216 42326
3 3910
334 58966
216 34961
184 68001
287 6502
329 39786
143 37698
477 2635
37 46023
444 65698
463 40266
453 48393
439 6020
220 27424
365 989
256 67040
277 76598
405 75370
95 52029
327 22549
301 12817
225 51369
140 65815
359 73262
323 11047
257 46157
38 34438
18 8415
397 1644
214 9427
439 65018
100 45003
483 13367
300 9439
30 42931
382 36941
263 39679
105 36452
106 37802
237 2160
105 36777
386 5763
450 16637
491 5379
171 12248
72 66890
8 14820
156 56145
13 73509
471 74547
190 65937
77 44184
89 6360
58 62657
295 7875
224 55090
99 36088
192 70107
330 22558
108 9915
361 75056
426 47079
442 6927
72 52577
167 68494
167 52537
206 19055
29 40736
435 55915
250 20212
345 77223
198 30514
486 38721
485 60998
458 3797
6 44310
51 38946
21 42018
200 6857
397 18594
394 1650
71 32219
458 5449
325 38107
358 60709
131 70362
335 44423
273 35362
408 54684
7 40830
326 11685
364 64730
110 55082
432 12914
279 60715
370 34710
485 68816
23 16806
402 5469
165 49887
189 35065
296 72908
310 56398
420 59697
83 16913
153 41316
307 78990
178 11122
409 52343
43 34654
481 69979
75 5218
212 32146
327 15437
23 27811
17 23549
204 74217
497 77497
441 8860
104 49276
458 47858
236 43680
67 13529
149 15288
85 66785
79 6749
100 63622
413 76170
191 72687
111 66432
460 48989
349 5124
127 35155
331 69992
4 67036
175 12136
86 46516
494 63671
212 27216
159 51112
220 28456
282 18552
439 70358
215 69189
407 32922
272 62321
121 14830
214 68147
123 11944
225 38344
255 58433
99 52867
98 25235
233 18474
234 23833
22 26357
472 8519
138 15635
346 57458
381 19055
475 76766
345 10158
74 47384
319 67379
275 36039
367 1183
458 39346
347 51103
202 10247
412 66708
179 5721
65 41814
424 29149
250 26824
254 52468
87 21333
399 62336
114 78752
108 42578
337 47096
443 12247
113 71024
30 60481
208 16967
282 62304
68 78326
5 70270
489 68441
120 19811
299 76523
382 38295
481 59732
275 43445
144 78876
270 27997
438 2587
108 34048
224 75229
234 999
440 70095
314 402
31 69077
351 10248
288 48524
385 18314
443 15252
106 75251
56 40886
432 5446
34 67742
24 11165
444 76433
500 7418
286 64613
142 58311
277 26343
451 59759
467 52953
329 34645
432 1098
366 185
168 15291
294 65073
71 58604
69 16616
152 65697
438 34133
54 22751
277 73071
434 72275
131 46044
14 6846
168 44907
151 76129
388 2933
269 60047
275 54306
254 4823
499 70414
378 2714
86 33377
330 17511
421 11131
448 78587
318 55813
417 54563
39 79267
115 66292
489 61491
268 41002
350 58567
33 20367
408 73533
203 11759
264 23438
358 18098
43 72936
344 40338
400 45904
383 31995
224 51464
388 28942
152 5544
165 56554
111 25313
128 74916
201 43887
454 31578
70 3880
121 61417
21 16897
185 7550
141 44482
303 59476
339 69817
445 25556
141 9723
220 46227
401 55054
247 62749
141 28723
93 63462
17 72247
266 1444
407 43744
47 54476
470 34028
381 53083
11 46394
206 3145
462 27784
485 37426
191 27581
296 43881
479 39084
129 79620
63 50717
170 68450
204 33219
496 15119
13 23698
493 63155
424 39178
354 43027
213 19458
125 37817
134 71698
320 612
410 8675
313 57083
141 77383
303 49414
113 70880
116 56640
184 71756
313 27599
480 33210
499 1758
186 14085
110 8324
75 62052
49 25008
58 20411
11 8706
8 16056
13 24467
115 12835
178 79642
323 36608
493 76548
400 13065
455 12768
398 14453
402 73577
48 51829
431 15610
10 49428
13 19587
486 42948
343 56085
311 63792
142 12483
241 11253
309 15418
22 7486
283 42694
216 51671
1 6793
185 5822
93 18119
498 54147
196 63058
437 65498
357 59037
291 5393
143 13470
206 25673
303 54557
359 64569
252 43085
185 9742
177 5091
237 44706
335 13659
200 33330
500 67607
377 19326
81 8898
452 33916
441 55031
399 29211
75 19606
17 75767
8 58309
78 16251
211 41694
232 24131
72 9002
342 25196
389 53897
359 38239
396 41878
319 22727
374 12477
255 21790
69 77818
360 11243
320 23718
344 69893
2 58334
181 64295
123 54718
428 30817
206 52200
15 74314
140 4257
395 61026
291 62725
414 32208
344 42125
479 16813
406 5135
461 72624
253 6045
124 6152
176 39912
100 21742
395 38542
332 7044
245 69848
156 49776
343 13675
83 60085
227 29985
134 43131
10 67086
323 37688
135 52767
483 31365
434 10280
456 14304
430 53274
296 53821
471 69408
188 61381
288 43755
349 17961
254 69331
135 75895
483 63113
157 69416
48 41226
243 72109
124 32914
120 56164
239 17831
164 44046
444 23173
431 70706
223 8064
148 13411
196 53450
459 42652
293 16961
311 52383
332 32687
85 14297
71 57185
475 44315
206 2530
246 60664
193 25157
460 65137
119 44732
115 77623
4 42350
420 50533
335 63938
449 14589
449 35344
360 27361
109 56991
469 64995
22 38730
164 21997
36 78184
380 55903
382 29302
113 40570
346 59508
131 382
489 2587
389 71160
11 27187
255 29996
373 1816
484 9124
354 69800
122 43571
477 79670
144 6729
370 59695
247 33186
276 8751
242 5638
405 52524
496 67408
402 73948
298 9395
499 19800
446 59943
377 33128
222 69418
23 14603
206 28314
56 38235
6 3335
476 47996
97 50782
399 8949
207 6847
4 73099
465 60143
335 8250
475 49715
344 26512
133 40651
373 37045
311 23770
212 48374
479 47024
139 27709
223 30520
74 35675
248 55105
161 26358
277 75979
459 29764
266 16581
317 23433
417 60688
228 43926
68 54460
182 3085
464 22758
294 52903
280 35119
191 61315
153 44379
265 10898
451 22082
348 25579
70 35171
451 52166
471 54132
310 45782
346 54665
373 54438
419 69190
123 79015
386 73507
356 5360
457 4766
35 62234
446 747
112 29120
23 9725
167 34342
448 76208
55 46169
456 35154
485 21637
76 73510
462 25392
235 39949
460 61583
204 56165
362 29038
407 34250
311 63163
201 77420
167 49576
122 11937
114 18422
86 71129
220 14187
62 75558
199 68882
387 1169
308 51952
146 47322
394 34188
475 11796
48 6639
385 7335
344 77911
475 71403
23 12613
482 52793
306 5875
373 35753
308 56023
340 37701
1 7792
161 57812
149 66356
386 60884
131 17950
325 57040
139 29859
463 66346
96 77478
450 49217
287 5871
382 79289
470 55444
83 950
341 77284
454 6225
336 36253
284 63020
3 36532
123 2389
69 33398
496 41360
266 57564
81 50478
125 76842
64 79142
15 4803
251 4744
258 21887
154 61371
378 47872
97 19125
195 66667
379 58657
441 8658
155 17375
127 5687
163 2567
405 71348
164 34182
431 44662
72 52063
351 61942
52 12649
418 12679
94 41822
347 34567
291 17844
311 60426
34 9840
352 60764
456 9294
98 2581
66 30125
189 64015
207 49096
476 62624
263 3490
443 57107
64 67390
371 24278
409 52587
29 24402
138 23574
34 25895
58 70033
426 48925
361 47194
348 75297
242 674
212 63221
282 59568
318 48315
106 64313
252 60802
78 15323
343 68193
213 14438
455 18622
161 74891
42 50531
325 59987
293 48830
270 49319
327 54265
198 36447
468 30173
53 31701
188 21722
382 62805
285 77742
139 12435
184 62381
253 53293
349 21395
145 31486
114 47906
497 24234
228 28996
416 67583
263 54741
74 46851
129 24125
313 41443
354 13202
410 51026
198 68331
233 67422
426 18350
205 9921
47 33634
373 43535
55 57073
274 36822
128 35013
106 68634
298 1620
470 24217
73 7455
13 40431
124 38904
167 62146
128 54087
351 12759
295 45328
373 74610
82 74302
9 36266
263 40334
314 43980
147 1459
36 73117
430 10485
331 56256
186 22283
261 41416
155 21425
99 37792
370 57114
281 51081
373 10785
46 39396
269 49847
69 15487
156 68013
31 11996
267 23496
106 63314
69 39843
163 6896
191 31314
405 56565
198 6171
360 28269
272 68829
127 78900
135 71183
267 31699
84 58904
197 18023
309 6777
428 29967
355 18898
456 27101
446 11335
432 72779
240 12304
342 35760
345 27009
37 36903
10 31334
318 42044
401 16329
8 3556
363 55481
198 50856
47 22585
129 14607
132 18463
163 60701
470 43799
126 8903
141 24762
326 10640
385 69989
255 52299
305 78916
401 62564
252 48749
297 48450
119 73848
391 69638
220 14871
315 40549
68 67195
478 69647
315 44084
31 28714
499 78043
467 8421
133 52698
488 45017
347 25273
432 36385
359 22618
319 72356
454 69184
116 32948
6 21191
396 72911
97 53025
245 24099
4 33893
101 43701
85 40386
401 9999
61 41186
326 33761
470 37461
155 38326
430 60457
229 57156
346 27355
214 73244
360 36616
90 40788
86 70530
393 19693
153 17536
67 14013
411 32413
50 63234
289 68150
336 71759
366 74714
303 61448
285 66016
259 66489
307 63541
291 69105
142 1895
133 20896
212 20937
301 76489
54 29684
205 42412
194 16831
180 17949
449 52933
51 17714
125 46952
211 36199
357 79476
390 36173
439 35205
169 56184
289 74440
323 56270
81 15955
361 1716
500 44221
52 25008
92 51395
130 67540
106 12598
325 18150
413 7874
111 1705
416 20221
212 77079
220 41565
475 42633
356 2231
398 30857
27 52446
417 38305
338 50079
451 64562
91 5514
297 15769
19 43294
312 61345
301 77304
107 1184
360 59503
255 77793
21 4448
170 64104
67 35977
213 52057
121 34886
26 74657
148 67207
334 24418
258 78643
379 19752
124 66447
15 53819
417 36171
72 43332
137 34366
26 3650
51 70307
277 13641
134 23131
400 66684
436 72904
402 32528
26 67405
453 41273
78 26253
14 12826
274 17036
87 33750
122 51530
165 40625
1 69672
266 47604
356 33734
432 42006
466 54399
455 22137
154 19906
335 57455
461 54657
65 72938
117 34503
485 24875
459 40525
438 48189
162 18251
386 36866
218 31721
390 1692
6 73949
355 73840
146 54896
115 75134
53 35423
133 7996
244 52163
188 32072
417 18865
428 53598
329 40624
82 56482
27 22216
191 72934
459 63680
341 56201
12 48413
274 50001
46 19365
215 43171
176 21263
434 42987
407 61240
220 6056
258 4328
36 47382
60 19602
14 12383
429 37127
389 76354
220 47483
334 34767
210 72309
122 25033
378 18457
371 35732
328 24187
232 5349
467 7953
41 49250
234 66364
304 21060
318 54462
35 64171
142 39609
295 74711
386 13527
134 32039
113 34367
414 36929
311 62877
384 46279
431 58773
130 9024
46 56288
453 57764
479 38363
212 67384
133 68972
359 21561
360 2190
373 12333
240 22052
11 65595
252 19669
406 40430
316 62947
293 23967
291 11781
472 55767
198 66776
486 23930
236 28567
144 71287
116 45342
104 34003
498 44694
135 74468
74 3982
352 5715
63 61313
411 11830
237 60971
326 27793
451 25022
187 42
418 43399
27 48754
405 76427
137 31053
35 49037
273 39615
340 76454
138 30979
68 53493
37 27637
318 16176
415 67371
74 62064
79 3401
420 16853
441 38715
175 7861
408 14468
314 51354
130 71619
234 17704
139 25505
395 56120
125 35512
422 53107
434 1645
114 49597
28 36313
412 47673
120 29262
416 50255
108 43384
231 74574
306 7284
476 43871
371 62867
474 44566
260 44899
85 38564
244 17934
421 1038
156 58082
377 65685
301 20432
18 54512
66 66656
393 26453
144 65377
48 42043
460 34327
198 45613
440 16961
318 68441
58 3735
420 78071
91 17953
272 36940
302 66062
438 51803
483 26122
80 76154
104 64151
358 57158
39 70757
73 10214
406 7344
84 52638
446 13360
490 26390
176 49706
360 68340
259 78203
240 62223
20 9220
314 42805
329 56856
346 40053
138 31757
152 77532
435 47985
91 62489
440 61862
315 11689
200 64229
195 60624
479 27050
87 49192
279 65097
79 55042
430 64550
102 73285
11 70626
421 21280
125 30813
197 68215
287 13868
364 59983
359 28458
493 62020
134 71048
52 60973
293 17926
139 57196
475 1795
203 77977
69 53346
251 48524
305 41645
423 41756
448 6961
87 28736
87 33357
94 7263
142 75429
68 19301
468 47153
229 75183
468 74975
271 4937
212 11517
135 79085
380 41001
428 67156
23 38336
495 46651
139 68774
133 68138
116 43257
165 37047
85 67286
235 23958
347 39234
310 8717
163 71952
371 24949
192 71689
139 5836
455 9983
490 68724
14 52044
42 59383
202 67429
464 58715
189 46495
331 9536
76 41256
119 22732
45 42651
443 5287
87 47035
392 45454
105 13288
212 48629
183 23344
483 7497
181 38094
186 75864
493 61925
354 77914
30 27435
34 55106
291 37816
203 57744
440 56860
37 64820
418 1209
404 54615
238 57251
201 25033
154 17488
153 27586
32 51028
297 52807
109 1414
25 28455
187 3470
185 6199
147 49298
286 73396
168 45625
111 60598
78 67120
129 13424
280 18921
138 45775
490 22700
299 38694
184 63305
441 63786
489 38192
308 20554
264 56941
12 24462
39 65109
67 66916
11 55634
433 9683
266 71287
279 54412
145 4128
391 26399
50 6983
469 24929
447 33502
426 53388
321 10141
240 20970
318 12798
159 51595
80 14714
223 15475
283 51820
116 7053
346 1987
16 25800
311 70554
380 43693
187 35729
408 70462
423 46846
470 46783
46 73066
399 43112
388 16249
67 10411
304 47521
220 25231
91 15664
278 69772
323 70111
378 75756
473 51260
214 61933
120 40334
275 32168
135 12342
291 18659
222 59840
295 22140
262 20649
259 2613
453 12993
469 11656
248 8905
173 38351
348 8296
352 35695
216 35527
360 77579
16 39286
434 41450
136 32023
128 11320
187 48936
287 5402
137 11534
175 32186
294 30112
18 16872
92 75893
125 24318
333 25936
326 41659
290 18756
230 39270
422 30688
101 20718
497 14893
94 15088
57 33230
188 71256
412 7463
135 39660
335 40465
371 2084
297 71459
224 78089
198 47270
169 33995
13 6719
405 22298
187 79931
141 3072
446 46179
159 57801
250 41293
5 55976
191 8439
284 14554
429 38469
77 74951
110 72392
252 69689
448 12755
443 67574
100 28754
92 40840
349 55546
213 24862
203 3288
253 48611
208 52705
133 40259
142 63450
385 7501
55 44215
323 22212
111 59589
124 65498
106 69502
498 68279
136 27436
427 41452
259 54521
329 55148
88 52619
31 29822
406 30830
315 4747
230 370
130 56749
473 52119
437 77589
177 46969
36 17884
72 76798
10 76515
47 76997
478 55446
101 44859
269 34318
350 6042
366 23354
384 19287
36 61737
261 58618
115 4199
51 20574
88 43456
407 16600
80 53751
314 20580
197 33799
475 59485
114 28209
31 56846
297 43030
188 14320
16 73850
287 28672
342 267
433 16168
421 65236
198 36121
482 26300
297 76869
397 62601
429 34078
253 73834
347 47960
273 52749
14 9752
498 34966
350 2093
39 26424
293 39735
91 59870
90 33607
283 1756
244 59494
289 37229
271 49838
134 60910
476 72800
241 12072
36 4473
165 46695
121 64935
403 78660
157 40124
174 66249
296 14342
330 61182
426 50408
373 44781
367 48830
392 53998
382 12626
339 48607
135 26462
121 61046
413 64951
342 5920
296 43688
293 46624
327 20284
498 9180
32 76441
472 20539
399 18426
216 4939
75 44865
136 54948
441 75374
253 58975
206 44513
78 21744
173 64209
2 24017
391 58639
354 54624
266 60568
157 10289
355 78966
331 62945
500 34797
334 13448
134 22540
376 50601
56 11158
191 75136
454 17839
358 75102
423 75310
59 46959
415 12253
36 73475
193 54018
209 43094
363 63195
33 29098
221 38080
289 14677
286 53018
76 52065
39 72148
264 18775
214 60782
147 52534
300 27533
36 25471
431 1521
62 7871
105 71397
413 5532
31 42065
413 75274
223 61044
344 57176
474 64009
232 21461
323 18965
243 34188
74 33799
461 6245
2 57978
345 66697
263 40509
500 54166
489 4576
1 694
383 42390
132 39829
209 73847
284 4142
262 79441
280 64361
162 68672
321 40716
242 35596
250 73190
131 64656
187 70290
68 33437
271 52687
445 35916
58 55248
348 43168
200 2877
99 29258
139 65624
95 9892
317 64056
39 77856
268 23825
111 6633
320 35467
210 9029
473 51597
492 26810
302 55748
265 26861
259 79516
124 72382
11 41280
301 9033
75 7358
156 38123
354 63252
483 27083
427 15626
352 14017
298 74598
136 76015
459 20372
277 5178
281 17616
141 14236
364 35801
373 46163
132 58344
307 61576
335 42062
269 45781
487 55337
207 74643
94 17218
273 28635
200 21413
79 51440
57 53661
394 15047
64 3573
6 68216
429 41659
239 22595
224 20501
362 62580
120 14302
174 71260
348 4188
152 55894
86 43909
342 5996
211 73067
206 8952
236 52286
408 73406
144 980
107 49663
391 29292
344 77810
333 69891
493 59277
8 22856
84 25135
450 30756
277 50293
373 32430
156 78159
401 15499
381 54051
46 77658
270 65916
412 27888
180 43216
305 67854
110 79790
317 76141
480 53425
117 73464
294 27303
8 1782
239 38408
125 63626
366 72230
169 10755
308 50812
429 75163
7 55302
288 22926
150 56771
467 56452
384 54764
103 6595
372 131
239 60007
192 37910
6 8960
68 34489
17 74230
60 7498
224 4775
472 10268
149 77283
270 60638
108 35741
411 77834
17 201
122 62318
168 52381
336 42851
340 47584
74 31315
13 45424
422 66336
106 79547
38 15437
111 17907
12 4897
228 29405
156 45502
329 70502
53 32802
364 39380
88 3785
438 66577
300 24250
474 27211
476 32032
11 58500
352 36599
355 49080
157 35009
487 57789
412 77334
220 24537
47 11834
397 64085
471 69513
415 3468
343 63644
75 64675
340 24589
172 17923
47 15588
394 25358
263 38616
88 79306
336 6415
163 1573
108 42919
332 11906
98 21189
178 67892
302 2761
374 47210
186 64398
498 76887
12 63342
310 73604
90 51391
266 22058
77 36734
305 41750
311 78519
295 17226
1 57056
236 35788
133 58702
100 19968
181 62727
121 64122
389 14890
248 68803
33 28324
440 4883
310 37308
305 25768
468 14189
434 16928
142 58953
124 30303
490 64986
373 77007
216 74658
313 2144
364 12293
417 2041
217 7725
47 56171
458 709
363 25647
9 75514
33 48183
331 79368
244 5937
462 18079
109 47270
475 59444
202 18668
88 21095
15 2039
487 19613
169 11292
89 70048
254 4582
272 30655
418 27696
393 29937
481 33705
366 21567
114 56854
294 38638
202 74012
392 17270
107 1598
220 25433
125 53080
362 41508
405 68643
37 37658
25 57017
493 72100
313 30978
441 68290
113 58391
62 30673
128 43544
86 12688
31 38165
226 62269
352 22840
64 38539
36 61714
70 49853
181 5912
333 65774
468 50662
199 12861
72 25596
449 51831
433 67815
138 8422
223 27047
258 54570
400 74016
116 8613
342 78853
297 44637
202 30941
246 35408
166 9441
473 37757
416 16901
353 32415
404 45962
270 39343
186 58034
238 63529
157 11132
11 7935
382 10899
46 12874
107 69875
185 58961
157 11576
110 2815
450 53918
322 45959
228 66859
31 2615
360 2179
327 20818
123 53451
138 926
496 26740
300 68297
104 232
452 66358
461 72366
294 64564
216 21082
159 38469
120 53243
235 67878
484 21176
254 70169
224 57064
240 34064
404 65759
483 27302
288 42202
37 14942
138 48485
411 2966
436 17835
187 12313
215 63043
379 18609
489 44971
216 20228
240 8953
4 42893
212 25083
481 56950
246 56494
408 60359
87 43568
430 60515
437 33979
294 25077
378 64240
281 79202
39 9384
140 15166
410 58110
30 10410
169 9661
15 35898
249 69052
411 63247
123 4580
337 64445
395 28425
104 47172
424 26376
473 77022
109 31491
46 72060
439 41993
197 14479
348 32240
484 50775
306 71229
243 49769
50 17904
176 78055
437 33894
498 36089
499 14422
442 10749
163 1133
52 72445
12 12009
372 69575
223 65564
279 7307
190 27640
454 54783
363 48235
410 54079
483 19988
314 43548
199 8253
444 55920
75 36596
216 1808
58 27585
496 53981
279 48903
27 8152
163 33780
49 32231
309 2192
156 3186
68 66270
334 16647
53 79875
65 30890
182 51533
217 22164
60 59181
402 10124
349 17149
444 28569
155 12567
397 46479
124 46772
23 12135
231 62237
446 2215
366 13849
118 38116
162 10276
103 557
165 29890
160 45876
212 21580
265 36682
321 71930
20 40015
275 57707
168 56922
208 57052
41 66770
14 6826
153 64221
4 31027
106 21940
48 22996
262 39347
419 50396
118 76355
5 34735
104 69761
121 23343
77 793
255 39084
423 69766
430 68788
283 40188
93 21132
76 57771
174 52383
495 33655
206 59150
485 73800
495 26440
200 14751
346 19744
275 33014
497 35190
133 770
7 47037
290 5453
411 51626
250 19373
117 64207
451 72876
236 45847
184 11822
189 26500
280 1780
450 729
183 3134
488 8720
290 41952
206 68461
470 79656
55 63560
333 70232
108 24198
241 7210
196 35157
135 24167
411 56423
45 19636
27 41802
56 68334
46 63786
442 37122
234 34358
26 3097
191 1220
71 74019
452 18991
25 8907
358 68918
264 27813
296 20269
167 5166
474 67678
478 29597
154 62389
412 74521
166 66717
382 37081
280 33136
401 66224
440 14988
57 70801
433 39692
337 77301
312 76015
399 20873
92 29079
311 57737
145 45786
215 7767
333 74272
80 75285
442 67279
425 77462
182 6153
422 23590
165 4633
50 31465
467 41534
453 63941
167 64708
403 23798
261 4676
451 17423
340 51973
205 22609
153 35956
244 30189
26 43810
69 61499
440 31582
414 56567
86 24442
404 31998
76 36614
85 35391
397 19690
59 28519
61 69364
99 40028
196 70717
327 9757
340 156
209 74177
179 38433
97 1943
251 16058
59 72847
8 32478
158 47159
26 37936
142 5715
108 57316
31 21374
458 53464
280 10669
192 51646
333 35332
40 65907
177 38409
404 15022
18 56497
30 23290
155 26770
270 5368
341 70593
220 9192
427 70735
163 19409
280 24723
71 63646
153 18443
484 56570
328 3374
341 45922
327 43364
269 78567
186 30678
1 68842
5 18796
232 11277
167 64934
366 11793
244 36951
102 19655
5 77144
272 41828
362 74530
468 52249
395 13940
293 57538
24 63072
259 32940
351 33785
461 27493
102 66460
23 7685
222 71059
101 41027
410 64552
466 13817
185 38326
450 79889
392 31863
189 37626
490 2667
162 56336
177 42374
300 14728
380 31336
260 56504
108 79794
390 4571
397 50433
48 46706
375 9940
470 67178
467 43982
208 70173
117 77260
62 41160
161 2908
147 62849
295 69238
18 36209
213 36668
12 63423
461 60697
53 21111
137 12336
407 24117
205 79038
14 22734
188 1035
434 72960
487 78118
75 64133
493 32639
132 2228
201 69034
304 73968
155 15298
301 31046
20 12496
316 17713
388 62598
110 1904
47 31441
46 10130
226 59662
360 44961
218 46787
412 72135
80 29578
373 21071
200 2494
3 43478
53 60891
153 24251
386 52200
307 15892
412 18901
161 72161
466 27010
487 49171
236 66257
387 46457
72 9497
442 14208
424 10532
347 30065
494 4564
174 4834
303 41831
6 58932
252 69197
275 70520
228 33137
381 40660
108 33746
208 61098
278 58229
430 2560
27 74235
468 18285
121 10024
125 16975
213 2367
365 61270
373 36990
387 71236
491 36130
227 27479
385 36926
349 62693
75 34701
305 32947
276 40805
101 52381
198 59995
90 2137
21 10922
7 65784
356 37224
404 48843
216 27850
288 79395
154 19521
123 21640
190 69392
386 55302
71 59576
318 47130
395 50223
280 57837
41 26360
436 76563
82 17650
369 69792
303 2320
459 25892
31 41041
6 65949
78 56378
204 11653
310 45350
318 46544
66 79297
379 73879
454 28513
172 45599
497 65096
375 32101
175 29882
244 215
311 33768
63 2942
38 29956
67 16032
25 68858
429 35257
360 6265
255 695
458 9625
345 52410
257 77450
296 7157
448 12589
442 58382
468 18103
147 53220
131 76670
235 38334
261 37190
141 42087
241 44067
270 51101
293 9820
396 26984
478 75955
475 63383
449 75027
392 62477
372 5497
5 41579
390 14754
258 74289
159 7661
183 62588
41 46562
79 33613
137 2465
187 18420
11 674
189 24477
162 37885
358 14415
101 25884
424 75816
133 72975
16 78026
460 70323
397 36392
311 27808
307 37241
132 51937
86 68786
190 59891
188 7135
88 20874
391 70806
398 6870
160 20105
208 32053
477 9479
189 52321
160 52728
22 57247
237 71075
263 16088
296 55156
25 71074
245 5835
254 74135
466 22545
231 46350
52 34611
11 12610
7 19669
493 34137
282 78154
266 47684
100 26909
236 73248
245 38540
404 28029
69 59565
205 66564
344 52509
363 49438
352 72871
33 73087
291 39583
388 24862
410 29400
413 5765
43 51375
71 39558
492 1854
214 7897
417 71504
121 72511
258 63331
49 67965
207 33100
84 37857
354 20216
200 12975
137 65963
121 41728
261 21284
402 17113
140 16597
304 72733
140 23153
477 71356
130 46131
479 26758
284 59588
158 74475
298 45256
394 42135
201 62063
187 35298
495 78611
190 63394
193 44381
243 40639
186 14628
218 45035
5 39849
276 55219
90 31941
152 75286
101 42895
27 1711
62 70604
491 48792
188 61681
458 69920
38 10534
60 56363
41 23443
368 66519
59 53249
279 16048
206 51468
363 42415
267 65102
382 32450
75 41493
293 7377
166 726
333 79203
359 73358
349 62084
205 65424
154 20821
105 7531
377 68382
466 62838
465 78707
259 8224
27 35285
332 52790
240 2767
394 47603
294 41354
194 11516
239 72328
370 55158
325 70059
492 31922
388 67637
257 77562
387 50867
368 65642
483 34289
60 52841
343 475
218 32344
394 41763
476 72331
344 21344
63 53588
186 46872
89 29769
489 6320
16 33720
291 21033
418 14833
497 3568
63 55236
486 8499
26 23933
239 21499
223 72113
93 12783
455 77799
374 8500
143 16769
120 6491
117 50893
305 39566
328 52227
313 23477
387 44627
231 59527
337 71841
69 75383
144 78688
327 50539
365 48263
308 66991
194 27882
317 63720
316 13172
19 66694
461 31116
321 37378
256 35500
76 10789
212 8770
282 49505
128 44993
144 5535
14 40086
499 11105
267 61910
307 52093
29 74800
391 9324
166 75494
414 39538
138 54239
290 8453
316 12180
79 46605
53 20947
349 58142
260 76612
335 36514
440 19253
404 78250
250 37624
154 39254
176 22428
66 34613
107 44247
394 6596
330 64447
491 56536
485 27129
35 35148
239 22457
179 11836
491 17404
146 3279
487 62038
25 78679
96 42585
470 20220
472 41290
61 56702
69 62558
117 53862
19 3842
424 65759
397 27818
34 6117
288 45813
383 74057
55 66422
434 75512
122 22759
115 12977
395 65725
85 33714
456 14090
272 8926
143 3706
377 38871
460 6712
157 58697
206 75073
2 39698
262 29647
278 43967
387 57238
378 57745
105 12799
228 60292
411 63797
177 7117
316 45817
260 49574
413 14327
233 77718
97 46756
479 79154
464 21569
135 23565
89 40739
50 37807
136 13269
482 57963
44 46154
462 44403
74 25734
254 61494
241 67579
152 62407
371 58658
318 14641
419 3793
113 55241
17 6964
3 37903
491 79417
138 29204
412 55324
139 23566
364 56228
76 63288
94 18716
314 59017
185 9897
204 14113
82 44501
62 11800
368 59929
311 77152
187 61070
376 32411
58 7567
438 8335
97 16389
224 12965
44 75319
478 21896
114 79
99 70849
154 43881
404 13993
121 67164
191 40665
470 28276
389 25436
209 19172
373 71312
13 18289
326 60425
358 467
221 37927
64 51298
321 50972
130 53809
412 8737
251 18883
305 11929
256 62210
256 8929
401 29241
100 38691
283 38318
86 11010
249 32823
375 31285
232 79378
42 14837
116 48901
307 38333
342 57568
133 25341
229 58779
366 51357
276 15688
326 833
239 18806
491 77796
378 66563
403 41791
164 70974
80 4971
265 22329
135 34292
5 1863
190 19089
459 78208
31 14106
350 75788
335 20462
264 37957
255 66935
50 54511
350 39846
313 4145
9 67291
440 23555
161 4428
227 77104
413 75872
154 3851
314 72656
320 56260
149 63327
52 66553
328 44179
248 67832
21 3072
165 59568
133 78491
260 55929
163 22159
264 18459
79 64980
249 45677
231 22612
275 6574
49 42543
493 12842
183 53481
163 7659
326 21321
24 25241
479 4170
312 59920
417 75193
159 58956
317 3971
240 28839
357 2338
136 78699
453 78461
328 8390
261 9338
318 79756
177 5829
101 38619
323 16294
400 36763
106 41701
232 10379
193 71999
183 71711
267 41843
113 72160
270 14497
258 9743
344 16352
350 6744
449 22613
328 70884
40 9252
360 27086
338 40679
181 40628
404 71760
23 64118
249 29204
94 45175
106 73348
162 70833
493 7795
61 6264
175 52030
356 1165
189 2955
398 21224
139 23642
267 60331
216 13347
118 20545
111 1452
287 17119
330 37259
242 69104
45 368
455 42322
67 5759
176 62164
266 8330
178 52293
142 17070
24 15929
22 55211
102 39947
170 25878
387 73249
322 58800
448 6921
490 40822
355 78843
176 14943
60 71379
342 61435
287 40530
157 54935
120 32422
243 1179
118 27130
381 32254
45 70336
233 14277
137 39580
153 53776
48 37909
11 50345
407 21278
120 51724
434 62700
93 4411
331 13768
472 43609
375 51766
96 4854
177 58811
336 25348
61 67557
152 5760
470 62337
89 6840
209 68149
412 74523
360 35152
411 47114
467 51465
492 501
39 39232
180 33933
302 75916
277 46986
252 68306
452 58423
97 7281
240 30794
16 31932
421 17869
10 24692
186 41466
97 7994
51 32569
258 70772
175 53759
403 29325
440 6076
445 39448
342 63210
23 42796
136 11956
129 15469
371 22131
147 59893
477 57749
339 75178
315 12111
78 62910
19 54920
92 44204
215 11166
15 23099
128 34085
376 69124
388 56450
451 36750
165 19976
326 3754
359 10239
297 2368
353 33586
241 16757
441 72231
224 19554
492 1257
86 54759
79 21144
368 46897
461 50895
76 52288
442 26709
354 68617
305 41792
162 49365
451 72235
88 20785
286 13074
370 31862
259 41260
374 4544
329 32351
381 72082
15 57907
137 27001
441 66514
200 64632
52 56913
182 31695
298 21332
391 31168
412 60284
39 34487
335 63320
272 78816
318 24445
264 76363
417 51253
360 50440
252 45508
138 54119
370 12380
320 11802
55 19829
394 9970
51 30345
368 57990
488 53841
474 60208
132 76380
335 68450
368 63250
214 39287
139 8833
276 56613
333 55296
139 7301
40 45210
128 66623
386 11679
311 25143
432 44357
290 75404
261 16671
125 51557
377 23726
369 55051
459 6952
340 2543
268 48144
491 76465
253 11325
365 7356
17 32400
245 66539
149 20340
195 27
386 53944
48 46699
302 27060
133 70162
435 68687
32 61890
54 23081
251 74774
10 25589
399 33578
87 79408
27 78870
307 15232
278 76612
188 62032
304 36325
116 19001
357 14581
227 49942
413 56008
421 21564
191 14851
490 60389
126 76803
20 36989
455 73819
384 9134
497 54245
321 23772
475 77484
24 9522
289 42386
158 59676
112 51272
285 3601
429 71050
459 31220
410 46465
321 79169
434 18968
242 32044
319 71198
42 29183
451 5301
275 52070
456 51549
195 24568
27 68841
160 38729
146 41814
435 60205
470 52607
25 69127
410 6123
413 55935
197 11667
444 43378
144 12749
380 34680
474 5614
258 15924
182 77752
147 29511
68 10743
19 11102
445 42795
229 10805
387 49338
208 41807
317 74761
201 64918
469 35139
487 23358
33 28119
238 45901
9 45832
272 5347
280 42850
68 24936
94 63092
345 725
260 49688
211 44702
384 28989
167 17537
473 3792
410 19763
41 53076
398 65137
230 40305
132 4035
244 72296
443 2844
258 57059
60 60417
417 69868
444 78176
31 40246
434 77514
101 55855
342 14437
414 69789
58 24802
269 14118
361 9483
163 20123
87 58931
75 45227
275 65661
104 5967
5 24942
187 5542
288 77284
426 73982
89 44073
38 35984
321 37917
358 25337
335 58047
142 60261
228 47854
337 33437
434 71776
403 35861
122 61193
3 15752
118 16814
394 31759
411 51493
98 47479
496 37131
252 15369
441 24599
287 51369
445 64996
163 40672
340 35482
419 35430
409 1148
14 37186
490 50195
230 55512
187 37791
365 58623
195 40696
122 37381
339 54390
30 11656
373 45427
152 43341
462 55260
300 2881
160 36591
89 59197
29 59509
207 74374
410 58896
237 24718
177 40312
272 42884
35 52276
158 53041
411 29769
48 27114
101 5754
201 6550
20 54340
245 5631
168 878
155 12686
281 11496
267 58073
70 66878
244 4068
6 73695
315 3904
255 77721
155 8434
198 56933
95 43113
297 68324
155 28050
433 55880
242 62513
273 72569
17 73363
300 55105
111 78664
143 54308
436 69839
29 77083
435 26838
4 44414
123 25681
219 51499
169 61921
122 77958
168 51114
76 68578
344 40998
369 12430
208 34907
485 36145
492 15524
399 79600
124 14323
467 49894
7 52217
373 72249
104 21424
199 76704
152 35649
191 54533
74 453
142 54481
342 1581
310 57982
331 45854
13 56977
205 53499
252 11321
84 10929
333 74469
295 2855
490 40202
377 67885
331 49664
268 27422
64 32973
333 12109
237 5480
253 68870
455 34028
131 43079
422 73510
271 41539
10 20653
84 26420
388 24161
211 61625
235 51036
363 48936
20 63715
347 72862
105 30813
127 59197
232 13198
439 47723
249 2453
118 45217
439 44065
196 66515
75 69460
493 43773
3 75777
484 24106
413 33629
425 53933
429 3204
115 8387
459 54049
438 69355
415 37927
186 46783
367 76795
398 55850
496 52956
234 73012
229 42859
474 11447
310 56605
313 38064
226 43509
195 13983
259 11370
43 61218
137 72653
485 15696
10 73313
165 45705
112 78606
214 59674
201 42542
356 55774
355 48250
323 11053
182 61115
314 28653
481 5717
185 34073
136 68194
3 22879
495 75817
72 34264
326 49221
316 24399
347 8657
402 44635
127 18633
83 37048
301 16812
240 22318
322 77765
491 15234
147 10890
435 63615
234 59780
319 53887
205 32345
96 2538
86 6531
256 28055
329 10001
207 43833
269 49651
421 26044
79 38813
22 75783
122 42192
361 67327
169 31
246 46425
280 377
436 11301
20 75464
443 69853
114 19473
128 54887
188 739
140 76485
291 78211
180 78946
342 16503
416 27780
426 20517
223 62268
288 77071
369 9246
107 45018
21 54467
251 63879
343 4431
154 16159
364 33479
99 62227
305 48783
34 44332
43 76559
121 5041
346 3315
198 77949
361 34467
39 26523
408 59735
357 50292
66 24482
242 66452
268 5509
227 6455
468 59177
366 16931
270 12714
373 50630
87 75068
152 51885
300 33186
15 72205
420 52861
163 29977
367 63464
344 75597
404 49422
285 52315
352 60667
56 64006
316 39
165 57477
132 205
231 53928
50 50915
4 23263
103 20700
360 20092
162 74200
390 17484
27 63723
175 69646
434 33253
349 11501
485 50310
21 70276
285 59171
357 5160
198 63242
135 43232
362 28686
236 10357
334 42719
290 67732
233 7418
442 59036
159 37682
126 48116
240 57987
213 8777
478 75956
134 67313
258 26968
61 68570
276 75249
218 73342
354 63981
472 7798
269 18184
287 40331
72 79696
50 16807
367 77036
110 71317
294 43552
373 33005
395 16839
324 63813
287 9734
369 55379
258 71080
62 68896
222 6592
448 76339
500 9491
373 2841
112 41134
46 44300
136 78953
402 72586
88 4928
305 40022
429 55649
406 5020
433 53500
345 77372
389 38097
266 3853
51 7756
464 33805
396 48351
335 4837
151 54551
283 19651
440 39491
54 33075
11 56310
14 33155
179 4914
492 76436
423 42870
406 52649
363 41581
354 9757
72 44826
349 69354
28 18856
37 33609
263 61645
360 30828
145 30286
26 79218
314 21077
187 78343
329 32860
178 48837
465 68767
263 45434
10 20164
54 78869
25 45840
458 66346
496 65485
332 39257
191 65232
9 69906
391 16968
103 47800
497 76293
376 20408
219 65953
205 26555
343 48236
92 39362
222 9028
403 5925
486 68153
239 18828
253 42229
406 73439
44 8182
182 15279
496 72672
4 32486
209 46835
417 39227
33 45710
400 66105
294 10503
430 66218
489 72868
80 54459
104 37464
49 35371
249 10899
133 74128
233 37676
111 18695
194 79188
485 46027
264 27099
399 24189
464 58601
87 50445
460 173
311 43774
493 56435
213 37512
166 60700
123 47155
114 18257
357 9144
253 77112
341 7278
396 63587
246 54526
276 67499
473 12301
427 32847
66 4493
191 43806
89 20947
273 41558
31 70737
468 34629
177 48811
271 78880
96 24024
335 68777
67 52777
474 52028
416 55100
421 7962
143 55621
354 35444
430 49714
251 11211
179 45410
82 76386
197 2285
474 62341
299 5456
293 46759
196 41694
212 63302
10 50716
340 55617
433 13851
169 40603
329 59757
282 60150
274 19750
486 74812
182 51814
246 54984
170 59409
445 72203
493 70554
10 2009
316 46190
58 66169
436 8807
171 36476
492 39494
478 38116
176 45497
458 47898
302 18935
394 70481
385 71028
111 8698
153 24723
436 57203
208 17623
320 4684
476 22465
284 50350
143 62250
490 52945
190 33767
31 1015
102 15584
482 5739
434 58047
322 43081
36 71639
180 53292
447 46648
151 58148
31 64492
266 37766
57 38395
174 34620
74 41949
465 2779
440 25383
60 25193
290 54843
186 34609
439 34183
450 52850
459 4517
381 63619
374 52166
414 18454
2 15948
441 20781
274 77434
408 57488
237 68639
285 9854
287 61615
317 63931
213 36442
114 62730
116 68224
211 49016
450 13885
459 73103
41 29697
394 58930
118 73016
479 47139
323 60751
335 26131
345 36090
368 50755
70 57241
15 37158
461 29245
15 15397
21 10033
248 43088
462 33807
249 20963
344 688
378 44160
101 26019
10 3597
372 22870
478 56718
157 16638
348 10526
46 60702
265 56986
368 4723
340 28069
343 77624
353 47486
78 1272
439 37431
187 3131
198 47719
497 12785
97 65907
293 46133
9 25997
329 49588
200 24584
469 35178
207 28878
433 29399
477 74445
496 22557
382 59256
102 27152
189 13319
151 73267
458 60256
86 28531
293 6888
255 49955
432 67271
481 62908
1 73610
329 58370
490 32180
453 75915
331 17211
366 65187
380 26453
478 61730
420 46093
335 9086
335 42578
342 37789
96 48354
417 3910
60 71755
362 63137
438 38552
141 49733
105 3952
146 50792
253 38801
276 20268
145 73356
123 73008
290 59334
207 57573
235 67674
327 67375
144 62597
391 69755
220 59979
406 26972
22 43287
310 51862
439 73112
266 69542
443 17535
147 42620
259 53553
8 12440
258 37738
16 14377
365 63910
340 64687
240 79832
50 42596
456 37099
3 39456
260 33973
174 79846
163 30014
336 24220
437 39882
217 60938
42 57386
317 41969
445 17654
285 60948
426 7142
173 73673
401 17245
349 1850
132 55244
365 14419
373 67779
407 35752
442 6244
349 77899
243 31724
84 21633
320 66848
495 60806
484 16547
381 59642
208 2544
163 24600
153 17819
428 78263
385 39567
286 70841
375 27996
432 58395
314 30662
219 42304
54 699
323 61807
111 77813
308 8025
324 52464
471 15101
89 73532
44 75353
22 32678
419 79650
358 25065
332 38712
73 37331
153 52178
150 59216
484 508
265 63962
287 13933
390 39508
414 8377
364 49573
140 60953
275 54848
174 25456
459 26498
287 25485
223 32856
38 24047
351 9171
355 75917
330 57897
206 67436
236 69476
310 16281
293 59405
136 46667
497 24750
482 74607
322 64375
381 2367
57 31578
50 59223
41 67508
376 15338
433 51760
497 1248
31 28390
37 55728
96 38432
358 14095
205 69597
327 25948
409 28228
352 31188
220 62920
139 31147
6 29725
406 7569
214 21734
467 5832
332 30083
363 924
39 66586
155 79141
360 73260
322 48838
445 68626
261 74223
86 63589
54 61073
415 27836
334 59778
204 3664
43 79513
100 60106
466 19459
439 2481
405 23073
180 44597
214 15849
480 68246
55 18192
361 1881
88 61776
123 3929
140 43753
46 64296
441 35661
334 46475
367 4625
482 57032
317 45624
238 45013
452 2786
130 11925
393 26843
260 32197
483 59585
41 76307
316 5010
88 78370
275 47906
466 66985
56 2743
61 30452
188 9030
97 3788
492 13793
122 53679
95 49362
195 16643
169 51997
328 32694
304 70700
10 15594
295 15383
262 30433
186 63123
257 12673
500 35658
95 33369
237 28361
235 79152
204 10178
157 9743
70 79916
209 41549
488 63366
201 28973
354 60231
86 7216
63 28128
396 23703
361 47982
209 54350
79 33985
130 6024
146 49911
210 14923
16 26269
421 804
421 43419
487 41421
376 48059
294 43720
483 53425
295 49970
63 26297
402 44045
493 6540
61 24418
347 9491
377 9057
20 42082
441 73389
48 70618
481 71324
489 32950
289 31823
196 42170
447 67770
1 28547
317 41756
423 73529
448 62275
49 71841
242 74698
288 5795
353 26361
293 22266
361 2313
420 21947
54 38469
352 31417
439 44868
45 47599
57 58275
306 10842
406 28605
459 25641
251 65755
184 41876
314 38763
256 17858
212 9318
395 8765
465 77280
112 79237
207 26703
297 67534
226 64848
65 53209
159 7236
69 57410
384 37989
68 73505
46 55400
101 19590
123 67263
369 42065
28 49583
402 17802
340 48389
5 58013
192 74894
281 26233
205 45046
234 77703
149 64577
11 1894
310 66368
45 72939
361 34208
405 7542
492 74941
278 71880
492 68437
220 4485
309 30055
226 61622
345 4631
497 66973
460 49757
499 77177
99 59958
330 45760
60 15149
362 7581
404 37361
382 30173
358 52446
171 72419
49 47105
271 16631
153 59614
424 33991
170 1491
118 7979
140 46725
421 21933
369 64470
397 71056
335 39623
351 20484
11 66358
371 58443
99 24951
44 23850
389 31763
230 8180
498 30949
365 31235
40 60361
307 24672
207 53014
326 45198
476 4581
196 38074
370 58003
105 46882
195 27976
480 2527
5 79910
494 47452
86 69173
229 60888
395 41925
291 74943
310 29679
461 18790
219 36369
80 20142
195 47345
255 36096
77 16006
475 70997
199 53617
261 13189
195 68028
228 59356
295 29545
373 64327
164 19194
181 30799
268 49870
454 19045
84 13852
382 15627
470 53693
383 60523
120 24614
377 43699
452 31428
167 46666
485 75590
434 55948
357 71239
365 67486
125 13387
119 393
2 19274
248 6007
124 33211
153 35893
270 30678
247 71064
271 46348
88 28039
140 45904
45 44988
228 47768
249 63459
334 50001
273 7499
43 78389
438 8240
385 42879
126 43498
361 31505
283 34695
326 64770
479 77583
371 15384
134 24789
389 17961
207 11626
211 24783
164 61469
300 10253
357 30160
349 25999
25 77100
364 68925
77 15278
62 42018
270 31907
162 51421
15 9363
71 69881
433 31466
6 79001
346 2878
406 31807
351 62915
178 16145
165 9406
251 36167
232 54681
135 42400
31 46869
99 63509
469 15221
398 11566
488 3829
8 48377
260 1277
391 23030
160 37849
333 27891
194 46208
217 499
386 25824
449 18995
391 59380
111 70047
302 71605
389 49257
69 36110
134 16624
65 71433
388 75737
432 12070
457 29855
111 75702
465 70976
437 53214
127 27795
195 66121
328 8895
271 68478
162 51118
229 23734
394 16326
304 33863
415 24330
498 75335
209 49531
251 17053
47 36352
187 41077
33 8513
141 2985
18 29355
169 2150
143 43205
286 57502
238 59589
160 59462
80 11292
328 76759
432 10469
195 27483
374 33250
255 30877
257 61155
254 51970
445 25676
141 15049
397 70830
290 12217
66 77504
438 15860
211 73215
436 1436
214 68022
52 70148
73 27243
49 64978
359 21272
64 52812
155 59442
162 252
285 34283
425 71327
125 6210
348 32542
45 6262
327 248
259 7469
276 6191
85 10224
221 36245
467 34472
411 34757
69 59956
268 17509
346 48678
46 69454
138 59507
190 55181
336 24541
94 19404
5 73466
35 2415
44 107
204 40415
424 63363
365 39234
185 22990
229 44992
499 46872
369 54141
165 48080
70 38679
235 60398
79 7890
392 28543
428 3816
217 72938
108 61083
49 62237
384 36271
343 66783
286 37291
215 31119
447 72195
497 61149
198 32991
208 26709
250 59861
140 30530
216 23559
392 65236
111 19389
261 60905
65 72036
110 44381
249 70878
370 21583
395 33743
1 15754
310 61024
419 49929
263 17698
191 68147
55 56468
337 42893
161 602
177 36171
477 20975
198 54060
218 73996
175 3708
110 47470
209 24239
437 61760
32 33521
105 70334
253 9999
500 72484
283 32197
140 20434
243 40319
390 13649
309 52733
252 56648
338 59055
152 11476
61 79147
19 74434
269 43084
174 30531
18 56950
436 13184
124 34039
454 18644
394 78933
297 65328
237 31431
148 75052
10 33277
464 48493
455 48861
430 20008
383 26167
132 52665
337 46191
352 23970
273 13094
387 42052
167 70106
384 34340
158 3790
451 40214
311 58534
282 36572
231 39616
179 77353
8 75024
356 10165
273 61357
214 44488
181 50294
474 12963
129 36824
499 70840
322 18437
150 20869
327 33550
68 76965
141 63546
424 20663
101 38510
159 946
142 76576
274 53112
400 69760
131 78031
146 39103
157 47485
92 23594
299 61924
474 19530
140 75221
403 41308
74 68041
312 25577
395 71855
310 44535
359 60445
387 60169
117 77727
294 10828
494 41151
258 30848
347 21091
448 24766
235 72404
406 39159
271 35496
464 63415
133 69151
498 14106
290 72598
164 71686
95 18772
353 61970
227 74002
209 25571
380 9211
223 72108
142 79391
168 1329
103 30389
270 38675
338 29113
49 37333
331 35621
18 72280
49 66253
438 7305
416 51568
247 4793
355 50817
444 26208
362 60497
181 3980
101 67208
388 23789
268 58515
258 50231
25 9282
431 12709
354 70397
193 15111
304 65173
141 56988
9 33352
2 23108
26 78166
76 9383
197 15575
10 20074
376 36015
209 1223
165 37657
23 20712
93 55017
452 9345
49 65935
136 10641
51 791
491 43710
50 76896
417 8130
277 67794
255 31681
372 65501
332 38822
92 20738
53 4138
10 42049
439 73227
28 18885
26 28484
228 45180
172 4625
443 43121
62 14234
439 72356
331 27625
25 27996
475 72612
356 78402
314 13832
420 8482
162 7987
480 79801
476 61364
416 63413
320 41526
351 26651
24 52663
399 45095
333 29200
456 19733
455 23877
37 29351
28 14296
7 3834
76 9071
344 18539
172 2435
465 33545
454 30572
292 59467
282 2154
351 2866
53 51780
359 33528
377 40903
150 1954
218 287
146 47384
172 75074
119 15462
427 41017
248 7916
413 58573
87 56930
487 7737
333 54467
277 10499
419 26283
425 73212
300 35820
200 46788
336 20191
98 25204
434 58209
117 58236
447 62841
21 62364
313 26001
135 54463
349 78650
397 37136
165 14916
288 17903
255 4738
198 14311
260 30384
292 45214
146 76199
294 39160
411 20220
382 36588
352 79635
352 9590
14 13840
465 44393
456 60753
263 53531
410 21001
355 29704
432 74199
307 60251
385 79727
68 36293
277 57210
210 75
204 6661
231 37784
336 14227
447 26663
263 53918
151 18867
390 10765
61 66090
160 23589
18 63951
268 62502
309 25716
123 79920
73 48483
340 31686
82 69010
425 38796
276 40166
409 57090
419 35592
480 22913
378 48134
153 36271
252 41172
301 39672
142 8531
245 70508
498 48648
60 60703
293 49129
263 15264
351 76652
379 77101
494 21488
214 29703
175 50773
78 33412
216 75467
276 65967
43 71457
391 50546
421 76605
155 42331
16 8096
62 489
54 52225
446 74065
180 76301
37 17102
284 72859
259 56671
187 41449
476 76358
423 26747
148 61900
14 25001
85 8835
418 29995
188 60856
446 42001
336 38276
83 56713
30 527
313 39174
435 9378
262 44800
401 71074
271 71587
410 41141
351 35676
215 64365
77 42044
11 9776
114 62387
278 20297
345 77816
266 74815
325 60623
145 5140
182 48670
489 46262
41 26081
471 72952
483 30431
476 27637
42 77709
155 35408
433 54679
77 69188
466 1143
116 70246
359 27945
329 71970
62 14495
165 57475
136 63038
200 7059
243 77967
345 72716
324 62275
3 39499
190 79313
35 32130
224 44315
320 26341
311 72715
134 56513
334 76976
351 59225
240 13494
82 46521
466 38444
74 44103
262 821
371 37640
81 7633
190 63836
302 46372
264 32541
280 5071
359 7484
124 53394
152 78788
473 10078
458 78444
494 71027
174 20681
204 74509
381 66801
469 46340
262 76437
254 73669
437 56741
70 49391
416 79275
117 698
110 30193
10 13467
263 32783
276 74708
174 29208
453 9487
379 31613
78 64530
361 4615
137 31690
281 42443
308 23560
36 68517
235 15422
301 2139
293 26484
405 11983
155 30927
90 2554
328 7633
221 18918
39 52185
124 78988
197 44089
456 6956
65 15799
120 45543
29 78937
168 39624
311 46898
122 22071
454 45536
393 33625
45 63293
345 42315
36 57479
449 59925
466 20017
133 20525
452 2121
232 18922
96 41373
415 19070
419 17443
400 4401
252 5006
392 18778
159 71444
193 29440
183 795
229 28889
216 41013
213 50054
333 73425
399 18566
211 6974
76 15456
153 38932
183 40143
246 63375
228 47674
250 57714
250 33724
156 68486
341 31797
413 21481
256 48087
136 30055
321 66863
129 50437
376 42100
267 63219
340 66550
5 18416
186 42096
84 24478
452 43781
275 49405
123 77360
310 33120
282 39381
240 15582
72 56732
289 32645
178 39776
305 76061
206 59529
326 79203
181 53850
82 7152
351 39178
55 78984
141 44780
381 4851
478 29979
404 57184
374 68599
415 32743
249 13402
118 26136
294 29547
44 6626
345 25375
34 75459
394 16921
99 78274
43 60360
2 66237
150 6181
215 41204
268 13630
286 73942
415 54100
358 44364
69 50558
495 34530
55 30807
485 47142
107 53581
118 7567
423 56769
336 19107
139 7123
101 17764
11 58872
329 69298
339 22545
312 63632
144 75155
173 36896
198 78374
96 2085
112 55906
125 20001
218 363
223 41267
100 71261
121 32360
220 52804
1 79614
432 62726
48 79053
238 32065
331 69946
358 19182
13 76532
131 69308
450 49938
498 51073
194 52551
225 59664
379 36507
278 49803
411 14616
301 2919
72 11715
362 5436
70 61300
161 37593
245 58658
92 15354
221 69721
320 13536
288 25540
216 61427
402 63147
120 73237
428 61049
55 1860
69 43689
19 46770
140 37778
8 32940
129 7131
480 31604
496 41863
113 76824
477 35096
437 59154
102 18429
122 48831
176 49236
332 42253
345 40048
397 29609
107 30629
480 5507
380 78901
494 54099
193 1844
300 23964
172 62666
192 59993
497 39437
471 39003
308 52864
256 72868
85 41943
380 15701
387 75206
24 44209
334 19311
266 21198
461 38793
240 56348
28 52492
84 22785
295 6258
482 12281
97 51475
437 2874
159 23274
438 33704
55 71482
192 27521
113 6995
490 70177
48 20258
124 26593
234 79723
271 58649
264 53945
260 23467
187 78085
97 61691
218 59158
119 20944
430 4988
33 69754
296 8975
260 79468
370 4994
425 1868
179 44578
227 20563
79 55828
358 65243
296 26550
320 18486
139 33434
404 30945
499 33886
218 68340
393 69241
388 2352
327 76237
364 59944
333 53715
116 23800
443 4490
145 46288
80 17780
97 61481
48 43481
341 33343
295 13717
227 31243
417 24136
72 20970
444 32215
283 17145
125 1195
265 3473
319 47625
108 30328
174 72603
496 23807
265 28117
48 21175
353 61890
102 77647
412 61455
242 14038
250 16942
51 62365
40 45989
123 45897
292 50553
242 38461
150 53904
343 14368
322 50706
259 76300
71 72305
392 73717
401 24207
335 65301
345 14861
78 75736
392 63120
235 2056
215 23878
307 52228
222 18946
19 39429
237 77122
119 77514
138 61506
338 74235
257 38088
196 48879
470 48757
144 67611
154 77955
262 55022
438 4496
118 73148
196 6689
295 669
110 45844
237 23183
428 26795
55 68641
134 34356
110 78764
175 70932
456 13184
392 46371
134 32746
411 23415
154 31498
48 19121
62 7510
444 33474
219 28464
305 19179
295 55846
71 35056
271 10511
314 28765
118 7589
438 41778
8 48205
265 55373
268 63281
388 72067
290 3850
3 31160
62 50371
385 16637
111 20986
417 33527
121 57416
51 41522
192 23274
495 6855
414 50596
164 48857
117 79937
15 18191
150 60153
194 74248
347 69654
138 25896
50 16270
353 30336
32 52612
192 21712
235 13688
31 19493
77 48519
4 26966
422 59947
347 27149
138 14314
361 37516
244 45937
480 44721
36 33985
105 37922
42 21705
470 50173
225 39142
373 32249
390 55734
255 5719
174 79491
85 19621
371 35100
191 40949
139 64568
339 54279
155 47632
439 58190
449 25690
332 53690
203 55681
376 36366
362 7391
37 79131
20 8176
63 2431
187 11389
350 74758
340 18648
454 29071
328 39501
114 76703
162 74520
397 79516
207 59417
8 75026
28 28958
189 28554
400 3063
102 62997
407 15380
312 31916
384 75120
240 44068
317 10047
82 37509
26 8302
453 62854
145 39660
56 42875
436 54767
24 9551
237 41813
51 20894
362 66266
462 16144
43 63141
285 3105
274 38648
98 31955
234 54232
2 51141
160 53716
56 35418
384 46799
59 23558
490 60000
68 36228
199 36605
369 67819
232 2702
276 48785
30 42529
338 63181
392 36918
456 35647
488 69486
482 71066
170 35030
367 62564
252 61238
318 64670
460 41946
244 10433
472 66377
496 51886
330 14822
289 46509
270 16996
291 57880
119 78223
335 31145
101 19574
134 16628
88 4887
162 74009
84 8420
414 68206
3 79295
261 33470
270 9121
338 12734
372 18756
19 8259
402 20483
49 68847
397 40373
301 30141
64 62784
311 2021
95 29811
226 10358
28 12476
166 30040
498 12814
489 43385
237 45115
481 38144
327 56952
353 44835
418 23147
495 56086
384 60067
72 42573
306 5215
216 57861
433 1271
382 6227
448 49921
310 58228
276 1193
442 24874
63 68315
100 25729
318 62346
75 42410
7 57757
153 69645
59 33414
272 78965
456 18452
165 73975
137 51000
146 52120
457 50620
314 22582
488 59665
420 47054
274 20164
336 30501
385 60582
185 14977
76 46068
316 19626
358 29239
419 37654
75 38497
39 49708
144 53664
63 75089
242 7047
342 14026
139 44050
145 29086
117 50258
39 61671
293 64596
88 41480
313 37655
62 20442
170 73226
259 9166
326 60968
281 18926
264 78124
380 1602
415 40669
55 45568
259 66388
475 40088
200 4403
119 15420
100 69603
51 71547
154 64701
221 62198
206 60901
99 4609
486 19528
467 12571
343 30318
13 60411
469 34702
460 66432
123 60158
401 65926
19 79427
427 12559
108 6199
34 72522
119 66351
196 20472
30 14439
471 33334
197 39698
449 63340
100 9536
154 3516
386 76673
450 39726
379 11338
280 60608
83 56771
104 62037
413 62370
73 75531
17 26386
308 44202
438 70540
219 74853
5 55982
107 76111
416 69591
79 60840
216 48630
103 27444
323 61811
334 11171
331 37627
232 74761
277 9879
37 45251
487 61087
235 73333
375 27010
88 10114
193 64326
442 19216
473 18701
37 63215
14 56402
361 39925
140 2444
133 14493
159 28976
313 59681
474 51176
461 12809
197 72735
227 33604
171 4913
385 58630
166 29664
9 53498
245 7811
155 47792
293 29269
487 43529
449 42997
152 74742
28 2104
142 43142
183 23561
37 25550
216 16438
27 72194
96 43230
318 23689
438 31452
180 50154
90 69508
237 39344
247 24330
349 49764
342 4766
87 1562
16 27190
147 31425
352 48314
69 333
339 52784
392 32502
242 3547
324 41294
415 18988
372 11197
216 32067
328 73854
250 35232
136 39454
383 31974
35 37953
261 63396
125 48534
302 25602
250 48871
134 24113
205 49584
431 8685
285 59941
168 52256
167 16556
337 74778
435 63322
321 55034
418 8473
313 75490
423 57596
195 17060
363 8625
71 15006
291 9518
213 43779
397 45666
229 15868
279 25530
45 48956
235 65575
395 10283
250 77671
129 13018
470 66050
427 55498
403 15086
64 56076
333 15704
249 28293
116 55358
273 47417
3 43037
467 16841
197 44221
331 7375
428 63717
281 65106
429 74965
36 31819
73 15287
317 19674
459 9643
14 9122
499 45624
376 45044
297 10281
176 70722
128 45095
265 3096
24 78717
217 19679
216 11496
344 1986
424 79062
248 56678
168 78183
372 47032
492 25961
384 73023
214 26753
270 75527
435 47698
424 66460
214 71787
68 63185
179 42409
71 21286
57 37574
390 48947
484 46858
164 329
20 42207
450 24077
32 4755
338 30721
117 32079
473 20819
157 22768
269 4791
496 448
115 10293
349 76307
213 39998
226 76928
37 49898
328 1040
417 79615
384 32220
497 32165
326 27526
188 61907
60 22411
16 65656
295 30072
193 60182
202 75066
406 30107
317 11457
104 25696
95 3423
56 55727
168 29247
349 65569
116 61231
244 20993
195 79883
107 45160
43 22333
459 687
281 36369
310 13860
420 60534
217 48582
28 54079
379 71719
276 25137
184 54711
225 24593
10 46304
121 27394
384 6383
248 37261
194 65706
59 70314
427 60548
356 6665
103 8694
471 56472
493 73099
320 66818
54 79547
66 30399
15 64970
478 40779
39 47648
338 26057
296 68777
98 13672
149 32551
15 47742
98 62477
91 20159
304 16339
462 3411
205 64720
500 46317
321 30916
456 19723
435 74782
415 54431
365 47284
439 4107
44 46019
164 43384
489 47725
355 76926
422 68984
466 58991
222 66899
45 50873
121 60086
348 18734
445 2945
66 9001
123 23435
248 55211
239 39443
188 5820
44 51318
283 407
412 20235
219 51378
43 57310
461 26725
431 68831
300 26619
249 69830
100 58374
432 73335
241 31515
232 42403
21 1441
328 63835
342 44788
416 67728
141 48909
112 19672
368 45845
443 71661
305 16768
249 70541
380 63037
265 3360
129 64160
77 79200
156 7194
440 6610
391 58422
479 3090
135 66984
21 76545
188 62573
485 3117
357 2571
268 74813
265 43115
260 25381
356 36621
2 28972
150 61665
41 33877
367 917
169 48699
309 58739
145 58091
305 24303
154 15928
499 74825
117 8890
158 29072
141 79700
441 74280
262 62926
352 48159
135 25645
499 45778
165 15651
374 12613
478 10825
23 6192
264 45934
136 22719
499 75580
114 73283
370 41306
467 50458
334 48774
405 41915
313 56528
188 52649
497 1673
125 26436
178 21055
429 11527
372 41595
78 6138
142 73032
186 27421
408 64085
306 11374
451 74320
137 14242
435 72628
406 41769
256 22994
