6000
8 19273
236 43725
111 32894
89 49361
163 34040
121 21766
62 42725
225 28450
111 5740
200 33470
55 28199
300 39615
156 21549
236 15586
297 22288
140 54683
268 26489
117 29081
215 48537
114 14156
193 40918
388 35632
274 61783
286 38347
266 13397
137 6277
218 60037
18 48959
184 23172
375 45636
48 14842
254 26571
78 1971
142 15394
389 36060
180 22305
300 39253
175 51179
107 31158
309 40894
370 22506
172 56106
194 34122
321 1350
386 825
164 1099
204 19468
137 46113
301 25615
345 67162
136 56002
320 59485
36 8199
93 69396
137 55114
372 29213
231 37241
159 29825
64 48582
41 45999
265 4973
114 52576
269 1734
334 6584
377 54175
69 18500
17 65231
84 59185
393 32299
363 10489
237 62344
206 15851
298 28958
116 39351
19 6784
10 2488
285 58678
161 49015
291 20150
204 6082
83 61264
67 43703
382 54283
274 3568
220 17192
299 30458
182 28604
80 32777
378 9810
74 64526
219 68879
37 20027
174 42198
321 53782
142 35818
354 854
361 121
1 7093
385 1300
90 64427
252 6672
364 38963
388 51843
347 59769
263 22103
1 40028
120 26536
361 17453
285 11364
307 43383
239 38198
291 29543
381 20645
289 12962
137 16498
58 19339
265 57874
126 13820
87 33351
320 55281
2 3525
202 52935
251 52349
294 7490
377 21106
53 60862
85 60959
332 12112
126 6073
210 68199
70 69088
180 1912
132 33843
17 45440
384 38310
94 36325
362 32666
275 693
35 40758
156 9178
226 63330
297 41975
272 53762
127 24436
349 19
117 68042
57 55767
343 36010
187 27998
374 5354
14 42475
390 31354
239 7415
222 15591
320 17324
60 5037
312 12218
287 61585
353 13992
395 14783
200 66472
8 19381
225 31708
211 55120
240 71
108 21206
65 40076
118 15683
33 50624
90 60612
275 52771
181 54856
172 37862
37 64380
263 37393
336 56461
273 38092
13 23943
190 21166
281 69707
66 21260
291 63779
249 36123
352 30212
81 22950
248 17295
394 6921
263 60610
205 9977
349 10005
194 52300
78 39233
151 4605
147 58414
272 5797
183 46978
98 46831
395 53283
263 29309
227 9504
109 43731
39 25857
23 13470
18 51884
299 32170
390 61133
66 9988
374 68226
347 50373
315 3022
152 21350
79 5379
255 30202
197 64218
202 61878
111 59997
39 6391
167 37837
121 2239
199 67139
70 11390
144 33893
23 12514
391 29687
331 24917
195 53387
148 8735
209 55632
201 16116
320 21258
18 58059
21 49769
191 1964
296 56967
193 43954
85 36707
159 43263
236 20005
210 11152
321 62460
313 1102
253 59535
23 184
251 31920
336 20013
92 31673
351 30839
340 49924
275 59412
298 64037
142 53428
316 69051
196 39202
313 45603
66 12219
85 52793
4 13665
344 36335
158 11074
143 14760
212 15684
42 52903
354 32956
156 38338
5 58817
286 759
111 39362
172 53754
295 28349
119 66869
295 25496
305 35813
317 28239
228 11047
26 42485
316 12056
374 53236
232 26479
298 51660
333 11650
132 837
179 49948
119 27320
166 33742
200 24884
182 36420
194 60816
39 42231
386 5091
66 64077
268 66480
130 30811
309 39975
200 68552
359 37868
104 15173
272 4809
217 50543
355 55257
249 66904
5 57950
71 9693
225 26140
135 32710
53 54323
209 50866
355 17652
386 49672
369 62292
185 62146
313 2670
252 11826
266 35109
321 16106
37 7783
165 63196
128 35445
312 23366
38 351
143 37962
214 29919
257 13635
240 8067
203 1178
155 19511
92 55975
241 12195
169 50439
369 40870
26 21318
284 34554
314 12402
296 15761
219 52331
305 30463
369 56831
275 3796
370 55063
369 46785
253 44727
17 31742
239 21773
110 503
303 20414
325 56468
211 53051
8 8684
297 62786
206 57345
224 63264
272 16510
252 44614
382 7175
325 49065
152 26938
120 6572
213 43524
164 60498
224 40755
223 7813
390 24005
79 38955
137 16857
145 34877
32 42305
213 34571
389 45303
112 45369
325 13667
105 19388
180 65770
316 38133
295 66779
138 3881
359 63492
199 8323
196 17657
107 40369
192 11119
178 36192
304 21106
396 2931
319 16875
285 69383
75 45564
110 13668
85 66956
266 43642
325 9765
226 44153
388 30178
393 1723
336 21222
41 17710
204 61245
364 30776
157 61072
212 13235
62 51756
4 60509
157 7428
212 29915
60 26450
17 38033
353 61640
395 53794
230 53055
261 16466
57 26431
376 35831
125 57258
336 19861
24 64687
349 36625
371 11797
340 5198
205 65064
332 38733
312 32190
257 53097
314 48215
276 60246
157 28049
153 65100
111 55266
72 17918
243 69885
349 3776
111 29273
248 54072
236 21992
109 44859
122 15802
133 69949
89 9178
59 39178
288 1837
144 30777
281 24755
151 44058
3 3718
58 26258
399 18401
67 17472
244 830
308 55427
331 18657
96 32972
324 21933
31 36612
63 38324
334 65302
371 20342
396 22081
171 10051
366 32370
228 28355
156 20319
368 54077
34 64792
358 46683
33 25174
304 48806
251 4663
363 65050
394 64289
331 19840
106 50661
68 28844
314 12923
226 25228
127 62008
146 15574
256 32186
38 55444
219 37169
373 40060
271 31146
25 47806
48 52667
192 61160
7 61563
123 919
367 57249
34 59641
297 60945
62 65466
168 43698
125 62488
118 18762
386 63972
109 3983
18 44772
47 25061
312 29902
350 39339
178 53876
181 62726
353 5816
61 5210
253 62637
9 65982
79 64824
331 4946
134 22725
364 4153
82 67991
88 8165
300 36818
15 62303
268 5876
294 28162
321 65488
4 1150
285 28632
229 30052
230 52371
154 52909
278 26461
23 65530
59 19135
292 63040
360 2686
316 42063
99 13519
241 32571
309 21792
231 57778
349 558
132 14847
189 19155
246 10222
331 969
173 28794
98 20922
220 48369
222 15146
285 2495
196 37138
26 41373
215 17362
133 69231
116 43220
336 7401
231 32873
214 45167
195 66276
48 19209
398 29255
81 22026
259 10619
379 36009
159 35305
343 37203
276 32067
225 6424
265 16416
185 46970
119 25899
324 26424
190 54551
377 56404
206 64793
116 2892
47 10102
86 69877
297 3126
339 24137
364 67827
258 47750
250 42288
257 37703
168 53166
31 36185
240 4449
16 23315
162 22345
269 11180
398 60283
353 66580
364 53788
188 26067
261 27342
276 61583
199 30974
351 68072
277 47252
267 32769
148 50469
102 47099
223 64067
326 48211
19 20617
370 22720
308 17544
359 19666
391 47245
132 68819
70 25304
334 4981
367 27226
13 49708
229 31772
77 62855
173 63256
238 44774
210 69169
37 9581
114 2607
345 56212
223 21953
182 2125
255 23721
141 11104
108 62193
242 43162
132 40382
236 66388
282 37319
9 25521
212 14383
168 17211
203 5697
157 60332
78 48211
304 11363
367 31276
302 65173
100 43869
247 8923
151 39300
111 31811
87 33869
221 35935
165 52222
238 58487
7 45589
259 24262
329 11990
350 39881
327 3434
234 67831
324 64405
176 68779
278 32751
243 4706
216 54572
5 17193
247 57021
79 29515
245 8153
397 22079
41 62924
351 17643
124 2090
9 34648
205 19124
100 10105
271 12621
203 3089
278 55487
255 55196
334 13766
164 34791
84 44013
178 64203
362 40474
388 28278
135 34405
364 24439
389 52316
141 15124
321 11287
112 55078
143 68535
303 35431
211 11400
157 61127
265 52064
124 24587
382 4382
166 37446
116 6390
341 33150
322 61076
283 65419
50 36911
138 3141
2 30568
12 31503
212 12679
173 46148
29 53367
332 9242
41 33521
334 54834
325 52102
187 43351
212 46678
223 5160
107 19681
186 68410
69 24213
225 46222
16 31155
378 16270
158 3944
84 547
85 16129
365 63469
79 26835
9 2539
170 56708
386 14032
9 17592
99 51870
289 2333
155 10870
206 43478
64 10238
156 51248
378 3871
253 37334
292 58976
233 24923
302 47560
378 41479
206 61899
316 55141
314 39130
355 51930
15 33560
69 60446
158 427
395 18578
393 62390
164 48549
26 4711
2 61735
301 9505
283 13744
97 25240
298 68168
395 9718
187 63972
211 12578
115 47645
389 55228
213 53906
145 51770
46 5455
204 64084
58 32956
28 47001
28 34917
400 8019
91 36212
309 8990
335 48941
370 23384
56 50139
302 63148
87 25834
36 10873
3 58916
6 54546
214 38732
391 34537
141 32173
31 37426
316 45770
315 65034
183 28888
43 14756
10 48977
2 69278
18 31162
233 17338
81 35949
285 44340
206 2798
396 31423
387 36913
204 16859
14 14398
340 4196
224 52062
80 12169
385 15190
386 54070
362 39569
347 49250
201 31536
342 36690
160 26520
46 9829
199 5069
211 44817
198 68338
298 32830
43 3822
25 31232
90 31935
223 61015
104 65600
217 44575
351 12382
222 36916
381 43044
149 18649
389 1785
57 18418
284 18788
156 39416
285 47997
97 19275
358 18319
336 10258
185 61887
6 62662
284 62583
323 63338
281 52969
298 66146
175 25594
244 21040
287 23589
77 38572
31 32399
38 16565
346 14978
353 31694
382 6665
344 47416
13 42078
103 8155
365 6621
61 65234
73 42248
63 20030
221 35554
53 37048
397 23605
43 59124
159 30781
209 30752
348 53525
251 5960
260 46192
162 44977
23 8257
193 64872
316 27416
41 60845
350 29490
13 56479
57 32834
167 25242
114 34423
65 56518
28 64397
13 1825
52 61773
142 34807
182 55469
220 2798
118 49315
244 13853
120 26194
310 67068
152 13390
373 21349
35 1234
106 23072
219 16970
97 26618
327 26853
315 21505
33 25663
186 13361
246 49809
40 25172
138 20252
193 22478
1 51163
196 66181
231 27261
70 11481
233 6949
174 47611
202 65859
282 41608
111 65302
9 53902
243 53333
80 5102
115 47986
21 17168
67 31231
262 44555
344 7063
3 37847
236 5210
160 12734
173 37295
260 33541
46 54254
333 27350
228 5913
281 43706
250 52745
62 48672
94 64361
84 8614
34 55030
309 37462
283 53800
388 63599
358 23864
115 13763
222 18464
123 34219
55 32507
392 26774
22 32122
299 20564
374 62032
262 19773
373 14941
323 10862
21 741
382 1172
300 21649
294 68110
165 67857
240 34147
12 37975
115 55277
149 9320
13 2976
294 67736
157 35448
328 653
295 38541
90 54088
388 52124
302 2415
15 19666
155 36799
153 46951
345 54440
213 66055
312 24586
157 39323
105 13770
331 23675
147 58551
385 56936
383 39714
18 49730
45 57060
150 5366
141 5428
234 60151
230 28778
365 66696
227 39863
197 52033
241 66767
120 2533
386 6783
67 15683
125 32093
38 25249
11 27722
294 27395
220 4500
345 35288
160 8295
350 33839
319 21955
355 30694
18 37115
301 25002
375 23274
388 20488
368 53718
339 24495
196 5110
156 15251
365 65781
226 62371
105 23367
334 53038
169 59160
91 15169
389 19375
42 32870
182 628
222 1022
298 13444
225 2130
371 52529
109 6177
249 662
372 33648
228 3349
185 55197
146 24304
244 49595
151 13020
66 55357
280 44458
338 3262
303 48725
41 5034
202 6118
15 26556
124 33243
336 7175
107 39011
381 56048
352 11532
376 24140
106 22570
379 38877
170 32284
257 14372
360 31196
91 11958
110 34020
125 20329
24 16915
223 3657
330 62120
333 49090
218 35985
359 50978
337 45121
305 15825
62 29011
163 52612
371 33972
42 47150
214 31313
294 20813
146 369
315 9828
275 38513
240 16994
157 61951
34 9112
214 50027
2 57965
23 33400
147 12234
112 7412
269 23221
209 4204
173 53460
257 16036
354 65246
59 46671
33 51612
187 28974
290 69349
342 693
369 8097
176 33249
318 20747
83 26900
62 56476
367 23609
56 19664
340 11499
168 19929
265 42500
367 68265
393 44964
273 5831
225 13745
198 39693
387 13707
73 66753
70 68883
28 9721
196 68220
2 64049
155 8618
276 55859
332 63251
253 7603
47 10033
302 36037
109 53398
250 25034
372 13860
26 38043
22 29148
123 63164
43 14251
331 2342
170 65323
160 40827
116 1588
81 15552
122 58722
331 40343
162 8539
45 67854
5 16576
124 34906
20 29027
160 53171
191 9609
5 43775
28 56304
268 905
262 64322
103 9543
363 59477
128 20843
125 13287
306 46221
289 42014
254 18385
388 67115
40 47043
273 5813
24 44543
28 22298
57 38168
346 51412
141 21714
391 1484
151 9790
255 22927
304 24530
149 24717
211 45585
47 60359
272 68419
263 2586
93 28829
44 48596
48 4448
31 22776
70 18323
214 5780
112 22802
157 63875
97 59835
48 14431
241 41481
66 37435
12 3738
25 32903
324 69112
272 61891
251 59297
227 65761
90 32355
343 23262
317 43074
287 26527
116 57704
392 18506
275 29065
190 51866
291 28955
4 13674
128 6565
305 54015
216 57732
301 13347
98 63181
392 61481
341 53115
324 589
348 18864
134 54321
121 21483
72 11694
271 11165
138 10488
23 1822
204 9557
60 53089
294 53224
142 32469
289 17874
291 57495
27 45294
193 28096
310 41441
133 48791
329 48301
64 64365
286 56737
69 40310
195 41147
188 57344
345 48389
129 26218
24 53950
310 63360
313 54744
333 690
218 65637
143 14172
174 60631
215 27804
378 22649
360 17488
201 27929
99 40931
185 4857
242 62408
172 10007
384 28696
216 22954
302 38794
311 15416
160 12547
327 54068
365 16023
315 62398
259 55485
56 40224
1 32030
25 34306
139 47204
204 32991
249 15021
307 64747
136 46201
356 53656
312 65092
201 12135
60 51521
289 21790
269 50724
381 2301
264 41792
100 44258
75 2101
79 52930
124 16327
125 19333
66 54
208 18932
57 4240
366 46332
355 67877
258 2848
162 68136
344 11109
142 52956
356 58301
117 41095
12 28558
310 11441
74 23583
214 12679
235 49193
12 41253
194 10128
4 29445
389 20887
207 13467
335 61613
128 17332
45 26199
113 6075
353 13186
221 63557
370 42639
211 28628
42 27047
25 4001
150 30599
295 49768
169 13914
376 17118
154 46851
348 3769
258 18822
216 55170
159 46396
325 52198
339 43965
61 35040
325 11259
353 59420
303 42900
230 18393
382 51428
291 12111
134 35835
133 15911
364 48389
43 6052
25 51303
122 37337
382 43105
90 41713
10 69917
183 64010
21 52982
321 43141
25 429
60 15614
148 61402
369 16668
8 8821
379 66545
267 58749
203 10525
391 10719
356 13611
186 62147
320 5036
55 66026
329 11744
163 50869
161 63531
329 28143
219 30793
359 36701
271 17184
303 13832
266 10230
199 26885
140 58922
249 53577
280 46165
323 463
343 3507
280 13591
246 51295
302 30597
99 7671
46 57893
148 13146
263 1514
240 62245
299 17517
227 56944
144 31256
142 38682
128 30588
117 47342
314 47389
112 67544
207 27600
283 7656
198 9810
278 40798
40 33924
117 50043
148 68506
161 45192
29 21907
165 52363
391 24333
322 23358
93 53047
108 43031
94 60069
330 52947
299 30845
90 21111
27 2692
282 45527
40 68838
160 45488
223 18147
292 40348
3 13122
400 25713
251 2128
167 37827
303 50598
219 23555
63 29332
85 58237
365 57767
305 55706
62 46363
160 43578
189 33363
164 42589
71 333
151 8489
80 48186
101 39705
76 33274
365 52872
183 60066
100 39592
318 47112
370 35901
292 29259
211 17885
254 44256
135 32779
7 6382
2 34825
60 5539
348 67252
1 5986
355 50047
363 39321
52 62216
67 48330
310 48698
42 34236
63 63188
31 50714
157 32018
219 21997
319 64104
230 7556
281 57323
303 2910
195 1129
327 25040
234 45935
246 14434
317 34078
133 14983
97 2295
227 61366
110 47373
81 51954
81 41781
245 38032
328 64431
106 69606
344 25583
14 59950
154 64243
275 50722
362 22877
143 29095
391 69416
396 33186
86 57399
377 1552
191 32936
199 66470
334 2290
45 3722
178 51964
276 3139
178 16428
75 3241
83 10882
4 7083
371 37501
389 35770
130 61982
169 37947
260 2256
381 30789
272 668
99 17055
52 29992
18 14745
398 20069
387 18110
276 55158
229 39337
333 21654
283 16731
390 55114
57 38456
15 1984
74 60730
251 23133
349 23076
67 61534
356 7201
131 40204
292 18747
155 60465
311 67694
320 4129
285 32052
105 21053
374 4666
18 58829
282 16308
108 45422
49 36542
203 45717
235 48125
135 22606
218 66936
316 15450
195 41403
378 30980
129 4812
165 27027
113 7192
261 22996
135 55314
247 10436
312 21099
235 64723
93 34079
213 45320
151 52502
316 65800
277 19747
174 16465
80 64078
233 10889
223 621
179 18026
371 45603
115 54745
13 27190
102 40082
275 27521
203 42168
319 57401
312 30075
399 7614
19 30957
246 39179
249 10764
73 5215
26 43235
67 44528
394 7838
130 30523
338 62117
184 42902
318 36039
27 10315
317 68168
165 36151
388 32849
85 28331
106 25526
76 22234
237 31443
160 30440
188 26544
189 26737
315 31593
111 41849
3 30677
217 22985
95 22171
97 30133
95 9789
17 11621
169 61776
200 46263
147 45309
7 57447
107 46966
37 46703
351 7373
363 10172
117 42020
88 52
324 48808
319 20048
185 25804
324 41292
51 28392
338 44527
391 54935
344 7026
222 42745
296 54266
370 21379
22 14093
388 25199
271 51726
136 4247
223 50566
279 1205
250 68888
60 41545
52 9656
153 64560
393 45089
159 46196
118 14049
121 12684
237 63041
146 63149
341 15843
330 51165
8 15814
181 22502
83 12042
267 40838
154 7647
9 23206
322 290
351 39449
340 36791
352 46206
17 51130
278 26295
120 22475
267 28137
81 45761
241 29958
342 24866
10 58396
53 33428
369 23150
288 41328
127 31881
300 41078
71 27563
101 68904
331 18833
201 15211
84 30652
72 28130
158 29274
27 13361
377 24944
394 5319
105 30943
52 67964
119 28543
170 48820
319 29360
4 20801
48 19109
347 63092
366 9391
78 26578
227 1181
94 15193
202 18161
273 19684
194 20609
194 58329
162 49737
95 48514
335 47999
218 25122
151 34091
25 7142
186 55821
167 26930
171 13567
272 10475
323 49748
184 8276
335 44759
181 32749
77 14784
64 66069
3 30276
217 47046
56 28947
384 51147
297 9762
348 34298
149 20676
119 63781
81 51888
48 21652
85 49011
248 9052
301 31415
38 28607
137 58439
116 22462
78 51950
191 65476
258 28853
266 22641
276 11105
140 50272
290 28922
29 69520
192 42058
381 63332
88 24025
30 9366
197 17544
132 41761
23 45687
348 31180
130 60462
3 60559
318 28868
394 61264
72 46073
9 26291
208 30971
328 44742
393 37374
87 37822
268 66280
56 50688
182 69011
48 4000
325 23985
314 41882
335 65199
228 39624
171 19970
239 22014
118 15332
163 18543
367 41869
9 37769
235 33520
175 27274
242 36042
264 11549
240 55027
249 30375
357 68192
381 18237
197 56128
386 62196
89 53311
137 63783
172 64939
346 31021
127 4046
398 65055
230 10275
132 35813
329 65548
317 11399
259 1658
191 45641
358 47582
69 53422
117 1889
381 35402
296 11684
25 33590
236 38005
15 17145
209 7015
25 43849
218 69611
102 39308
209 43366
119 34104
144 53653
290 25799
360 30935
323 3873
14 24470
214 48966
89 50911
110 23841
70 40787
161 46446
148 30440
377 31352
232 7040
341 9117
26 37149
150 10385
310 64309
387 7969
380 2737
149 70000
160 26975
124 46300
11 53786
40 30488
72 50985
112 39572
184 15851
159 68857
79 69001
194 56645
164 67486
171 44735
261 17101
145 64839
129 62638
61 1954
220 68420
255 17875
206 5925
311 34237
260 39317
317 28823
109 60690
121 16005
159 65065
171 53995
32 68107
117 26179
93 33834
380 20012
247 52556
59 69197
192 11162
255 40073
18 1074
172 30089
185 61465
374 42082
388 62225
297 20374
56 50377
50 6290
13 57037
324 54744
175 23516
388 27673
110 42887
237 26346
206 51654
317 66134
120 49638
278 67137
391 5703
29 12394
236 44383
46 37346
395 10794
263 69150
267 5239
328 30949
58 8699
154 17708
70 15552
53 35627
245 25566
264 3183
15 6108
373 43694
383 68661
258 26147
69 55928
201 15987
246 9439
376 62484
283 33508
226 47792
254 68597
349 25572
272 199
306 17399
102 55834
240 47232
119 58123
313 33640
15 6593
355 24367
304 39290
376 42753
156 62374
103 40094
155 46320
337 43026
331 26303
29 22851
283 44286
292 41663
288 3865
309 38922
368 22940
354 46986
393 44433
226 22492
315 50264
205 67661
362 58051
339 38921
77 24467
101 38696
178 23051
394 48513
232 12670
284 62495
370 3141
392 31694
379 55431
241 17611
13 8434
94 20052
136 69464
215 5345
257 9016
252 1067
305 38167
287 6274
146 60120
101 33397
277 60043
104 35633
95 26769
392 38961
279 39340
341 17548
297 61511
151 52912
70 3752
327 43180
258 18190
323 1657
197 5239
141 33343
203 68742
252 57220
340 42331
26 28468
292 15985
245 46729
260 29333
223 62171
239 59168
349 39105
214 14491
155 4524
364 68867
215 56310
251 1317
337 29350
269 41265
370 42840
36 45176
66 26940
259 16461
351 65844
114 45643
173 39247
14 54522
177 46313
134 35233
133 672
272 49499
392 55885
50 8808
250 49112
57 24134
212 7953
37 68972
126 31953
11 52831
327 12313
338 65904
225 4900
374 49161
130 4065
56 68629
244 59572
236 1885
214 19515
250 61644
377 27815
110 9698
163 48186
344 61922
16 195
220 55551
220 6780
387 50892
250 55948
392 26197
224 68753
331 3969
73 53259
242 69694
289 50628
19 13062
77 60072
204 3655
288 4951
60 17392
279 57562
150 14588
286 39717
245 52708
8 2230
178 58171
284 12145
176 5180
338 2653
177 14721
74 30256
46 31582
37 15535
259 35586
394 10158
385 56354
67 24257
106 39534
285 6756
248 57867
252 45234
150 17447
276 15420
374 17309
81 30541
297 16919
400 53846
90 39490
20 46372
180 15449
162 41707
71 40151
116 45647
7 12171
362 45401
205 6770
21 61949
292 13797
234 56835
172 65230
85 24869
187 15317
259 9459
39 37002
327 63932
94 60585
22 58737
174 52523
379 21716
365 38576
308 51285
2 41893
83 52790
170 32901
302 11828
325 45263
351 26929
310 5603
212 67009
230 45659
96 22826
193 17982
216 46177
151 57582
55 2093
141 12025
59 26374
106 25657
118 61434
10 29517
62 27909
78 18566
269 62105
10 321
18 61365
230 28443
318 23032
205 46678
215 21674
97 17
264 68461
85 64334
32 39070
226 59791
271 19914
3 67307
348 25731
153 30390
273 9463
151 31443
365 67651
295 47642
241 64372
3 60146
372 7388
381 21174
143 15232
391 56011
113 13360
172 51928
348 13603
229 2727
327 1306
229 62961
378 33438
142 50443
341 2231
361 29957
57 41287
2 39240
45 28947
313 27558
75 38354
371 50487
112 25625
342 66563
47 33989
33 30507
207 10822
50 58762
217 2553
382 3330
123 68737
284 441
215 49340
106 67639
212 30531
343 20515
204 65212
87 5908
44 37084
66 3350
152 66243
230 43388
4 61790
80 8000
60 11241
71 55098
157 40017
113 24848
170 59999
43 1204
312 44797
86 51016
338 11749
357 63685
230 12420
128 45514
5 68133
164 60766
247 37626
32 22412
53 45803
233 56966
397 19498
247 26414
274 58080
150 14887
361 41663
198 9657
317 18867
268 2830
76 20087
94 51009
136 25781
331 48896
375 4347
129 51457
99 53641
85 25945
187 64496
30 888
240 23032
202 39016
312 21967
152 17411
254 2510
76 40171
240 25716
350 19747
240 66211
347 59944
372 26118
3 3897
119 42329
41 23258
5 60456
343 6095
290 34458
55 12803
324 31709
155 41906
132 30065
69 21205
49 26811
287 68412
397 6289
389 22930
31 69703
246 2915
239 52261
215 69432
173 31927
320 51180
218 42556
317 24335
29 64697
95 24313
223 53758
232 21807
320 66986
242 10750
208 9321
88 64487
310 10538
75 64505
269 17494
191 45889
34 8820
43 5236
263 28624
269 20803
99 67678
372 35030
240 46186
324 27478
331 25012
21 37912
104 57914
116 39171
59 69651
209 27380
16 33412
79 12953
100 11218
344 16461
58 67851
326 60092
199 67227
122 51513
390 47335
329 45040
20 18971
394 877
245 43351
394 40843
238 54379
104 51053
88 44619
89 62050
36 6062
181 68213
65 11129
152 49596
296 3060
322 45852
145 36833
168 26277
122 1151
320 58030
359 51007
393 68528
77 40332
225 45186
102 42779
60 36471
32 35659
276 63353
94 8114
83 50714
326 52301
27 20293
129 62645
255 47063
30 52399
360 18648
319 9397
225 34388
282 14646
10 50564
57 32901
393 34673
187 37696
356 18006
321 2871
312 92
33 44865
101 57676
214 56620
96 56616
287 25751
320 42068
188 36666
114 7447
356 47802
197 65376
177 50913
286 3665
178 57994
341 68876
232 43901
390 66364
154 17875
193 57476
49 3753
122 24526
44 65023
154 11084
270 57812
396 7103
11 22268
129 16142
62 34388
157 9136
150 30727
168 35479
277 46967
333 12457
288 51048
350 24554
129 8664
350 13324
232 56020
293 46849
5 58009
384 3124
255 12039
383 45517
241 41478
229 59165
248 42462
315 58033
247 52590
189 40722
291 30959
396 43599
70 20064
139 25369
160 42356
130 66824
321 69490
93 7879
65 40534
13 42789
25 17735
118 13904
167 23859
352 49894
382 13767
7 53137
355 44355
235 4257
161 14065
288 42646
214 51734
111 22908
323 29650
67 19441
304 4514
13 43380
326 58543
225 65698
179 53506
22 16693
90 7301
250 43001
1 15042
92 68249
369 30653
288 41777
9 56819
174 5333
362 47752
355 28902
108 62936
110 10093
232 5737
181 31384
93 2606
206 11789
60 23422
310 60275
219 62539
125 16373
278 45941
360 45494
25 10849
238 65251
247 64707
268 63590
102 14256
1 42270
128 49488
130 27893
164 54415
39 2629
243 69881
236 15811
67 37134
369 45681
224 4174
218 56156
166 60207
191 52687
200 5515
254 7364
236 17430
21 42309
189 3329
376 20043
312 67692
33 40006
335 20745
298 317
361 22062
117 11438
351 14439
85 26495
65 29626
98 52512
367 66299
57 36482
336 39220
377 32522
207 60948
24 52198
105 64419
332 65631
128 65466
82 31881
171 50928
282 69950
244 28960
217 27922
153 57508
182 51239
315 31109
157 58643
338 277
32 19025
262 61612
209 58024
376 47821
40 26576
103 15138
227 16944
171 34195
257 46275
238 4376
134 21148
334 68789
379 38948
396 19038
363 7332
336 43646
311 31159
259 29756
3 43038
291 55737
70 23263
227 48670
14 17858
152 27692
233 28620
317 40894
365 37785
128 39647
385 30457
307 64885
258 37485
220 45716
256 38759
117 47419
174 9956
364 67555
21 13311
340 21418
65 11066
355 44652
258 5884
354 62386
381 63334
304 22575
361 45098
319 36043
82 13538
277 46765
170 62234
348 43295
2 33345
323 21861
117 68835
299 67077
382 21686
282 56659
157 33504
204 54794
22 45161
29 31935
130 6414
224 46243
268 22987
203 3724
37 43117
24 18879
384 14103
70 22084
151 32242
342 11751
20 22645
271 61935
265 9107
155 58818
329 28224
71 24480
252 64810
22 65646
31 65807
78 57077
17 6283
282 9147
87 67545
327 18304
9 16396
247 63601
244 2779
129 69299
118 50150
207 49856
196 58194
126 3076
23 34981
306 26282
171 50645
63 15774
143 61569
161 51878
120 13074
5 48415
29 37422
109 41702
252 48330
128 43253
52 47229
88 40306
41 22268
115 64480
132 8825
226 47245
192 58020
125 56581
190 60129
61 39483
97 5802
80 54518
323 26485
329 16777
302 9081
189 54638
228 54831
215 4615
248 17593
277 8584
66 2109
9 19818
159 25834
40 33660
382 5517
30 54000
68 38852
153 66526
281 41409
90 9924
25 67012
327 47635
212 4300
203 57949
47 37649
52 40328
81 36731
372 57679
182 63857
273 50262
319 589
197 49863
192 61797
46 42499
337 49641
303 1541
398 37239
270 51383
311 8630
324 1986
384 55542
160 54394
257 33670
388 31787
343 51486
167 59804
146 40918
209 39110
325 63296
258 40654
250 68256
187 45495
187 3439
114 39318
154 32882
115 14864
282 24004
234 7536
83 69814
122 15074
338 53280
329 61816
342 21921
98 13406
244 29206
34 15537
340 31935
283 39739
322 24448
36 45045
174 27825
134 16039
365 10931
337 55068
390 3170
229 43287
213 60331
362 50465
59 10123
200 53841
188 51903
159 34294
368 2014
113 47068
98 42990
195 12745
68 20540
255 35666
153 9802
341 38529
74 21376
278 29034
306 34431
247 58048
321 40945
164 50262
93 51710
138 42540
220 38167
76 68206
76 11618
319 4327
11 32748
350 59688
63 19461
310 45797
239 11693
203 69134
280 61462
354 35418
249 44421
21 43010
327 50051
322 40936
394 32477
252 29460
398 45827
328 1206
99 21530
321 19957
190 69671
133 23079
102 18240
22 43426
39 3010
122 59136
338 11711
299 30780
331 62987
327 16797
281 18876
177 67090
234 67966
383 58260
397 44888
330 44982
150 22790
81 24536
174 39029
374 52243
32 53143
255 12620
156 16366
262 19532
216 53437
202 24821
346 17956
348 5585
207 14679
211 61164
136 63420
280 55119
264 4319
186 28194
295 48177
331 5628
193 40677
321 31886
88 57527
359 2545
366 33948
362 27537
364 60135
108 51207
366 25349
180 68313
356 20862
187 46856
354 52900
145 49364
225 35715
358 36684
156 47982
81 8331
340 60762
125 26526
173 40954
359 13157
351 37496
273 23028
5 27691
34 20371
289 51533
212 15016
102 56680
388 7568
365 57257
358 58015
49 40363
318 7971
130 21696
296 49422
294 38273
129 6232
3 13227
268 62725
294 59268
94 53715
208 44180
81 18107
307 48884
21 16419
169 66551
379 35371
302 38165
344 24973
209 17396
248 8806
311 3834
393 35721
104 12381
251 54908
96 55774
278 13272
335 17904
164 50001
122 20429
67 31723
184 40282
357 49662
69 42978
144 50885
34 6252
30 8043
51 9640
205 19890
31 38691
160 12743
196 1580
205 60203
400 64427
13 30155
154 47190
287 57296
23 40378
101 63121
389 34400
309 47107
323 21069
377 50241
295 57456
143 20468
311 35715
330 53068
336 57394
400 65175
323 45091
362 30423
306 40199
87 20637
136 43526
185 23687
46 55717
119 13169
182 23753
169 27811
244 21728
143 24770
240 12600
298 48098
70 65019
96 69773
86 7353
365 68565
389 9797
125 30898
137 52199
387 67314
385 44831
246 6206
331 14340
94 23744
395 36245
43 26425
203 18238
334 23395
37 7927
398 38501
27 21610
245 6431
64 15949
16 41317
332 32538
243 60444
188 37996
370 12
192 57504
345 58007
91 40985
5 52547
39 66240
264 16916
286 47724
121 42198
81 65317
306 2734
245 60064
369 66255
113 48086
231 13088
65 61641
188 2995
375 21260
345 6151
341 38667
380 22298
355 24749
168 49757
319 54569
98 25046
216 66303
245 25609
131 24873
126 21719
54 48177
1 3592
400 37758
35 66929
271 32304
30 4311
183 5553
224 25762
194 46428
204 65085
298 52630
23 17135
193 12569
108 23765
58 16455
281 21323
333 55607
272 58776
391 62773
167 30966
56 65884
56 19310
211 40099
114 63598
337 371
246 10481
206 53017
202 60000
123 33968
233 31822
234 27339
337 25336
133 16194
356 66457
344 58680
217 8902
386 38692
248 50795
232 55598
96 12373
274 39240
213 30186
172 50646
42 52661
166 8700
140 31258
100 63399
295 36624
191 59017
190 48989
178 44875
391 17125
174 61514
397 32823
118 39756
189 11797
372 3825
345 46991
274 47698
72 368
290 11628
3 30956
183 33104
345 8426
169 22661
45 59931
389 64644
323 63145
107 22740
215 34090
350 17564
374 9387
311 36910
290 28853
210 44503
210 40448
192 44996
32 13342
67 20310
185 61388
325 45136
17 56099
242 55889
156 22400
297 69438
70 30353
287 49295
92 37620
60 17466
193 4849
139 43241
250 12413
78 15358
66 8574
313 10516
119 42464
306 58864
346 23617
199 58379
99 8683
264 8501
11 8810
9 42162
400 10296
273 22742
5 42186
190 35313
79 46556
110 1991
185 42390
295 9596
145 67834
65 30037
393 64719
326 58745
119 42848
89 64980
389 18735
12 28134
241 63610
376 69813
350 688
329 38860
321 53342
16 2724
214 10360
287 32304
185 13707
160 38108
77 45849
15 51545
232 24221
27 53746
68 18075
297 60505
95 37845
369 23356
140 14049
254 4534
369 66376
306 6508
39 244
385 56209
253 41475
225 8520
310 47967
32 57124
6 39193
254 14636
136 15352
79 24213
347 10691
266 36935
128 44860
92 41749
110 20909
150 31497
286 10382
235 33095
64 60114
179 50930
180 36772
139 40789
81 28787
194 38061
386 39466
126 1806
244 31485
357 48744
9 57562
260 10834
376 55216
107 38338
27 66512
271 35322
95 50267
359 64094
311 52478
191 21936
362 12907
200 29270
257 31504
278 33232
138 60137
1 9372
151 43998
4 23769
239 45093
369 52214
140 26021
60 15620
364 30709
59 54899
384 3224
300 33306
160 57569
143 15702
293 15899
360 21240
365 43214
238 59987
395 46589
110 32156
100 14550
361 55046
211 52085
290 13583
182 16752
113 50607
318 60298
371 26861
3 53221
119 911
302 5641
162 27053
189 21173
140 48410
35 45684
258 49670
214 16617
386 14461
31 67627
145 54508
349 30685
40 62571
2 65354
195 69058
52 33109
97 13287
141 28676
134 244
347 3553
220 7624
385 24249
254 32379
293 45103
268 7170
64 63055
42 34470
17 49637
96 55083
250 47111
316 2061
385 57888
75 20100
369 59812
36 11918
390 30810
13 66403
228 815
4 24827
17 35257
231 5264
343 5551
300 46203
19 19815
346 65233
392 60742
270 41926
332 19851
167 11556
378 57945
282 65690
207 50461
127 14961
253 49621
98 50517
395 62385
180 55251
178 17547
87 29096
34 65381
245 60827
91 60501
249 65481
260 49652
148 139
264 66933
330 21710
100 54235
115 47607
155 52712
123 22920
210 69717
273 14957
355 67176
348 67902
78 28824
257 49703
259 3256
14 62821
266 14800
243 34563
316 10339
307 68810
247 66681
72 69767
365 21356
172 62894
262 38617
48 13337
10 28683
329 32958
55 27274
158 25406
161 11565
204 69302
205 67220
370 27104
37 5536
150 63624
55 13991
350 56821
294 7804
103 10395
39 64762
369 39290
117 48385
240 57746
62 51204
269 33006
260 38782
371 2451
205 44218
35 35408
147 3441
337 54981
4 52735
85 14397
371 19808
122 31493
166 66544
178 271
198 41276
384 58665
162 36992
13 35844
236 46191
148 25183
170 33132
166 26743
86 20558
374 1335
271 10802
189 36603
262 17395
24 28164
321 25377
229 45608
220 4742
218 40689
163 47678
174 5475
9 11933
206 30235
292 3291
377 64833
63 47603
20 26932
22 40298
359 50138
174 66822
302 26477
106 36888
105 11803
199 31011
29 2662
385 49845
400 46193
204 38243
257 36056
252 41084
110 54926
141 26613
315 52992
11 34647
130 14521
315 20883
206 6390
145 11541
62 69459
375 48417
184 69137
93 44508
84 57650
339 36778
13 13366
369 21050
324 13919
224 56487
44 22060
254 18397
270 24758
141 28282
294 63022
148 49427
197 26774
29 9187
254 36933
326 34535
185 6040
256 38820
66 6348
387 29577
139 22394
200 1283
262 37057
189 16996
236 40366
69 40115
297 58551
117 57494
317 25096
376 54224
236 68787
172 5932
31 1017
51 59746
209 59240
211 28964
355 35226
374 647
345 44044
42 54040
394 24330
354 58056
372 63309
275 32116
230 184
312 58723
212 67804
79 43061
278 39641
234 61788
297 42506
143 9861
317 55967
57 24920
357 35191
196 20391
106 68190
4 7462
25 49274
303 16726
80 67646
94 28049
277 15017
128 32676
15 67730
71 22139
10 67818
281 53294
248 9290
177 32999
251 26561
347 38900
380 36626
220 67241
7 1766
231 7699
284 25138
329 54431
383 57254
222 47642
105 67332
201 10264
229 46390
113 64904
36 43213
238 4155
394 51074
368 6508
30 52996
136 14769
30 48724
285 59964
40 49341
329 65254
338 9809
361 44715
212 32043
209 69843
201 47244
245 51250
81 912
129 31873
82 10525
226 6267
370 14747
234 61722
270 59305
144 18398
246 11426
126 9229
255 12478
306 1023
240 6881
221 883
294 53496
279 40216
16 30406
313 59140
131 14867
65 5120
311 13420
65 64408
72 59630
1 44214
134 19022
376 28208
133 61306
167 9805
206 17261
287 50986
364 30451
278 60585
32 22650
182 7620
93 35897
141 16119
141 49231
238 27064
123 29604
350 53239
374 20332
296 4417
164 11621
362 40211
77 17878
134 48462
59 31222
162 3755
113 15863
328 61173
257 251
374 42489
276 40952
95 37274
391 52903
185 62220
200 45955
13 5243
13 65955
122 24206
13 14671
130 42403
84 21116
139 1277
275 65789
208 2409
94 66558
333 28230
349 57849
390 1920
396 15594
385 32197
43 5909
343 15680
350 17614
88 26677
398 10112
308 30378
358 20479
370 14549
295 44908
364 19654
197 14421
273 10286
343 15178
275 14667
283 404
374 12686
367 1745
135 38528
217 64666
322 12359
257 11091
11 57012
353 63667
134 10333
172 47148
47 1804
36 39701
371 41507
130 56673
4 3671
227 61704
249 63980
213 17949
236 25064
286 37651
122 49653
52 12101
39 55287
358 23996
343 41302
306 39777
246 63665
93 61054
113 11804
63 30152
27 38757
84 40399
361 61874
44 47884
150 40110
219 24837
143 33292
42 60778
360 36112
36 51034
198 12195
122 53751
387 52437
367 29006
13 48492
93 40502
71 47133
254 28094
6 33895
324 46785
277 38457
322 1895
66 6890
352 10665
399 68004
59 13633
129 7504
2 56340
244 51109
234 1264
182 7765
316 37362
312 57875
2 37515
368 63274
253 986
313 55673
178 22712
305 59223
376 13116
42 29851
379 24130
298 35689
332 5932
204 53911
127 67405
172 42677
28 59129
302 1705
15 24729
232 40102
312 39440
35 3237
283 58492
206 64651
304 21877
347 53142
229 29354
353 9418
151 49598
328 36600
141 17578
96 20916
13 51929
266 11419
53 36179
93 47611
115 19026
66 30032
333 25686
360 42898
347 58846
66 15814
279 56633
20 42487
228 64231
378 27122
132 30070
208 22019
336 62140
27 58488
132 56236
47 45892
32 60716
70 40505
313 66655
304 7375
358 4254
173 20102
275 30574
69 11282
161 32111
400 67721
20 4827
142 52727
132 32371
113 54208
365 32090
142 49126
143 51591
16 6306
382 33925
228 18556
2 12020
62 3400
89 52969
195 63316
176 1950
317 49858
190 16418
90 16293
137 4536
236 14314
383 22577
11 49221
30 53168
287 12631
92 33576
294 9305
224 43870
148 8488
391 32467
142 4023
368 26980
30 18338
273 35742
66 26691
352 69227
269 59157
378 36907
324 24076
15 19014
19 35594
196 21854
118 13407
207 69459
95 10942
63 8837
230 17200
98 20377
277 34829
205 877
120 56224
375 53889
211 22103
366 31148
92 2832
305 40850
396 11460
260 1118
146 30213
144 54029
208 7378
176 67964
348 57214
261 63675
144 5085
98 14746
27 39067
160 42083
190 37565
284 50794
128 3187
388 45554
154 60811
286 59637
284 19993
385 4467
6 47840
90 68869
79 16361
72 65585
338 59823
49 57126
11 29021
299 42006
319 33699
83 51912
385 14483
57 10583
78 46395
1 1263
162 60077
276 26016
113 22658
142 744
159 54548
350 46568
344 67566
200 49238
105 58561
246 8711
324 68835
3 40197
192 49952
15 48029
39 56025
334 14468
279 3502
56 55563
49 50928
186 66537
61 5564
244 26088
324 64240
250 8094
372 5205
339 41668
143 15190
300 48748
236 4148
230 57369
85 62249
132 42155
104 30369
62 21117
231 64679
16 40973
87 33780
204 12159
276 21138
308 64917
348 37915
289 55183
287 30347
271 49543
118 55094
286 46977
329 35102
50 62794
295 60197
68 28819
49 8336
368 2006
287 64260
245 20729
187 3440
279 38210
289 7522
288 60967
341 53958
43 65135
204 35322
72 23562
146 64910
347 53007
147 33833
28 47425
50 14336
296 63823
229 54888
287 35026
358 16156
260 44187
243 47654
209 36298
160 3401
96 42713
368 52853
178 25703
208 48191
332 32011
236 10799
197 51055
183 63385
74 56190
151 37961
266 40793
278 53515
58 7636
387 33929
162 22139
303 23867
62 35699
1 2242
334 652
371 38989
7 9195
354 38224
208 66972
369 51233
21 32224
359 41363
391 10714
12 21272
394 52750
272 4238
85 39080
133 33682
6 58719
48 36721
172 11775
363 2874
59 69314
262 65833
187 40041
33 63253
9 22766
132 68139
197 534
7 54609
178 60053
283 11432
121 51055
367 41551
183 66890
11 41916
266 7275
169 27607
328 49935
327 62772
376 26780
22 53700
263 15393
238 27445
36 54552
376 54816
228 61515
290 15422
175 42369
95 66006
129 69422
68 32959
122 22215
236 12271
110 39329
117 1757
262 49084
321 11260
237 9130
245 4770
356 58592
365 17074
255 33400
391 3524
166 61968
292 48312
148 63131
122 5271
395 2899
36 11860
398 38905
336 50444
165 19952
320 63906
13 22423
170 11091
246 56004
8 60655
355 646
121 38417
254 12662
222 10518
113 45733
381 39522
317 47360
82 57480
375 44041
265 62816
278 65002
309 61273
7 18012
188 53915
249 67200
40 32757
129 23579
24 8162
295 41700
125 60580
7 16608
142 24850
369 32850
84 67637
361 17965
383 48771
280 67978
191 67414
73 18810
59 14095
29 66478
142 49139
360 20855
197 227
257 64337
34 46825
54 19634
332 16185
134 34231
284 48648
149 57875
146 32498
299 5566
318 20672
101 20323
296 4476
83 45946
104 34029
40 41301
174 14373
285 14303
380 11675
318 46212
135 32123
124 25443
170 6779
281 26128
226 60176
207 49493
371 66595
362 12697
369 37931
201 4691
296 33184
273 11555
21 38813
250 49625
315 53257
48 32037
79 60159
163 6881
332 62612
295 48226
80 52277
197 33879
237 10555
360 56976
152 55485
113 44621
317 38269
372 53961
298 56397
328 34032
160 33242
59 43925
85 53352
300 63235
100 12409
31 64508
379 10716
236 23218
76 12344
384 7765
333 7039
250 63003
248 24090
208 21640
331 35966
200 25348
153 39213
399 21085
136 65682
357 18616
241 6004
143 56008
179 3946
356 65147
48 62548
145 61647
398 68410
245 21742
167 55829
149 32470
202 62190
200 16758
56 54136
252 58637
360 16492
32 67511
339 28390
329 65833
360 34833
221 45974
170 51499
203 69713
125 16730
240 59928
44 5522
227 13089
86 63161
330 7579
124 59308
179 23225
85 26246
125 27002
59 40672
204 47666
171 59181
344 51520
328 65524
206 34501
121 65998
317 66898
326 34089
59 46043
207 54497
158 57484
6 59920
307 49766
32 17803
346 18062
263 27842
56 1964
155 22301
388 67348
204 62389
362 37430
66 28678
395 11538
326 50801
267 60533
198 40372
130 54089
324 14095
284 4903
184 5345
89 45549
41 66218
141 63161
72 45736
161 6508
150 22803
336 11986
152 16001
91 26907
154 17118
261 32823
90 33840
312 35795
120 26276
350 20989
301 55244
249 15970
161 29094
284 56380
50 33098
223 38827
292 53465
255 46617
140 43405
396 45607
324 40820
217 68398
27 35559
63 48930
162 22772
186 40749
303 33702
378 30873
205 59275
196 69891
298 19123
31 68426
104 21769
7 38527
221 48399
205 26026
195 14318
341 32772
121 64662
295 38717
160 790
175 53018
63 15072
253 4743
111 801
133 7747
399 35929
16 53515
113 3260
57 38931
267 50888
193 41719
312 52418
331 65149
116 12009
145 11688
324 62924
13 30723
219 9071
49 33715
6 37224
384 35250
97 47300
66 40780
63 39053
340 47803
327 53916
197 18307
177 6785
90 46054
301 453
107 20301
253 67328
68 39731
293 5042
38 7485
98 5555
83 19222
177 19819
309 24716
19 64693
248 10073
368 48134
235 24879
112 65742
99 66911
387 26187
295 37368
395 42131
213 48505
221 53451
252 15157
84 47649
32 7182
45 24505
154 16675
60 18522
117 7210
197 29557
98 23338
212 44669
148 40064
151 43758
309 37367
142 29753
111 58325
321 11618
356 8449
186 4980
54 42239
311 56242
288 47434
266 1827
267 8934
217 25120
154 50956
30 25607
79 32151
247 13077
3 38324
55 10543
130 32238
147 65545
172 58708
86 30900
182 10638
318 9765
183 53880
365 37012
363 55965
9 6049
67 28889
92 65755
211 21998
165 19764
307 7686
389 30438
142 34496
82 35321
22 35204
8 61671
239 54740
371 27942
175 67741
310 45562
68 31213
311 20551
350 30691
144 40667
288 42527
304 68942
148 36044
72 44998
20 47622
207 1612
258 10235
46 66379
224 60791
180 67525
41 65701
372 41902
118 32955
18 46883
90 18266
89 16474
7 69050
344 61965
246 17331
128 58461
323 49906
312 67077
190 1055
26 762
44 27636
227 2875
324 5971
55 25499
98 10587
250 26969
55 24418
248 66284
231 23739
14 43755
185 50117
206 26388
347 65568
111 68663
12 38260
379 35929
48 51523
159 29051
64 9703
303 43545
247 3881
15 38318
213 15520
91 9944
352 634
192 27366
206 61102
273 53221
284 5463
323 36459
283 29307
193 16871
318 31092
25 47100
397 59897
28 25505
117 61486
306 34350
149 57142
100 68545
18 24677
112 8991
68 34593
393 60804
71 23269
21 54650
315 11823
365 49157
21 55563
191 50060
252 2165
95 55805
220 9655
338 51828
358 3957
50 64497
174 38412
110 45946
107 48787
39 25071
395 4102
355 8859
45 41245
77 46831
101 31554
339 15057
283 40054
375 26678
300 40556
255 7885
344 36751
390 68345
338 37526
248 31657
36 50759
345 33606
24 64406
223 52320
288 3705
19 16209
382 11053
212 31819
205 4167
133 22549
230 53957
346 44620
379 11145
254 46967
1 8828
160 11943
174 37209
209 25109
287 53015
264 42354
132 20175
223 38024
177 69934
131 40241
31 32516
55 38419
9 28507
274 42884
384 29945
124 39754
56 7460
69 28213
281 3939
46 57912
318 49141
126 29427
361 21999
223 18387
285 24443
303 30793
98 32733
47 60411
261 3977
327 46471
214 50592
175 6553
248 19280
119 26083
181 17652
337 62736
71 46084
210 69367
223 22916
325 4314
130 13424
167 13373
183 28568
172 38311
347 62735
281 34535
13 14616
200 32920
98 177
231 35466
98 29885
377 69608
249 55619
195 42434
295 20756
112 2121
289 63127
302 48453
125 1168
286 36224
266 66368
56 18103
38 13379
181 65306
69 39729
372 7392
321 39906
117 12766
213 63067
337 49671
272 66492
208 58823
152 68677
65 1462
5 15030
294 48200
386 5969
341 49846
63 49483
360 17446
338 27337
142 11573
209 3719
24 17025
89 45821
60 21862
299 57749
54 44248
9 27067
306 7340
93 7039
291 8119
259 46301
287 55778
106 48551
320 56340
167 41085
373 61061
194 61540
351 57370
39 68797
165 6010
358 9216
320 42645
275 36397
80 68002
263 45207
101 62477
13 69325
294 38046
326 17649
126 14227
246 11124
329 52797
101 20443
108 20311
334 31406
187 2902
339 54261
32 55865
311 23660
235 4665
162 67371
92 52931
257 42245
315 58200
164 10906
96 63523
350 56282
139 44095
376 62343
158 9341
191 36748
302 9859
113 134
85 68902
212 23983
99 33713
127 4102
265 40018
78 12761
28 36890
34 38904
104 68284
351 65964
42 60404
29 30595
117 16302
312 49771
126 44580
272 21900
304 50838
218 27331
57 4666
140 32495
362 6343
245 58827
139 51627
66 23751
309 22740
378 26977
183 12007
68 69882
65 10101
59 69855
12 54709
97 34044
128 11456
249 35114
60 35605
203 43324
177 54143
340 54423
263 44335
68 5281
136 14347
318 30748
192 50111
331 57278
323 18865
71 33644
86 387
19 59185
261 35053
273 33781
108 38070
59 59438
94 24122
173 36756
257 26038
326 41138
399 66587
331 56103
375 7017
68 63949
218 11497
397 36258
47 68515
326 53504
319 64925
67 36236
297 63655
45 59369
95 18515
303 53525
40 16640
154 35621
108 11699
225 65963
139 26903
270 11231
326 9096
107 16907
132 41050
394 46651
206 30356
158 17435
324 28367
47 65017
198 15464
90 5449
44 19186
175 13604
222 53916
33 7337
172 19102
137 2110
360 20364
19 42407
7 6588
159 16082
339 58908
130 27513
28 45820
99 63845
98 47204
367 18210
221 17298
165 14924
198 32507
394 14964
363 17042
357 59074
398 66398
116 11219
38 57292
214 3888
365 42633
368 15689
33 1817
88 69772
4 20925
268 46567
363 53817
172 27223
2 42857
284 65108
246 4521
115 37874
58 16850
79 21978
163 7836
30 12315
348 7273
230 24119
307 48156
335 44522
170 9609
275 14178
151 43316
357 29266
52 58821
135 49736
143 51251
18 4313
395 64636
2 14844
350 8887
232 21434
353 20214
6 68507
19 67125
230 68501
278 61399
116 56553
112 25120
335 40512
347 68549
92 55860
166 34747
178 62324
162 47589
223 15885
261 27567
274 29974
203 30168
143 22703
320 32338
143 25453
359 64063
141 53087
182 56367
282 36212
344 22060
249 38419
233 20255
84 22496
125 52342
37 33361
170 4541
62 49826
26 38986
338 40514
362 69803
249 36530
189 40005
368 39087
266 32869
278 3058
377 17301
384 13475
202 29756
279 58764
142 53881
37 60573
108 68205
155 18647
382 31662
237 58763
385 20162
68 27176
121 47197
220 31384
10 48995
388 19069
96 54818
161 46714
360 24778
75 18948
21 41483
317 36731
268 59020
41 10348
23 10046
274 927
246 47605
289 36096
378 4326
1 31566
200 557
323 1885
76 64255
266 18662
19 55607
224 44217
256 48641
271 56954
168 11542
217 31638
102 29134
321 4904
24 51281
399 28531
336 39363
32 22748
291 14691
227 69324
365 56699
253 57028
236 57364
6 18672
161 6128
346 64916
2 38257
282 21842
378 17261
72 60658
55 24226
206 53067
299 33763
151 41185
124 28908
116 64562
324 57535
201 1586
274 4921
190 9017
87 46687
351 45938
217 65537
252 27465
211 65704
345 66829
243 43772
14 25268
364 57942
392 31808
242 58646
327 32847
160 41568
47 20795
277 42452
311 40306
130 67375
188 11796
253 37564
207 9106
162 37264
99 46150
13 188
304 67235
1 43880
3 34388
133 4181
11 68108
321 33231
93 31461
325 46526
33 43705
290 28166
19 26741
15 54429
259 54970
358 52470
246 8961
100 69108
179 36975
284 2536
86 28524
261 29885
16 37408
199 52544
21 63940
194 50567
109 2570
216 24623
147 29032
238 22130
345 55651
111 43173
354 6297
328 35468
279 40630
333 44076
307 15805
2 35083
7 32112
131 49472
214 18127
141 1144
265 25301
323 65450
157 36758
266 37245
192 69153
173 32549
8 7749
10 48216
92 46957
2 27013
217 45830
301 32649
30 66314
212 40521
96 1410
85 1684
55 32284
259 36206
127 37857
67 14700
57 52557
16 17036
151 3283
392 27821
275 26560
349 7471
104 21883
165 37123
183 17860
330 46609
228 26334
395 35987
135 17655
216 7615
235 53932
106 16406
322 56835
265 23324
15 67822
292 47152
315 6701
397 13218
369 25383
282 27662
49 40848
101 46055
321 22100
157 66529
279 5520
83 5239
192 20677
78 15796
253 8867
247 45285
17 47816
397 941
52 4813
210 25911
162 59817
317 15290
397 12172
278 67759
103 64226
61 11575
169 559
243 549
175 34162
303 13709
377 372
90 68862
75 19139
68 60359
30 45594
61 37036
93 32883
124 45649
57 47083
268 20040
22 56174
74 69341
28 24312
136 48358
38 7859
173 19861
230 25665
51 24007
15 60
39 54604
218 2959
189 31765
146 63283
89 58813
279 65789
167 60303
303 68996
116 54372
48 69016
371 58118
55 66140
41 64343
373 65717
161 8361
124 34635
312 14844
199 7889
354 1585
63 47220
36 5636
103 39073
39 34847
97 32843
268 36378
230 27702
242 11125
177 41930
146 56668
149 50922
244 48564
83 4644
390 5067
373 41534
364 6133
326 28931
267 65447
55 65327
189 34592
268 37293
48 62131
284 36125
327 17902
309 34814
152 24362
262 28738
396 64073
259 52451
290 44099
84 20408
220 35945
214 26862
288 49097
185 37354
328 38808
256 1000
210 64853
148 9541
81 38476
97 54003
107 13426
360 509
105 18558
28 31531
186 39016
117 66611
368 69163
399 4703
162 62400
300 27809
248 38210
334 5564
50 65577
301 58913
289 32821
359 59079
44 21182
59 49976
348 37963
350 9781
208 1615
231 33687
331 35253
178 17185
241 63240
160 65981
125 41323
292 59114
270 52517
120 61316
246 37995
278 18504
9 27144
256 34965
260 54139
9 14398
387 27701
42 40223
42 54923
46 60765
333 46680
213 47289
344 10558
388 58983
200 50222
84 54198
319 47689
127 64631
69 26070
6 42733
1 52079
302 46791
388 61634
62 35498
46 54123
259 54636
231 40606
380 38256
168 60723
382 8839
399 22117
385 25381
207 57264
17 38366
205 58546
94 34826
132 25656
268 59692
306 12391
324 41412
8 50793
385 64307
350 11780
164 37071
317 6248
320 20481
83 58286
47 13264
51 1906
91 59616
114 24540
214 64781
172 42308
35 26208
380 41364
346 11710
231 3652
360 39174
34 16387
29 48235
295 36407
156 56829
261 12356
302 33973
189 6431
176 10034
213 34638
192 64893
361 21441
132 35557
101 20296
163 31262
284 29893
265 11979
84 58424
119 58441
55 35632
241 67456
212 6230
335 18672
156 13057
205 51226
357 18063
331 3686
379 59747
365 23612
362 37064
92 16579
229 62496
35 41916
162 54075
115 9221
396 45214
176 3788
96 45031
17 28699
16 39365
292 52401
179 19864
375 30489
2 13662
272 12157
349 11189
326 23279
324 6088
6 54492
366 6386
336 57471
342 1827
167 29867
377 67346
356 65221
233 25007
355 5909
157 66616
309 12009
207 47313
28 8014
173 53722
226 4157
104 2700
67 69105
88 43443
270 48985
293 42503
88 59884
223 48096
217 4359
392 60131
13 21164
229 39532
276 59388
305 13620
354 66686
330 49515
223 48548
33 63244
89 19241
62 56594
333 25446
234 58702
66 47880
67 62356
158 28981
348 47156
127 27546
202 64439
116 10082
104 12790
112 16811
36 6849
222 68498
160 9950
184 22601
306 44469
398 9882
196 63412
181 56027
324 15045
181 15210
309 11645
283 63519
173 55317
373 39155
85 4978
344 22075
380 58764
45 46109
4 1711
32 12672
115 3083
368 19187
179 14583
226 63153
50 55703
62 4958
84 65069
303 19614
60 37791
231 56627
118 13359
90 20915
289 42385
46 12157
189 32577
289 38104
241 63090
307 24147
167 23505
392 61430
398 46602
7 10837
391 48726
318 44093
89 30508
155 60329
29 64573
84 62751
99 39458
384 10763
27 48871
316 34950
316 13066
40 52202
49 48127
263 4899
263 6211
34 41992
208 48348
293 52276
291 25376
384 63999
282 15106
328 53256
2 35091
68 2704
207 7414
80 56324
309 13867
253 41369
336 34951
159 54985
173 37007
30 49012
142 11518
86 28586
314 65831
167 68982
155 69784
245 52393
207 51575
200 69333
215 34327
205 31248
203 42800
84 48340
212 41178
369 50517
16 15556
123 32114
258 46192
96 30909
15 41961
158 52734
66 7111
171 21775
377 26238
254 61627
325 54612
228 11888
110 5506
172 48366
205 8847
379 28877
385 12518
74 12836
154 42395
19 64940
193 44979
7 52884
286 30962
378 61165
400 23070
373 62555
9 9177
340 34499
15 15778
278 28140
380 69623
320 30915
286 7229
313 61397
104 4366
47 57494
384 30511
385 14118
31 60794
243 29405
180 47502
62 67562
369 7287
29 40497
172 60752
240 29395
256 25544
333 60299
153 347
58 59334
284 23202
389 17782
300 4757
268 39602
38 61227
325 59977
342 16488
375 17049
207 60802
143 7632
215 69957
220 8623
169 11792
339 56058
2 48238
172 44097
148 1322
180 3690
310 38558
217 508
145 58000
384 14289
101 50675
242 45512
290 23772
394 17322
96 37560
313 7558
311 69657
339 17395
215 4530
240 36275
370 34289
380 62611
157 6094
391 41696
146 5190
389 18792
177 29785
78 19837
90 18805
223 32308
101 65858
168 50126
139 50804
204 23340
106 25791
325 40549
117 56341
93 6146
353 39273
38 33390
313 5566
82 9359
298 947
220 45268
8 43467
381 4550
120 35706
360 4342
308 3554
303 35864
394 45246
219 36761
237 52290
216 23306
290 12277
246 13217
324 16719
73 45007
1 52938
74 62206
235 44082
308 4972
392 27177
88 66903
290 23291
250 42724
151 10411
146 34057
154 1588
332 38340
257 25197
87 65867
245 23640
57 54577
117 30862
330 27912
163 43955
293 47557
277 19428
299 2104
373 51104
287 28112
338 53018
330 15795
365 21071
9 51528
237 50517
330 11936
155 65416
179 35066
342 16467
283 20225
368 37187
239 69306
255 53688
302 44824
382 13120
397 8090
234 62076
4 48676
357 57419
319 26918
166 56307
334 49427
182 19806
134 55318
212 64862
381 39720
243 9849
2 12585
7 12423
211 62128
252 56917
372 19092
239 21336
383 54986
146 20982
47 6489
396 15052
212 28188
151 25147
338 29883
256 54818
321 61466
75 11035
318 52702
396 35166
57 8892
175 67875
293 37381
321 67044
299 68660
388 64929
264 16309
240 26843
346 69192
156 40696
247 10797
265 33466
22 5491
344 46289
244 36284
222 14262
272 64952
103 65064
319 20461
208 55393
169 39335
28 33122
218 69103
208 68629
82 41762
391 53294
181 41115
143 20530
60 22200
202 16724
274 32356
14 11264
360 45181
69 64936
2 56295
205 31252
56 47110
25 37984
325 47423
334 66783
155 50912
40 59430
125 23945
355 33886
147 40552
33 35119
74 19566
394 49590
386 63880
376 13994
302 32384
343 3262
119 30129
267 63378
394 66764
122 35485
101 6712
381 57439
382 59998
339 18794
380 37230
398 68122
380 41200
4 263
349 1459
400 47420
292 35743
366 50961
25 1051
355 52471
280 16707
66 41111
305 47894
392 65084
184 3653
241 59615
6 40449
336 19458
6 39625
188 52443
249 45734
317 25756
275 62056
307 33107
379 42489
159 63593
79 42949
200 19862
78 46344
248 46983
236 61907
12 35122
129 57094
56 35576
266 20893
352 36404
118 8063
208 58447
27 16636
133 45197
223 23586
193 60235
383 64325
203 5342
188 46956
333 59081
376 23601
5 424
29 51457
212 13173
103 67372
34 45566
229 35515
40 10499
348 38688
164 46194
148 31418
216 2421
169 27075
220 11735
395 45659
344 69510
46 47005
26 4499
315 31377
118 69441
333 4365
337 43176
309 12015
149 13579
247 1705
80 49150
202 36948
197 34393
380 28218
185 64666
203 60657
71 26982
349 5972
237 27991
330 27630
365 67361
269 65737
141 59684
326 19095
247 12291
186 41377
58 24522
50 20969
7 38196
168 35266
100 4597
77 60528
44 68885
118 26003
397 23188
282 17852
169 47095
213 68812
310 54821
217 40883
303 28502
311 29296
352 59827
26 20929
381 58814
237 37055
12 1621
192 51029
231 44676
391 34991
75 68372
107 25788
395 47907
199 1168
397 55521
220 47214
140 40533
62 32102
148 44027
372 23700
58 44780
140 58756
225 32688
36 41488
214 58974
338 64600
5 12114
222 32590
34 44424
211 41628
257 61314
385 37224
254 7281
237 69370
86 29972
16 34914
27 3846
388 6758
244 24169
314 38611
123 26773
247 9003
13 46009
162 29236
62 5910
391 62558
386 30084
55 40205
5 6321
134 59756
116 60020
28 1644
338 28060
165 1970
52 19499
193 10026
293 16410
100 64655
34 45315
343 34110
15 9760
165 66495
129 64129
207 58809
290 66
8 18372
384 68291
186 64107
158 56125
367 36743
1 55800
313 39474
132 12879
347 67224
261 57161
125 32774
246 25237
124 68371
285 46866
327 59356
196 29807
212 16320
9 29708
361 125
383 40086
387 46772
187 32038
194 22015
296 21545
219 32414
36 5534
293 4765
193 26968
236 6138
149 55806
145 29487
27 54441
264 24448
207 27325
105 24379
357 20464
272 60690
227 52772
77 44904
290 57606
196 3331
113 66068
334 49910
306 9005
294 31215
268 66591
44 9989
71 48775
230 42908
51 57334
170 46712
65 60054
262 18656
152 61233
360 27991
289 51962
166 38990
300 30729
136 68813
249 64703
264 42422
191 27273
281 70000
313 40755
77 50529
132 768
397 6268
370 53296
5 15790
250 53792
118 33742
5 26840
146 38984
323 687
19 30231
244 8313
372 19357
288 53497
23 27858
336 9654
109 10228
258 30104
193 22891
216 58518
286 28535
105 3885
148 19239
143 50576
375 21578
40 7160
352 43820
229 35011
378 1791
318 8306
101 59935
172 49906
375 33808
77 26376
262 34777
180 17940
176 12958
6 44371
35 1736
190 8911
357 29881
57 22813
349 1305
267 40542
56 1142
185 30331
230 25315
205 25566
42 21214
373 18543
269 54534
132 23607
155 43805
384 56460
68 49065
18 35718
13 16624
105 39067
349 53091
71 28788
16 27927
273 3890
119 23343
260 43515
38 15196
171 27640
21 55027
42 42525
367 44376
87 29495
6 34961
299 50455
301 54167
245 64868
125 20903
231 5294
273 57280
71 60585
58 60133
320 41325
203 51240
62 49860
46 23127
181 31206
109 30912
283 43195
265 27257
393 46992
87 24291
255 54406
254 14397
333 11174
347 54506
74 489
334 54279
177 51409
90 31142
174 68053
152 25537
150 26655
372 55219
349 61164
78 46722
93 21819
74 3822
374 45878
289 31582
392 56437
303 43467
298 46477
323 45615
135 4311
50 25056
364 46595
179 51028
43 18152
308 30768
219 64816
116 17668
150 35293
359 19007
122 4970
85 13810
328 41246
203 52440
200 65109
9 62532
51 5958
163 49041
167 34823
400 66098
6 54196
29 49164
8 8827
395 28302
276 39639
93 31457
27 37317
331 24627
222 67836
369 1567
51 2772
177 5813
228 27643
93 28785
335 3192
366 59519
135 46087
224 50567
273 11096
3 41785
280 40225
268 935
346 65953
257 8899
105 51376
113 25408
379 51241
106 39387
42 61031
193 6086
180 68474
365 31507
204 36245
92 22862
343 67998
189 36523
241 52246
228 37032
150 28210
153 60374
313 53355
249 40592
272 41691
228 64036
325 14440
189 54612
391 23890
334 36371
311 44817
129 53240
235 16479
311 12912
223 6603
341 14501
95 20843
290 49453
254 22661
91 9858
162 22379
143 38150
246 19539
387 9675
102 22496
15 4325
55 14971
95 57021
140 62916
372 21923
98 28291
352 12731
293 53748
397 11379
89 23346
374 62402
258 49492
76 1564
27 52083
291 6963
243 64950
146 30425
220 1521
119 46931
379 40740
129 24153
218 53627
388 55406
361 10164
264 56758
280 38017
122 46700
127 53509
170 49156
39 37251
11 62537
286 31333
183 8604
86 45938
136 49038
150 57073
31 37806
232 26855
129 40215
378 190
229 9879
253 65191
280 29927
121 20617
121 47990
183 15386
237 62285
389 25073
316 198
134 63035
290 68087
303 48116
127 63277
331 52596
264 28074
200 20378
99 17632
120 42261
255 69613
193 61094
169 19427
349 19849
296 29299
26 54759
211 31163
43 61515
309 30893
261 11192
304 8972
67 16589
327 20392
355 4543
19 8976
199 8491
399 53132
133 54842
331 47565
215 20983
333 18721
236 62543
107 64533
197 29708
354 50386
313 62303
146 7307
241 20891
288 39902
188 52956
19 22615
316 8509
184 49508
247 42139
366 46532
136 10452
378 16409
155 16265
148 27006
132 46317
88 11682
281 58769
198 47234
292 49544
146 22478
114 28482
389 24743
374 44347
90 158
102 5657
50 57112
189 4761
17 48253
216 35313
222 41943
137 62439
343 34740
167 46590
379 19347
92 30884
78 60853
309 64159
24 22245
277 24145
374 52086
307 60138
296 36745
296 61110
385 31060
162 24557
122 48488
195 14209
207 34880
274 56808
273 44621
313 60653
386 17384
261 60084
349 8666
234 12905
171 10221
205 11020
190 63450
311 55051
74 56257
57 13908
295 55736
146 32525
193 24828
378 65420
232 17166
11 34420
16 25553
19 50993
290 36108
36 29518
361 22518
260 42098
390 17634
29 15482
301 7882
173 27914
5 42630
263 41078
300 63420
224 69751
369 54440
387 6228
392 42507
126 2518
265 53851
227 64518
33 58696
216 63475
47 54348
279 11998
345 13645
126 25536
181 22731
112 47672
192 57097
195 8566
42 54070
384 40900
88 69705
358 40668
177 51976
231 34978
18 56708
313 52460
394 13252
199 12427
142 16089
365 24293
86 4234
159 42486
301 68211
67 23656
213 30744
162 61408
386 38555
220 10549
138 45298
369 3999
252 38515
56 58209
229 45881
91 26907
108 51651
41 63691
136 699
19 57161
52 32457
384 50271
66 51343
250 61625
309 34762
398 938
325 56667
255 20675
15 66111
324 51000
338 6904
246 40073
324 63825
34 14216
27 19373
173 23369
20 52934
139 52966
223 63120
55 67291
1 64198
