3000
2 61370
205 46191
233 58146
85 58805
115 10063
341 57767
111 30912
26 23359
136 43445
174 30388
70 22922
57 48137
130 62782
333 36124
78 3739
36 10353
99 8627
329 52622
112 67889
186 37856
17 15540
111 328
154 56911
198 27571
125 898
265 57532
165 39765
283 42408
118 44621
279 36607
81 67577
64 20994
125 24051
328 7174
234 30396
214 52624
53 5166
215 10196
236 44516
340 14143
165 20315
84 24437
261 31980
227 13965
156 5421
33 34077
279 47592
138 5305
136 63547
221 46652
222 46102
113 721
196 52088
285 23228
228 59909
13 44754
97 42948
296 64749
279 25228
84 35447
313 47939
101 64956
18 46605
60 40519
207 66158
204 46328
95 15269
338 17163
3 63660
151 38970
47 63701
220 18146
306 64141
347 7272
89 18433
246 13702
209 62311
332 8802
327 13427
119 55935
316 17043
251 14498
343 12593
339 32331
60 50057
91 1258
101 26333
323 22688
139 66844
62 18419
227 32790
255 50623
340 56507
293 48117
94 13645
343 58786
48 61734
103 65692
79 40155
232 9423
199 63101
266 46126
166 44905
114 17239
350 9169
88 37742
148 38921
108 23804
32 34928
201 63411
303 65120
323 14655
232 49851
149 63738
162 63801
245 14353
89 64240
120 41995
92 52624
72 65382
70 46835
163 26118
265 57072
102 35137
142 22350
205 23667
71 28853
85 62796
25 47997
113 24861
100 55410
196 10321
291 39759
165 60312
290 44770
216 63956
249 2416
311 58634
88 54349
35 64986
335 28591
272 21962
143 60805
139 66972
52 57288
259 18428
281 17112
97 63242
311 24621
272 39499
193 60835
172 61532
257 30683
214 21702
315 50997
262 38959
229 48223
135 28230
81 48666
209 29951
92 38042
114 64180
213 25453
147 66313
11 37881
252 46536
125 57917
254 32932
31 17180
227 57847
117 10608
153 10935
247 21062
206 21284
185 53610
177 20086
268 54347
265 55198
143 36402
52 59713
186 11731
163 23364
23 2941
2 65574
350 54656
31 64972
217 67692
170 12805
62 9117
265 51605
94 31424
73 12788
48 3551
46 7707
202 2461
23 61629
109 34278
330 4193
144 4501
148 17450
130 64939
350 7419
317 49353
60 22368
40 56589
187 65237
61 40719
110 68432
84 51560
45 27357
68 45340
39 17452
224 68868
33 34682
206 54311
324 16727
320 59282
91 60531
177 9554
96 36848
149 17383
167 68397
111 37283
230 62226
195 56873
119 32070
178 47542
102 50704
231 33402
242 41808
117 43933
346 27681
72 37495
165 14928
282 50939
319 9255
167 2185
39 44364
23 41542
271 55493
331 48910
69 13230
56 35034
334 22714
17 30278
285 33998
98 17322
233 2195
118 18810
208 37974
90 61733
118 32551
7 40236
323 39152
44 51933
136 55464
257 32253
309 65045
338 51596
104 39246
189 7599
220 48027
243 1579
256 48061
215 60592
260 69222
144 41807
70 58797
90 37634
78 65292
63 51650
240 27724
64 26726
83 6131
209 28407
90 30679
75 5743
107 24220
226 66396
301 42696
302 46538
53 31364
13 12360
262 41904
90 22671
30 66980
214 4461
221 45989
130 7657
24 69744
238 1265
164 51485
227 42814
325 28606
295 36850
184 24840
50 34012
130 34157
279 13061
246 44680
242 4213
138 22079
104 60249
106 39560
141 62972
141 5451
234 44868
240 47053
76 10259
14 69612
242 18917
152 49146
143 42247
324 8275
284 27877
9 20088
209 40755
285 44991
327 13529
186 51951
182 25433
138 42994
9 30223
156 1855
203 34365
66 44961
43 40647
324 12453
187 33819
279 55493
43 57628
207 61138
73 4675
241 18789
105 21212
269 41717
156 20198
111 49718
73 54250
350 27019
312 42861
266 34030
125 68016
236 4080
44 58164
114 68303
43 22359
336 50791
304 31500
220 48944
89 14301
241 16088
147 56313
125 63119
340 59573
7 6812
67 22033
9 32847
320 66099
206 24587
107 68929
324 17409
156 66409
23 14622
310 23812
13 55764
78 35445
52 10649
59 16166
341 61292
93 545
131 16081
243 11310
119 54304
215 874
121 62138
273 56093
109 6255
130 62993
209 10263
166 6387
107 4717
58 56391
259 61884
184 11573
38 19713
163 38724
345 17073
265 28795
231 58145
189 4107
90 7493
36 45203
31 32898
350 22529
190 62338
75 24376
130 26113
255 53304
207 32609
1 61408
283 11264
228 23793
24 6653
161 69653
315 28008
188 15087
293 29567
212 18260
67 24496
81 69934
330 55707
269 37018
296 52653
204 30700
310 33773
237 31200
237 49606
147 2096
200 9090
189 45705
83 55661
130 54830
272 56353
266 69861
199 27835
133 31360
78 48716
131 20412
178 33897
24 31228
255 63728
21 15905
265 182
250 2450
97 3491
18 37125
263 54739
338 63576
132 68037
69 49984
151 61347
188 30773
213 68790
54 65820
130 46064
157 30152
257 18957
201 58288
141 53887
17 36532
322 7096
341 58504
213 17757
114 32139
322 36874
333 16944
105 31817
53 5075
31 56496
34 19885
76 9460
317 66607
265 5994
181 69989
175 28387
130 188
128 65497
50 38520
343 32071
152 4476
332 50284
89 26257
121 40122
346 45465
343 54268
161 69606
154 63274
257 8622
82 31122
282 27286
284 25869
95 39965
253 58496
321 69744
322 56477
142 69707
262 7005
47 33470
195 54117
232 11813
139 36392
197 28859
208 24095
304 46828
243 15661
246 58853
123 66971
84 9063
271 68920
123 48085
30 30348
170 67200
273 63509
137 56865
160 67446
120 64368
155 4555
213 55392
312 34626
68 1478
94 16521
300 22240
338 35896
228 24774
250 6772
149 20902
111 24180
258 18638
200 20231
116 19220
238 16147
157 980
310 42841
148 54351
179 3679
162 65766
314 52375
139 50585
292 2011
139 47533
313 27446
123 64856
142 13630
11 2646
91 62894
177 46053
234 37380
340 11152
147 43137
340 59444
34 18967
194 60896
3 33102
131 42185
61 51543
319 21864
243 45412
333 54532
284 65678
311 38343
26 20238
11 21957
38 63667
246 33685
284 19527
10 37839
117 55789
306 6344
294 51843
38 60178
145 43854
295 10967
117 31795
78 66593
133 48746
243 41178
130 53197
160 37118
298 53985
278 16925
37 2951
89 55061
314 21106
219 37032
77 53806
295 32115
129 65172
20 62137
179 44584
259 49141
344 33330
206 23239
85 24228
230 12414
206 52553
42 32646
188 15472
111 21671
110 4482
216 69669
24 30315
237 24648
294 16559
192 58775
35 58420
336 26594
273 32320
212 32948
262 23315
83 794
340 47602
74 34610
323 48231
176 61701
79 8619
37 68023
123 66581
308 36278
290 16057
198 58719
260 65754
161 33016
28 42695
215 63686
88 48452
168 66655
214 49635
321 59922
232 16058
148 13812
48 56591
240 5692
2 12974
260 58242
343 63984
217 44626
194 62501
301 26340
234 32131
237 12377
207 18754
270 53894
153 15061
126 21595
90 19894
128 44682
128 14615
54 63478
1 54910
263 59789
302 40077
305 1767
8 48143
257 29134
222 45386
101 42606
103 8295
259 59674
237 26951
69 34717
15 3820
121 21277
267 38738
56 52755
13 13507
70 27025
250 10189
8 63345
193 19544
57 35613
49 14804
244 29075
45 64697
7 63431
159 30220
270 46017
173 33446
171 14535
9 3155
260 28565
122 32482
312 41562
197 60544
102 29417
249 46186
91 32063
115 50678
148 28136
298 19262
313 60507
120 42401
42 55370
155 63397
199 25343
165 22217
250 12284
71 7418
148 48759
75 24770
190 34136
24 21216
114 24195
326 14400
14 47461
24 1109
120 136
304 57138
290 16536
304 44068
40 41244
116 36603
12 8430
74 20012
274 24895
235 52063
337 58310
342 10600
165 27547
32 17214
43 6917
153 40049
216 50432
289 38772
240 340
22 38269
258 54298
58 36623
338 66681
103 19889
332 20662
116 5302
23 21623
316 47486
272 7081
124 68495
85 54177
320 14448
322 18058
127 55412
22 30542
69 36194
329 6833
129 57747
196 37491
69 23209
25 15853
12 41665
233 8602
257 20606
211 51853
205 53523
256 6337
242 6362
326 179
97 42145
339 8713
112 48409
31 56650
110 49533
348 55553
29 64607
195 25828
73 23080
85 49679
34 8321
1 56822
89 29450
11 6609
349 63411
158 13462
32 29849
5 53403
154 11066
195 17572
15 55433
27 36855
244 4282
283 22401
148 32258
53 10449
175 31386
41 45509
127 18994
12 45807
227 8919
37 23048
2 52863
65 66182
69 8248
248 39416
165 61289
222 9805
70 51540
192 31476
178 36747
119 33994
286 28159
293 48411
273 38560
131 31402
343 9236
328 393
182 42812
230 30062
298 896
234 10473
157 33520
185 66678
119 43406
214 58584
21 58853
337 22190
318 55677
239 15532
255 51409
58 53461
226 28638
276 56053
235 38501
174 60132
181 41274
150 42378
188 68719
121 22362
87 37688
339 18881
253 54627
189 9937
93 53250
258 18117
348 29682
87 56689
12 21573
235 53301
137 29110
193 62374
266 53089
39 28835
37 63302
178 47115
247 13315
140 24183
33 6579
166 33031
274 4397
115 5219
45 43875
108 56688
43 52520
303 68977
80 28656
342 51672
244 53938
115 39783
335 3114
146 14329
76 455
164 60596
286 29286
154 26169
302 28229
132 46469
235 66130
198 64648
268 5926
312 41766
117 59085
236 493
140 6662
118 9673
115 67142
184 34807
140 8241
59 29932
18 31740
209 37594
235 1033
197 22534
40 30455
199 34149
110 57018
41 6812
42 27184
21 63724
242 67909
216 45676
317 36639
5 49378
116 30559
165 60865
13 39046
172 15292
7 5633
273 36764
228 52508
246 17130
349 16728
21 42803
117 59566
175 44578
150 56052
74 37981
269 49846
193 24377
209 38358
348 19875
140 49670
174 51771
7 66300
135 40776
337 15005
180 24728
201 26566
294 12111
118 65582
241 53678
342 25921
57 27274
14 67817
102 47665
125 67221
239 31170
188 14251
187 29482
243 44361
207 482
304 11382
287 39829
97 33949
296 34174
303 68128
164 8501
64 8458
133 42794
136 15273
185 42263
344 54380
327 30280
289 64226
268 36466
207 368
87 472
82 64356
257 15066
114 43902
172 26353
252 6756
54 52436
166 22209
223 26925
26 19010
79 29547
50 69138
111 10342
131 21728
93 29642
193 13632
246 6659
287 50329
27 24598
160 4791
87 15863
72 47880
95 58701
169 21084
172 5390
221 23222
8 43287
28 44258
165 38909
167 39468
252 22584
85 33957
139 7893
260 2564
325 61805
49 60692
53 63584
203 57537
18 5893
221 30660
306 23340
187 39492
46 63162
161 45530
299 42631
302 21073
317 43161
255 36934
266 3804
133 33205
201 27127
126 19970
339 38200
100 66603
233 13515
62 7413
131 36501
82 7551
68 52940
173 13697
200 56292
90 16487
174 26967
334 7034
251 48780
232 39977
111 18614
306 60419
143 12088
79 46448
199 15903
161 37325
333 56304
37 50677
269 64200
45 13600
36 27816
174 54328
345 15931
170 62417
275 31700
102 64072
187 42989
319 55941
19 34683
144 53688
21 32354
145 47618
247 34960
113 38602
269 26044
245 53417
196 11463
146 17849
175 50317
172 10318
27 44186
154 69702
339 16601
101 19539
262 31328
111 31388
75 34438
56 24071
172 25597
242 24604
47 60050
263 27783
137 18127
6 47368
204 53324
141 69100
159 27361
303 69757
96 20640
281 30653
319 16791
96 10427
335 9635
278 63162
198 52993
268 44153
185 26270
21 44132
303 23136
245 18159
83 2245
115 57494
31 20603
209 60266
36 8689
84 25254
297 23650
303 25146
51 57071
98 7151
200 52498
190 57355
181 4585
177 68048
324 48880
172 538
56 34746
94 8648
78 30570
330 13370
126 61937
138 60560
236 60592
271 2701
183 31253
117 63267
277 16120
99 60831
4 36746
41 69529
341 68123
69 10730
247 57170
147 58531
283 9832
108 40313
233 63015
303 28280
244 63505
90 20083
251 40238
179 3768
349 29758
95 46504
115 32429
216 10645
115 65071
306 51616
135 27384
44 1034
324 23555
236 39721
29 16082
300 22863
249 3845
77 36267
177 29808
299 65134
348 16368
128 14511
264 21889
274 43093
308 8972
152 65906
299 62682
337 1378
109 23355
271 44856
198 55471
347 13051
76 54190
169 21008
172 37068
273 31122
32 13120
243 62394
25 62785
318 18193
104 32965
72 27226
310 15314
194 63459
149 41632
129 34889
316 47902
15 11796
124 60053
190 37001
299 20244
259 56714
90 49255
180 14671
123 41855
344 49460
165 68116
242 14774
198 44270
1 2491
77 34468
190 6800
216 16960
13 25072
141 9748
134 57517
220 45695
44 69184
167 67155
259 35369
187 13244
192 32478
310 33095
342 60684
123 28489
120 3121
139 62564
31 43480
315 43835
129 296
207 62510
205 1733
263 67183
135 17975
89 26058
308 19956
43 43489
332 4680
216 40667
163 19904
161 26759
106 12587
289 9437
107 63927
106 44874
145 45261
61 37399
38 56437
299 15529
120 65153
345 37602
329 32257
295 17479
42 34419
326 2473
130 23824
265 58017
319 42762
18 57083
344 55292
15 64986
58 9081
112 55466
34 38039
107 58012
81 65373
212 23794
96 38690
289 27491
98 26158
108 4591
307 19617
28 303
88 11633
339 4007
73 10090
216 19569
29 61569
184 6721
121 26091
333 47473
221 3465
320 30732
58 54351
275 29363
33 44733
102 62380
288 9215
310 24052
294 64046
306 68487
51 7697
96 27047
176 22586
64 45935
266 6259
37 15655
235 46855
135 16708
166 56204
215 51452
337 27376
163 4136
6 47024
62 65808
189 50550
177 16261
241 48607
55 41000
159 57479
46 65682
56 25328
84 25401
88 7604
307 57074
178 31042
172 5334
83 39874
149 68332
312 57946
10 53237
265 13224
321 33790
156 67728
208 68154
50 16313
70 44447
233 10457
166 33987
22 12391
227 7351
56 14336
162 68297
165 59256
49 48882
144 28952
24 66399
241 46336
305 62146
31 2585
273 30272
277 43163
168 51090
111 62472
318 9468
251 50511
250 16409
249 66394
41 43733
195 11306
192 2557
80 63127
66 36474
95 11216
279 33523
78 32755
178 35897
112 11930
94 61531
63 13741
3 8375
89 49184
14 43487
281 13633
34 35413
38 6026
256 5842
43 40210
200 69261
248 9163
105 36977
316 50551
105 10309
81 5620
186 32932
233 67863
239 27065
167 57162
338 26501
19 54465
72 27480
279 34737
201 11123
62 26052
182 63172
271 41508
152 41933
275 36093
338 59485
81 67388
153 63456
107 12941
84 23764
224 1666
73 65643
138 53489
247 12956
113 50630
112 22983
238 36878
275 24753
147 29750
251 62982
153 55413
21 45733
135 25023
215 33233
125 31300
187 68347
114 33266
275 25314
78 32831
121 16733
312 68864
44 63810
268 9083
111 25185
29 15017
288 65085
201 11599
195 30768
235 43925
112 27983
13 45632
249 4774
211 55344
4 3805
53 27961
345 65550
250 69316
203 39884
69 59097
30 33781
294 18063
171 68247
144 11432
144 15951
167 55602
273 10281
81 62925
350 17185
238 488
240 14448
260 67370
216 35366
257 16623
229 35613
280 17030
147 52670
339 55228
147 40944
126 59820
155 34693
218 7472
209 64896
20 43105
202 52310
198 54650
176 52766
80 4829
120 38883
322 54500
121 27277
269 1876
81 12983
200 32053
331 68716
168 54490
181 55586
259 3812
18 52585
230 61262
84 7254
249 15829
25 8897
115 48628
309 15029
338 37784
217 31
250 46719
316 61317
21 31363
183 50039
72 41097
320 41091
328 37253
252 45672
292 37523
67 42264
329 21251
115 68045
31 24234
176 31294
29 44656
25 65693
94 67581
209 30497
265 48174
103 452
286 52906
44 14792
241 34836
112 19179
330 18674
221 21678
303 52229
159 20143
167 53978
200 38103
274 6982
301 33132
156 35523
269 50212
328 5836
186 24920
92 29289
122 24160
341 51214
195 13611
94 63896
248 39258
42 33420
58 30920
223 9489
11 65709
86 35712
1 55863
296 58046
307 64984
249 13627
207 10474
86 32763
196 23727
281 54177
127 65060
110 9970
107 62110
110 60402
158 42755
154 48430
267 31771
343 51218
157 10857
39 6959
136 34298
83 64899
250 54098
54 14194
52 56500
129 58578
55 45728
180 15332
245 4195
314 13570
77 18405
227 63704
21 33029
343 35942
208 43650
55 33072
159 10862
172 48384
111 35794
187 39615
278 43294
21 39239
329 60757
330 27514
204 41673
90 21269
237 62475
345 57115
244 53626
350 10459
210 37577
336 4681
76 49896
252 8723
271 67557
31 40418
290 21034
168 47294
47 45319
155 69411
310 26485
240 44439
201 1233
43 18918
338 23613
201 59981
314 736
189 29284
28 65723
143 33158
241 54176
52 57847
80 20336
299 17769
291 42536
29 6111
238 64789
115 57364
238 49085
140 51122
74 63621
347 5626
225 22001
315 18489
251 48978
74 63562
39 38594
243 34788
247 15153
56 1797
277 23863
269 49240
18 67032
166 69713
32 26218
227 15477
318 31134
248 24829
215 40419
106 14257
320 46004
26 18870
273 2633
349 67477
263 54807
219 69939
105 58161
244 19621
102 3833
312 14071
16 46833
128 30796
66 49347
139 16688
56 3914
300 53189
63 14670
198 45545
54 47740
230 27850
207 58264
137 37591
260 53913
346 55365
334 38959
302 69361
147 63140
297 42227
281 45747
158 54921
315 65997
330 18537
248 12813
220 25287
151 23716
135 56405
326 1328
325 39233
216 7413
77 57842
148 33228
277 44127
299 58269
209 27632
24 33728
3 64362
83 31077
127 5406
136 23089
246 32944
80 32009
120 18997
74 42221
339 32827
23 6946
133 54413
318 43172
248 2079
288 16246
174 66744
9 21324
286 56709
312 15433
249 41517
276 59073
247 26299
43 62421
161 63155
181 56542
203 16368
74 40824
149 54631
203 36845
279 24734
328 61155
293 7305
170 52134
11 58616
38 3273
308 49204
91 48430
25 13710
191 35649
154 50270
187 22714
108 3758
78 29028
308 14908
94 776
53 13576
38 37019
99 27350
258 22489
66 46447
290 5541
209 48207
337 2171
177 12418
309 15012
157 50839
311 34320
76 44284
57 62641
56 47564
191 4839
256 46608
57 29737
326 3875
166 16738
90 17602
158 1981
187 41407
134 57013
154 1529
197 69191
12 11263
92 28084
290 8332
223 24407
136 2728
76 40979
14 51053
343 24288
92 20128
243 34932
345 13032
48 2588
156 8747
40 46732
146 34565
199 2770
98 60546
73 63870
203 8161
31 42644
59 29954
244 1834
136 16204
203 36568
66 51405
218 24931
168 31088
168 66036
68 48845
246 1760
229 46370
258 32414
285 38806
82 51050
311 56722
194 37330
349 51936
38 14885
259 68741
238 59536
207 12651
282 53273
57 1971
32 54337
56 52937
97 38443
102 31961
225 65477
111 44843
49 4276
190 23505
318 28597
320 5660
114 50752
207 57956
150 26641
265 14700
136 34101
258 34781
104 63399
137 46124
199 11879
245 66183
184 2335
183 63241
259 46436
327 65927
104 36629
212 56589
308 56167
90 47559
145 38077
332 67284
320 67670
59 67697
117 65034
103 11864
61 5644
226 33303
119 33862
332 49284
52 14949
155 8263
74 60283
248 41509
75 68235
169 15347
1 39739
245 25175
5 68122
214 58326
249 40885
226 23040
191 9425
65 40936
267 26717
220 52143
197 69935
48 49632
290 4530
261 24062
101 45182
289 33012
113 49373
227 23095
307 31995
79 17411
255 37229
25 55128
109 44775
62 7066
119 24741
142 32516
108 56792
54 9842
302 41949
246 35076
183 16134
56 45582
182 50109
114 47839
58 50664
181 7227
150 39225
9 16221
269 57119
97 54317
327 5341
154 39573
292 16912
36 57808
168 11021
101 46921
164 4854
149 46766
338 63207
130 42653
157 9919
168 4801
312 55918
300 51049
25 68962
227 51946
33 12359
100 33063
162 5697
147 51523
328 50609
116 20422
68 20144
258 22344
162 63816
329 52834
241 1137
228 42203
21 2465
160 56211
269 39785
224 49061
164 15223
170 21409
117 9547
229 8404
293 69196
124 26254
13 40553
155 68792
301 12126
18 23530
164 25318
132 16865
118 20882
336 22193
158 9853
289 4396
211 65754
128 6057
294 3317
304 69962
303 63076
327 63426
344 41166
165 69121
147 22339
300 1654
152 21394
133 33424
232 66125
13 47615
268 50347
213 58332
344 30610
24 36177
70 38944
281 17874
342 43503
12 25377
82 35201
115 49805
292 51128
208 35121
222 31114
249 33574
163 45420
297 45934
107 60578
272 54388
273 64383
29 30770
99 10
29 56623
37 46567
221 28894
235 29560
66 25878
164 2693
200 69977
87 35106
203 42355
307 43179
222 53748
292 41728
294 13370
7 62032
13 9754
338 33240
34 652
269 13522
80 18894
257 45440
163 36260
320 42762
20 42437
321 59160
296 69563
191 67496
281 20796
244 8321
150 17101
163 46128
214 36596
324 22215
252 61475
182 51411
95 12908
51 12713
339 54286
55 10945
203 42063
222 58167
138 44500
67 1711
283 4950
1 16529
254 8407
277 12786
265 16949
277 7377
146 46507
34 60736
88 117
84 33123
87 16106
215 2021
56 8586
15 58866
295 37367
295 27639
350 38396
320 42694
22 45275
313 19906
271 50564
323 23805
173 64489
198 44823
217 56560
76 25046
197 64311
213 58574
143 28053
57 15197
93 54496
13 23204
9 38053
132 56179
306 58082
102 63605
244 46611
19 33958
251 30072
119 11409
219 39392
231 13194
230 68566
138 2407
224 41146
70 61135
89 65885
145 34683
308 32591
183 62580
300 41846
43 61782
43 10048
209 64936
316 46583
27 101
42 53907
148 41704
106 3156
128 11643
250 62960
336 39869
120 30089
237 10952
207 21376
313 56047
234 4926
164 51300
266 7807
177 25159
343 368
211 23103
287 30777
152 57305
265 5304
9 17218
283 29711
248 18889
52 24339
32 31057
339 12654
172 50156
277 39027
89 46748
139 48361
49 3744
23 61242
255 35009
332 38061
323 28054
344 60791
71 22584
160 38942
285 16056
34 46987
124 9205
89 13769
139 6288
251 7092
177 13089
13 66621
109 45600
96 11831
241 22286
268 7382
231 46763
168 23322
283 53467
104 52606
255 26955
17 68982
258 59109
125 36483
345 32809
241 5292
91 43842
81 63079
95 33357
300 55667
267 16561
324 46598
89 10537
225 10699
224 52249
245 23778
25 36681
103 52391
185 24976
25 15576
250 66313
220 44551
37 33018
314 42646
48 44691
260 11660
249 63753
335 6785
33 39825
311 58326
146 51685
21 65909
299 12517
280 48710
141 56803
144 39837
103 42394
262 3056
151 29874
270 13795
338 40212
215 47060
221 54539
210 40063
60 9510
225 43800
112 19894
65 50578
235 29880
46 4997
228 65282
105 68836
32 57973
57 64503
102 10868
205 17721
298 24081
83 13543
166 39304
228 25813
229 35577
264 65497
89 56118
286 66449
56 24236
222 42748
191 63922
48 18593
69 23854
344 7824
223 53559
103 48836
3 52648
74 52622
60 20422
307 14334
291 52364
74 37295
93 65505
48 24898
263 45265
219 50514
273 33417
49 62195
231 36959
5 17664
116 60888
79 51645
261 33383
183 4480
237 38400
292 32040
61 17145
30 24804
290 36549
1 28831
170 27482
111 1810
142 57278
315 43095
311 45327
207 4028
29 43930
182 57794
316 59871
137 18606
162 60277
156 14967
348 62767
334 8387
260 18864
124 34839
249 50769
133 32425
62 47147
165 30662
118 67895
39 53257
295 12858
176 4759
256 37016
148 1671
112 63590
255 55064
69 43736
322 56218
266 40742
279 16370
317 8895
291 13101
98 41321
277 44635
306 23451
270 8871
167 19496
254 4731
284 20219
218 29649
337 44633
81 67094
144 30877
167 46842
9 37532
96 22238
23 29519
141 8678
228 39969
57 10864
51 38167
181 56464
317 58058
122 58156
97 54387
256 52522
111 51890
310 33205
145 44436
208 4171
101 1244
301 63125
16 32146
11 27336
56 33611
250 23556
251 22849
103 2322
95 12062
162 62759
238 59385
74 2749
309 51454
313 65722
9 14284
201 23782
47 47978
150 17640
283 41670
239 59447
318 51668
251 4095
123 37185
265 2788
210 59987
81 64197
17 10118
227 36799
234 13829
283 59032
149 1419
192 29382
32 36770
97 65721
143 18342
313 50221
178 33183
124 45737
72 66446
3 42331
97 3853
204 26682
242 69221
156 54362
324 49573
62 14710
283 39429
157 65256
260 2226
119 20440
225 11843
288 31729
272 63519
163 38999
344 63085
105 54847
48 58426
314 61408
82 34365
339 5420
158 63655
129 69916
267 12076
270 67557
217 9869
279 58219
329 60407
294 40454
85 18749
225 38955
230 41627
182 64605
265 30189
147 62585
59 35418
172 65203
116 54935
61 17170
246 30930
245 45901
239 39313
91 28415
330 195
292 5697
34 49771
319 46870
192 65274
46 47195
67 68371
65 12899
54 11002
256 44639
118 31150
240 26401
197 41775
39 2926
249 41818
177 40963
82 4980
14 11720
333 25627
226 7068
146 5035
284 60606
345 40528
306 42302
172 56316
336 48958
44 65625
132 37162
20 40966
120 59948
232 59020
108 45423
161 29650
320 5583
198 9457
39 28049
150 38375
225 5963
11 55139
305 55500
141 36467
114 69840
246 66845
110 39581
221 64712
172 34391
80 28884
250 44497
290 60199
320 46759
316 35094
177 21369
96 24807
95 47537
211 32954
15 53937
67 14837
16 26346
200 30153
110 38746
77 2136
344 43105
236 14320
288 64776
344 58546
246 48589
63 23110
153 16598
196 39029
284 13889
294 957
6 16784
38 31866
180 22807
173 4985
166 28302
168 13487
345 59475
155 10851
247 38962
309 43452
154 26284
128 17882
111 7737
211 50352
44 68338
309 15434
14 43790
227 41139
60 51801
339 55736
226 17800
265 36617
135 20552
5 39787
29 20333
61 2574
251 3935
84 68490
199 16376
27 23674
172 13708
330 12094
250 69864
219 57357
54 27977
322 25354
168 886
247 18258
68 67077
272 7177
274 18622
185 6915
109 33985
127 51007
334 33000
298 6288
137 47987
295 5526
261 33479
272 63356
110 27311
241 11953
246 16366
72 31798
349 4078
313 39666
63 48923
232 37103
226 522
333 12612
267 53462
343 24164
26 64322
279 65362
247 6030
237 325
221 37017
231 68483
243 24164
142 31948
311 3448
120 19463
91 19151
324 52442
73 20577
275 4047
188 28450
303 55542
225 24960
57 3217
97 65043
259 64616
324 51574
86 13053
61 30320
264 52299
290 12783
61 61720
214 15352
287 37076
233 20884
225 2491
124 62664
206 59907
264 37515
347 61492
162 68396
244 57416
259 21914
39 38617
281 24962
63 42148
27 30257
246 55675
154 42793
290 25724
212 36979
305 21454
283 34228
337 15501
312 24437
235 19036
253 60846
318 5821
324 27528
24 66052
281 57441
45 13812
8 66435
329 46478
326 19217
112 35297
123 34445
165 12375
161 8043
165 18292
115 22389
222 11014
177 14534
2 12296
238 11366
57 8307
237 7137
54 46044
117 49492
204 56340
166 49143
7 28615
247 29444
29 13554
347 40132
40 50039
128 63621
83 26279
291 29209
146 46382
4 8657
17 41476
77 28071
227 10210
9 38720
216 30208
137 60860
284 24487
326 7881
275 51845
72 65275
340 66709
350 4995
54 27228
183 10527
94 69591
96 11081
163 62548
13 38470
153 67510
49 19848
277 64758
338 45575
277 47755
104 18687
220 50333
300 54485
91 45594
291 11732
317 32913
90 66216
236 7200
244 52913
271 45595
11 48837
54 3348
297 53122
100 60673
246 67110
194 17025
145 15951
129 50883
151 55855
22 18079
215 61990
3 11813
288 64698
202 38705
177 45289
317 68355
132 48352
28 55954
13 54268
285 14426
238 58168
50 6816
204 47650
74 10299
32 4114
188 30506
181 37469
267 48517
107 40186
120 19383
162 63233
257 56171
20 10283
328 48916
167 53329
120 4885
347 5541
336 19028
144 2339
103 28001
26 12892
155 7025
35 44835
21 43401
118 33873
1 50747
135 57677
311 65510
210 67328
274 46745
81 69749
29 56827
108 55448
290 32440
333 67997
233 32489
133 24899
330 27697
273 10053
15 43822
46 13485
17 32339
232 63849
77 50967
5 52754
187 5050
189 19308
326 46146
263 20963
328 53418
240 65744
84 52233
11 10246
115 52955
185 36270
126 56441
177 21164
323 65671
182 32680
106 28260
213 66490
182 54827
200 43695
301 61540
186 4040
135 12013
90 243
289 23714
219 48132
136 23809
91 13170
63 29360
334 57405
30 43254
328 68448
212 29016
148 3824
122 27645
348 16991
223 15185
158 64990
30 33321
107 39103
345 2089
216 45696
223 47723
89 54446
184 68493
25 57117
296 1065
180 56549
323 3417
258 39149
4 12800
79 338
136 35578
44 27
341 39412
223 23814
62 25657
58 7669
90 20493
140 1052
143 12144
332 65057
243 6951
224 27746
340 8829
340 37554
39 44835
90 47618
169 28816
302 42228
328 22409
276 44952
176 53837
255 45117
325 47020
320 45614
167 6026
55 46336
280 23372
265 2970
322 64484
227 58216
290 6559
348 51669
176 19675
108 14497
254 41821
189 19424
52 47898
98 544
171 33644
252 28134
229 35474
348 499
323 49123
220 20965
139 59442
339 46104
135 9545
271 33604
79 25003
291 16940
22 15303
271 35907
256 40774
86 50552
138 8234
97 26975
291 26602
231 14902
244 53695
299 66381
232 45705
19 52417
110 33290
101 12867
318 65110
213 15026
149 39598
256 40560
286 27451
153 34129
150 25113
111 30122
317 37313
281 7593
139 27904
100 69774
195 18616
112 60970
238 12133
99 16937
85 46094
223 29267
196 68645
171 24705
66 40864
317 57877
312 65988
274 15733
280 67235
8 391
236 48474
12 53029
288 31126
26 24659
14 10583
34 4853
152 63682
62 28645
288 59184
164 68139
226 12079
219 27271
85 13360
173 34764
295 60958
152 17629
9 69937
67 21169
212 598
257 56757
348 54252
156 21851
138 26538
104 39753
162 65358
263 64831
312 67204
8 27638
35 33202
288 25574
106 61424
224 35914
311 65299
22 17350
170 53499
280 39208
254 2110
226 3131
265 67620
223 61778
292 21683
248 52879
219 5282
156 62759
163 33755
101 15947
255 46940
233 55740
208 25376
268 58092
238 7939
249 22313
313 52540
20 66496
332 17613
68 11510
97 8041
305 66253
258 17008
11 33695
89 40986
134 10728
203 23215
257 19995
119 60609
267 46548
300 56870
46 28970
340 27280
244 32883
97 42242
344 67938
161 58202
160 8466
161 13125
102 59440
33 32189
337 30672
207 35040
327 23963
27 25328
71 24975
226 59149
45 68730
169 29923
157 23608
50 21868
319 48599
330 15358
56 43608
118 8042
172 2873
69 42262
240 17652
21 55360
235 51281
56 29026
269 47074
74 19000
276 24490
184 47946
114 36845
235 39774
9 62479
83 54230
331 17637
146 14320
79 53940
149 6799
230 26140
101 36740
277 58180
58 26233
50 48819
172 9746
121 16552
190 47506
185 50392
22 46320
245 52109
295 48212
266 57411
271 46369
323 42751
85 27186
43 63547
137 39883
247 28296
233 59958
78 43161
11 42642
17 63346
249 49800
234 65937
81 30000
331 30735
28 67358
141 34625
238 11417
119 52017
216 14228
68 52322
175 21821
31 53398
8 55479
111 68844
171 47496
282 42405
82 58214
286 24046
189 32447
29 51636
112 59526
314 10600
234 37187
336 6638
42 31127
324 29127
29 9537
333 13404
84 11541
124 44982
250 6306
239 5878
100 60229
346 33642
258 52701
339 47513
214 58488
47 36832
267 18461
264 41569
309 10912
347 56417
85 33580
274 45295
217 66939
214 37668
43 13672
296 4066
165 27413
333 35290
285 59830
131 11239
37 11154
196 31126
317 52095
196 9142
82 29230
289 68083
102 51883
262 55676
90 43184
345 39534
121 15310
243 58916
141 41087
82 27163
312 49357
159 42206
119 51496
279 7744
43 6184
196 31868
324 25191
1 52113
201 13498
185 32597
128 42789
123 40593
222 43797
130 40930
297 40050
130 60576
195 25685
298 67750
144 26222
265 28958
255 3321
152 43577
307 26663
29 53149
272 56157
264 33211
145 43226
101 36990
265 48366
291 12802
70 48066
148 63702
120 58802
119 53340
149 2819
284 39027
131 18834
99 59542
118 9988
170 63642
143 34124
234 13749
49 26378
148 25770
234 53612
22 47056
52 57977
134 17854
81 46826
80 52256
45 31916
250 54064
1 647
10 6565
236 43784
107 46740
187 44384
315 61566
315 4386
30 28815
