10000
46 239335
14 36870
26 866058
43 541817
4 129394
48 457995
34 870625
4 30080
39 587433
12 193665
49 41324
23 859785
28 666441
50 89107
30 942241
47 853950
29 883909
25 785582
3 507998
44 183012
48 95223
47 887353
46 380148
24 828050
30 516611
19 887670
24 170878
8 341579
38 503128
14 234538
44 416196
8 41511
34 630016
37 835173
10 395147
37 487062
15 507689
31 447883
44 104403
34 355037
2 475662
26 153764
43 533336
45 320358
22 709557
45 875424
41 449130
49 980702
26 101615
40 367167
44 664730
14 667255
47 790798
12 347641
5 83196
43 942041
3 791176
35 324836
35 811838
44 321718
19 222880
26 824141
31 264978
37 29930
48 587175
33 545259
13 599978
6 947587
36 617101
21 940689
29 465343
3 781172
33 384481
48 715941
19 955245
6 111338
26 23726
37 137383
44 715184
7 791923
16 224922
36 518206
5 436419
48 249327
49 410603
19 336775
36 225114
43 593750
5 841418
13 503251
41 581162
34 214814
23 114783
39 109030
1 250166
43 139359
44 303325
26 963969
3 975786
28 55721
26 358125
38 181981
14 609628
5 765600
35 116081
11 775339
9 189717
34 365056
20 476678
24 87792
5 655834
25 127926
34 413576
20 484269
48 388069
30 28790
44 628655
22 392343
33 625924
41 726024
50 794313
47 58807
34 686302
43 218733
18 112099
14 400316
25 513676
40 20627
5 99160
2 596123
37 762790
21 203047
25 84223
15 515638
47 875782
30 699902
21 797441
7 318281
45 797526
45 863414
44 454639
43 362542
14 317584
2 321883
32 276055
26 609234
50 14919
22 46797
5 732875
39 759919
49 686792
17 602266
30 744073
16 788345
22 881745
40 470036
4 762004
23 494835
31 875531
23 130853
37 940712
9 526349
25 201209
49 430715
50 403873
48 705731
17 985522
24 300444
19 555537
4 174373
21 212604
46 997992
8 598856
42 660170
21 681406
1 148568
10 198587
30 689939
50 783670
4 596626
42 590992
44 301876
42 260508
34 34253
3 591192
31 743720
35 181227
15 972878
19 512027
41 703696
20 543181
2 927153
32 564634
11 810734
34 45532
44 838290
5 703302
6 388151
27 146299
19 218057
47 258098
12 654725
4 514224
49 386852
46 197252
32 422854
1 53051
18 583599
24 275382
24 296740
24 708057
24 233694
34 169039
23 588573
4 229738
19 58905
7 429881
24 948256
25 51450
21 637336
45 748399
38 597256
38 303882
10 93122
30 196211
4 793154
42 568744
26 142136
41 109487
37 775704
29 145371
7 650608
19 805621
12 556173
43 617820
21 585416
18 923843
14 349129
15 55938
42 149627
27 114919
18 707980
35 542567
2 608834
39 14188
19 898349
14 640987
32 780018
36 387119
48 778595
20 20419
20 595744
18 499791
50 972355
13 657103
41 20345
31 929653
36 751949
39 719046
31 766604
15 971658
39 537051
8 449436
24 314462
26 486028
2 222595
20 569895
20 952496
34 456872
14 556391
17 736571
38 431948
2 103424
48 494014
32 268171
16 146393
7 508437
29 801561
50 59258
41 460991
43 396168
2 739559
13 587603
15 597234
16 472988
42 880850
31 291794
35 133169
42 632685
9 710441
36 250925
3 395289
1 161773
8 111476
45 812983
12 860451
17 265352
19 450829
33 92170
41 138921
42 80033
47 808709
9 400702
14 661196
23 400644
45 225200
5 384337
26 303490
43 5245
41 835798
15 589469
30 460639
40 485704
48 142255
44 215469
46 358174
13 988681
4 152348
38 254462
44 407209
43 691538
38 786022
17 404602
42 452543
38 94598
32 361356
32 249746
40 453672
6 237803
29 259966
48 976131
48 667346
24 438804
9 741978
47 963768
8 714683
7 582289
46 731145
7 612784
8 438935
5 697126
21 863437
13 55871
8 528097
38 556221
35 816292
48 403489
34 204607
27 141077
33 357208
38 526074
20 40333
41 649153
23 516282
17 259347
48 362713
26 123592
43 371317
8 967179
22 69741
11 205573
50 738862
7 359461
12 155831
31 174430
7 828251
37 472271
24 888581
15 775337
41 257421
5 15
36 593881
44 127021
21 903567
28 245723
50 314193
29 993949
40 72775
27 165398
9 626420
22 636963
47 250
29 314081
46 424122
30 990061
31 698061
26 924309
49 874934
22 342965
35 197446
50 752536
37 873760
30 134694
14 231393
24 872701
41 802245
18 640372
45 378634
37 907181
43 735414
43 366016
50 439922
21 494235
50 94373
40 713928
41 720259
14 74456
48 243278
15 440131
3 675778
43 255684
26 47958
30 797027
12 425351
19 697757
24 534190
30 257205
36 934484
4 252277
37 574499
18 393963
48 858835
10 846035
27 549324
18 605108
18 917595
23 431284
43 549434
19 445107
34 321041
40 249467
38 777836
36 254821
45 524218
32 401196
26 203813
50 584824
15 982175
42 621344
32 513217
22 215461
39 34710
22 914566
49 412073
25 521767
33 462117
24 592534
5 470102
9 869582
18 211873
38 191455
2 757579
35 889295
38 185090
49 228645
42 520783
36 225292
48 790915
18 789697
21 854516
30 7631
17 94755
13 804884
21 699445
35 243945
7 339918
50 377082
30 832282
6 282650
45 934886
30 61068
50 326108
30 253204
41 588859
38 123011
35 883861
15 872624
24 96871
50 818436
29 273008
49 662149
31 651853
28 274077
14 976702
23 178190
41 746569
48 914106
24 504503
20 154992
47 290637
27 447409
7 817053
19 422155
12 784405
48 229615
13 859054
50 493134
17 424611
44 760415
50 144877
33 291939
15 375231
17 115349
3 555034
33 355550
9 941349
31 668277
17 212457
6 750095
38 743255
47 809395
10 815992
14 729119
49 499995
15 929846
17 13768
7 679645
37 562361
49 883383
27 118546
15 261938
25 727871
14 932425
46 478197
8 264389
34 446077
35 829416
5 713779
9 837348
21 154939
26 499397
14 51681
31 349348
7 840800
27 155477
24 208376
15 908729
48 695305
23 951527
23 756674
40 573174
23 128340
40 319898
20 41899
47 295772
16 392193
5 464515
41 66646
7 487868
44 13342
21 117447
15 626316
18 834053
20 964992
20 678678
22 456011
49 694078
47 456415
28 326003
41 12754
40 728350
39 35726
7 574997
40 816095
13 712925
35 481755
6 64117
41 418468
9 846002
17 355549
18 825552
36 973629
39 884806
10 81735
25 363683
35 342311
28 131532
48 574019
38 859056
16 720629
28 470588
36 826584
18 889285
14 386624
43 610886
24 280337
46 506190
44 689113
28 903736
30 254706
5 251616
10 406812
6 968334
11 896579
30 260201
46 829699
29 411344
45 288649
26 855006
46 868906
39 196045
10 233189
50 465035
26 773400
45 136752
29 141029
35 213737
30 499131
22 428915
31 134330
49 127202
8 757620
46 754782
47 123710
11 920615
3 407855
32 880362
30 211499
20 589646
18 153116
47 148518
13 250360
28 295205
3 28280
48 684275
1 983068
9 83014
12 294591
36 410639
33 539822
2 607417
33 276056
2 924890
20 449850
23 657232
38 386624
48 131205
23 942116
12 785492
35 644689
21 990112
47 898502
2 476407
7 536431
24 208179
47 891046
2 484425
24 81589
1 575744
36 328833
2 749067
41 239603
4 843191
19 174682
34 503274
28 885545
14 776671
5 931086
13 477371
36 824605
16 480232
40 871167
2 171247
33 64269
32 93977
38 699836
9 609593
38 204880
46 995145
2 957048
18 931739
25 689064
15 7634
24 116336
46 661157
19 773429
24 957758
34 282980
10 561683
26 832175
13 466457
15 235466
22 418387
27 599404
15 633230
43 696332
40 824026
22 143703
13 339731
42 278224
35 489775
50 687371
24 6351
7 561023
23 950556
41 657892
9 571038
26 429557
6 368623
33 236554
47 629064
28 529701
41 794393
40 122142
10 510160
35 645979
27 921672
34 666480
35 389744
38 318605
24 906877
27 343211
21 296282
35 436218
24 125610
47 495921
34 94346
49 254596
44 595981
16 194337
16 241184
31 594840
39 776410
12 47989
6 889495
22 665479
11 568757
23 707756
27 742297
15 333318
22 882524
13 548439
25 159943
4 489683
23 419959
6 10718
24 463719
18 510751
31 337222
18 866414
43 853368
45 761993
10 19475
37 845333
11 381680
32 501448
2 78189
33 839235
7 645536
26 226118
12 701807
14 980295
43 900027
30 126503
18 708565
42 816542
23 256637
33 203626
32 331606
47 736512
38 216234
50 499976
5 165031
15 148920
44 455509
20 82565
36 81424
1 428711
40 221771
22 87294
23 531225
41 122366
27 961337
47 924249
21 880447
32 956602
35 784093
6 775030
12 322627
12 761676
12 121758
38 115718
42 928758
39 699443
5 118448
33 768360
18 201675
31 931643
9 975509
26 811358
15 252840
17 70205
46 411844
29 46924
21 489133
13 976615
48 869223
23 944242
40 467740
1 767703
44 327258
1 880432
43 68684
3 760382
13 354899
12 667749
32 17796
2 652634
15 247301
6 21036
26 66376
50 12378
41 423510
14 559292
10 809069
4 360164
9 537697
14 765980
4 561495
30 303373
35 140318
25 252744
44 247892
4 490740
46 164088
41 931949
36 576548
2 168082
49 9560
11 838783
45 884661
21 419273
19 5463
23 427752
28 671321
20 303112
24 420282
8 562852
5 124708
3 872047
34 87766
4 517806
1 388708
41 242173
42 612233
24 288140
4 805212
31 996487
25 62499
8 948971
44 152189
15 421618
37 910814
16 806126
18 104016
45 324158
8 567175
47 305210
16 408245
31 694711
29 489234
20 818048
33 53906
31 807770
1 285060
24 332381
24 352869
6 401387
16 733196
27 628646
15 437168
15 265670
25 334162
43 160483
8 880272
2 875409
17 913209
43 419659
43 416653
8 163830
39 815603
10 661207
3 637066
22 645191
20 154720
49 366645
7 645469
32 385132
7 521602
29 190030
32 257211
36 499346
14 755775
19 711642
30 150158
14 682329
50 391329
46 99141
27 353549
31 479557
40 679868
35 921221
39 779432
6 809121
42 536556
9 968157
39 685874
19 109951
8 355111
18 717919
36 365114
49 739508
47 636198
30 374744
2 931560
49 755992
34 900714
34 920624
27 977165
15 258954
49 413595
10 379017
26 104415
24 6338
20 97105
12 57155
44 285458
30 693780
12 93696
13 137442
30 687098
49 27505
50 160793
47 751685
37 873217
13 634729
12 431604
20 996916
32 206681
7 147899
29 838437
25 753276
41 729867
39 180635
24 906283
4 984725
21 790157
50 372084
34 180362
45 556920
34 729644
16 917011
46 818866
25 187509
27 963595
23 607267
1 705742
42 457714
9 375239
47 299238
9 584675
31 919339
17 42467
27 630527
41 529434
39 398376
6 699493
26 232379
42 887034
6 590637
13 262715
50 895102
42 230913
5 128857
38 912075
23 652312
49 979315
34 510237
27 420308
13 691335
48 216052
44 294623
47 818340
30 236614
14 962697
24 700133
25 782950
32 51267
25 383874
31 418139
24 466006
31 890287
48 666456
10 241669
21 758179
1 70522
33 135017
18 15688
13 239230
38 220133
6 387378
34 962123
44 769411
19 294406
23 178018
39 57465
9 439745
33 64618
44 755791
50 748123
31 160535
18 397343
37 714567
48 996109
26 224221
44 32433
11 67473
36 454477
24 901004
19 697151
16 32000
31 23056
9 538728
8 891273
1 758037
24 740328
16 716898
36 479825
21 623021
14 589945
22 473396
25 314359
50 442811
4 39285
39 806039
20 543680
10 996213
31 240531
48 585864
28 680956
8 362689
8 301506
5 407774
7 914456
3 29366
22 198965
34 767312
34 371265
35 839981
22 988131
20 681922
3 34803
20 36346
43 587805
19 60105
29 51329
27 500663
3 401637
6 257147
18 509264
39 861173
25 917983
50 707746
13 712923
8 245846
31 261409
22 547284
14 260985
21 170028
36 343821
43 298631
11 378637
48 894220
21 415959
18 727028
22 926272
26 28177
38 214301
27 881543
40 936706
16 407194
8 904221
17 15494
10 747822
5 231874
31 872225
12 298894
48 762040
8 215025
2 347220
12 100647
39 681492
48 717200
5 343678
26 923250
12 358672
3 84407
41 297157
7 780400
25 487474
26 403352
10 743978
27 624554
6 322761
14 218111
44 953856
30 807248
13 889909
37 837979
34 806187
23 321403
36 218640
15 830558
47 740336
7 298655
5 260556
39 811096
20 30708
18 13812
28 966250
42 575140
1 596168
36 228365
7 841053
7 285314
50 663872
46 841625
4 383938
28 924527
32 392099
11 972089
8 96227
37 954235
14 11360
13 511831
48 262462
45 461340
21 226305
18 694938
8 229713
14 326499
38 92017
42 133397
17 867901
30 335351
50 293315
4 804391
40 256603
6 543437
4 49578
9 667331
9 602578
13 160947
31 912552
47 880521
42 24866
44 758029
24 930420
27 929574
27 797105
5 601164
40 116594
25 683122
25 738076
24 851350
46 942807
47 525469
14 556553
38 524403
30 997379
32 630319
13 855767
4 620715
50 387131
39 492208
26 600851
34 691000
43 647785
26 513670
18 127545
16 394929
43 984924
25 791684
43 548336
1 613693
20 965033
15 811601
26 303961
26 937536
33 232179
48 7117
11 438485
8 916512
16 40998
39 55416
15 162153
31 93497
23 557408
29 868687
18 921400
47 760760
13 351700
37 853609
8 998704
5 782069
32 418600
6 477108
15 549824
41 830769
29 341334
25 472998
12 622515
21 879977
18 921371
14 108591
44 326175
38 735571
50 192897
18 521074
19 649721
11 242830
15 814724
47 763209
45 316463
35 614351
10 962153
1 460261
50 792809
12 643816
28 458288
39 234665
23 781352
8 746121
27 378129
10 827276
49 984570
6 35842
6 81567
6 744281
28 204702
11 75347
37 170802
49 630576
16 873845
9 738132
15 688525
28 631791
19 327678
19 270361
17 38323
37 796197
15 37761
6 249622
16 313944
17 22102
9 81869
11 237624
43 899145
27 261823
50 988855
41 468337
43 668770
6 216948
46 885542
15 932250
1 322236
17 824309
46 887283
11 892212
2 913623
33 825963
15 442799
34 584484
25 739315
6 259390
49 597899
42 771585
29 791209
17 375019
46 944425
36 761006
17 940598
4 552400
30 600413
3 84891
42 267431
31 921481
6 932571
43 621292
33 747120
33 317123
50 758675
44 953289
39 306246
37 216699
11 333533
39 121339
39 527897
33 858444
35 839175
39 835706
40 485122
33 250159
35 754000
30 999423
46 325211
8 81160
43 511046
26 399333
34 573298
7 512959
34 184797
34 42466
8 762095
6 836190
40 346061
29 908383
5 920758
27 285598
2 292914
5 249885
8 302915
41 763847
6 267368
19 900863
24 875538
32 827459
3 68174
13 473134
17 791950
27 169899
40 491077
32 635750
46 268121
7 483570
5 529883
3 348839
5 466081
1 368873
31 972097
13 423567
3 831632
14 92115
33 181129
45 599274
16 813924
13 628535
21 341500
46 620592
3 395546
30 576926
41 332232
12 184846
18 293605
29 491782
31 972052
14 211555
19 206253
5 450393
25 352868
37 822595
25 684754
29 706876
37 300104
47 517627
36 672031
49 247916
25 486817
17 117263
8 797818
13 103497
35 438169
3 971267
50 877318
6 126225
9 649786
25 200851
15 600904
23 461673
33 335864
43 476675
40 451638
43 35680
25 762659
45 34653
12 840813
7 124346
23 523555
13 45112
34 609499
42 164773
25 772909
26 362235
1 743898
24 256630
20 949856
36 250759
22 234440
50 589702
49 724363
3 814871
34 792475
4 266002
20 592861
38 234943
22 247945
15 563491
50 274364
6 298964
19 791698
9 765304
26 819038
36 442664
30 210659
24 642832
44 753524
22 185533
12 514896
2 448793
35 572709
44 462976
34 622866
13 659553
47 44663
25 894248
11 54006
8 92148
37 864680
42 254143
3 686653
6 716378
43 57191
1 666944
6 20409
46 870125
4 860520
14 790310
17 546640
34 450415
28 960716
44 210072
6 858359
11 812415
10 343546
40 320750
13 983716
2 736904
32 761944
7 505216
37 561428
21 964593
33 642166
43 332874
28 816711
50 240485
33 592479
48 804861
12 930421
16 161631
50 501694
9 169026
38 470848
33 674449
16 329848
46 767691
44 858266
5 929602
34 990282
31 282842
5 310991
21 994450
30 910937
34 579653
47 338476
6 616743
35 724062
19 562699
33 534879
40 974078
19 920250
42 87910
47 583532
38 426230
36 123506
50 847321
48 728622
22 855771
42 939009
37 994569
1 132979
26 446047
11 511727
18 283330
5 59078
3 379348
37 513716
8 178555
39 296596
10 392634
26 340957
7 29000
31 819339
25 690832
48 549375
38 950648
28 608695
20 192026
3 60146
10 744220
6 883241
24 368092
35 977576
30 866881
36 378049
35 781909
18 408311
31 67757
3 735245
40 227130
45 377529
20 298332
40 524058
25 991903
43 611146
27 595856
10 21703
37 910349
28 551645
39 800032
26 387259
33 564977
3 143183
38 674264
3 160539
40 331048
7 73899
37 807590
38 433084
41 486464
12 808917
5 959523
26 923942
47 191932
7 551984
8 936337
14 29603
50 629399
7 472196
40 153930
39 827131
8 886799
20 657175
32 135147
3 933263
32 39415
47 932282
3 102510
31 122793
35 474901
27 543196
37 791868
31 766148
33 394831
14 566288
22 892645
18 419220
24 344800
35 135339
33 985439
5 188288
24 773044
10 913220
25 627603
17 453822
5 426568
29 100591
6 390488
26 302268
3 73618
44 545796
47 714318
5 121675
34 848515
40 494312
30 307206
18 346917
27 343073
41 191501
24 769324
26 253260
24 535474
26 529522
34 248271
33 197333
40 895934
21 742604
12 712819
46 359450
27 70610
22 482828
12 578403
15 346361
1 32734
27 797406
14 356938
25 459205
11 793720
26 339764
32 97063
4 799167
48 4355
15 181637
46 69611
1 90931
10 833997
30 313289
4 488523
24 561860
19 77557
37 845920
17 624971
23 728443
14 624306
42 610187
18 4203
23 959156
6 822772
23 194781
44 619316
33 292338
47 650394
12 442412
38 260499
30 736910
3 20024
39 918591
3 241740
38 575982
47 825622
16 401832
34 215808
43 57890
37 45027
35 935141
13 153076
26 662809
26 824213
28 213670
15 518290
44 954734
1 322143
15 579136
38 635484
28 501895
27 787901
34 793573
8 25697
47 654740
9 674814
24 540885
43 122312
28 788242
32 612157
31 569511
29 578900
24 444561
40 7898
16 668355
10 701004
12 568225
28 211226
5 262413
35 614451
35 356777
28 307673
40 197886
16 58920
21 17345
12 92151
41 495855
38 552020
6 322379
49 765781
23 782732
46 154323
13 468760
2 649674
20 179244
36 600675
32 788908
9 141011
3 238029
27 414320
19 676768
2 520902
20 449418
11 466868
1 525402
50 911791
48 730297
50 310439
26 6292
23 29807
33 86605
28 613683
42 558204
31 674960
23 620705
43 654873
30 790433
21 684317
16 32925
7 428905
18 202385
18 940707
29 173071
37 950912
42 680895
1 840166
34 289852
33 596866
39 997553
36 300637
6 969815
50 524015
35 977007
13 45
7 604788
17 467348
23 290541
2 70223
37 853550
9 197024
28 974809
8 488814
46 558007
17 179536
24 973277
16 452640
50 952731
50 327161
42 519662
36 483373
41 475712
19 530942
14 873092
39 568639
7 141736
28 316067
35 161622
3 756310
44 969942
13 914765
20 785496
42 361142
28 193355
22 450196
24 777815
17 420878
17 361664
19 324120
6 18318
22 978436
27 137678
8 779754
5 497095
20 569217
14 360216
21 340685
44 106818
26 395203
14 585544
39 684264
30 775389
7 535827
19 573349
13 244358
11 970391
22 663317
31 178611
45 694430
14 481299
4 930343
1 482916
12 199850
8 463845
5 44245
39 267466
31 513554
48 131050
12 472351
34 761198
26 547358
38 505574
15 37589
34 331816
39 375090
5 884261
40 25501
39 658332
19 738376
12 529185
10 742866
25 684244
40 145176
38 835955
34 81895
1 976667
33 404115
48 999106
46 464958
35 934528
9 862547
43 724551
44 116750
12 706086
50 834118
28 862208
37 622934
10 941280
9 322569
30 833553
44 361915
2 935722
18 296809
30 161717
9 294191
42 827544
9 661278
16 739429
18 130655
11 201488
21 50853
1 843503
48 443831
36 224446
43 512091
47 855752
29 908836
21 883533
49 429206
9 529593
49 987300
45 866600
18 297825
29 655449
47 555754
31 643606
3 813474
28 258923
32 110944
25 898396
32 230699
40 455679
17 395325
37 309582
21 732219
24 652517
14 535496
19 341226
32 440509
16 567422
7 832881
7 607748
23 594579
41 781076
10 577370
9 663269
14 944754
7 722797
20 964848
11 718294
5 862575
44 132209
38 919292
39 366409
30 258316
5 909887
8 969072
32 366500
19 655219
27 483599
26 489246
35 303911
42 105674
11 308537
42 67818
47 825630
49 655778
13 679402
26 228205
43 490928
1 613280
5 938599
4 437930
27 334227
9 949493
14 492064
22 58917
33 586004
37 310892
11 171289
17 782167
11 391031
50 929503
25 377314
11 599459
31 150322
12 772692
25 927149
33 662458
19 911692
32 128775
46 880110
23 965290
41 874195
23 880757
37 188966
45 813328
27 648962
44 227234
13 195926
14 867555
10 540051
36 565817
37 196832
17 342738
16 64524
20 114396
48 481291
46 934977
6 256055
34 704717
31 866995
17 790497
4 391629
29 691432
8 510478
19 202483
31 869171
36 741449
19 116648
5 551346
31 156490
21 167409
43 920511
1 359098
35 968057
5 876640
15 408075
31 711127
3 528712
27 832815
30 290948
8 660996
16 172193
16 906601
24 73428
27 145078
30 963738
19 858714
6 837612
20 413000
48 357021
29 253205
48 252094
29 361127
29 111668
28 275340
11 394076
33 223602
25 753587
37 550816
43 275224
14 455759
19 590782
2 157346
47 240694
38 586105
28 301865
26 993818
35 536219
2 223683
24 823695
34 821747
8 16323
33 881516
5 746168
2 729840
40 945029
11 825918
5 715467
24 342190
4 353636
12 572259
10 506964
31 889622
3 765873
33 376722
40 975498
26 548957
25 306447
7 162283
5 713652
17 743734
19 648448
16 68879
43 832630
10 674299
37 637500
44 984833
18 591986
18 67252
36 110988
20 44180
26 283043
10 773974
37 460910
17 349138
25 11107
46 454530
39 414759
29 333459
43 776828
23 626268
35 52683
24 36170
32 969287
17 642640
22 270704
47 110270
16 699483
32 380008
39 77200
34 805784
31 687984
13 578253
41 872213
1 659463
22 79898
35 71724
19 870768
23 470714
24 3516
13 483171
38 702741
5 733392
43 265569
31 396277
5 676566
14 205776
44 617845
37 689150
1 148388
34 454956
42 90668
34 676979
41 537881
35 884006
33 654069
17 412756
2 851217
11 316257
14 999992
12 154722
13 17442
7 394321
43 878679
31 309529
19 451340
14 759745
39 48956
39 250120
48 288604
3 798237
38 220057
47 882819
37 881834
25 758018
33 261159
13 750098
16 427362
39 205918
40 472228
39 527908
14 588094
39 689878
14 822088
14 555765
34 828317
18 582467
5 693642
1 651734
49 238711
13 234903
12 943817
39 773596
31 697530
16 908865
43 418068
36 611578
27 215436
49 25910
46 131382
40 336465
3 975636
11 499637
29 665955
28 619657
46 185856
18 905314
6 953411
10 221665
18 57175
46 655319
35 874659
21 130552
50 946681
30 727177
17 395434
10 130354
18 45617
45 918808
17 837140
13 869748
30 842602
45 620695
27 312861
44 265302
13 622286
22 264846
25 22518
2 611375
9 216361
1 796482
1 302793
20 231253
16 663165
9 329402
23 57577
44 820662
33 185166
46 864231
29 993153
26 452225
49 395611
44 794198
9 859163
45 591292
39 378542
18 613356
44 494306
30 786975
44 208871
50 100480
9 735393
47 485793
19 620672
16 713850
12 531474
29 855125
6 427603
1 607077
37 857130
34 370363
49 283721
44 246141
20 469039
37 963161
26 727836
18 235733
9 753736
19 94313
15 158103
25 426255
38 611022
14 503219
7 721010
31 85022
28 240412
12 777855
37 837231
32 329385
29 835070
15 426122
2 114919
5 622721
26 812750
23 400366
7 463833
29 787357
29 250485
38 86003
23 326285
20 850989
9 897516
28 81057
48 955106
12 902895
16 832216
39 757467
10 707238
30 491617
35 277084
23 567588
40 707793
37 53857
8 392312
16 599928
45 570961
33 994495
8 344451
2 817219
16 185122
32 115484
47 809306
22 849989
35 366885
26 211481
44 559095
27 642142
9 362640
20 336451
49 894244
41 376935
36 505492
47 10318
15 535258
35 545648
15 768104
6 39728
28 265406
39 642848
16 138960
9 818773
32 504933
50 593947
6 631074
26 793541
31 892443
31 479010
3 807841
15 342637
11 920414
18 836361
20 733326
3 18156
2 874131
41 283856
23 469591
5 460301
6 333241
11 436400
19 985753
3 795068
25 179115
29 595648
9 918780
7 259748
46 227473
41 956650
26 66591
34 864094
2 809761
33 293316
16 593361
41 522955
34 375901
30 814636
50 239054
8 46470
25 729478
31 657764
10 450737
13 110420
45 166166
14 476529
23 278678
36 952836
6 713142
14 756399
34 734146
6 478329
34 851555
49 326084
44 221190
46 950461
21 562218
11 836352
12 136504
17 452071
47 365743
33 149023
39 420925
45 97709
20 564843
40 95100
24 932815
10 552365
42 92084
47 648649
4 69324
33 406188
24 360533
40 613595
6 621276
50 731775
34 926253
47 317664
23 457074
45 739546
15 750690
21 135344
4 763673
3 118354
33 797634
23 762958
22 288880
25 783598
6 694380
35 226024
3 988273
1 794737
8 958450
39 249745
50 595178
33 819848
32 506270
2 915930
11 110875
20 887972
16 592102
13 638931
21 692240
2 306626
12 469206
2 798269
35 240243
18 734707
50 496845
25 33780
30 189300
3 812218
5 443890
43 839689
26 355013
11 814311
35 661363
39 808463
50 142378
4 826718
23 707933
4 632395
42 785194
50 268714
7 137924
14 353026
47 641207
6 464443
35 25620
27 557994
40 22686
43 835530
25 786032
40 430957
31 710927
23 275790
32 414311
23 853031
47 268318
21 392203
23 463237
5 686320
2 596980
29 958109
6 184323
1 510677
30 560023
47 353454
10 736019
5 71077
32 903309
26 542289
6 417547
35 215207
20 97624
19 114221
36 328517
34 392130
10 713405
38 559500
50 353531
21 732309
35 979356
13 824741
16 130992
16 373958
8 597439
11 105166
26 751268
41 357821
20 918306
36 718002
23 541795
45 175778
41 764740
9 417435
6 174087
23 436235
31 402025
43 943234
7 609790
1 969798
49 590760
20 203297
13 375749
18 3136
26 430386
36 859266
31 505842
10 687750
27 24575
10 279701
31 400080
10 981815
49 712186
16 387841
45 18562
29 178945
37 728420
44 899671
39 98137
15 953889
10 52578
35 919552
7 222402
26 855615
5 748670
30 879150
37 125317
1 290376
31 257661
13 370906
42 867971
29 339583
40 775092
22 790714
22 780406
26 735733
44 419371
38 3314
6 94248
44 848362
48 177844
16 963570
10 330367
24 207009
13 597821
48 538568
41 165110
49 388863
26 867941
48 549093
21 879271
35 476192
21 208727
35 459323
47 863874
20 626327
33 567858
3 681776
20 174575
13 459328
40 631755
49 843921
44 226927
11 307412
49 253141
10 285505
6 639902
16 992938
26 536635
25 268087
13 226067
43 66480
15 418782
35 73574
21 152777
44 859655
39 400332
19 225122
10 27750
6 130687
22 359877
35 483136
28 778264
16 602976
9 438610
40 128802
20 956093
48 582124
27 51912
48 773513
1 552496
30 70068
50 835412
15 408784
47 851759
39 33030
1 660804
6 960661
4 378584
8 91212
48 158820
10 601784
46 650434
13 630031
46 642534
7 335666
3 934104
12 676409
26 463595
33 234759
31 30833
32 531398
35 968301
17 201266
14 25753
32 617935
36 798316
20 455995
2 343603
46 364252
2 511942
18 168098
25 650660
41 665540
36 698241
11 721678
8 458831
17 351398
35 178114
50 797148
30 388034
26 741569
17 82765
49 602179
15 244658
45 213025
33 94670
2 985832
25 715500
37 590534
33 98717
18 807698
42 792420
35 717972
41 69854
22 231490
44 531819
17 264849
36 339703
4 615585
39 355343
21 585421
38 744784
31 813735
20 411915
36 697506
26 531348
13 380376
29 698975
15 97475
9 440965
22 549453
17 92600
10 746200
6 911598
49 698973
8 12894
25 909675
44 604799
38 881095
3 337277
33 988259
4 329020
2 151388
44 835164
31 525368
49 169360
20 7740
16 461558
25 21124
40 151627
10 654075
39 251823
49 854108
23 94314
34 789693
24 293377
12 926
33 131574
21 106596
37 62074
27 15043
48 19715
1 457797
12 208649
47 5601
27 566102
47 424401
9 799688
20 879726
22 516795
18 352852
7 99838
14 704544
8 206361
13 85854
11 485108
16 886853
35 837176
11 350040
49 757821
8 112044
36 318715
39 519667
16 106962
13 556542
37 324606
29 270657
9 460147
38 670012
49 810026
8 815774
14 874175
15 322259
26 419185
6 503148
35 419779
34 354734
10 459921
15 208167
50 94920
32 925369
32 368248
46 31644
9 777962
22 931902
8 885134
19 526529
10 816175
16 155883
2 643659
3 206590
7 585705
23 664586
1 539502
39 291634
34 312341
9 301201
20 487515
33 11113
31 855072
26 897276
34 137060
11 879197
38 949946
41 470886
30 983252
7 699242
11 891089
25 471843
9 385662
12 615275
41 322942
2 465600
46 923229
7 314405
16 478333
7 439758
2 318891
34 746399
19 895158
23 200190
6 867148
12 784842
48 402326
6 480940
23 482649
14 852643
35 290
10 507081
42 671899
37 251281
26 676018
46 258428
44 617501
48 920283
12 388950
15 361420
38 768003
22 27049
1 273409
39 932640
48 140166
9 400211
44 167351
20 141667
44 266364
15 733371
3 494231
41 420625
11 77991
17 759201
5 438422
33 113981
14 629268
18 456085
38 183302
20 12872
38 360961
23 541213
23 179193
45 976374
25 995153
43 70434
12 541048
34 106929
36 854471
45 536802
48 360518
7 22535
31 858064
25 825092
17 122159
43 604850
39 293790
42 737658
39 826016
11 274260
6 227261
38 75796
50 381074
14 968715
24 57577
48 319422
45 935855
28 764987
14 657092
47 617255
15 287445
9 770557
50 102347
26 305547
22 981383
16 609574
25 123041
18 384004
37 232064
41 635293
18 451097
34 125690
49 868803
11 646747
8 17507
14 684018
44 249116
21 166720
43 384122
22 674122
42 209013
13 796644
20 376277
9 516365
19 691390
35 692503
21 437684
38 893764
3 5515
10 345718
39 331494
12 508568
42 139102
25 238523
47 693131
38 192150
8 349705
16 792912
4 724228
35 172960
8 107879
32 678479
27 912200
41 58236
35 564634
5 393798
29 590208
43 942350
7 592897
20 934712
47 14289
18 223339
9 32711
18 737492
50 926216
38 875099
40 721350
10 270236
23 854207
13 977463
34 845274
41 917620
29 638797
7 176530
31 260928
16 959717
7 156632
33 889975
7 514796
9 426882
2 336302
26 516577
19 592842
29 38678
31 775370
20 476357
47 98842
1 773865
19 48220
1 321805
22 453903
37 295051
41 462631
36 74261
28 170191
41 62837
42 804988
48 359450
30 574746
4 277626
9 910270
27 102755
36 397975
13 348418
48 214893
17 828593
49 270984
22 612381
24 869497
25 898487
45 61948
38 540159
15 237602
22 589535
49 468854
10 167657
42 157999
47 167305
17 961313
13 205942
38 352222
5 321855
26 639680
8 374718
1 493218
17 791892
1 629838
50 801353
36 550183
11 209637
22 255733
1 841649
37 45158
2 250611
20 828721
26 797859
33 564605
40 252010
6 626386
17 512977
28 369311
1 4942
40 805835
9 66006
7 31254
20 146322
24 61960
47 673893
26 309893
18 79284
8 543625
23 590527
19 390233
1 729753
12 866594
47 41438
37 548229
7 32415
16 770462
40 919071
26 148122
43 953666
34 349604
41 56515
2 894767
30 142749
36 80356
18 68135
16 291057
24 687002
34 10733
34 339749
35 226434
5 190311
34 813249
43 98633
22 481331
10 459927
2 862045
19 943613
14 56425
45 810065
36 496610
43 54596
32 382181
49 460933
42 77493
42 389423
48 34183
27 875105
27 81948
37 769452
10 687665
34 25467
2 671030
12 822721
35 29451
39 52156
19 383519
39 611010
32 899072
27 81768
11 815607
21 668410
21 719206
12 662045
11 800557
18 538538
28 672456
13 252066
11 519939
31 38258
48 486455
46 497332
10 634938
19 367575
34 281619
15 627436
24 276530
48 319168
15 813456
45 527410
2 182361
38 121918
13 545453
11 212298
6 838074
26 526494
30 986803
25 667784
11 356269
7 2194
49 959006
49 223565
13 530889
35 625936
1 611697
36 240164
23 516893
15 739179
35 627951
24 22210
19 492759
33 599077
39 878320
8 998107
12 25403
29 13994
30 177406
11 338407
4 501963
22 990420
30 229920
32 3067
32 594351
13 234521
18 193540
26 527895
27 723815
27 809080
22 12391
24 587404
37 455725
50 627915
45 814735
20 611862
23 580931
40 372072
25 346088
13 66585
36 288301
48 568284
49 497979
47 557613
6 431335
30 77831
37 835147
28 935806
5 351605
1 602333
12 862149
37 413872
27 790713
46 172601
21 561919
37 991031
2 968749
47 650204
35 202284
10 438958
28 369407
15 699153
4 807648
20 207950
25 365483
18 355901
13 263099
34 935608
43 875812
48 968263
18 620913
14 286117
44 670204
50 893582
50 240323
9 806476
34 825552
1 211178
26 602506
4 422468
23 136195
47 453282
15 683955
12 353298
10 826378
47 350246
14 865540
36 89070
4 729903
50 14441
38 948329
5 440724
39 360143
15 648478
24 38338
29 353677
16 509894
45 313129
5 841687
33 274076
32 872647
3 347770
14 780048
49 748658
23 955877
3 842049
10 939611
5 782537
14 66989
12 224399
50 269256
44 600011
6 964469
17 175320
27 402664
11 619154
13 259788
8 325544
33 225408
46 953371
6 269395
3 643696
13 162975
21 806182
8 959427
35 232763
45 821858
17 227804
45 572554
11 334561
16 861606
17 801951
22 671001
31 312786
49 653100
35 759960
39 186471
32 540665
25 425449
13 726013
12 872015
29 952455
16 887254
22 288455
25 326310
17 479461
27 366382
34 484428
35 741776
47 225474
38 146345
26 630435
18 336358
40 248981
46 449352
39 516299
11 785321
14 611757
20 247062
38 329800
12 784100
26 579942
28 893214
42 598504
3 344792
7 282308
5 259159
30 815262
36 527086
1 149175
27 8944
44 617874
3 632208
16 489554
12 26856
20 403236
12 905317
7 908647
3 367719
45 962856
21 535741
18 950533
46 490728
38 68466
8 355141
34 665256
43 85797
43 811295
27 360476
42 912435
17 559524
44 673402
36 762592
28 176248
1 506868
30 319919
45 252835
43 416081
36 427834
26 446800
6 369303
1 210522
18 260455
19 504626
37 63935
8 28211
33 484905
20 574892
50 833820
7 622623
26 203512
10 261889
35 33265
21 335679
20 828913
39 605987
32 717325
49 727481
14 901919
40 445656
45 529439
35 196240
5 362368
15 980329
43 224398
31 958443
22 499408
27 239183
26 560228
40 965029
4 696712
28 602777
49 688738
30 370183
14 944054
30 75218
2 591546
44 629869
3 605273
4 167590
17 87435
3 456350
23 736139
3 428033
40 144429
33 26392
20 439238
3 158429
44 398526
34 628170
3 982342
20 400352
19 263592
11 363668
5 966703
3 782817
48 853116
29 86268
27 889924
44 402801
45 469067
30 672934
25 668919
42 264159
35 876971
23 42921
45 370845
48 829122
46 639387
46 903005
26 152033
38 519852
40 123280
49 828824
8 919152
46 117469
21 359117
21 371899
14 859296
43 480280
18 337360
15 395998
26 317619
21 948370
45 473017
14 574465
31 395848
12 510568
47 554595
20 361920
1 540790
21 18223
40 950740
37 601238
11 914813
11 218203
48 423886
36 808681
24 111188
10 553589
45 631809
48 266614
14 177042
19 806362
25 365703
21 542236
32 680461
10 409473
48 101677
31 758428
12 659442
29 38241
40 670390
31 996996
27 251626
23 37908
29 647599
38 630824
24 507949
34 728587
29 304451
26 237159
8 989597
17 807171
2 656075
19 131936
18 355180
1 997146
28 721064
22 275938
21 735442
10 262358
43 544427
24 588425
34 801927
16 814373
7 173516
25 562619
49 232872
36 770744
10 730923
18 312956
45 410034
44 425854
34 303465
24 719087
22 95472
7 715476
30 146148
38 725257
37 326326
32 417842
40 753514
15 579716
2 547451
24 783378
23 235902
6 844973
24 469198
14 257170
19 484872
35 896458
19 846729
35 870864
14 801590
49 189130
4 980239
41 524856
30 328622
1 918648
2 471527
46 955768
48 255238
39 903213
38 681429
27 77050
4 310504
39 9805
47 938014
33 994808
37 717802
24 919208
48 388569
26 300053
37 132419
35 224548
4 43960
28 187064
29 180108
6 673610
2 951172
7 12012
5 106890
22 180413
4 657854
12 944108
20 535628
44 516262
41 639891
38 210796
5 189833
9 770066
39 868481
50 912748
30 580471
38 364157
49 751968
8 746317
32 984785
14 449091
3 765572
48 758569
28 494888
1 372420
16 812072
35 356189
4 91996
16 557886
48 790234
41 64735
22 880273
44 452807
24 955494
22 275410
20 44235
49 838819
48 31193
45 944561
2 722158
25 149761
31 285703
45 787629
44 473516
45 243852
35 800375
14 720955
41 682238
16 147554
12 710507
4 641106
34 848959
44 871905
5 181272
50 151568
35 712274
43 660607
26 620155
45 151254
12 23827
42 188206
43 550340
15 138110
34 312010
26 568794
29 727736
10 353118
34 239754
23 188133
33 537103
37 112442
2 559046
33 957357
36 455267
44 140910
18 896037
7 240503
45 772033
16 555074
32 919352
28 55594
11 316885
48 807922
46 553858
27 470761
23 14722
1 315721
48 275809
8 202761
36 91158
28 114950
48 644277
13 176950
7 635388
30 841122
18 381172
9 922066
15 805489
11 160570
3 858548
40 614587
19 486691
31 461488
13 923605
35 489
22 233206
9 606272
29 330476
23 821461
23 386579
24 235127
43 8178
26 923239
32 951980
50 1251
12 523829
14 821369
39 544261
9 264764
6 95572
28 125862
49 601726
18 779514
36 702481
1 41419
25 389253
30 993793
50 30605
17 55563
40 791876
35 711502
45 324963
37 245156
24 352012
39 199149
43 819987
13 18710
46 642844
34 69270
27 719683
5 887221
28 440852
39 935797
20 146585
46 235018
35 375629
27 428545
48 183221
45 569206
7 566729
37 818721
16 402200
1 38389
38 175178
1 640182
21 265232
30 291786
3 868025
25 577092
47 651890
8 680303
50 965238
3 986883
40 614617
26 655552
16 801726
24 178218
22 351986
13 332711
50 287303
3 445341
37 812791
35 564761
27 986712
14 670821
37 310188
10 793126
9 676691
31 330023
22 248402
43 30734
41 426001
47 345986
32 813753
35 261032
23 830606
49 422905
33 887954
18 347048
36 90792
35 765704
33 994162
38 598475
33 187949
31 65985
42 859840
50 556787
35 567136
44 281358
4 783005
19 36701
25 218443
13 40236
19 742131
47 689042
26 788227
17 453935
11 565783
9 498058
9 907022
47 525708
8 110950
8 949734
29 433185
16 440104
18 79365
44 727057
19 236669
38 363671
45 415187
35 42163
50 179181
32 445185
4 189750
7 743344
43 964833
24 831477
45 809765
14 524571
45 765638
48 814326
35 763875
20 31177
41 233104
31 477374
40 125765
15 646291
32 254811
44 266110
19 695270
32 444023
49 57176
23 931033
36 520001
30 62860
43 578834
40 600542
32 623388
13 530671
49 91904
30 286734
35 304051
13 244862
13 119513
48 724684
50 247039
30 143582
42 639764
28 589109
27 49688
18 653116
32 194068
12 725320
41 459694
19 183867
6 160891
39 160810
26 778365
12 369772
49 117767
11 380332
37 382248
5 725232
7 277316
36 592501
10 834367
6 303379
39 980342
13 483483
43 610917
38 798855
41 740186
3 589028
46 978893
32 406906
38 547682
8 683473
22 265593
5 991707
22 717563
45 93370
46 843013
35 842917
12 357250
29 801597
38 813311
38 848231
32 20896
37 973213
30 832260
45 920928
16 947452
28 485551
48 726281
27 534198
41 590761
3 684798
36 511165
14 798269
3 467314
10 460218
22 178516
12 399334
16 11122
43 543539
44 896830
50 297721
49 194990
28 302521
6 929010
7 155443
19 801356
20 876498
16 873336
47 480201
47 599060
38 542626
44 281841
23 665514
48 642725
45 993852
50 164762
20 875468
11 54973
23 887524
5 476502
17 705882
2 16602
40 287195
12 266760
23 382487
27 544575
49 154162
35 395873
31 199838
47 183053
44 196772
30 708691
11 850571
11 405314
19 562798
19 19189
18 729002
19 720750
21 302657
45 532237
15 399929
17 749103
7 702893
44 289634
24 248426
44 337486
7 138162
29 39275
45 977174
7 10688
19 340736
32 316510
33 367261
43 190733
20 347894
49 525502
45 507799
11 523231
27 871071
9 41996
13 586596
22 567086
12 723411
38 163612
39 192431
26 749011
3 445272
27 602930
34 872130
33 462068
21 743138
47 828103
15 729078
2 377737
31 165063
14 487520
40 946197
7 902018
29 452648
19 106629
30 736220
29 384956
37 19870
22 670655
6 386065
46 877224
24 139880
12 970989
41 910862
9 6407
16 657447
43 672308
38 427333
14 284845
5 684228
45 393923
16 351979
8 796439
32 255698
18 429363
9 419786
37 146933
44 113373
44 827727
16 368145
26 763304
47 333197
19 365383
30 177819
1 647429
29 144761
38 725637
3 571602
19 715365
7 230683
44 222532
41 856502
21 387183
22 125625
37 994802
39 849723
2 531694
20 395958
17 612850
40 816262
26 322653
27 772406
18 50455
6 554494
26 52417
24 909510
22 182089
13 498948
2 827205
36 492637
36 20993
24 184858
25 410622
31 155493
29 314804
34 37506
24 176843
33 293773
17 2985
32 124566
50 831521
5 435642
30 137242
34 971086
28 258200
9 837365
16 86823
2 834558
25 895930
47 133108
11 386277
17 686644
24 477349
32 548718
33 623092
27 667706
42 379323
1 226730
25 252688
47 977346
48 266953
2 55612
45 383518
16 759159
21 696337
38 320905
20 19381
7 685003
28 962317
36 523101
28 680685
23 456555
28 719748
11 134217
33 131151
27 499241
25 352650
8 29585
43 638636
28 609149
46 377453
20 174652
11 643418
27 99923
27 384826
30 187847
1 54682
17 493805
23 536996
15 382041
36 131043
41 273973
47 842823
36 816035
29 788384
2 505811
28 676538
3 135185
8 936232
34 371233
30 898990
39 204033
20 865423
2 986564
34 48705
41 113663
12 595840
42 666250
14 722390
11 909738
2 593088
50 683669
39 352910
31 176773
50 67871
43 183076
10 290656
49 444281
20 218307
2 451789
49 873543
44 454716
39 467987
46 931773
47 286117
5 528392
8 470455
35 745506
8 695099
40 546536
13 456934
3 131996
8 5954
2 219237
43 623994
13 355839
20 549699
43 548662
49 474156
46 500787
8 390742
37 199542
7 148044
26 185096
34 878389
45 218744
15 857506
45 803833
17 765197
34 883024
25 89581
30 376616
26 440821
50 392956
11 428617
18 369741
18 973479
39 465671
39 562063
45 670759
43 224074
48 827945
43 589875
48 218217
35 47280
3 647984
50 899247
26 852304
43 825852
18 518488
13 996735
20 936115
50 409564
36 464003
30 213586
47 338714
3 940211
2 701730
22 889631
4 121936
21 670823
23 160258
42 384873
41 428034
17 776421
35 404212
10 215030
47 196356
50 409729
16 576073
8 520324
9 83761
47 607341
42 507415
38 175366
33 275373
31 658862
46 438476
23 213833
13 409222
34 122737
45 712092
47 587925
48 33675
50 349212
29 457606
27 761099
27 881177
42 400751
8 186503
21 427651
48 972349
25 961089
17 614508
40 977262
17 473770
20 742717
3 341275
30 765846
49 24326
13 457244
33 873336
16 320853
31 885010
6 674504
6 245362
37 481042
7 718229
50 151807
15 863699
39 893799
16 861555
21 76248
18 402459
37 125037
3 759502
6 298545
38 95786
2 667895
47 37766
7 603886
1 913283
48 56859
1 774066
19 757619
28 642706
11 809597
42 608033
14 552513
24 346060
37 797429
8 527668
47 135113
4 597676
31 63215
44 460731
19 736672
27 343311
4 379983
37 126725
2 257418
26 904623
32 396259
7 661065
27 417687
49 797043
13 805940
48 434285
6 17402
4 392280
29 683107
35 837158
10 21668
4 122288
36 332677
37 102796
18 404289
32 69106
4 565475
28 731321
13 841703
30 205822
33 187090
28 508572
32 240177
28 536350
9 270062
4 645885
40 298667
26 592746
34 74287
29 109341
14 352340
3 348501
5 470349
20 577177
48 297217
18 683096
11 412534
3 633736
29 627409
24 685610
18 679817
44 537401
49 483705
15 568007
2 840400
8 312002
33 146671
3 356179
39 475533
3 197091
12 180643
48 160781
17 906218
20 645283
38 375559
33 896809
30 785938
38 340969
6 190095
11 423369
25 535340
23 117840
32 233410
34 370019
38 507649
17 543155
49 705390
41 8821
16 238097
31 809619
6 633385
34 599190
27 892891
26 615901
28 366641
37 198639
8 329159
16 302177
20 814373
49 3392
31 157831
5 840307
3 814908
10 224672
19 572872
36 480745
30 111617
11 400772
28 874244
50 899443
33 528351
13 334650
13 381203
3 695165
37 919721
37 15679
34 158989
10 653209
16 726833
22 79973
31 772514
31 764124
41 87190
19 471545
34 487428
18 491654
12 142529
30 319940
34 672039
12 233069
34 977751
32 505984
17 102256
48 626997
11 833351
17 637715
28 195436
3 980990
14 661156
8 353993
49 120276
23 221801
41 303988
9 113842
2 361011
16 194774
33 467358
34 233685
3 914255
43 34316
40 125616
14 877520
18 958632
17 689766
8 851200
42 250875
45 887776
16 97925
36 414495
16 912879
10 103902
14 939637
22 915145
46 136940
39 959637
26 585838
46 287831
1 862379
46 712530
3 433939
9 919318
3 704674
25 305937
7 143005
2 601631
9 709149
44 833577
19 549933
12 993719
8 362557
13 424275
36 813456
50 278383
12 123181
16 994319
25 388737
11 689483
21 918150
6 36782
37 463387
2 493646
10 699174
43 530600
27 742572
30 488930
47 70944
30 413572
37 168591
44 7956
30 430900
23 260713
10 32109
23 164443
24 466551
28 596325
35 82050
46 477369
28 134304
21 321551
4 146867
50 554889
2 799231
37 854150
1 891123
16 949207
36 381961
42 530403
33 20783
32 719436
3 779122
25 873067
1 780554
18 468839
4 211062
26 154230
15 89408
23 718197
25 387269
34 402678
3 691720
10 272066
6 324248
37 778603
6 351210
26 999657
30 879845
34 642270
35 581878
47 15829
41 629529
41 669481
20 269272
45 137193
42 367958
13 179494
32 69509
11 449192
48 18026
2 24002
2 680116
5 413111
48 296263
12 565956
39 851619
28 326395
39 170262
27 880641
38 819336
4 626266
46 807634
16 96286
16 767932
32 683286
27 329678
46 209048
5 744701
40 189029
7 731808
39 160137
42 94253
23 689064
10 208560
2 881518
48 628160
46 376523
42 465675
48 598176
31 734844
10 607949
42 629149
17 158715
1 267228
37 859366
7 195523
23 280550
33 609844
14 636674
43 557745
38 685449
10 281584
45 622549
26 280239
14 692262
8 5704
43 5686
33 881123
33 749916
26 178612
21 751652
45 970643
25 508742
48 454136
22 457753
28 885134
17 867742
2 25722
37 36951
38 463670
8 695489
34 853158
13 736583
44 937047
36 358890
18 876332
19 916343
12 712890
4 506734
40 375922
46 262049
38 679264
3 668216
13 927916
37 179099
37 370090
9 680491
43 856804
45 517608
22 506588
18 344052
23 389603
13 549900
23 836568
40 210735
24 788504
18 469163
18 348201
18 278983
34 395224
43 688834
6 244610
8 26854
23 420357
35 113435
28 181940
29 16107
30 667172
1 574597
14 672616
21 89052
2 342368
6 480861
34 223770
3 870095
47 527756
7 866275
39 766138
29 905516
39 156187
4 887712
22 446291
18 123790
11 862204
24 154129
13 343321
40 949716
36 932317
5 618438
32 130000
50 86627
50 765339
2 384029
26 887767
10 210333
48 336938
14 827363
9 344798
35 879503
46 441941
43 437253
30 537173
18 323674
41 84890
30 797931
16 431483
25 715435
44 240849
45 27950
28 514887
23 565205
28 738818
43 328801
17 940452
7 772727
8 398605
42 101930
12 537406
7 84494
25 78087
23 924669
29 985017
17 492772
25 361348
10 211395
26 341342
41 929525
3 795415
17 189471
34 212874
41 406190
8 133903
7 523400
44 773261
45 569413
4 664932
10 881920
48 89657
29 271029
33 967693
22 460966
22 564539
35 375923
22 990921
44 929734
37 743557
31 813516
10 125787
29 704411
42 301488
9 104958
8 287260
2 509478
21 153470
1 370498
30 18212
5 449270
48 878322
37 382295
40 857230
4 445335
39 26389
37 922216
39 355769
4 695415
29 102598
2 801885
45 340542
14 496898
23 664994
5 578032
32 28978
19 702911
41 188080
18 762021
23 780226
40 775136
34 836576
12 864219
3 977014
7 758410
5 974091
2 694705
49 686812
12 391957
5 357079
42 695422
13 797374
36 635245
49 220426
5 285011
25 390109
38 490095
26 25560
36 435963
20 489533
1 717368
24 604458
7 153421
17 74860
16 661958
45 911979
47 28021
18 390737
24 97659
47 107230
42 407094
47 39995
21 369827
20 492495
20 608433
25 13724
17 607804
28 17683
26 245314
3 917989
43 368946
25 836063
48 891892
20 664864
31 405211
44 640641
7 963718
24 521032
44 569325
17 932109
29 886050
9 823120
42 673885
29 227042
11 340387
48 158702
20 206705
40 877119
22 851634
43 563145
34 150035
9 627744
14 768262
22 58155
47 576184
8 725052
12 244027
32 395668
19 724645
47 223751
37 473153
40 367018
1 978033
50 636927
21 643505
37 941375
21 4742
41 87168
16 233084
41 150494
48 545399
40 727002
48 441805
30 581811
43 394572
33 210569
25 46381
23 69475
33 442248
37 702328
41 152663
33 191677
28 430395
39 697822
14 204335
10 508719
1 931796
14 449679
16 129813
27 925036
2 36844
17 989229
9 835337
13 868860
48 595861
33 740639
5 148130
15 494634
18 197908
40 380030
2 451924
28 631956
7 631120
21 456744
15 976311
41 341317
4 125003
40 536008
23 469272
20 258944
14 198193
16 240397
28 935262
36 176832
44 574632
16 298433
3 464448
17 712377
5 488520
25 972132
9 339710
6 827108
40 563493
30 393388
48 723448
16 550493
38 19271
26 128168
16 56597
17 451620
38 394122
11 920393
23 44585
33 541127
1 527919
47 588038
42 530719
23 714349
3 694785
33 249862
33 259887
20 562067
25 752881
36 666010
25 76742
4 386336
49 314049
16 443315
8 232200
7 569627
12 302446
37 820416
31 232532
16 838543
27 295143
32 902932
18 821084
4 538895
13 493834
8 780486
13 85272
19 453579
25 390221
8 561045
6 986685
36 362539
37 675080
27 648888
8 496609
31 82900
34 447791
50 333103
45 101826
29 105822
20 903149
25 992903
18 840507
13 947168
10 700505
1 405454
3 380671
4 240213
46 684682
46 395694
44 232627
1 217389
47 349190
2 305112
3 811843
33 734562
23 881925
16 970576
14 625736
44 80452
28 431779
15 476672
15 184070
31 832849
9 675730
19 846744
40 524812
43 92450
26 888846
36 507449
11 452206
46 757940
7 766393
11 234812
40 811850
17 986306
27 596374
41 906570
49 177496
34 526330
5 946335
2 517991
20 764343
41 251570
8 522471
42 515364
5 699877
22 231703
28 202634
18 420159
4 167872
33 6253
25 381169
38 454527
47 838841
24 885320
32 100225
21 195344
38 553945
22 318709
4 880323
26 531618
5 702608
5 904645
30 365933
24 339940
34 739907
23 305940
21 279996
30 960399
44 981487
41 620489
6 176261
43 394757
5 544047
44 582334
36 158862
13 839442
50 556214
1 898047
46 544818
33 434989
33 362512
20 325194
47 257483
45 410045
26 889613
11 938948
11 486155
23 967675
17 818874
33 180672
10 700562
42 641597
15 342914
11 187184
37 980110
7 354790
36 49024
3 98587
5 548211
6 774392
43 88814
13 584134
39 360784
37 72497
6 996088
10 77407
1 22435
19 999066
22 903506
27 827804
1 993103
20 897732
43 666772
41 131483
24 857559
37 973765
13 246466
20 795925
30 403878
35 852688
24 711179
4 254050
36 660670
19 628874
13 315974
16 893483
48 985566
20 552351
20 163553
12 458455
17 744894
11 362286
26 19236
30 284991
5 135796
48 499413
1 804062
2 382267
33 650781
12 40738
23 614833
40 246255
23 311560
25 920429
46 731482
48 325617
30 817290
15 509853
14 333750
31 583229
2 872483
3 864120
15 395959
11 925072
12 557488
48 955918
47 721352
23 22340
31 405622
12 588805
28 767090
30 26791
22 634116
41 997069
38 295407
38 850041
4 265369
12 397223
47 392320
44 105393
12 161290
21 398394
35 151543
1 149307
25 70546
27 451279
14 721741
38 34573
7 641499
15 583313
6 641349
8 201356
43 272845
36 242188
43 589582
34 320712
31 994141
31 830179
37 340947
42 310412
10 292136
31 769907
19 283983
9 416304
7 559753
8 141208
41 892941
32 471795
9 319861
45 622950
22 444460
13 340995
36 577286
6 567270
10 225771
22 210974
45 807652
25 471253
17 645932
36 385330
24 900542
15 689384
49 560843
19 744517
10 364804
21 33400
17 8411
50 49451
36 475448
49 298161
5 533574
4 209462
21 149931
25 76625
46 204119
49 235472
2 92162
14 326942
20 911402
34 952446
34 577610
5 314278
34 158347
13 989568
34 242643
20 820354
8 974081
42 784715
4 899521
19 994089
7 603620
34 180079
39 613510
37 294764
37 969545
22 113206
25 237218
28 185955
43 11261
18 271035
5 378056
42 373604
39 15598
9 619988
15 906918
14 230680
35 339272
18 611275
38 509684
13 243221
33 67154
15 678222
18 415260
10 970675
3 217582
10 404572
26 435702
35 430630
47 627105
29 30276
42 818205
28 519252
25 343938
4 644103
3 161276
47 413193
11 196392
21 660885
25 135658
9 713592
18 314498
38 306155
20 466035
49 4707
3 211370
4 537893
49 808667
47 829844
34 759133
12 637920
10 835639
39 936551
27 590836
19 31118
17 823365
26 671413
24 272994
20 486504
15 179784
35 87051
49 543657
24 556137
5 166830
23 541982
45 517717
44 838843
2 303683
43 831924
21 793913
26 255280
27 696017
12 662814
39 148756
49 796059
41 758475
20 431690
37 578004
7 994747
1 360000
14 724013
23 308243
46 475155
34 220188
32 906399
31 359756
44 558311
25 145799
12 72676
37 814467
9 296805
7 625050
33 95372
28 764888
17 715756
7 775006
6 43248
20 290055
11 599259
24 64049
15 692873
18 251990
33 764121
5 163867
19 175535
10 99330
16 126971
18 344231
50 441806
43 766331
15 694438
3 488829
8 506728
41 476489
20 796993
31 394636
42 615235
33 57515
38 999348
21 693672
26 772238
33 460064
26 509489
2 470035
29 111777
42 357594
15 376861
36 888301
14 555286
20 669337
8 150633
19 851789
47 108079
38 994974
10 347153
2 693601
36 39013
31 948124
33 133854
11 567182
36 275276
35 200699
18 413514
9 181474
31 677460
23 881934
43 825823
6 994876
7 303278
38 622729
43 642154
15 523071
43 167030
4 440419
19 770035
32 124151
38 507555
13 38141
40 666430
46 916128
8 767048
23 755125
37 295158
30 171720
36 960211
32 932943
21 65817
4 206005
48 526234
44 53946
37 9221
19 964916
46 945837
3 597477
33 402901
43 267545
41 151640
39 787978
3 819693
3 233710
39 984266
30 998247
33 679242
26 426605
13 789291
36 439132
35 621384
31 318702
36 165371
41 329182
3 744210
19 557023
42 725037
19 555803
7 386293
31 561436
1 361305
14 296532
50 820611
46 369741
50 326147
16 906685
35 263247
23 75020
21 336152
35 121760
24 373613
15 219094
19 8542
37 39167
32 321546
7 714266
46 931184
16 641183
36 394306
34 719613
30 393506
43 139800
10 256049
9 430332
25 98963
28 816011
48 153142
33 673360
17 377455
50 170934
19 65284
35 364809
10 453279
47 510091
35 964993
10 948879
28 744510
10 157168
21 639713
1 241374
30 591031
35 749167
16 642109
39 737551
29 937118
3 898904
6 717612
17 298917
49 865752
6 235138
32 692073
1 194702
10 960646
21 901236
22 735475
8 996629
2 354837
46 988511
36 604241
12 57747
38 30058
4 123171
3 751128
36 378681
9 88924
47 450931
44 172977
11 254527
10 21538
22 229746
39 908044
35 228047
29 625908
45 838510
41 821099
23 68486
14 469602
44 18017
5 167633
19 941219
12 28188
27 879675
33 987306
10 973499
35 990179
25 278860
49 992924
2 522414
37 205977
27 205496
22 640448
36 799044
49 663814
29 257057
23 246014
12 107871
2 410154
17 641705
23 765257
8 83524
32 878955
47 840785
27 775020
27 638165
3 746537
47 912440
49 843847
37 975973
2 360483
47 820859
13 280091
32 503545
42 172981
47 615943
3 633466
31 268806
29 10108
11 890736
5 57068
15 643582
29 308568
41 475351
8 454277
49 434836
35 441
5 835997
15 709692
45 961794
47 236993
5 214743
14 383077
33 779748
50 363262
20 414632
36 787816
10 815602
3 835583
19 329770
1 512546
35 577403
49 557961
36 991024
2 408443
27 815504
29 507581
39 543508
44 465512
45 716517
8 195119
28 901960
4 153193
39 832187
26 676347
36 703924
39 107169
41 276233
45 539411
13 478051
50 750638
2 445267
18 3372
46 820877
50 379898
23 621536
22 389893
47 116388
19 587678
47 199645
3 745836
10 33349
43 986941
41 155347
39 335024
47 277648
5 387651
36 896185
9 111260
23 378734
46 869674
48 854221
30 624484
42 547400
39 375507
23 756888
6 841550
24 834062
23 466855
44 601576
43 35207
23 932355
3 14329
5 355132
41 270067
50 468489
4 915466
5 697745
19 491086
23 148149
32 334352
50 426188
20 425499
15 994564
38 361241
15 535184
21 738177
30 747526
48 377459
14 575195
16 158702
50 837990
31 227945
46 252275
39 246403
23 667369
48 266951
41 663258
40 299415
45 290115
29 758615
18 499719
34 176784
14 331238
4 302959
5 35265
50 503776
17 30661
10 532722
23 27466
42 194845
41 707783
40 89281
9 292068
48 406808
34 382740
18 568713
34 480983
7 423602
10 923310
50 278365
14 196410
30 177912
35 312853
23 120270
50 415502
17 41846
29 335785
6 312059
10 315368
2 290160
33 755682
25 945587
13 314539
47 821162
22 617550
31 549791
36 764005
35 426220
18 450242
4 716199
36 407538
3 416603
43 154101
24 785728
2 849146
6 378713
3 136497
48 670796
47 628638
44 697055
30 974331
5 184577
18 491133
27 635591
42 33961
16 479911
18 720545
6 283800
36 619446
45 280254
48 122630
37 21236
26 428628
30 26570
7 550859
26 171560
35 989157
6 881803
4 597441
30 51134
23 217115
38 235320
14 247373
16 754134
46 269007
20 744384
5 927027
8 646971
34 133147
46 761701
48 482970
28 765986
8 514418
37 190306
13 803241
13 578243
18 878625
38 401079
13 672225
16 18769
3 267484
15 656067
9 524331
19 279899
13 992552
26 30239
38 519784
8 921164
7 870407
50 101186
9 587430
14 684276
29 690094
18 249832
22 212737
49 122868
37 411313
49 606496
26 63300
33 674050
17 862576
9 807461
3 355087
45 158400
4 843976
18 455299
38 735858
14 727588
7 530443
23 525020
5 67381
12 129420
14 897962
4 657656
13 448379
6 79886
30 65516
38 889860
30 50922
21 630743
48 463398
32 692474
12 596349
24 208307
18 585544
12 660231
20 745812
22 50814
44 330154
50 758292
48 828324
20 959419
42 749129
27 836748
24 41827
5 373767
26 289046
32 588032
7 761038
16 291076
24 960800
29 431674
10 541908
36 468542
38 774283
38 61569
24 173115
35 595879
20 202942
4 958890
11 681865
50 540518
22 414730
8 165839
47 869768
28 702504
11 101332
40 787208
49 318649
29 102975
50 384341
17 775482
44 500438
27 451277
35 249924
23 782827
41 179086
39 360286
9 113033
43 201216
25 481906
47 315213
15 79776
26 470272
27 114894
15 178050
41 806527
16 637231
6 911344
8 874383
41 730874
31 105057
19 789253
41 598691
25 926500
35 940279
45 270063
46 147832
10 147539
46 272009
34 793624
15 129247
44 63759
38 336312
6 682768
5 261668
30 242275
49 707141
2 720417
5 905215
36 193250
41 709615
21 501588
29 780968
31 603738
50 351825
44 842430
21 596468
17 419041
26 285138
5 850225
46 929135
35 365677
37 228859
20 812373
5 78246
39 455825
20 916288
30 75573
40 525264
40 148513
10 533631
23 157059
39 982424
42 84775
7 757242
46 172151
49 338792
15 956815
18 61451
19 754676
10 281538
35 760330
17 660403
1 324905
28 961327
44 697785
9 911296
46 776373
40 445514
32 744159
19 424286
3 976082
35 741105
38 564468
19 391736
34 419887
27 441655
11 135036
37 155308
14 115907
30 815766
49 853389
16 82247
41 271329
25 869953
50 773434
19 683749
4 312466
21 371600
18 77141
4 129452
22 917757
4 404690
47 432336
23 727593
44 489447
42 285991
9 12745
15 983642
21 746329
32 673390
30 757495
1 597616
44 118519
35 999243
16 978079
3 753436
26 343097
21 545940
35 972518
44 525069
25 410153
10 325094
14 102478
26 628873
10 966043
31 32055
46 846101
41 757080
13 575765
50 859560
29 994837
32 622157
27 195981
49 353943
7 991170
46 972628
41 371857
5 546448
50 5738
26 728611
14 257120
11 618618
18 948933
22 964876
42 588647
19 527803
47 96392
44 181685
40 699398
36 755265
8 67831
21 218082
22 47169
16 709431
35 130649
34 781984
11 1038
37 996737
37 792661
45 71444
14 532405
26 914714
10 426267
10 374526
10 386188
6 77498
23 762876
26 588022
12 736207
21 237934
18 360360
34 13930
1 944641
1 196631
8 418037
14 620274
46 150535
5 530006
5 18972
22 770695
41 252861
37 148904
24 170112
11 328560
49 78812
44 307300
21 395016
46 409309
6 691655
37 230695
2 329481
34 786590
25 818279
32 160476
41 828548
1 221518
5 799487
37 815575
21 270108
23 700752
44 860836
36 341419
32 533729
21 160291
43 54461
42 421168
43 399673
15 15574
8 213596
26 830107
32 13451
50 972228
43 606611
2 193557
37 670941
13 658694
37 301922
43 66901
48 27910
12 831541
24 863270
9 521189
21 490587
35 963956
26 678960
18 643353
14 560492
29 63630
38 557501
5 355427
21 871678
1 886530
20 414405
16 356371
8 917424
1 100959
46 189708
44 46713
37 799689
19 401701
43 476366
40 792269
22 952913
22 69975
24 6219
48 643712
35 545933
29 433765
6 319625
40 1973
26 712931
20 241192
32 831220
14 75667
49 57881
18 244789
15 203304
23 862811
21 371235
19 480805
38 679321
34 871738
48 575970
48 758063
42 836201
34 70045
41 260580
48 703661
38 114452
49 572737
12 528166
33 230419
25 56236
13 722248
27 39452
5 450168
16 281295
22 480338
44 927420
49 715216
40 377491
15 319965
38 199211
28 246742
24 388115
13 907867
43 747731
20 307336
24 151151
20 281321
20 619588
21 179822
40 669768
46 184531
27 256064
26 956600
43 729348
18 397874
27 181260
6 289089
18 205337
7 753726
32 848506
11 628706
22 750048
36 374531
13 952439
47 305318
23 100497
26 717171
12 272517
15 403542
7 337897
32 548884
2 619083
10 168882
39 330794
10 739508
47 659698
16 694539
29 903378
19 463888
31 860972
32 222125
20 423985
11 534026
32 146827
22 576348
24 664204
9 386364
29 877330
27 531257
24 934417
50 829899
49 638022
38 690770
32 354639
23 281356
12 153218
27 664100
43 351845
21 561662
27 264823
22 527418
38 446413
33 188196
3 882626
42 908109
31 521631
7 70057
26 769399
50 566143
13 219822
35 807445
36 939931
26 508211
24 220311
22 94904
25 380591
46 809823
21 178358
49 308501
39 32388
29 750858
35 904816
24 490207
12 61812
50 25091
11 987406
13 390922
30 288390
45 167759
14 156964
36 801068
30 328688
35 344893
49 565416
2 992392
49 479724
10 624167
33 946950
16 427523
29 501182
40 757110
7 189342
21 136244
13 54332
26 391537
4 629106
1 719958
34 381702
1 491985
1 907705
2 112486
8 330033
36 881154
31 719660
2 73173
9 836243
3 758648
45 87630
42 424949
23 560054
10 976042
32 859729
47 934855
13 439727
32 398910
15 746762
25 428168
11 834727
10 119249
13 436355
49 537854
28 344933
40 686433
37 123044
15 653509
38 661292
16 447815
36 155189
15 324619
22 191314
33 717043
5 32278
16 812057
4 968133
38 16356
28 591753
40 526999
39 418431
49 310433
50 583226
16 429942
1 133307
24 409640
11 30496
35 458262
43 471021
34 334946
20 79309
48 990766
41 306446
28 553102
38 592975
40 637037
46 885945
3 221841
13 266502
4 924242
9 670890
45 128809
4 660937
28 889858
16 584203
10 611976
29 155205
27 128931
50 889533
9 991426
27 383471
9 832653
36 685689
24 482642
14 11781
8 646121
14 724517
50 401818
5 174090
17 578739
14 398186
4 761480
28 516611
49 953169
14 936035
48 344720
45 954397
20 224542
24 354852
4 457545
35 708572
30 863876
20 248225
9 236710
24 938957
50 754195
34 893539
2 77278
20 171628
29 368865
10 551352
49 966106
44 665170
21 69408
20 609400
31 175769
41 618869
14 54452
48 984512
20 787536
12 601616
29 342791
36 645571
40 805489
49 986580
1 329116
20 596573
26 745029
20 798962
30 379642
28 468022
3 261272
18 533878
40 453379
40 368915
18 964033
12 304587
8 833066
28 926868
21 207162
13 520833
10 706541
5 20383
22 34608
36 715190
6 119929
5 873165
4 516792
36 7614
49 668675
19 143928
25 661003
12 109913
28 957871
41 896774
34 528415
50 961267
33 293289
25 490159
4 205791
30 697027
36 952233
27 102766
29 533520
47 831280
20 804795
18 971575
11 112968
50 776918
40 172974
24 984590
11 902122
26 320213
28 929214
48 337781
34 130196
37 136656
30 289971
19 354294
2 340672
5 715606
43 436989
3 594347
32 214732
43 334877
23 178462
31 316893
32 929059
49 43799
39 665713
42 522642
14 853986
6 251716
36 762339
14 230470
13 886996
12 295080
11 60036
40 933517
14 876033
42 251093
23 722122
39 907020
36 482849
4 399376
5 309870
5 668642
3 314313
21 693641
15 334021
43 348958
19 358422
21 572451
4 697919
2 505097
5 250918
27 554845
24 244786
32 622296
37 36093
39 286034
29 361818
17 669638
46 783822
14 194335
28 309427
47 761215
1 638161
5 112440
20 747110
48 711859
14 314665
37 972685
11 527013
14 443290
43 882610
10 263143
1 504694
27 923048
19 713935
25 697251
21 686012
25 183203
41 820966
20 662776
1 107645
50 880332
7 155787
44 274639
8 170580
36 204562
4 976497
36 3310
17 979380
13 322727
48 603778
29 901526
24 347987
36 892865
36 238779
6 755413
9 365482
16 22965
37 296595
26 446513
48 535849
1 211464
24 903594
34 481872
38 852208
40 266095
12 229559
17 458594
44 680235
22 573395
8 212836
8 458634
28 679907
29 305344
50 344104
32 323868
50 710330
11 39307
15 650766
16 988238
45 915329
28 971795
4 765619
31 651629
8 85468
49 535501
11 783061
42 308625
37 928893
6 31936
32 273587
49 341240
4 21616
44 701428
46 738317
37 691456
8 300612
35 479689
50 955395
6 66527
20 9872
50 235898
44 336225
7 114419
46 687690
3 302789
5 622292
31 46405
6 330736
18 291632
28 153110
25 296902
17 508190
1 8420
36 38766
37 500733
43 309125
35 179008
10 138733
6 860934
39 418309
10 681620
31 755814
50 420937
30 965285
35 564009
23 480987
26 71930
7 604395
18 149121
5 726403
6 572909
27 688662
45 562296
31 318109
5 583684
39 111964
44 749978
6 405115
35 753360
7 559806
5 385884
41 643276
2 240414
45 640627
44 342685
4 582968
21 500695
12 226410
31 955718
19 173526
32 690677
31 555451
2 104347
49 935790
25 737461
42 154107
49 997077
3 966567
5 518438
13 522274
26 472261
45 994347
20 741810
43 211841
49 9703
34 26218
6 794340
31 966466
36 844777
50 78800
50 468053
38 864238
7 264911
11 923455
25 129879
21 716700
36 205223
36 265951
24 254642
47 657345
1 808477
32 240897
46 108964
4 839786
18 308501
2 874958
8 87652
45 762770
19 943477
12 354799
39 342088
12 290237
13 132704
42 334935
10 917106
28 46109
37 261718
17 879548
2 765477
17 199395
15 303551
25 445542
16 242341
43 257770
50 126580
47 959679
43 54156
34 327054
9 279633
10 473944
11 493876
48 3095
48 161634
14 274111
8 879867
29 799321
36 426413
3 539348
1 74636
41 870544
5 568309
46 772664
39 306951
8 407753
26 846820
20 134398
25 928405
37 978723
19 483441
15 453806
11 746899
45 116508
41 225866
30 471371
45 905833
3 494889
12 654490
21 39871
50 32333
21 550965
10 924728
12 815425
26 887060
21 50916
49 472308
30 301842
42 639277
42 900756
26 915200
30 216885
10 976753
34 392862
37 847191
23 314371
37 464885
45 855791
5 38953
27 260462
45 21276
14 217131
22 617719
34 102455
39 596748
30 213043
4 944891
29 703461
11 769636
35 750278
33 240220
22 323779
4 634770
8 855131
9 955177
20 676621
26 614228
42 814544
4 197612
10 290122
2 924784
20 190595
18 684942
38 840835
39 558072
22 635480
45 879683
17 653934
12 970283
16 388837
39 166224
49 548089
30 58097
20 775073
46 121667
6 18008
8 111864
8 182180
24 235401
19 523808
33 663356
33 876729
39 340888
45 419880
25 658303
7 767559
13 664257
6 666011
23 344041
23 501430
30 214860
25 267626
43 14728
43 325022
4 933505
33 246154
46 195238
42 320116
22 155671
15 46509
35 743930
25 279879
29 587443
46 416272
29 90725
23 699052
25 386869
29 516926
49 862606
13 551926
27 846533
36 577889
1 832566
2 308172
24 899342
2 714402
26 706060
30 462930
18 607389
10 396304
42 548555
17 898830
46 721919
10 167616
4 479468
38 675329
44 636505
8 527055
25 717859
22 686990
27 618003
35 490896
14 940220
43 736368
3 310995
10 732742
36 142481
47 904502
11 870439
13 503934
48 419329
44 529731
35 494650
9 214934
34 139641
46 799097
30 113447
1 783055
39 990843
3 53287
2 402635
24 508747
41 830893
33 987711
42 175904
25 343553
13 148608
41 124179
14 601489
35 843283
16 338736
5 490588
20 691027
28 15769
36 643778
6 253540
26 436443
35 624474
18 330759
32 405159
44 255976
45 262727
48 27607
33 968388
36 538568
26 47652
48 603671
6 363240
7 634035
50 77602
9 181314
22 421294
16 441576
38 871068
13 534932
37 234775
37 486897
35 436683
12 333259
5 718079
4 161624
31 62566
47 434516
21 3896
19 507075
22 554392
46 293890
16 363633
10 4937
41 926431
35 419630
8 506779
35 227079
9 310604
23 809064
27 236290
14 760188
32 750058
49 379048
46 240819
16 918223
4 659487
34 815063
41 872707
12 279632
8 95975
3 651224
1 460045
42 819996
21 767698
37 538241
33 437995
8 157225
34 311882
27 61286
30 401600
34 107297
43 460224
2 752932
27 788366
26 856794
28 798357
37 946684
5 865546
10 948846
4 643470
33 556307
20 379945
35 226304
7 610074
31 386560
9 153555
23 616840
32 396436
44 396910
36 129242
29 761348
16 532699
7 264396
35 319705
13 183585
19 269861
1 140197
21 264899
44 563908
45 652673
47 497387
27 277239
40 558491
7 633763
15 656796
25 800725
4 967626
14 9675
33 255795
47 787212
4 396893
2 902573
32 325426
14 927358
9 978069
30 593732
34 488580
42 374433
39 219771
20 221713
1 237965
44 755908
13 51821
22 859484
6 944806
29 378759
45 450745
37 37384
45 195216
38 504545
22 65271
6 83739
1 53925
6 31978
2 869038
28 844431
14 959037
4 348911
5 827320
1 110456
7 176572
16 285515
15 736320
37 539675
48 394761
47 345229
30 115045
1 503226
14 288234
47 851655
4 118597
12 456012
4 459851
12 857617
23 673706
48 619272
30 489290
45 585407
5 564324
7 164475
5 689622
17 137901
16 567163
46 860236
31 593277
30 453073
24 463287
46 317511
17 748511
8 479430
33 761919
1 837354
36 987355
4 275889
7 617955
25 324200
31 659456
40 614527
28 612850
1 724783
7 31095
41 405244
4 737667
8 675042
37 81659
30 324161
33 504313
24 4577
10 468209
28 726906
35 207920
24 259613
45 226538
42 821151
12 12431
13 364159
31 361012
49 813510
48 506339
46 114444
17 401862
1 881233
43 747041
44 90865
6 258499
29 837607
18 498917
38 481432
7 73062
43 781757
43 442867
28 126130
19 612305
15 501900
7 52595
35 330566
19 640978
14 811723
36 708742
46 109610
24 933419
13 751456
11 612169
3 774562
11 862054
4 892818
34 825426
50 273756
41 219508
3 802240
34 908272
42 135728
29 358376
25 86555
35 721301
46 997968
5 786847
41 918869
26 95571
19 7275
26 497957
9 503102
15 708891
27 607765
22 244668
27 122592
45 487732
12 257545
36 967416
12 399576
18 3358
48 802099
11 648992
48 191292
35 103114
18 803531
27 388778
15 333870
26 755281
41 423985
31 381568
36 692249
41 932490
33 541107
49 253946
26 849886
8 627549
37 685640
44 657021
6 533412
6 799498
30 900530
34 504497
26 409103
34 674323
16 263895
22 531309
6 762560
6 175407
13 615725
50 404846
34 229634
28 845280
42 435503
4 542839
17 541655
6 689142
46 922232
23 928336
50 125276
39 868790
47 941825
41 548621
5 789294
18 164285
23 359255
24 399680
16 411442
32 890132
3 21608
1 892344
45 921456
44 294296
22 930621
1 597505
6 123176
30 665210
14 221501
23 269067
21 180518
12 91237
19 466547
27 717343
50 121922
16 819800
48 683836
29 535745
6 302010
19 794598
22 516890
42 726298
27 507257
40 207105
20 435754
41 159952
44 490307
15 385562
34 523438
1 592417
39 492944
48 966168
40 100085
1 544673
42 96737
23 745065
45 516543
42 153622
50 659057
27 463453
35 640328
39 542570
10 904476
34 433088
13 451258
12 956762
4 283889
45 482339
20 867790
1 522855
28 934830
46 909368
50 747253
1 353021
11 267066
21 129041
40 551249
15 851456
44 360293
4 955134
10 127863
2 369746
13 367378
8 765735
30 372833
44 217134
4 7456
43 160186
19 526024
39 969690
2 322500
33 719883
4 63317
40 375136
50 849863
36 78273
33 215335
19 985480
34 502792
13 450960
18 887861
34 8988
26 231598
10 359496
32 221798
12 346097
37 612155
44 865231
6 604771
13 95183
9 88203
9 297346
41 40261
40 75543
34 756464
37 194684
9 123543
40 965817
29 473637
24 671994
6 53275
3 291278
9 94475
10 599597
45 168715
16 818625
50 548917
31 290195
41 367257
11 534798
14 212561
46 890762
38 579009
33 370791
4 395535
42 894118
38 261218
49 82168
47 297009
7 325754
28 307333
28 527031
33 979793
31 194104
37 712394
34 214630
14 192437
44 195862
29 738446
12 809810
49 896444
14 964085
18 290810
20 13531
15 696703
24 110981
21 532231
31 735412
50 756127
33 427666
31 741984
50 722113
2 973973
39 810129
49 392998
44 80315
14 185360
42 937581
17 798777
28 617323
38 529082
28 496
35 493897
43 425337
4 756780
27 971451
38 913687
28 390132
15 397018
15 999906
8 377284
34 319471
14 128667
1 720056
13 781570
18 90004
40 369399
32 320830
35 313612
5 371067
27 517995
28 725552
22 50528
20 85011
21 220956
32 308622
32 840003
6 32703
10 96309
29 140715
30 928685
42 905117
41 614127
49 215503
29 999421
12 586941
23 885866
25 119270
23 511866
7 398888
13 383943
23 776142
4 134270
7 65158
6 118509
30 105008
16 944552
13 675088
1 352784
24 978278
15 380586
28 620735
34 9205
10 830452
27 803066
41 453103
14 773538
2 102609
43 598268
48 473529
20 401371
22 734158
23 518668
22 581442
2 47381
32 752675
21 724401
41 614968
10 895055
33 547645
28 699448
24 292756
27 360663
8 203940
39 650649
15 843711
49 40652
17 127325
39 614715
23 787873
6 207631
21 540439
38 119380
46 697220
23 984247
43 944464
46 932860
50 363975
43 839166
25 908457
32 82558
18 973148
30 81513
11 854468
15 922188
46 443137
28 295545
33 3592
49 281548
8 561276
20 57335
47 227957
42 570640
31 901344
45 114433
29 419861
5 279881
11 706986
15 780656
25 886569
27 951805
32 484448
28 367874
25 658147
16 332187
23 462895
47 716103
5 265454
37 85387
35 869487
28 139561
42 150512
45 580798
21 134686
35 150472
21 279317
49 813258
28 801312
43 80339
40 392606
22 312107
27 416417
21 547390
24 37521
25 252421
39 762240
12 852705
44 913791
42 889694
43 776610
32 480435
32 391124
10 50032
38 849440
47 555230
6 755749
2 985038
21 969620
11 185744
8 444254
30 544341
11 58495
19 206959
15 928340
42 219964
20 430197
28 815701
9 306214
15 286088
14 226322
22 740286
1 636080
44 618271
30 557037
23 185241
47 466220
27 353271
43 445802
38 621982
18 850827
48 315048
6 38902
2 120957
32 481303
28 777126
25 387670
7 367472
28 290361
10 365857
4 273483
49 147659
38 197229
18 20735
44 176571
22 536599
41 283090
45 966090
37 269093
31 831685
19 712830
30 694140
36 255758
3 931568
42 125595
34 911054
21 520724
15 145572
8 132116
46 485897
9 295905
27 370466
19 881799
21 299725
48 323472
19 73514
23 424741
23 260062
1 994281
15 975053
19 139296
1 148659
36 393574
40 101314
28 689478
30 123048
26 859610
7 335929
34 865595
28 847848
9 641927
20 438642
22 635726
39 645889
4 719226
31 927171
39 318269
38 539682
38 618586
41 215638
11 298614
10 999530
14 751837
25 111894
20 15092
23 94648
33 941427
21 702272
23 127286
9 366569
32 174093
9 103922
5 339474
23 686904
23 451518
19 735663
8 345350
44 912722
21 645198
34 651457
16 581702
23 765735
2 406841
7 683080
27 338305
4 560332
17 635817
23 967316
2 124182
11 824849
35 873944
20 668426
30 810256
11 605180
25 741507
30 860004
11 123787
6 118815
38 689605
2 572234
23 499018
11 256394
21 172680
6 574103
20 994691
29 815551
10 466406
24 356457
13 366943
37 549501
6 38159
21 690631
32 633510
16 879497
11 813641
38 480429
24 405863
19 305197
6 608656
1 580007
17 806736
41 959068
28 404191
14 419367
34 963214
13 813025
20 543255
2 822245
5 183501
20 466434
47 171132
7 437888
11 997055
43 990979
2 658704
4 301028
14 76329
9 727114
11 8593
24 718186
27 692874
46 901115
19 415136
25 240708
32 959636
15 217807
8 720468
31 909965
45 295514
44 715445
49 661063
44 231945
16 691975
3 744532
11 6166
7 547737
30 310012
33 848344
30 694671
37 785873
21 326563
7 778753
5 372331
14 473917
10 304993
14 730067
10 136983
3 655989
47 494471
22 515802
39 907689
16 801819
50 973973
9 127308
31 572969
45 476370
7 470159
2 713931
30 150645
43 952655
42 529912
30 918053
28 910434
3 710385
15 788284
49 81735
20 958212
47 260985
36 665323
37 999062
50 766112
27 991107
1 528591
15 441997
50 414826
8 759594
8 587932
4 341389
29 177877
44 970384
19 706231
50 790096
16 701282
32 74054
4 926606
2 256756
44 757228
21 250409
45 654965
1 494845
38 448048
3 523931
4 628815
36 332017
21 861589
22 157242
50 260762
34 356907
36 830683
27 313599
38 128709
30 679944
30 327935
38 386147
40 954682
16 550379
30 576957
25 243119
43 562239
5 692673
35 92493
31 101232
16 843942
24 936222
30 667711
3 95667
35 975122
11 481972
12 603808
27 931221
45 905634
26 654761
12 858247
35 962319
22 406893
26 273797
9 52117
48 425308
39 19488
22 437776
42 193937
25 686548
20 351000
30 470930
29 917731
34 50267
20 547685
30 745143
30 429081
29 646214
19 911512
41 137376
26 936921
25 478238
30 109700
18 48389
5 410102
31 300591
37 576637
21 411434
27 909547
37 404365
23 872996
21 94172
37 535636
9 956768
14 29245
11 388871
23 344394
33 722033
24 35848
4 451318
34 844815
28 652818
41 114099
1 305286
32 846606
15 898901
32 472698
27 379750
2 282306
20 533880
18 735312
2 283980
8 763018
12 699173
3 507660
15 27095
1 272332
3 443311
30 349214
41 657852
8 693536
17 260488
40 46935
16 874523
1 433768
43 780264
21 405953
42 544967
41 16760
4 320402
41 219923
8 199726
2 127190
22 160610
26 776818
7 309988
23 944168
45 978552
46 186839
31 354696
31 900705
30 854320
35 107561
30 843497
9 367622
14 160971
11 882365
45 707299
42 212184
13 504798
44 782738
35 603222
1 44630
39 162900
22 111051
1 221093
9 447788
25 673028
14 702113
1 836295
21 639573
23 650120
40 255309
3 908284
42 253867
49 289198
17 829041
34 995213
11 488756
10 237421
7 632955
18 698654
7 920168
25 168306
10 354304
22 66849
3 94610
22 136618
12 756466
11 215979
40 573535
4 790805
18 301555
17 633772
5 273939
37 961497
28 197674
18 903309
39 82516
49 163063
31 374842
19 936870
7 523938
1 276189
1 47856
21 605662
10 379240
34 661996
9 921600
20 845489
13 309978
36 240514
43 943378
26 669675
32 586268
17 136254
46 706174
18 697822
28 481572
18 899102
2 456010
35 972132
11 700261
41 23051
32 556499
11 810944
40 627035
35 509070
40 282420
7 821665
16 681828
10 425055
11 366989
27 200149
15 466697
43 920330
39 832431
21 257894
16 295916
9 136027
25 511609
20 922260
47 718942
11 158282
9 93721
47 69949
47 761381
44 286169
19 73252
9 213819
20 33328
27 170140
45 470881
46 551466
49 389199
16 441758
39 263934
18 68001
4 999059
38 947534
29 563156
22 395157
35 783314
43 797525
27 102902
45 461095
47 38206
25 596277
37 741364
27 634406
36 253698
13 947280
35 957884
38 866773
32 253236
29 782212
23 989838
15 767208
50 691078
42 858270
37 847120
37 872891
13 677792
27 189954
19 517445
22 113728
34 210708
42 27891
23 621728
27 499154
19 668352
13 388930
3 917194
27 458746
34 183811
10 936655
5 974163
35 138702
2 776056
50 445948
35 556556
38 413440
40 402748
14 529685
5 301573
21 324503
7 483219
2 866790
50 866590
24 147675
18 978485
3 899061
8 583195
16 703712
50 368514
14 972279
42 180995
10 720360
32 183879
46 54439
42 539960
46 198613
30 431752
26 748691
20 315918
22 106641
44 259966
23 115433
38 470654
37 808682
11 56887
45 614151
47 344803
2 944227
32 247887
32 929749
29 382992
15 611914
12 752766
7 133735
43 629829
10 13546
33 161190
41 583226
45 866775
28 898796
13 259889
43 238833
30 790473
32 304626
29 624049
40 16640
16 183729
6 873161
19 859619
9 40554
33 928660
3 498589
3 191812
26 347596
27 308744
30 630779
24 352757
8 49086
25 114489
2 678529
36 585955
45 836422
16 469775
14 374480
50 52429
48 82517
2 416115
5 622869
1 68802
42 438769
28 928493
41 1083
25 338239
4 554623
49 124884
23 187218
39 356594
41 381193
11 269402
48 69969
47 3807
18 537506
24 953285
48 243067
42 199280
47 387632
24 814476
21 699205
43 266789
24 958205
27 257196
26 612254
39 468808
46 814709
15 402233
48 253450
44 499604
28 726873
22 229603
23 745069
41 461161
41 932392
12 937678
50 656055
46 400403
44 575832
47 480401
50 9382
2 243891
16 869818
27 254095
4 171036
38 953178
19 702017
38 846910
35 693536
13 170387
32 702241
10 510502
42 140935
30 336572
20 836745
17 230038
19 678664
44 18073
43 327079
22 221520
25 343032
32 858361
33 788521
41 688355
20 507123
33 719141
2 143366
45 767413
23 311241
26 790258
49 316195
28 507853
25 190114
38 725224
11 821038
28 496621
32 756303
38 694049
44 260035
15 486847
14 750491
9 65811
34 819427
24 306903
44 823700
40 358947
40 216942
29 716615
35 778256
45 252840
9 873001
17 286447
1 770205
19 472575
15 281198
30 541503
8 68776
44 861832
42 987127
39 199598
17 481047
45 45390
7 822219
2 598820
13 531605
11 695736
9 183052
25 972596
48 824569
27 348048
43 805105
2 103731
9 767392
49 357608
2 205892
46 336010
6 874476
12 451307
47 853285
7 882026
14 198954
16 937180
24 206962
12 794882
2 694715
26 879837
28 704374
23 180630
39 264991
10 686073
47 218159
42 625817
38 98738
13 28177
19 334121
49 502438
50 901585
41 915269
19 677583
48 879885
5 886009
28 967032
30 479138
11 89143
40 385485
37 389651
26 908142
38 346957
38 453009
40 377723
19 953222
11 669117
23 906790
17 739753
50 569182
26 948923
7 918753
43 876985
26 520517
9 322101
5 255511
28 535741
5 401469
6 988916
36 772793
48 243440
5 800105
41 610287
15 751816
44 731927
19 836864
12 869321
16 553332
27 315072
22 328642
39 385931
39 698981
46 666764
16 582357
42 764093
19 135011
40 449302
49 497724
23 502238
20 671187
16 132613
31 681379
46 621649
44 375584
41 807895
11 261864
20 131016
32 875299
18 174905
10 966758
48 421224
1 115919
50 743038
10 201136
30 346715
34 884491
26 230337
22 382615
13 365251
35 792571
47 768812
42 593834
50 483979
30 834857
27 824839
18 567063
7 271016
44 306708
8 722135
1 566064
45 871274
18 976679
37 459636
18 849308
22 821447
50 385899
7 242924
43 423653
9 517454
16 510579
23 720961
32 380726
36 671879
31 736596
29 389343
4 616490
42 720106
28 167337
29 882555
7 295807
23 116810
2 146667
26 92322
28 769952
47 482850
27 660842
26 627946
18 777691
2 56
7 62310
50 21596
32 106442
35 328751
17 625455
34 192876
49 21169
32 939895
1 109445
15 394877
2 472584
16 712051
23 29082
27 164460
49 463396
39 165227
34 53819
21 687179
39 27134
35 538006
31 986583
21 518184
32 882193
30 515579
9 261099
12 823195
18 290929
22 358160
16 628698
6 387195
26 260747
3 926831
20 335082
44 403775
41 67059
39 203607
48 485245
39 33762
19 177933
46 466878
21 895450
2 418146
14 422394
4 332867
5 331303
4 882048
5 422219
23 325617
11 643300
38 239670
44 348504
45 874335
10 242724
38 513870
8 89973
16 953138
21 744345
9 78820
38 301573
18 307776
19 475082
9 413692
31 770719
19 541223
17 927216
21 212548
14 494422
39 373155
5 975046
12 713598
50 366103
43 728443
30 648640
33 364589
27 27570
18 129039
6 445917
23 119294
38 270932
38 803881
48 891264
3 292389
13 886352
32 55136
9 770722
11 115185
26 673638
41 211388
19 756150
6 882523
26 392533
43 274546
40 133258
28 796296
32 33554
35 910029
7 224938
38 919969
44 661516
27 35262
9 637797
27 510722
40 533882
26 798507
8 685478
28 998277
15 528332
50 524914
44 630973
26 965058
40 23272
30 283615
38 665441
40 707712
15 362397
44 829546
41 697553
12 443753
18 873403
13 649144
45 357955
23 318925
42 161579
9 358033
17 730205
29 521327
1 252476
43 41631
25 128747
47 129161
14 516541
27 67239
8 925264
38 801779
10 954256
9 451849
7 392189
10 630318
42 905648
25 944842
45 655894
42 244713
33 335423
13 28222
47 92808
42 55993
4 115163
33 589142
50 150195
20 712378
47 735775
26 690753
40 709509
35 411351
14 38415
15 340139
26 133649
31 483928
8 284505
34 586863
25 506369
24 377715
2 813987
37 699722
3 639638
19 350838
40 673729
32 21637
27 669272
40 863838
36 173254
13 780401
29 647660
1 240832
27 805157
14 915017
23 73861
1 582807
24 994548
43 499026
31 255626
49 297704
48 435435
33 344599
27 452056
18 244424
4 328794
35 612445
13 729820
1 896905
47 526574
5 517106
4 711264
35 301525
13 794071
37 616308
50 714185
15 20277
33 315717
47 607436
17 643702
10 495675
15 344889
29 7209
20 798783
47 5272
44 154192
43 109095
48 896526
3 924046
32 79823
16 567581
46 622326
3 255819
1 500390
12 710245
20 939057
30 582218
50 207400
14 858549
6 353676
13 363380
20 251671
18 742442
45 351910
11 113394
11 729780
13 241347
32 728844
39 504400
17 510761
31 666362
29 150441
39 771402
25 628003
1 790365
12 137938
39 141159
1 589981
43 34806
22 267582
4 551763
16 351958
34 445637
44 603753
24 379332
7 430109
44 277576
19 231952
9 768606
8 527023
12 502799
7 164964
8 778500
49 473532
20 654451
4 814536
13 675697
45 116350
15 291204
49 65612
13 990367
8 623026
41 816476
6 542948
42 359679
18 777083
36 586985
26 339139
47 153315
42 899779
30 700536
10 248472
26 134621
49 857458
9 39042
9 392421
4 724333
39 238327
5 956673
48 264007
18 633197
3 396811
38 261562
46 998645
18 322297
37 173127
44 35035
22 258887
7 526024
41 420485
3 124692
12 110719
43 982999
22 250284
5 613200
18 754487
39 732561
6 65115
30 339916
28 788615
50 612096
48 323802
30 530631
34 225425
39 144672
35 738237
9 549897
22 790523
43 601927
21 873247
25 945401
8 935718
21 713579
26 702322
16 267170
7 981695
4 630668
1 331425
22 983759
4 227905
19 716233
30 688688
27 490946
9 699123
9 534154
42 855005
5 641827
21 620019
29 201154
16 440302
28 214259
1 321323
40 379877
35 551004
21 883904
3 872455
15 860257
8 814320
40 916817
25 665786
27 808955
42 89355
42 894591
2 535007
5 94379
41 811954
31 528005
2 306628
26 916415
37 221411
7 476236
4 881337
41 335180
1 577142
14 522297
25 990570
23 699921
6 163139
19 425010
15 233752
25 887085
2 689898
2 120092
33 97012
3 442981
11 146388
35 250240
15 251001
20 435767
49 325923
22 82649
7 437205
30 689293
11 451656
32 294127
32 995140
26 766150
34 319246
35 143630
25 483620
1 399465
31 597575
8 677568
32 605409
15 726741
40 424369
31 194359
38 79270
7 791409
27 735461
30 548045
44 820971
5 776674
43 313371
13 996035
24 144355
18 663783
6 831675
47 247702
4 488045
50 890295
32 221249
15 438975
32 939743
24 554047
42 357083
11 794841
28 151075
32 105534
7 398884
28 830413
32 190915
30 967840
29 700133
43 271350
40 8600
19 330202
8 178572
38 672233
43 865720
25 411742
5 454634
31 241564
46 118328
18 473047
23 773192
48 76949
18 462151
25 547104
4 620600
45 398941
50 710563
39 761427
6 579571
33 734930
43 106661
3 393771
44 370642
5 788312
48 129792
17 617356
4 389388
45 337486
23 69760
29 582215
41 477288
4 941183
27 477139
24 814225
16 853488
3 672285
34 411360
9 773725
42 918432
40 481186
9 577591
41 805812
14 860846
13 235920
35 852594
45 436820
39 753383
2 354789
11 819050
16 911540
45 316322
32 70075
22 966636
41 325860
37 506068
40 56442
1 91036
48 645488
5 914176
44 990896
36 181597
41 681879
29 975545
9 884932
12 878754
15 683629
42 397316
32 845344
50 941475
19 31749
46 848573
7 592953
14 807235
26 987772
50 746785
49 415794
49 669141
26 903289
29 918975
46 539593
36 907718
39 586205
13 478006
42 193546
42 679411
42 147151
10 419546
45 698796
8 129017
9 986772
12 344535
26 280525
23 686172
20 384224
48 175870
7 45445
3 48402
8 249524
41 889330
29 615759
15 966236
29 945657
22 966777
16 873037
19 901472
32 654820
11 996014
6 73686
10 845059
37 710581
12 455899
3 377703
7 103543
5 388548
21 272074
30 562459
1 404732
36 201521
21 416829
32 658219
27 111463
7 211562
43 303884
17 630724
38 710462
23 712571
29 351254
3 555055
49 372314
29 308749
45 536981
18 181397
28 163889
1 863552
4 31761
12 165982
41 52813
38 410082
49 589501
43 699484
8 441787
2 235340
50 85873
21 552717
23 982237
24 823392
39 485782
2 21356
34 944794
47 220274
49 219637
30 165348
31 165352
8 630970
29 130743
4 725090
21 862947
40 10796
46 931397
43 389376
19 491735
30 464429
35 321238
35 744358
37 175682
1 738991
41 312282
34 994441
12 289935
46 692844
50 540984
44 845711
41 327056
44 949621
3 210063
18 521750
24 962795
4 234609
16 326581
13 833644
29 459340
19 547284
49 360208
25 871014
39 158411
38 41831
5 773316
23 247221
8 497084
34 75738
49 740551
48 487027
27 52142
50 768421
49 996589
4 210487
1 30289
6 273402
47 242273
28 425208
28 772584
41 171766
10 798664
46 35021
35 693378
49 748566
41 714028
47 968403
34 204962
35 743827
18 614493
23 358132
43 816100
16 752909
29 593027
47 458813
23 152084
13 755257
23 537354
31 394985
13 739853
22 992025
12 208420
3 17335
15 337230
38 244047
46 803250
29 263385
16 985759
47 938840
32 901007
2 758685
25 142003
12 59653
47 376277
15 918245
4 602196
23 651264
50 480432
16 57772
35 510931
23 531080
21 717915
26 603206
3 142050
28 633989
12 833528
42 126613
5 404420
46 276065
31 819794
20 111229
10 298035
46 490957
25 640758
20 918920
31 798760
28 202415
27 787729
42 845900
50 778747
22 305660
37 236683
22 867953
41 492406
7 445362
49 546811
34 693249
22 954006
19 195305
9 588549
2 699939
1 781199
30 5780
14 489638
6 733963
19 531401
7 275148
15 420234
34 784495
9 684843
25 240152
43 218405
23 495517
45 394019
5 949179
18 726517
14 69091
8 530942
14 246649
24 124707
27 863881
42 634537
25 944222
16 230272
25 695861
32 242785
3 219804
26 31984
5 43630
39 843016
13 469547
20 245829
13 417556
22 369224
14 672751
21 877865
27 368467
4 884650
11 440459
26 42095
33 663092
18 379580
47 217873
3 681392
40 329750
29 993837
12 422780
30 997933
26 23271
17 401505
6 914341
6 568673
10 325710
2 614569
14 424880
4 928279
50 666756
49 195335
49 307997
40 812767
29 685758
43 363438
40 493079
4 433242
33 569436
41 916254
35 394364
5 188347
11 62138
10 328773
10 992298
20 972101
23 413235
25 837861
16 714052
31 963239
24 297527
7 224465
49 671600
34 435973
48 366754
28 537427
36 743078
40 166129
1 590202
41 586572
43 317995
41 246135
1 270524
24 250550
25 378602
43 421394
7 237691
42 481303
30 869027
19 938043
24 579926
46 34995
31 448961
10 77270
26 108253
50 957982
44 657734
12 191216
23 685755
10 770698
22 39793
19 238630
15 465643
49 180115
25 76514
36 535878
29 297407
22 806436
38 303218
6 124529
42 406491
37 743061
42 836370
17 263114
10 833209
32 502641
18 450709
39 353104
39 638050
46 258054
33 426997
39 226932
8 424644
36 74680
46 341363
42 591139
26 515196
34 672771
9 850412
4 680413
15 711286
45 980284
11 24707
7 652374
7 648768
33 695747
6 364594
46 797115
26 498827
42 335510
5 905869
31 231127
19 906907
35 79939
41 875147
38 478686
23 169480
11 144122
1 547639
16 815348
28 121697
15 528650
50 412562
38 21628
12 9438
7 487071
35 707465
42 229422
49 513600
3 567350
36 297404
7 486196
10 399907
22 560828
30 206381
10 54368
11 497732
45 996642
41 690234
36 233419
33 460899
46 218858
24 88620
18 887088
14 775048
11 596009
2 778202
23 289783
5 831867
35 9952
4 786786
32 821862
48 561717
3 485606
23 363311
6 142155
32 277156
39 268072
10 52085
6 487356
23 688762
11 768699
11 87566
50 556765
8 949488
16 445595
9 928692
5 556653
25 371348
31 852224
22 6986
30 825763
30 60935
9 583459
7 713848
15 685951
11 468031
22 319944
9 952053
40 808447
49 116536
30 194343
32 932221
7 645633
16 966491
42 223130
3 207155
29 281695
31 944166
20 416486
32 11119
5 864410
18 563333
43 177312
33 758489
41 165107
35 43624
50 469545
9 696461
20 301144
34 825037
7 389471
10 469244
10 587880
9 237553
16 103326
38 27121
37 127187
4 895938
42 217775
14 390146
44 435841
47 900804
42 824271
8 554301
36 975613
26 727601
34 835435
34 897649
23 935486
13 883547
14 928218
31 56620
39 49534
48 755376
1 595383
38 394798
3 32943
33 73898
24 986138
48 404830
1 140631
40 411324
29 800898
30 30562
45 208724
19 160082
41 99152
17 631569
22 866980
35 30150
20 285409
32 305285
9 991990
7 349765
31 800233
26 223383
33 117555
21 528644
33 963765
8 37916
2 150031
28 330164
40 61315
29 532464
46 89236
47 754774
24 474674
50 118117
5 433258
46 789444
49 187886
30 40123
48 217031
26 426381
15 147945
30 618851
2 253299
47 832676
42 438666
11 324028
23 951833
40 7232
28 7377
6 8579
43 425093
35 179788
3 249205
9 283345
49 52430
27 534721
27 253596
16 651281
46 67247
34 416351
34 293188
14 9008
20 30018
47 887574
10 617377
23 816466
7 379790
32 614609
38 650502
31 399178
49 350365
26 6769
47 71860
39 706165
11 702573
15 132646
49 281611
1 156357
12 654732
17 798569
9 700142
4 523349
40 8138
10 815223
5 232631
30 465489
12 501957
41 688678
50 54160
42 855134
27 58424
40 631991
47 141134
42 283091
44 273046
8 709195
36 183239
13 450523
22 561489
19 940975
27 468194
28 344371
16 7335
9 58338
39 958871
25 636379
16 245498
36 451573
21 722199
3 958163
22 956649
36 281472
19 976410
36 999756
41 462844
19 939665
5 716544
9 854441
8 739122
3 188383
6 978165
31 154297
29 520497
42 854395
35 601059
27 925071
46 346325
48 96949
30 39988
50 492341
17 445056
45 711389
36 833476
5 894791
19 942428
33 297454
7 643936
39 206331
5 928579
27 344877
3 628157
37 267035
48 838551
36 978594
7 510196
28 201870
20 62198
4 977465
34 470365
11 539057
15 4143
26 717435
29 634089
27 411147
13 985700
47 346967
32 314210
45 954037
43 490075
27 507954
27 541084
46 351332
24 916052
33 897237
27 807791
37 620796
40 136612
27 440483
17 513284
21 759900
10 251284
30 138603
23 867214
11 394082
28 22157
32 281514
39 589426
38 408033
24 787170
47 418505
42 913093
29 797678
29 18741
23 700180
29 440927
10 871255
1 982039
39 662233
36 991601
46 199596
43 750799
9 107306
49 327772
41 693265
10 116388
49 375830
7 258866
44 611242
20 636393
3 846238
49 948913
32 769136
31 708852
36 808368
14 84846
1 136141
7 72472
44 581816
38 180129
18 415082
11 651495
44 107331
43 171702
49 167892
18 796653
50 885755
34 974392
47 364227
44 202696
30 388382
29 916922
20 524126
38 335948
8 805089
7 527030
5 927549
4 800555
24 896303
27 572930
6 658739
2 583686
8 4602
47 563529
23 161952
37 574267
48 519269
11 663053
35 804323
44 678449
36 887881
44 84499
34 632431
5 636143
46 48097
11 854675
46 318362
20 610864
18 600202
36 620709
18 974691
34 208446
32 851459
37 768421
35 913946
33 967243
32 831935
21 233069
28 851025
34 241538
46 623755
49 423996
47 786606
24 831281
42 566408
49 224862
28 891903
27 989447
16 987674
12 922523
26 968983
33 113072
30 332040
22 688765
16 532132
39 689315
42 85345
22 88985
3 655605
11 409576
37 300640
35 280374
16 466716
39 173971
25 59845
23 89039
22 198663
16 658420
3 130692
40 572867
6 482781
9 420306
47 916999
35 873507
36 338720
36 813112
47 988771
13 59890
46 821361
49 807181
43 605163
8 763753
41 459728
31 98062
46 597893
32 893420
44 943793
17 923052
4 807266
46 260863
24 589032
3 980045
38 962684
27 14831
45 443429
41 113008
50 113107
17 104058
47 722155
42 715233
45 541674
22 446919
3 977212
28 350596
37 817186
23 15671
5 819902
26 89950
24 955289
5 709860
39 455150
11 202151
44 828852
46 540203
4 295648
24 906405
42 142556
5 533425
10 952039
12 705750
28 733615
43 946020
48 915483
34 788970
43 492183
30 757343
42 442419
40 72062
9 468360
14 842154
37 215723
45 53115
38 365283
18 949436
7 255103
23 721361
18 423879
10 783755
49 898813
14 803714
49 890311
15 754712
18 169912
29 994384
19 634357
4 893120
1 532834
1 292588
38 390377
47 735760
2 320941
46 371700
2 160564
20 563448
36 880529
30 331589
23 91234
50 828602
25 774794
24 999336
27 133986
2 495838
24 315263
11 426555
8 701082
6 948145
48 470847
49 97602
32 745463
49 531216
24 47507
36 66440
5 185417
31 835693
45 762489
19 358558
13 861992
16 949482
24 288678
30 723313
30 284204
15 886650
10 620857
41 646855
9 932660
25 948111
14 120063
21 107371
42 731225
45 902621
23 270161
29 102276
14 468801
5 575285
22 7094
5 367789
23 265436
39 829273
48 610766
43 427524
11 914268
42 833766
44 836342
36 20047
20 622511
33 79780
49 770467
11 308414
19 746622
12 62746
22 327251
34 920298
26 989138
27 368092
29 422145
11 993683
50 346069
49 33269
9 430926
15 903572
13 256696
45 300093
30 206859
47 233677
22 670670
31 824278
41 445611
11 631303
19 548231
12 234068
21 343522
47 498379
17 354642
18 143167
5 576425
10 743806
3 819654
47 321935
41 278474
50 923224
11 486114
21 841394
26 218912
44 930047
4 896756
28 727261
48 35912
5 977188
11 986090
48 847601
34 832207
18 927641
34 124767
20 921514
36 122478
10 276203
7 390422
30 851294
17 876385
40 165298
36 842742
17 515990
45 367649
18 291137
1 42202
32 294381
38 97362
26 926669
28 682695
49 981153
33 277063
3 52882
49 504818
18 445169
14 242000
48 733531
2 48211
12 962957
21 32516
45 253553
5 569085
48 842866
13 379994
6 160547
36 792553
46 569076
22 620144
36 827627
23 669212
15 685007
6 837006
44 242762
28 996409
11 477230
44 319041
14 272500
21 142047
6 381617
37 677496
46 582371
30 446500
31 957929
42 175644
24 35915
1 453562
49 968283
18 226122
35 603736
16 543068
35 585352
22 176028
42 869285
27 292923
45 562008
1 191682
33 356779
35 684403
9 727311
50 529463
35 350417
19 347351
36 291448
26 671348
3 585414
1 302507
38 343070
30 184021
16 970472
44 564256
42 305371
35 887181
15 210383
3 308936
47 21687
4 446273
33 626809
8 822232
37 537712
16 515153
28 456094
36 97692
28 239925
11 810324
16 97368
23 775668
49 197542
1 290592
3 81340
42 775932
9 971928
7 836758
21 278507
13 367687
24 991312
23 435501
38 531777
49 510172
49 915702
33 84212
6 884521
6 280215
44 192620
36 523258
28 597959
7 628816
49 591425
32 692073
36 773763
15 261657
1 21186
8 613916
31 402648
44 395681
43 859942
14 505759
3 886005
31 831987
24 876445
45 728582
43 731165
33 199472
18 656388
45 630885
31 464688
24 187338
29 685092
11 214091
47 190996
48 76518
6 354872
19 330723
7 769136
23 459254
13 137576
46 962370
45 660533
31 414524
35 600405
22 450635
47 976248
38 455437
49 319200
12 92767
47 99580
42 634902
17 214823
33 799926
4 989683
37 755159
43 400909
44 43240
47 838489
1 638621
34 907668
40 996471
29 824393
10 197884
23 466998
26 479172
45 156614
8 360361
22 528309
6 428376
48 572516
47 39989
40 7966
1 676571
38 477376
13 831158
3 818052
17 65834
16 762267
44 309420
38 752446
25 522064
10 79127
44 433417
8 497085
22 197644
1 681388
24 67834
48 897912
21 96943
2 157799
39 550496
7 301479
21 471104
6 371359
29 181226
8 204760
1 158655
42 603314
43 143601
29 756704
26 721045
37 534882
36 932502
47 996305
18 9735
23 931156
50 529548
35 663361
44 268973
18 631291
46 58472
29 221419
48 472165
5 30239
30 573130
31 800938
41 367576
27 168571
27 420845
30 819218
26 200798
28 962084
21 359444
19 289584
20 851625
40 345804
27 463411
32 58123
14 465343
28 869619
9 752284
20 6088
2 232051
17 476255
10 593907
42 872015
15 50722
48 652410
12 966812
31 777579
5 469465
38 78556
30 641212
36 853099
39 221409
48 291441
22 153601
46 800394
32 555293
36 238488
8 238540
29 448518
50 826859
19 940293
42 975548
10 739713
2 741158
31 761466
18 534322
18 862047
38 969594
10 611710
4 968311
41 305136
36 111558
41 604087
41 448554
23 54092
1 753084
47 38074
2 859315
37 481398
35 139361
26 570763
3 194198
27 774463
50 858654
48 292433
26 117680
16 9859
3 590402
24 839340
5 237284
25 464059
10 870268
29 624663
42 370190
14 454055
3 158793
43 632081
21 77556
48 35527
37 566550
32 135343
4 150493
1 327863
11 798850
29 899348
42 212809
49 183784
28 785482
36 426670
32 792352
7 708081
5 173807
20 121649
28 656050
48 561220
15 176505
34 824702
40 663235
7 168885
7 977724
25 17630
14 582178
36 507088
2 350115
18 510432
6 712701
9 143626
5 160621
10 938619
4 451929
29 121507
39 176998
27 162238
11 755951
30 686978
5 189069
12 635022
3 245485
27 614550
50 944757
43 668096
25 835612
11 259820
43 785605
44 452933
27 2382
16 632367
41 490305
16 577197
14 765879
34 338914
17 834654
26 980812
8 183299
2 865527
15 355258
40 837819
36 200948
7 92118
25 57747
48 629280
42 439341
11 538981
2 728851
9 191864
1 533816
7 698941
32 527790
37 273580
37 295716
11 181349
1 735728
45 939927
37 833639
31 555612
4 643417
24 837603
23 624777
20 822864
25 592660
5 369944
40 590712
23 873404
47 217280
23 742619
40 271284
29 180623
28 904787
5 847042
49 226511
14 685758
49 420530
31 750570
29 464140
32 155678
2 759695
10 719457
14 777366
32 334015
32 418135
18 347260
48 528600
28 43928
2 275791
25 318543
3 437263
17 463184
36 186528
24 997377
43 980350
28 259688
11 572426
38 377625
22 529315
11 154351
17 371175
1 284023
46 496964
17 130621
13 861075
9 292588
21 505758
50 825043
6 560077
11 575475
7 144390
10 872095
5 741585
47 211717
46 74787
50 649411
23 430463
28 610547
6 627737
35 362033
13 555498
13 689503
49 942656
43 76746
46 758814
37 464490
19 460682
5 102586
9 415927
35 905995
42 524537
42 827236
17 965000
6 684297
22 543935
39 31983
35 436928
30 155427
43 755053
9 636949
40 532477
10 19429
2 677957
3 976153
41 83932
10 455901
29 978610
17 517089
23 328846
22 205356
49 503206
30 645838
43 951494
35 935473
8 935111
31 296795
44 255418
6 993433
14 106924
4 927270
29 277555
41 644003
27 66260
45 500533
17 470807
6 793337
6 902084
37 303703
29 560257
4 935028
11 73960
9 248456
48 389588
32 902455
46 813976
23 401118
48 258792
22 465746
29 270733
42 384581
50 197908
8 276498
5 126392
29 379874
18 709348
3 654223
26 130994
9 250308
3 115625
3 791654
3 985873
47 379213
35 435650
15 864639
4 546067
24 527704
31 491722
47 982434
47 897453
16 39991
45 476633
9 159394
32 178845
26 494523
12 669000
11 399234
10 203276
47 306736
30 194073
23 448701
10 83489
45 474275
20 834490
39 480154
26 148126
4 399102
30 950688
11 242689
35 728174
31 998728
12 748849
4 354390
34 554643
21 34128
49 168550
13 355156
19 96287
4 842014
7 273318
24 907771
22 52695
44 75809
2 723646
23 35978
39 818844
4 728611
29 200319
27 556273
10 270206
47 462430
47 102580
5 385736
46 359725
37 784971
45 582467
28 348562
26 511256
14 24213
9 694601
47 6624
20 410247
19 248835
41 886391
23 440362
11 821620
49 376547
26 305865
30 549488
30 17324
39 245652
7 677970
45 842335
7 245125
27 344419
33 871653
6 578517
36 93516
43 398250
19 327422
7 646558
21 665598
14 60715
30 521903
27 64106
19 297309
22 378109
5 205909
11 603440
43 446416
40 961990
42 511447
49 186249
31 828045
43 547805
47 872126
10 544805
40 886366
5 916644
5 125933
8 942871
31 408739
50 124848
45 276034
9 606149
20 738143
37 425764
8 783029
30 767979
4 978482
13 83384
46 847148
43 99790
3 620085
46 195801
47 120702
17 983282
6 287821
35 380670
48 983158
7 258525
46 312419
18 241106
1 198063
37 309567
27 730701
23 536883
42 243645
45 940708
50 691729
15 814165
12 523897
24 841061
2 694881
13 380099
19 53833
24 600377
27 117044
34 734607
50 476864
5 877351
39 898086
32 651741
41 745818
42 707457
50 784497
19 768183
45 338265
48 832211
27 306877
22 693149
44 809356
37 554038
19 825632
8 86844
5 65559
14 36994
10 958529
35 635065
49 636841
25 543502
42 209095
3 455336
35 712562
2 192258
11 851367
1 813595
23 165760
46 320258
29 645231
8 591641
12 717230
35 661120
30 984662
50 971047
16 177826
22 705545
20 648720
21 612822
26 810483
42 657400
37 811594
42 409755
33 962842
37 470945
15 669652
44 235860
32 910773
5 702821
39 519912
27 385293
22 231750
21 432460
48 640561
16 415869
48 554302
1 236682
16 784044
4 650618
39 857387
34 363564
45 426497
13 864593
34 172787
46 293969
41 279359
13 102745
34 129493
19 820005
20 90065
28 342427
48 848464
33 439818
8 901533
27 657467
19 721956
8 730967
32 42345
17 172685
32 110347
30 967463
6 806432
25 206563
10 182765
1 847803
3 826440
