1000
35 221
37 548
20 681
8 455
2 560
8 121
14 744
4 134
36 2
6 203
32 377
36 610
29 426
38 766
37 348
4 92
21 616
16 28
1 221
47 967
6 136
22 654
14 432
18 424
46 616
47 374
33 280
24 589
33 183
37 56
6 147
47 907
22 725
10 211
50 213
8 119
47 834
19 232
38 328
40 522
1 711
40 413
41 35
34 108
40 43
45 870
28 283
33 1
33 450
29 843
42 825
36 507
50 770
13 759
8 750
28 749
47 661
15 746
27 282
8 969
50 226
37 956
50 875
35 752
33 65
20 91
16 904
30 556
11 740
10 720
41 286
28 165
11 640
47 699
36 606
26 24
39 951
14 588
33 456
25 21
28 209
18 912
2 884
30 859
36 23
47 128
48 166
48 48
41 442
27 652
32 337
22 968
38 702
26 562
17 883
23 759
36 1
42 529
32 987
30 578
33 837
29 95
11 916
24 880
41 924
9 667
20 10
36 601
39 435
38 150
22 106
21 187
38 609
31 104
39 115
13 417
24 612
22 258
10 762
15 670
11 777
35 122
34 428
26 195
33 635
2 104
50 984
45 632
15 305
38 490
35 228
18 428
21 567
8 479
48 765
43 215
19 541
36 501
32 329
15 761
23 100
12 117
44 468
37 786
33 465
29 124
3 914
7 888
49 978
5 709
34 302
26 322
19 533
35 182
17 574
41 143
42 156
35 830
33 257
24 502
7 205
21 64
24 864
27 229
18 378
12 746
36 597
27 678
2 668
48 117
10 904
47 682
9 499
40 669
9 837
49 630
27 696
24 795
40 246
38 621
32 680
34 602
6 603
15 242
14 844
23 908
50 647
25 111
49 401
27 702
39 155
10 184
43 836
37 168
29 549
14 68
34 199
2 342
11 804
26 973
26 865
23 813
5 656
27 288
7 28
24 306
22 808
19 697
18 856
42 32
24 831
46 792
49 740
8 761
20 160
7 139
19 577
50 168
15 306
33 275
29 706
43 703
4 381
43 919
45 702
11 36
16 894
27 387
23 678
38 343
25 574
6 230
37 837
17 190
42 556
15 820
45 343
4 54
47 677
24 803
46 231
50 868
1 215
47 857
13 711
7 682
10 897
13 941
12 601
15 149
9 363
31 877
50 735
31 907
29 703
13 206
11 718
1 644
3 444
24 689
40 372
9 308
10 986
7 221
46 299
6 902
49 371
12 719
13 525
7 48
45 523
13 606
5 535
46 589
44 323
49 836
4 42
23 971
44 1
15 504
16 203
42 878
20 536
12 258
40 775
50 810
40 618
22 383
37 332
48 757
33 655
39 681
41 99
2 625
30 271
38 541
13 8
30 353
18 179
40 755
17 442
2 680
26 425
10 813
21 902
29 745
7 497
2 124
43 130
50 232
42 912
48 182
29 517
5 803
38 999
17 913
23 273
34 658
32 314
36 219
47 97
50 451
49 72
28 286
15 933
19 537
25 935
5 540
25 893
21 929
1 477
43 632
29 117
19 974
1 39
49 399
15 353
43 468
31 815
12 383
38 889
31 389
4 456
31 995
16 410
46 155
3 49
26 294
37 410
37 105
29 921
11 839
45 147
50 436
21 151
3 217
8 956
5 856
21 583
17 924
38 762
35 499
17 34
6 593
3 264
2 64
10 865
28 181
15 602
6 947
46 670
29 272
26 561
32 839
38 72
44 287
39 750
47 231
27 184
42 534
22 271
39 334
16 463
3 594
47 193
30 588
4 858
32 710
36 35
9 185
14 29
48 197
30 541
26 361
41 83
25 77
46 700
25 609
40 670
28 663
6 92
17 784
24 935
5 968
12 594
44 548
32 948
6 925
37 936
50 210
26 62
19 337
14 36
8 373
21 492
48 660
31 524
15 292
33 697
1 893
36 91
5 508
44 933
22 802
10 836
6 899
31 282
41 855
13 343
11 477
17 421
10 705
24 331
4 271
11 157
36 394
38 961
23 232
18 161
24 834
17 460
11 432
29 917
10 54
15 417
6 404
11 39
37 542
22 633
26 154
50 429
42 427
16 470
16 679
23 320
5 397
8 932
19 92
44 553
10 948
36 747
41 429
10 572
30 548
41 127
8 800
7 416
14 793
27 735
47 387
8 791
22 453
9 831
40 194
26 251
45 127
43 548
13 927
14 919
24 209
13 292
1 154
13 605
7 865
23 399
19 51
9 319
32 379
29 544
37 284
9 395
24 544
45 463
27 386
45 407
24 59
31 142
37 238
40 8
13 287
12 425
20 309
10 758
7 135
34 70
1 256
2 937
15 950
14 870
29 607
35 627
46 640
32 105
3 368
28 520
24 599
33 498
10 329
46 118
39 408
19 113
36 813
32 731
14 196
20 676
5 328
47 642
10 957
8 401
10 614
17 793
25 546
37 52
28 176
36 142
44 474
33 893
34 959
19 993
31 712
50 943
15 299
40 352
1 67
21 987
48 401
40 409
39 182
8 414
8 491
36 531
31 770
44 199
20 284
27 373
40 770
25 48
31 641
18 245
49 306
34 35
39 110
34 537
40 318
47 641
40 911
8 866
29 351
26 475
9 171
35 136
37 590
49 52
1 676
44 488
35 468
40 551
17 860
50 664
48 383
24 15
2 296
39 319
4 124
2 510
45 415
6 509
49 608
48 72
48 304
3 722
50 459
17 442
17 180
18 584
26 749
23 14
44 227
42 162
47 676
30 951
6 816
4 602
28 825
47 960
50 385
15 111
36 656
17 293
40 347
2 629
9 643
40 810
50 403
47 987
40 177
10 492
29 434
22 373
35 579
46 146
9 394
26 832
43 702
1 852
16 737
9 857
45 859
5 614
29 306
42 64
9 795
32 407
25 916
32 781
20 341
20 906
2 770
30 96
26 28
32 501
42 941
27 380
39 358
34 444
9 365
26 611
49 279
20 280
34 212
40 203
1 497
26 668
28 96
48 706
40 377
12 351
32 548
19 478
17 198
48 889
29 385
38 9
21 527
20 648
38 814
15 281
10 580
38 493
15 543
33 461
13 871
26 623
46 39
16 843
35 342
3 273
16 949
24 270
40 25
13 631
40 201
4 25
43 867
6 711
5 966
45 214
35 197
44 382
26 903
14 326
48 273
16 392
34 752
48 136
34 735
33 761
7 224
38 342
16 47
24 696
43 892
7 503
27 262
20 586
22 300
41 357
17 573
47 209
31 332
31 42
25 31
35 628
33 630
9 235
8 130
46 828
6 548
36 16
6 398
5 344
8 876
22 634
6 789
46 991
8 858
14 417
5 502
22 769
38 643
23 881
19 27
40 541
10 997
12 610
22 709
46 39
23 483
20 3
41 128
18 701
17 439
47 116
21 473
48 33
31 479
10 19
22 793
24 106
24 558
45 346
49 844
25 155
9 184
3 214
11 876
40 818
36 353
10 616
26 220
23 805
50 520
1 821
30 336
21 848
24 777
15 815
28 966
16 805
43 723
23 173
29 140
3 830
43 138
4 193
4 120
27 666
16 561
23 611
25 823
32 615
2 287
1 705
35 615
26 787
9 587
48 100
15 988
49 742
18 379
10 810
3 444
7 891
28 196
22 399
43 899
11 107
31 104
6 821
34 224
20 906
11 941
25 211
7 580
8 934
23 299
14 417
14 834
18 19
40 693
20 86
30 198
12 331
40 391
38 10
35 217
12 954
41 426
37 680
20 353
4 787
9 116
42 972
10 675
39 6
28 166
30 534
37 316
32 565
19 53
30 395
44 925
12 895
23 897
21 38
35 421
16 412
16 315
31 911
17 544
28 865
31 2
13 216
25 734
48 233
48 630
49 348
31 673
18 523
25 887
17 456
28 691
13 664
3 484
30 395
48 667
9 174
50 522
49 619
10 779
32 977
6 871
11 567
13 837
34 485
50 512
43 154
1 746
21 868
9 159
7 597
22 376
19 587
11 736
11 813
21 824
38 970
46 984
36 478
41 640
30 892
26 838
36 36
25 286
31 191
16 88
32 207
24 302
14 372
16 383
49 953
3 462
19 852
41 675
18 199
23 826
23 435
36 186
28 215
47 212
13 433
10 68
10 554
9 461
47 272
3 276
29 373
22 285
27 312
19 528
16 214
21 89
43 710
40 622
10 970
21 851
11 709
36 955
30 17
30 20
50 42
2 310
9 921
48 137
19 101
16 28
43 164
34 128
2 989
42 260
35 565
23 578
3 661
8 596
32 970
21 39
27 474
3 340
17 820
48 402
6 19
22 604
49 952
36 527
7 64
7 372
5 598
10 619
45 612
5 3
36 373
5 636
16 634
50 218
15 763
10 353
32 706
50 270
25 275
44 455
25 586
38 965
32 863
27 614
11 889
46 400
43 392
40 501
29 267
14 114
14 813
26 682
3 540
19 346
46 825
1 820
36 242
18 792
25 845
45 251
30 770
40 952
2 145
6 862
24 279
8 874
8 506
42 396
8 532
35 162
26 455
11 415
16 677
39 861
45 920
41 178
50 626
48 34
17 429
50 512
