1000
50 978
24 726
35 920
38 408
5 251
28 690
18 387
11 554
48 861
48 358
21 625
21 958
20 102
46 312
6 704
34 386
27 887
29 658
1 597
21 653
25 764
24 235
35 270
11 835
34 804
38 258
23 103
25 274
5 858
14 79
38 104
40 34
17 304
20 479
15 76
17 603
26 152
27 869
22 713
23 837
18 610
19 489
31 900
35 158
31 53
13 426
33 745
31 49
7 1000
46 287
5 398
20 35
33 180
29 256
32 910
13 59
26 7
21 91
12 790
45 226
34 676
40 495
46 285
23 309
27 857
43 484
33 15
17 194
45 791
46 278
3 322
40 969
29 558
33 623
11 812
11 249
34 767
34 951
49 507
29 60
31 226
19 256
38 594
33 749
46 748
47 70
23 874
24 124
30 504
20 280
6 101
47 316
50 246
49 38
10 495
12 231
26 509
23 757
8 225
24 362
32 930
34 889
19 187
12 36
21 622
36 997
41 961
23 569
47 316
12 695
48 920
28 179
22 378
41 487
7 156
8 395
18 696
39 760
27 717
12 896
24 51
7 277
49 482
42 834
5 692
7 322
10 286
31 673
4 865
39 644
36 525
26 665
31 710
14 357
9 284
14 161
3 148
40 951
44 120
22 408
25 731
18 427
44 0
12 384
23 799
3 104
28 687
5 266
23 950
19 980
23 723
1 399
20 310
34 633
11 14
24 226
26 308
43 155
20 259
6 816
3 3
29 801
43 889
47 864
26 410
4 347
13 10
46 275
35 629
17 883
27 201
27 58
2 245
50 434
15 151
23 325
20 516
5 927
6 112
21 809
27 958
10 549
27 26
44 929
47 883
25 896
44 35
5 522
17 483
1 91
30 343
29 106
3 845
30 627
25 606
13 88
5 323
36 778
42 122
35 870
28 364
47 74
22 976
18 967
21 889
11 636
49 80
35 560
48 451
40 985
24 879
49 630
36 220
40 278
8 757
19 930
28 535
32 410
50 893
47 746
3 402
18 632
40 293
25 992
33 153
40 197
15 806
36 574
28 686
22 513
20 547
38 662
44 584
50 667
19 934
40 158
18 690
14 6
36 917
18 116
30 256
34 722
36 115
35 486
22 655
5 830
31 998
7 583
19 236
45 150
31 765
37 765
6 518
20 433
36 36
21 78
31 692
36 64
33 307
2 824
44 55
23 427
45 150
49 674
49 476
48 683
32 424
18 973
30 929
1 892
1 950
2 859
4 72
18 57
37 375
45 359
21 762
45 705
28 193
48 918
28 810
42 616
43 893
15 607
9 906
31 157
36 909
39 497
42 645
10 258
34 84
8 918
38 292
30 964
38 640
19 246
17 380
13 198
11 472
36 545
35 854
21 947
26 682
6 396
35 23
30 74
36 899
31 851
1 835
2 450
38 634
16 224
45 380
39 45
32 830
42 562
24 911
27 351
4 995
7 11
48 828
21 643
42 427
14 985
46 534
13 309
9 682
19 937
14 532
31 560
2 736
41 742
50 745
11 145
28 405
24 328
48 402
17 745
47 864
32 407
30 529
16 993
43 397
48 368
9 557
2 674
24 439
24 548
28 605
36 516
5 266
41 67
29 844
33 829
19 354
37 524
4 857
27 750
25 558
5 766
28 488
8 475
38 241
22 170
37 160
15 458
23 983
27 323
33 710
39 726
43 355
43 636
40 342
45 989
34 934
18 959
19 943
7 159
8 542
23 541
17 865
45 580
44 169
11 66
19 722
25 678
11 904
11 621
48 23
7 317
28 140
46 186
31 219
24 445
2 225
43 276
25 69
34 653
3 388
29 922
46 864
45 252
13 819
30 403
27 39
12 564
17 527
33 861
49 354
4 162
6 582
27 149
42 342
10 978
7 943
29 971
24 277
45 536
19 302
36 81
38 114
3 875
24 977
48 910
42 911
7 391
6 133
19 37
38 503
45 701
2 285
26 682
35 210
21 672
49 646
35 846
7 650
1 648
37 526
43 946
46 659
37 231
37 797
41 237
31 804
42 431
30 877
15 291
47 113
14 326
27 633
4 729
24 577
19 922
26 575
2 744
23 324
29 866
18 940
31 576
15 644
16 367
24 275
44 158
23 242
16 957
24 238
34 35
46 828
41 160
23 846
43 552
41 517
4 601
45 743
11 833
43 11
13 383
23 944
3 365
50 685
34 70
40 134
15 904
46 67
41 917
50 692
30 508
15 225
36 105
16 618
49 823
40 727
41 361
23 331
19 424
17 523
14 654
27 723
15 529
24 338
28 964
43 835
17 971
44 112
7 885
32 283
16 854
24 887
37 755
12 744
9 374
6 691
47 219
36 567
21 894
22 459
50 765
41 990
13 340
32 269
50 31
12 303
44 114
2 45
26 183
31 7
1 462
17 754
32 799
6 280
44 773
15 679
34 249
24 563
30 758
15 894
20 52
32 972
12 119
27 191
32 253
43 207
25 455
1 270
28 744
5 589
20 885
14 140
17 924
31 754
36 312
24 328
17 351
40 545
39 588
39 725
48 960
30 278
46 26
18 387
46 93
42 841
50 530
10 564
11 564
5 909
6 830
42 721
19 233
9 894
1 813
4 162
16 755
2 461
44 209
35 504
9 618
4 755
24 164
12 297
20 521
40 117
7 135
13 212
23 256
19 896
18 469
34 168
2 148
28 6
16 676
39 919
47 885
36 421
34 90
47 964
39 990
42 787
33 370
42 842
20 301
13 67
25 226
20 621
16 387
7 531
49 509
34 884
29 452
33 509
21 604
22 538
17 321
13 321
13 418
31 532
26 978
4 646
8 6
27 921
6 559
35 859
1 641
24 382
20 461
28 107
38 321
35 908
18 27
8 171
42 44
42 803
19 856
40 362
9 10
45 319
18 120
36 75
32 956
18 129
34 108
39 936
31 649
36 782
8 32
28 963
30 24
42 579
36 383
3 189
40 536
25 591
19 481
5 698
35 9
24 741
5 6
5 923
4 94
4 784
48 805
21 882
33 78
6 367
28 396
42 438
3 517
29 769
45 722
19 966
45 841
34 521
33 507
28 789
14 218
8 527
34 267
4 863
17 247
22 634
49 924
12 80
50 879
9 363
22 570
42 78
44 852
30 555
37 914
35 261
50 747
2 997
4 667
16 46
23 721
48 829
3 271
19 584
8 289
9 251
19 8
21 12
10 81
36 197
26 47
48 843
17 712
18 540
18 40
17 839
10 849
18 307
13 416
49 28
21 422
21 737
35 436
28 865
36 461
10 483
42 845
27 414
50 415
3 90
4 588
5 536
14 197
18 842
30 290
11 37
42 837
13 168
50 527
45 823
41 499
43 77
50 179
9 851
24 152
46 158
18 75
39 492
24 540
10 45
42 142
31 7
20 722
48 211
15 53
27 875
3 863
44 20
13 192
31 508
32 701
49 410
45 488
47 164
6 489
47 221
31 853
26 826
11 122
50 537
46 359
29 901
50 120
21 396
27 80
30 634
4 461
14 571
26 968
25 59
16 239
15 930
46 294
9 573
5 491
6 235
21 548
41 194
7 769
10 776
46 456
38 474
19 631
50 515
9 339
5 484
16 619
24 945
34 458
1 341
1 78
34 339
43 116
7 108
39 16
26 447
50 671
21 10
15 35
34 118
18 639
17 678
48 611
5 299
47 528
45 587
29 491
36 308
13 685
20 157
36 472
39 667
12 293
39 645
36 652
18 948
14 223
5 521
2 38
7 138
40 920
46 292
19 510
38 915
6 816
41 847
16 591
16 885
19 144
35 580
13 526
16 615
35 282
34 364
3 147
12 762
17 661
29 870
47 168
44 930
8 283
4 738
40 42
34 40
33 101
24 106
27 901
7 53
24 377
32 198
23 503
2 676
30 523
6 345
35 820
20 389
11 540
35 399
17 179
23 473
21 517
34 161
46 601
42 929
46 648
40 49
36 301
26 708
2 975
19 285
21 970
35 128
11 733
1 864
13 619
45 969
50 693
36 566
8 714
47 16
3 612
16 121
21 416
25 896
24 676
25 783
30 344
1 274
7 318
13 902
32 338
25 978
2 400
42 884
34 331
38 248
49 723
35 862
21 93
21 962
6 610
29 233
50 296
37 714
36 647
37 26
23 381
7 62
29 412
2 624
47 383
48 447
39 855
18 839
12 429
41 723
44 128
37 209
4 957
39 322
14 594
29 591
12 94
33 50
13 765
7 882
21 117
10 650
32 260
40 825
29 242
3 116
43 745
41 372
33 690
43 405
19 887
27 309
44 307
19 85
27 387
50 210
1 355
40 152
26 496
4 14
41 517
35 496
18 810
30 550
35 631
27 199
12 133
19 67
34 365
9 567
16 4
14 704
25 33
38 632
7 24
21 179
44 502
12 313
17 145
44 463
24 393
3 11
18 843
27 1
10 893
21 375
33 74
17 452
11 657
21 272
12 355
3 513
30 709
31 450
12 794
30 829
21 20
15 187
29 799
25 151
38 972
2 601
44 575
7 330
46 634
40 958
35 680
21 368
31 275
