2000
294 19784
172 331
25 34887
189 40471
243 23103
104 36676
245 41206
57 51218
210 21224
178 32889
201 10218
217 42729
166 53823
283 34146
133 27688
202 1566
73 40291
12 13035
190 15158
122 25985
16 17312
214 50440
37 56280
254 15830
7 56887
262 20969
80 43499
50 210
244 24269
2 27421
43 30543
99 40158
216 25365
261 47546
239 13483
251 10052
112 12255
17 14845
194 57867
175 55372
220 18545
139 31417
260 6290
267 50186
187 34351
225 35354
146 26520
257 28394
108 13788
114 41983
205 44868
177 42105
13 33802
240 12245
58 46988
121 5734
170 15225
296 44206
43 53399
37 37333
273 1251
64 19471
168 43760
83 17413
152 48226
267 11565
147 40609
291 38138
153 59026
83 30570
291 866
198 22858
256 53768
2 40962
191 29135
155 47981
156 53990
251 56341
127 40270
248 18401
168 14692
136 48255
273 9103
137 50887
59 5939
163 4937
16 58917
284 2637
222 21593
259 31121
35 30534
281 26182
184 22517
11 21327
255 50081
95 37585
16 48622
282 40661
59 44329
67 20274
124 22063
159 16046
142 36041
79 55384
85 18309
165 11398
228 25213
23 36569
75 42459
19 59840
186 42988
185 7757
252 36028
76 47977
190 31379
89 37339
158 31660
87 26248
268 30045
289 5922
27 174
243 21767
57 59044
202 34980
219 24393
287 37330
262 13645
144 31218
125 43505
270 58189
73 19320
64 39774
255 11087
279 23473
209 38064
124 21262
118 6797
190 13316
82 39644
153 27121
107 20015
295 4207
22 37830
19 55848
242 58674
197 3882
284 58156
83 55313
118 40681
99 26768
156 32369
251 601
186 40063
228 44414
287 22442
164 7132
15 23831
164 50836
286 19663
210 40019
220 25898
239 29115
147 16952
250 54415
248 51890
192 36207
250 55005
111 12646
1 57883
175 38915
260 13355
87 13486
252 36376
217 8248
87 4383
125 30987
81 18958
138 33704
23 24108
262 11422
115 17188
17 10837
65 9402
246 16593
153 10979
82 55187
70 19956
227 2022
32 13853
42 17971
96 56204
205 37212
259 45521
266 32868
10 59135
18 34117
101 11956
286 22518
128 12698
98 41777
129 50123
281 20390
136 6556
203 16747
33 55102
75 52019
13 27502
33 13182
233 2670
45 28032
295 49447
170 40144
153 41436
120 42439
227 58143
102 32302
285 44340
73 16819
266 40727
3 46267
43 20252
81 3077
154 54636
217 33967
95 5932
109 52808
223 37861
166 20587
104 37079
26 34603
278 1890
286 20806
269 469
77 37171
9 32316
27 51376
148 35376
139 38251
139 5073
297 26821
86 53996
129 6296
144 23936
30 9789
148 51984
76 9216
42 22728
75 17647
34 18701
17 43741
15 48893
100 56037
30 27211
261 40672
121 9635
22 27437
81 13548
37 6039
224 2272
291 40442
255 48138
206 23051
74 7346
204 40371
3 45875
21 18152
110 27539
293 60
132 27989
223 24677
291 1327
11 26375
76 9886
149 29533
21 58948
180 45280
292 27480
285 7920
138 41763
169 44871
112 41554
58 29844
58 3058
266 30715
10 51682
82 11791
258 23736
268 35400
163 4695
30 19852
139 54187
157 45924
188 50299
207 18364
254 54276
50 45390
213 38738
271 18834
101 14135
227 27813
273 49894
105 54656
224 4331
94 5694
67 16131
75 17796
132 53085
67 24483
285 35321
210 37356
255 25994
215 22822
231 15383
176 54560
117 23432
289 42547
12 29991
180 25330
111 4378
91 48400
275 23557
204 29745
198 5688
193 5880
201 15603
270 37739
136 37980
49 24177
249 19937
13 58647
241 31332
139 32409
79 39648
143 30920
222 50367
89 15325
223 38523
254 29891
272 9861
11 48389
47 23621
173 26417
273 47416
43 59815
135 23748
255 31691
101 27012
177 30915
46 20697
59 35181
189 54096
259 24216
59 8693
47 24613
35 21900
105 55859
216 41985
237 39534
102 42597
238 51207
274 6425
212 6481
65 25947
91 13233
41 8669
7 59060
193 59734
294 19651
204 59013
65 51407
101 55739
19 33170
54 12634
85 30603
68 7936
208 26392
176 47531
71 55759
22 41241
238 22436
169 23073
243 9613
97 23635
33 43930
160 31520
252 23884
180 16513
270 9707
244 50324
293 49786
98 57266
239 36400
299 64
233 1770
107 37208
292 6457
257 42747
55 26717
81 20501
179 29844
173 12856
198 12309
179 5391
101 38209
254 55386
130 2736
64 18927
114 27567
3 25288
203 58958
168 21418
192 53281
245 51126
44 30289
269 44991
235 46925
87 57828
29 23060
295 53044
108 34668
96 4179
23 21315
111 10055
157 57533
110 45039
42 3942
190 59792
195 14770
250 14904
121 25110
173 16807
54 43055
240 7540
292 57564
110 39030
220 24589
31 57664
220 52784
233 38992
261 24420
10 40579
113 18396
76 27755
155 30067
99 49663
110 51101
26 50609
42 42140
30 15104
195 11035
270 54022
267 7893
250 9967
209 45697
100 42873
217 9079
210 17676
193 41265
42 25068
6 19876
264 29327
88 49739
7 13863
282 55365
216 41625
134 56063
290 10347
247 10086
165 3654
266 22405
59 2805
109 21869
210 47053
124 28594
4 16622
135 39411
137 15011
121 42549
281 6856
6 32263
223 42533
18 31166
147 10820
224 3857
36 36782
112 34144
79 59856
85 44265
286 48319
52 6561
166 38873
23 51697
218 24571
43 38335
86 56433
118 46250
5 35988
62 57772
79 42858
152 41944
232 6379
6 27102
114 18435
90 56088
291 32197
160 54516
281 8855
152 57484
8 56891
289 12994
176 50108
203 26233
64 19744
10 27794
240 29274
13 43642
112 36040
8 5372
90 46842
286 21491
148 16598
197 45869
60 38114
264 4705
182 42591
92 37561
86 16959
88 9557
111 41423
123 51586
281 35165
170 616
220 58864
43 26304
166 20556
155 36995
9 27336
213 50057
211 50291
105 56436
228 15555
62 49631
132 24502
149 50667
182 50923
31 35437
166 49595
267 30559
108 6299
114 48365
215 27968
201 21840
151 28930
242 57544
283 11930
71 43914
19 51409
89 12381
127 27439
158 1369
58 56489
240 2468
256 29801
257 44509
21 54754
101 3369
136 46167
258 57458
140 47193
183 54554
14 45068
288 24583
282 27959
20 22425
261 32570
56 3341
6 35251
250 27900
174 30384
298 36852
26 51745
104 40855
4 57912
68 17464
118 48874
180 55480
262 35622
62 24775
29 5743
276 618
253 36921
214 9998
270 2063
83 53154
224 26976
116 23539
151 26447
280 48798
226 17081
298 41772
140 54253
186 13063
235 42325
52 45238
140 3195
75 43576
32 41755
272 58107
230 59593
209 24611
70 50248
239 37976
288 48703
99 29504
127 59204
72 15069
227 57310
168 40715
11 43863
179 19533
91 20850
59 6
11 52938
71 49919
199 30548
67 30928
197 12526
73 39416
82 9291
139 32555
221 21459
143 58876
242 36003
134 34479
124 38969
265 46714
215 18216
99 14741
247 37894
149 25506
23 17595
217 32859
104 40555
148 15637
268 10821
132 15347
187 50447
58 10736
40 32172
296 32678
105 793
140 51502
191 54755
44 38813
87 36326
64 58285
13 32284
211 29595
27 37823
63 58754
30 34610
80 54696
145 41117
117 6545
268 42165
7 3140
254 20836
7 43485
163 2740
192 9817
227 48428
79 10552
150 55050
50 33053
122 19911
102 18150
224 59963
113 32906
227 35157
72 31082
107 38268
134 47494
147 36178
267 45689
276 6637
77 34861
16 14527
187 22335
131 34137
33 35817
94 10308
110 15403
255 26589
98 59561
262 53052
224 34704
27 47367
29 46336
217 3227
102 34934
261 4255
22 21002
41 28657
243 43165
133 12211
232 29178
154 6918
53 17666
78 27543
79 32053
205 19793
204 31653
43 15229
84 17361
287 6297
186 28712
154 52827
272 18650
250 33378
91 23154
135 22520
236 9023
6 59748
149 14373
185 14321
89 27202
296 15867
188 32289
51 48651
236 12331
233 16887
122 36610
219 48554
238 49330
83 57187
159 14513
14 20497
211 52805
50 1788
134 50357
180 50516
90 14542
27 7871
216 59691
231 9471
235 21709
188 8148
95 45582
124 30274
175 36843
269 24249
99 54589
200 17690
131 3642
211 30279
82 18978
188 41993
224 13122
223 22541
300 55380
96 22879
76 13325
259 20420
75 8520
26 8657
218 42088
14 41457
80 8983
107 51232
24 23989
180 50356
279 22839
4 10740
183 46944
7 5851
249 49044
277 41250
160 25502
106 41943
300 35683
300 15932
200 21635
168 41816
81 47185
178 12671
176 36873
261 3810
216 17530
212 15393
77 9518
55 58910
282 8363
54 48076
128 32676
269 53055
225 35051
270 45447
243 27546
107 73
94 25959
97 4672
17 7069
174 47922
281 45657
132 45170
144 14312
199 44479
56 50259
32 16356
137 42634
204 2979
291 11256
257 6126
137 19691
265 32539
247 18721
217 6019
242 4840
224 31713
22 33344
241 5938
143 59749
244 50810
265 1784
197 23423
182 2580
156 34377
144 52281
240 8016
61 52365
196 11638
249 38308
165 12235
279 42101
265 49160
132 52660
22 45221
254 43221
237 51823
23 24415
107 42277
80 34767
256 33166
62 55616
227 50577
36 28742
107 32700
63 14206
61 3618
48 58045
72 45358
46 27499
19 12188
294 8777
38 46307
201 50116
117 56409
233 35237
244 58079
208 30848
210 36621
116 21509
258 7523
213 57557
173 21317
190 4585
86 45443
276 56091
272 9451
86 18723
216 49790
143 22059
232 21499
267 33473
285 55034
111 9843
209 49540
160 32146
202 28134
132 41865
50 27953
80 57613
12 30581
3 47239
158 51093
46 32106
109 16148
42 24977
155 56129
257 6144
101 4370
29 38975
261 52143
100 11106
74 39101
46 51038
191 40031
290 57880
127 22605
54 28101
272 26956
26 40160
231 29750
153 37040
26 25440
92 18805
74 17633
76 11715
85 52733
28 16565
206 37447
109 12331
252 48120
5 4580
138 11520
81 56948
290 58981
250 53093
141 11705
204 15214
25 36230
102 48126
148 39089
131 7206
69 29210
173 46119
26 32205
124 30278
149 55865
123 23021
186 13626
260 13701
252 45848
83 16514
120 10309
31 54368
88 28729
189 10195
89 14657
279 27849
262 44341
150 48571
95 54240
56 50526
14 57140
278 31770
221 34014
175 11098
227 16730
72 36702
94 39439
219 57001
300 16967
4 31147
59 6373
222 7785
247 39240
135 23746
263 41512
87 33679
48 34609
254 30599
153 55502
235 57902
50 26382
141 17660
265 6765
234 4587
188 42783
115 59840
29 16852
182 39951
72 2298
152 45985
72 5421
115 45388
154 59823
241 9147
109 38271
283 56310
21 40671
7 29596
216 46167
174 33023
272 51366
231 45709
283 12058
214 7327
57 18559
22 25650
94 55090
256 25628
1 58751
281 54419
246 52372
123 12853
60 27117
17 18119
216 49867
227 1548
52 625
207 16006
57 6749
227 50710
46 18645
124 33774
43 37362
172 30140
183 37407
213 51141
254 10127
68 893
220 33287
119 56740
260 11117
63 15523
49 12447
107 12936
236 23587
223 23612
88 37511
114 11258
73 16450
281 53366
166 59082
213 8997
235 2213
233 38032
284 59470
113 18925
123 2144
244 8564
118 44742
279 14820
67 11793
300 45134
78 5780
180 34671
23 43130
2 43187
181 21932
241 31020
260 954
206 48165
20 14836
140 50330
172 48966
141 9422
111 9930
172 20026
258 59564
93 14416
176 8495
159 5536
109 19289
103 17973
140 52554
110 18677
106 37025
23 36750
68 29230
298 39510
248 11040
78 41180
5 42621
121 42946
222 20050
163 41002
155 10120
290 34265
160 14096
20 54447
300 15262
131 18303
87 26052
76 35899
33 2269
173 20958
157 31083
248 50891
34 55234
134 24177
242 48056
104 15195
294 8463
245 55148
107 58280
98 42139
84 1653
116 36278
49 58712
294 38928
230 58261
53 39301
2 31856
22 59405
216 47286
67 5346
222 20660
190 56092
29 51919
76 55290
198 37703
72 54466
116 1579
270 17330
63 47328
152 14643
139 15841
240 2426
11 36074
80 13776
283 39057
285 14282
214 38202
180 53281
280 21599
176 56216
161 37561
286 11497
12 19404
279 27839
217 31414
274 22968
156 25835
20 39961
28 59266
150 391
113 15688
42 5379
298 4993
158 29788
112 4199
12 53871
80 39788
40 19416
245 33909
229 5924
92 4991
289 32710
10 48577
104 32559
294 55308
189 44698
148 20673
264 15307
147 21374
17 49665
51 46461
192 37010
108 39042
239 12665
22 526
104 30109
91 4270
163 16560
176 57120
4 55384
108 15800
115 53080
255 57549
219 44083
152 24423
128 10403
171 31147
60 1579
272 17256
2 53591
183 41968
110 17889
26 1575
98 56718
14 2960
165 49088
10 17925
119 32593
94 53108
257 8377
1 21711
275 11054
208 43303
65 49729
45 54092
221 33957
112 27507
45 56269
121 58118
254 36409
260 45762
246 59372
200 52209
294 36853
81 25263
276 48118
59 10319
298 45180
72 11320
150 27936
53 10409
141 37091
106 22084
4 33279
245 58988
53 17209
275 46483
91 14746
87 37529
285 40149
245 27060
271 32832
36 33889
266 20762
97 32383
147 50496
162 29172
296 38685
283 33369
207 20835
77 2093
145 46900
58 12017
28 26446
158 3788
201 32794
17 43642
235 33610
110 17357
266 2432
114 24973
137 11744
7 43386
232 29299
205 18443
134 47595
233 45295
117 43126
289 52165
269 5660
241 43259
109 57913
217 1803
230 3190
225 31599
230 18172
291 27348
6 2045
188 36637
116 47931
100 38367
90 36007
189 9802
265 5810
152 41677
259 20945
128 41913
282 31446
294 21779
34 25523
91 22533
258 1543
229 59595
68 32434
162 56396
37 18530
278 53530
6 23570
18 15172
122 53225
124 9727
177 10723
156 59254
254 2054
150 39202
266 2186
118 54428
51 15526
150 24525
210 37201
96 26249
233 52239
177 4989
18 10053
283 4847
22 56454
124 7764
3 26229
128 8488
243 50588
243 12698
130 46593
193 31594
240 24220
172 41601
89 42827
166 26436
178 865
216 27601
143 3490
280 47224
59 25910
204 59425
190 28740
24 44117
248 28029
260 3438
139 51482
84 21603
173 39443
179 13633
83 7532
76 13309
288 6084
132 7956
119 46331
97 52976
161 39911
80 41695
225 3957
61 11581
145 15229
290 33351
68 25711
211 30375
42 40383
13 27317
206 38424
58 4878
185 51850
291 53679
156 16697
95 12820
90 9494
25 14281
56 39765
229 46989
235 848
195 7535
21 29879
95 20569
56 14931
228 14928
29 21934
293 55798
135 29924
143 18593
294 13734
249 35111
128 1192
214 49260
151 4095
22 45869
133 53594
241 16761
18 15074
295 1408
94 7810
147 39231
249 20260
44 51932
173 11493
163 28716
27 48779
143 23333
14 6667
63 35177
162 44834
87 58169
263 31057
132 41214
96 34130
127 37160
64 52537
214 54200
260 30998
148 54547
235 18231
155 42782
109 31067
217 47537
136 56379
88 23482
78 24377
273 42720
201 49085
46 39879
98 52508
284 8207
158 28207
274 32064
280 17322
139 9505
109 51413
64 9038
35 4701
16 40670
275 55830
278 7276
150 30609
214 37331
67 25270
289 40800
208 8574
137 29980
285 22803
249 55634
292 2990
295 22627
20 21551
89 51848
93 51153
114 40016
1 13783
60 38010
231 15391
116 39134
258 28319
44 2960
26 27885
257 33306
92 11494
217 4372
89 8947
83 36827
55 20456
22 8294
51 45592
178 20130
48 34136
222 4229
107 45985
39 5311
173 19661
79 23244
241 51037
31 32007
235 42886
34 45020
213 50110
203 56319
206 33733
79 2742
266 45562
225 9456
44 38417
72 32474
220 38176
113 44159
233 41843
234 15725
152 8493
244 8074
282 32146
142 27574
90 5726
68 35804
17 14796
133 46741
41 52486
289 16389
107 52130
195 37451
69 17621
240 16785
192 16917
146 32733
11 12014
190 20239
114 40025
167 9846
3 44554
77 476
93 39787
222 2954
144 18279
128 32229
191 15198
278 20522
286 10553
250 34791
104 20199
198 47268
154 46529
164 11116
290 83
116 40228
61 3160
122 6646
17 31584
125 2933
232 10972
76 44747
251 40358
197 52109
152 3251
262 57589
8 7582
134 40591
222 28707
110 18813
158 5838
281 23761
191 2446
67 52990
165 3025
287 54346
7 9714
193 21313
11 34764
88 19106
25 23022
173 44010
28 47775
287 49006
193 17494
29 40410
118 20315
3 26516
116 53447
284 51887
186 6901
173 11595
247 7089
277 12645
39 47133
36 1848
211 25609
281 31860
229 36669
275 28771
61 32239
107 16870
227 11496
240 55858
83 3218
78 10853
142 7834
192 14492
300 18317
90 10400
140 54176
52 624
142 2246
141 21579
286 51811
188 52263
246 6353
290 53488
256 20083
226 6695
237 49407
12 46200
107 40222
227 38515
300 20891
87 1992
105 35769
192 32463
216 31981
229 27042
263 7487
81 28598
2 12576
86 11316
109 59686
5 39161
32 6300
194 18207
72 41455
7 30258
129 21193
137 26935
190 10229
264 38725
83 27654
73 54941
80 17317
95 59618
103 23696
9 6721
242 51007
295 39324
102 49845
205 4885
74 40394
218 37342
194 53414
66 24784
144 51276
133 38671
90 32242
230 44061
130 4425
273 15419
200 13078
17 53524
152 15418
270 50622
138 39959
196 888
223 4967
98 825
223 34470
140 29519
222 26686
70 3126
21 36979
243 9932
235 34215
279 21771
194 58418
97 8178
74 45860
157 43052
49 38121
195 15385
189 26269
254 28330
164 31319
50 18999
52 27501
131 15728
5 911
148 31965
245 41956
61 23863
35 43618
53 3791
296 25310
68 50496
13 29784
178 46338
16 44991
194 9754
114 50343
157 18364
134 56947
56 7925
153 8042
49 154
132 33049
31 34069
293 49322
241 4675
2 1796
28 21970
245 11966
202 39609
146 50622
91 40575
44 3500
203 36009
260 47760
242 38355
49 26258
119 520
86 50623
222 8649
143 9876
194 39027
233 41604
259 52431
61 29047
265 17089
165 47159
120 46764
298 55475
294 6537
167 8700
156 9000
105 34650
257 45286
201 22759
77 35069
41 18069
103 59372
172 47756
155 45266
289 14739
265 29551
200 32929
153 3796
5 58227
241 31113
230 40364
194 12340
93 31640
227 4400
204 27581
212 43428
284 14496
72 1137
231 24307
148 1591
206 23335
214 583
79 17463
50 36037
171 14831
76 14875
25 16421
260 5982
46 10695
117 46160
175 35495
263 45028
59 8017
62 23012
30 30355
240 29800
135 9173
86 10423
54 41412
192 49410
214 50017
244 50148
229 37467
123 44102
159 18093
20 7744
7 47304
195 15594
166 38605
179 30959
118 6646
293 2164
184 8150
267 15425
10 57611
234 39438
66 31769
160 32516
101 10654
110 6984
12 50606
175 24683
159 2875
199 56967
161 17973
257 30897
266 3441
146 5381
157 53001
184 30293
142 55547
76 50440
41 15978
240 9394
249 6399
221 40501
254 28976
250 23621
115 38104
7 18262
273 40560
64 24862
258 21488
259 35029
219 26852
221 52987
278 41450
178 32311
141 14558
120 23600
85 48553
128 10564
40 48278
282 28925
131 23303
32 46232
17 24686
198 48237
54 8722
105 6640
229 45650
163 29370
58 8110
224 5442
257 59470
149 11385
25 42619
256 47955
98 56486
209 48937
100 28831
112 55527
41 43093
165 39754
15 17055
278 18118
47 53242
161 11869
279 19526
47 22053
21 42627
178 33962
54 51823
16 9745
296 28674
233 44721
73 12233
185 20220
149 8566
184 32564
168 12814
184 17762
81 54410
215 47956
168 37952
162 45837
293 52688
215 41957
15 47205
256 53950
39 8891
169 42295
50 7798
159 49340
226 41706
223 25399
285 56752
51 19545
192 5144
97 30678
209 9617
266 56153
230 44870
168 509
260 19848
292 52016
149 14530
110 15583
195 41909
116 59188
239 831
11 33018
26 36800
197 59001
119 18084
272 14116
191 17849
177 50179
79 15062
290 5247
130 34633
57 51511
44 40711
226 16764
28 52783
62 27722
208 49221
6 45312
296 28799
288 8403
266 3594
250 16856
36 41644
289 22722
192 7947
256 23542
112 943
2 34328
84 24202
227 40743
258 10108
68 27319
33 33053
238 40969
237 11222
3 5610
197 59941
157 48064
242 59419
9 33190
246 28254
46 39861
146 58751
71 11961
67 41820
13 14161
108 37635
246 5396
267 52301
34 54793
16 5442
278 25575
141 55880
225 45702
216 4544
237 7552
35 25665
196 52111
216 9582
100 11934
175 50959
258 3711
95 142
260 34332
44 34124
239 51094
30 37789
42 28385
13 28963
88 18937
223 2669
110 17358
65 25533
167 53240
110 50105
282 57882
167 13970
128 59342
53 36828
167 4848
274 33586
20 42980
229 28387
65 36850
97 51876
36 19124
130 41631
155 12505
12 39773
166 23835
169 12381
288 2860
171 20391
122 1488
256 9165
230 40483
145 23473
165 51459
135 29725
178 20970
253 18955
136 7571
136 48685
260 55705
214 49185
133 31220
4 5846
214 38365
176 50966
288 11888
239 20281
233 13565
87 22062
114 54638
151 45856
126 38555
166 20565
200 21260
248 30058
217 12926
117 24076
112 11070
103 30422
128 20754
228 11927
186 58212
94 51651
236 47634
122 53300
83 3971
42 34270
286 12461
175 43811
217 54268
183 29705
283 15719
100 5246
96 25173
39 51613
59 11968
170 16164
29 34335
194 29703
36 24572
25 42694
113 9351
102 1251
283 14874
208 55753
10 5179
291 11531
141 10677
151 28539
184 23579
146 45411
278 16316
111 29909
288 48555
42 55913
184 55059
257 55800
91 43931
85 9202
56 19810
182 14031
59 12003
3 10651
