5000
3 331
45 437
8 881
31 502
11 944
17 578
12 325
11 481
30 296
8 446
15 30
31 488
37 66
2 539
8 718
46 138
23 172
27 63
6 813
13 868
22 820
37 716
50 501
4 221
26 646
27 168
15 892
16 937
36 961
37 747
17 896
31 141
38 817
36 803
34 615
43 986
31 302
41 391
46 749
5 484
22 308
10 219
16 390
7 304
10 126
14 235
18 597
42 406
18 484
21 879
30 984
8 27
15 982
24 930
6 391
31 120
36 180
40 294
34 694
14 440
24 360
15 275
40 881
31 309
16 27
10 300
16 818
23 737
35 607
23 25
26 127
4 556
45 700
23 299
24 867
36 937
5 731
13 826
1 972
40 809
19 247
11 230
35 711
41 492
17 289
14 5
21 643
3 69
34 27
24 821
19 128
34 799
9 349
40 739
16 930
48 125
23 305
27 635
10 357
50 412
49 669
17 878
23 373
47 352
35 284
43 501
25 440
42 617
23 802
33 708
4 400
46 532
14 428
6 360
39 239
6 184
32 872
47 500
21 15
32 255
34 212
38 616
26 432
42 928
7 367
9 533
11 332
44 619
10 308
37 466
38 631
35 772
16 788
41 454
11 258
36 51
26 139
23 646
9 21
31 636
11 947
14 961
23 60
2 240
34 590
49 552
47 591
30 709
34 806
39 67
33 643
30 283
10 446
14 758
24 369
26 277
22 600
38 208
45 219
32 661
21 754
20 721
14 818
10 266
41 930
27 348
36 121
16 532
4 298
45 859
5 700
25 758
25 868
37 133
14 85
14 370
7 17
44 622
23 368
37 825
1 701
28 419
17 656
8 759
34 174
27 534
10 912
40 33
27 501
44 426
2 196
14 12
15 235
20 1000
27 364
18 766
38 284
3 913
5 514
18 392
35 619
30 270
17 389
32 744
5 710
46 469
9 453
1 747
20 51
41 812
20 551
20 94
25 795
4 370
34 814
30 288
34 215
10 183
32 508
48 110
36 509
9 845
26 394
17 12
28 366
35 382
40 514
1 346
18 928
13 380
22 306
32 979
23 554
32 916
8 860
24 465
49 330
40 407
46 186
34 130
47 771
8 89
46 581
33 11
8 740
33 581
13 359
49 475
20 488
11 52
35 26
22 806
12 76
26 486
7 838
39 849
49 327
39 418
27 710
8 723
24 410
19 353
10 100
9 625
2 762
7 971
8 77
39 731
4 916
41 982
21 153
15 862
47 835
42 432
7 591
45 809
9 304
29 336
30 161
33 396
36 494
31 631
34 19
24 459
1 753
49 10
27 769
16 809
28 94
32 34
16 555
43 547
26 337
7 913
17 714
18 474
46 586
35 941
31 548
13 787
37 391
27 796
26 642
16 546
32 959
46 655
47 558
18 309
24 566
12 143
38 506
20 186
38 733
17 220
33 355
16 360
13 98
15 763
22 945
50 396
44 9
37 832
7 27
9 532
48 214
39 297
39 175
43 175
45 418
28 376
26 715
32 865
20 989
17 503
21 630
13 53
29 738
32 574
18 978
50 10
10 338
13 126
28 417
32 31
40 862
13 995
9 902
16 320
2 973
29 79
26 184
31 53
17 150
22 470
12 416
39 600
18 272
39 59
9 721
47 23
29 286
41 828
5 608
34 678
20 211
41 924
39 721
5 305
44 468
26 318
6 246
42 362
9 73
4 106
4 719
44 428
24 538
42 881
21 791
34 54
22 33
49 415
8 250
27 233
14 860
2 713
21 852
15 776
27 856
5 12
37 691
35 936
32 319
24 956
1 462
29 193
2 821
12 345
27 887
33 61
40 544
20 549
33 341
46 123
25 740
28 899
39 432
6 980
2 791
11 589
41 312
3 57
27 1000
32 682
42 381
32 9
23 531
27 479
32 203
18 510
12 466
13 553
14 688
1 626
2 124
18 155
10 618
31 502
40 212
20 111
7 156
29 773
25 464
36 662
23 707
27 372
42 731
17 53
4 0
17 402
8 592
18 773
28 914
8 156
46 417
20 493
19 494
20 99
1 507
31 267
31 965
14 33
25 603
11 342
14 484
48 169
37 360
31 397
46 51
18 988
30 993
42 352
19 818
35 309
36 304
8 363
14 946
13 86
2 28
13 857
31 828
15 772
34 125
8 991
20 147
49 736
1 630
14 975
47 408
34 151
34 130
24 163
27 172
40 326
21 77
38 664
39 728
5 754
47 104
45 502
3 898
34 992
16 290
18 465
25 688
25 637
37 98
11 311
20 770
49 344
9 181
40 343
19 247
14 223
32 364
36 475
24 882
30 246
27 31
34 683
46 990
10 197
19 58
38 291
23 165
16 884
33 79
13 70
32 80
34 668
28 700
42 175
24 332
9 605
43 131
13 263
15 532
32 736
9 816
20 483
5 734
27 169
28 893
22 534
45 345
40 989
28 915
10 94
16 249
27 28
46 230
33 7
20 373
3 528
16 106
19 629
19 122
33 737
31 265
2 65
13 993
31 988
36 69
7 342
25 334
5 527
46 441
29 34
13 475
45 476
42 532
15 114
49 970
38 276
3 835
9 354
41 35
49 516
16 437
23 36
21 854
50 217
50 567
46 299
23 160
39 217
44 991
7 571
35 549
14 801
15 870
27 200
3 66
6 582
23 27
38 288
5 773
14 158
43 612
38 548
20 812
10 558
15 16
14 334
42 344
2 213
5 491
41 88
46 562
14 147
40 428
28 324
22 92
37 623
13 326
5 734
11 906
8 983
9 149
18 197
27 630
17 526
47 78
8 291
50 274
40 639
1 650
10 519
40 934
18 311
25 987
39 243
45 985
17 809
2 768
15 539
15 463
43 378
24 534
10 289
16 526
29 753
32 545
39 881
29 989
48 227
5 806
43 82
40 321
12 317
42 771
28 794
41 227
9 938
48 81
47 467
44 64
10 27
28 125
29 475
12 952
21 118
1 61
32 98
10 81
36 252
22 332
35 809
12 878
4 849
4 512
30 461
6 636
11 783
38 132
41 574
15 675
21 525
12 975
14 48
24 9
29 409
41 42
44 19
45 215
38 538
19 315
42 390
41 569
10 242
22 422
13 817
32 8
23 237
19 77
36 457
13 751
48 700
19 273
41 275
34 300
9 228
21 128
37 419
38 451
12 889
32 847
45 902
37 755
16 857
15 173
19 764
1 945
47 126
35 933
22 7
16 986
47 460
28 970
11 138
6 187
37 206
11 308
10 204
16 188
22 488
1 376
29 604
8 235
18 21
36 766
13 332
19 285
23 654
19 365
45 184
19 993
14 364
8 32
9 842
25 891
41 828
2 326
22 153
21 838
46 231
20 363
23 572
27 833
24 355
26 385
40 469
49 147
20 318
11 391
21 33
35 983
30 996
9 300
4 46
35 823
22 823
23 525
11 951
37 906
6 781
6 616
28 947
10 394
25 971
26 767
37 788
42 421
36 999
40 91
40 348
12 139
32 17
23 524
21 373
26 197
38 254
16 642
3 153
11 376
33 544
8 109
10 745
29 635
47 315
2 662
37 224
32 852
22 554
23 631
25 371
14 242
11 633
17 849
20 837
21 679
24 48
38 597
1 447
15 898
33 173
21 967
24 318
22 710
15 873
10 382
36 696
35 109
35 447
32 506
32 740
22 212
11 708
4 25
44 108
44 750
15 634
21 121
33 642
37 985
48 291
14 895
30 991
18 591
50 553
14 516
11 140
31 826
37 313
12 87
36 743
50 35
32 230
31 611
44 149
15 374
4 510
4 861
6 202
8 806
2 9
24 212
25 44
22 162
13 933
49 843
5 410
1 878
34 290
6 20
34 6
32 199
10 589
47 660
25 512
33 393
46 990
6 276
9 783
35 966
43 842
32 675
29 543
24 121
17 348
4 365
29 703
5 204
19 852
25 883
29 287
37 890
33 502
4 307
18 44
42 141
41 307
45 750
1 45
36 624
8 310
46 546
40 558
16 299
22 258
40 166
24 597
39 781
31 705
3 943
30 48
23 12
24 922
16 233
36 771
18 23
2 713
18 153
17 482
30 704
41 608
44 946
19 766
50 230
41 200
11 245
43 708
20 752
8 61
2 403
16 94
8 384
49 726
2 668
22 375
18 953
21 595
50 174
47 751
32 94
21 413
21 542
6 129
26 210
20 475
48 155
6 714
12 610
21 930
41 679
19 619
31 901
34 278
21 708
42 768
21 804
21 39
4 948
22 697
19 766
27 538
38 456
48 688
17 28
45 450
14 573
10 61
42 551
8 43
41 343
16 305
36 105
19 189
14 313
21 626
25 425
21 527
6 628
30 30
35 278
39 449
14 770
29 83
28 236
26 154
17 511
16 110
38 163
45 405
17 649
8 876
29 676
50 716
13 257
22 221
7 578
6 670
38 810
17 960
28 329
31 260
6 171
6 874
21 196
1 641
30 805
41 508
16 526
41 844
8 621
10 428
44 787
41 921
33 443
18 646
46 846
41 155
40 596
15 188
16 803
48 748
17 5
44 170
22 617
48 715
3 304
28 665
28 276
20 101
18 675
25 622
50 634
48 270
35 425
48 7
45 406
30 526
41 308
22 391
24 802
39 871
48 475
49 255
37 533
31 797
21 727
1 62
29 440
7 779
15 143
34 81
16 700
30 938
9 626
36 287
15 986
50 472
2 255
25 259
25 883
15 393
1 293
2 288
36 223
17 369
39 389
42 258
20 698
12 142
38 327
6 606
43 118
31 372
42 541
48 955
9 966
11 792
40 14
50 678
43 154
30 422
20 547
31 391
4 407
50 50
7 59
46 465
32 10
24 843
26 608
27 556
50 528
37 577
40 587
27 243
34 391
31 52
20 356
40 439
28 313
40 668
25 145
1 503
4 985
4 109
32 890
35 449
18 637
45 556
48 230
16 204
26 635
20 589
26 465
15 41
20 529
28 693
43 492
2 521
42 729
25 336
45 130
18 213
28 82
13 789
35 324
38 569
10 1000
35 35
5 828
14 107
15 962
24 606
7 900
33 317
9 784
26 953
32 604
39 762
35 570
37 966
25 980
39 875
50 921
49 612
21 770
20 850
18 306
13 733
35 584
50 584
41 949
16 918
3 55
14 628
9 942
15 412
25 156
30 505
50 136
33 704
12 774
22 918
6 936
3 981
6 138
6 69
41 760
27 978
24 338
19 816
32 213
13 89
43 812
22 931
39 83
4 369
36 9
16 210
4 653
46 357
34 831
24 470
9 173
7 775
48 42
34 505
49 710
20 854
49 744
15 491
29 296
27 883
40 696
46 1
37 522
31 396
38 675
46 109
49 43
7 901
34 440
47 589
30 229
19 335
6 334
17 658
23 523
9 884
43 371
5 409
18 547
37 61
37 157
14 260
28 431
35 41
26 432
12 240
1 95
34 235
3 854
10 925
26 875
49 803
25 777
35 863
5 746
44 305
13 71
5 564
47 659
39 480
16 561
2 469
24 376
45 352
43 677
37 982
6 680
31 122
15 560
41 841
39 121
31 981
34 640
46 244
27 635
39 903
29 148
13 74
7 971
7 219
46 874
31 995
45 476
42 915
20 521
34 678
16 739
13 466
9 31
43 408
10 475
3 57
44 891
11 169
28 521
31 481
50 555
36 607
38 850
14 176
48 402
36 697
6 399
34 35
25 358
10 814
46 557
45 275
17 4
39 242
14 464
45 198
17 836
47 566
2 498
49 979
35 740
37 747
2 478
32 221
26 213
48 302
39 623
50 83
10 711
4 878
3 63
41 17
14 92
49 245
5 319
26 539
5 652
8 152
27 514
21 987
48 814
22 943
32 690
48 79
18 763
18 720
34 22
26 573
16 710
10 611
37 118
36 445
49 357
24 982
19 253
30 755
33 644
19 216
42 81
10 164
2 586
26 617
20 871
47 141
45 638
6 352
23 956
47 553
22 601
25 558
28 597
22 755
42 661
32 977
41 278
37 295
30 662
32 212
31 200
20 888
31 418
42 369
12 741
11 919
22 607
45 150
13 402
27 939
6 562
36 862
18 294
43 794
28 218
28 201
9 75
25 37
45 955
24 837
4 158
7 557
22 223
49 508
45 252
24 159
14 666
14 673
11 344
14 572
39 44
30 225
29 289
13 543
8 303
26 655
17 963
40 897
33 940
47 540
40 476
20 532
28 781
40 583
18 598
13 533
50 950
26 871
35 171
47 894
14 589
24 205
48 213
6 688
27 811
39 620
12 613
30 702
44 909
24 64
15 756
17 52
23 569
10 464
41 888
9 616
30 132
14 601
31 26
48 674
10 905
21 811
20 35
43 830
29 327
33 666
44 766
40 768
50 705
11 862
43 821
15 889
30 730
38 693
25 461
18 600
34 71
47 17
47 967
30 32
3 730
40 439
41 646
6 541
16 152
15 750
7 820
46 820
30 766
29 20
21 6
32 165
14 846
47 934
47 206
33 219
25 440
37 86
1 291
15 743
30 560
24 774
7 156
25 208
19 455
31 856
48 142
35 430
13 660
10 257
3 291
23 131
24 680
9 455
20 36
2 332
18 880
9 737
22 371
18 806
40 920
27 46
39 720
38 822
11 264
19 993
47 752
38 414
26 87
28 344
40 308
30 851
34 175
23 644
34 627
23 303
8 423
7 348
11 702
31 672
19 137
6 44
45 236
31 185
43 680
12 554
50 172
2 33
43 666
18 136
28 883
47 871
49 722
35 868
25 409
8 829
12 550
49 164
20 491
34 21
34 832
46 885
39 683
38 269
12 312
25 911
27 675
10 934
5 662
25 617
47 166
31 778
22 258
49 568
3 417
33 578
36 339
29 978
19 811
24 404
21 751
8 764
45 169
33 508
42 782
33 924
45 38
22 101
43 844
14 59
36 26
2 226
49 796
7 474
41 814
15 560
40 208
41 391
34 13
35 284
37 879
1 588
32 775
29 506
29 159
5 961
33 483
7 290
11 49
10 804
50 820
23 739
12 477
19 279
18 947
24 589
31 176
40 37
45 535
35 200
23 4
13 968
27 645
8 52
48 63
19 558
46 725
17 954
6 628
3 169
44 931
22 117
30 366
24 229
4 865
34 779
46 389
24 87
41 677
14 773
23 420
35 165
33 862
50 425
20 923
28 969
23 816
40 145
38 299
28 598
37 31
40 201
18 221
20 544
31 326
1 313
25 552
32 216
41 127
4 585
10 853
22 953
39 559
13 147
4 989
7 518
25 678
28 732
2 245
22 448
39 602
2 992
21 417
10 721
45 164
27 597
29 10
5 72
17 14
41 245
3 757
41 580
31 867
43 19
49 150
45 235
31 938
49 406
31 184
20 845
50 45
19 111
36 712
39 289
8 612
46 870
9 774
26 4
21 239
41 549
13 321
33 437
19 76
30 191
31 811
19 176
44 612
41 285
7 974
3 826
12 43
33 766
25 629
32 801
11 328
36 325
22 135
8 387
39 656
16 254
34 619
47 994
44 32
6 821
2 753
6 952
19 531
1 470
39 68
2 769
44 415
27 147
6 23
35 297
27 437
2 603
46 677
34 38
12 587
13 985
30 735
18 359
10 402
10 152
37 993
37 655
18 659
11 975
8 520
36 393
18 571
37 616
44 934
33 58
12 645
20 900
34 678
2 694
23 767
38 819
26 997
39 522
18 495
6 711
43 477
40 733
25 237
47 677
13 986
31 591
36 222
11 567
42 217
2 333
4 11
50 59
9 351
13 802
41 882
33 367
49 586
4 540
50 705
16 208
45 736
32 855
20 61
17 844
26 471
30 127
17 716
9 410
43 275
40 764
25 190
14 847
21 74
13 875
22 506
36 909
36 878
14 230
30 916
40 953
9 500
45 298
8 422
47 623
36 356
42 264
28 755
47 424
48 51
34 488
23 80
48 106
47 154
12 513
47 260
19 213
30 260
20 697
41 401
48 277
14 925
35 942
17 901
7 739
38 533
36 176
45 480
21 13
7 478
39 37
25 4
21 585
35 814
32 650
43 349
25 74
33 358
40 385
43 631
19 15
47 46
12 634
45 410
37 69
36 61
47 958
38 265
34 660
6 542
9 904
30 801
19 709
4 925
41 133
44 382
1 679
33 556
18 977
2 608
33 597
34 708
34 31
17 573
4 232
46 928
43 784
39 343
34 973
12 8
40 142
6 268
7 217
5 596
34 791
10 248
2 550
3 5
19 741
27 207
2 897
46 86
6 612
9 92
6 936
27 560
41 420
12 770
47 586
2 441
33 509
23 914
20 890
28 912
41 249
48 649
12 764
24 920
1 670
28 744
22 659
39 966
34 85
43 110
43 900
40 359
33 245
42 197
9 416
26 64
18 728
19 220
24 0
50 544
1 859
10 990
23 253
7 18
25 248
49 930
43 487
38 892
45 14
30 528
17 718
20 481
10 710
28 565
34 674
41 868
34 129
42 214
39 314
6 416
21 28
48 294
44 933
49 415
18 768
39 654
47 591
16 271
14 683
1 909
6 577
22 736
29 708
26 890
30 267
8 799
26 853
29 261
26 566
47 94
6 727
39 585
50 575
10 761
49 74
50 674
24 305
37 850
24 552
38 246
33 438
36 440
17 524
34 683
41 127
36 840
47 380
5 333
32 517
21 278
37 898
47 823
1 606
4 953
1 777
10 396
33 627
24 137
28 894
40 522
38 55
44 129
6 204
10 953
38 538
17 672
39 424
26 733
11 482
48 789
17 914
30 349
16 321
10 585
11 657
2 519
20 199
22 28
22 160
4 302
32 853
19 795
43 607
46 412
29 209
6 477
23 769
12 61
50 895
13 798
28 237
14 424
29 198
35 654
3 836
36 654
44 742
20 714
21 513
33 612
28 325
2 27
18 139
5 279
32 835
30 567
45 286
40 722
49 328
25 697
27 770
18 493
36 312
46 222
42 942
28 230
26 946
12 764
46 346
7 489
29 675
50 593
20 74
14 787
43 71
15 430
45 177
18 932
12 527
33 278
13 113
9 127
3 78
23 114
13 405
15 436
35 633
49 356
38 920
36 263
42 280
48 78
40 75
35 770
46 655
10 845
34 827
14 989
28 311
34 359
45 638
34 812
20 198
17 26
7 579
12 211
2 281
34 697
32 729
26 545
23 79
44 84
21 774
36 934
49 555
13 83
19 216
10 156
43 587
6 455
44 952
46 11
46 660
39 723
11 781
19 160
7 488
5 585
43 283
40 395
48 21
12 137
8 571
41 162
42 445
1 281
4 257
31 568
44 431
11 216
24 775
16 890
21 424
3 569
37 310
9 377
3 779
16 585
12 388
27 103
6 458
33 626
25 86
42 680
2 494
33 396
13 31
26 952
49 260
6 941
7 655
37 369
8 572
50 226
45 319
39 673
30 381
36 174
19 925
3 407
43 128
48 382
40 138
20 305
49 902
11 186
33 855
46 641
25 44
26 278
8 51
50 36
22 430
12 997
40 832
4 711
50 122
8 597
41 739
44 168
9 49
9 945
46 655
24 574
9 414
14 968
12 810
45 103
40 831
32 734
23 712
30 179
9 182
46 536
34 208
26 609
21 227
47 328
21 65
18 434
28 430
31 932
21 286
16 196
23 955
43 441
27 892
28 928
50 576
1 514
23 719
32 317
29 880
21 35
40 97
39 30
13 151
8 706
28 16
29 431
46 446
25 133
6 434
12 751
6 524
23 758
39 490
4 514
8 212
49 759
21 760
11 314
49 379
39 933
10 223
45 78
37 367
47 352
1 351
6 88
26 299
44 959
43 791
6 0
14 90
46 931
15 798
21 873
18 280
48 833
14 21
16 98
48 677
39 782
17 487
37 941
1 698
12 970
1 739
7 624
4 256
48 980
21 331
35 194
42 658
6 469
33 678
31 924
33 277
23 492
12 72
27 481
9 103
38 855
33 610
1 979
38 244
8 23
3 732
7 550
16 251
28 958
30 1000
8 929
12 864
37 910
46 267
19 770
36 156
43 249
22 146
24 492
20 590
37 909
31 66
7 737
18 555
34 780
23 781
49 440
49 291
41 98
48 294
12 503
22 549
27 171
26 152
47 913
15 519
35 967
2 870
31 768
45 515
16 738
15 720
12 835
20 987
43 486
18 7
38 269
30 768
7 520
42 107
29 404
26 509
40 101
45 362
3 124
16 884
33 782
2 457
33 813
14 855
2 406
36 944
41 603
29 396
6 940
33 234
40 405
12 308
43 373
39 872
4 240
40 988
20 405
2 580
2 905
38 166
24 389
28 265
10 675
25 765
46 860
27 327
26 920
13 930
35 738
19 296
24 176
28 623
39 979
46 728
38 592
22 357
13 867
42 931
30 68
20 250
39 814
48 455
4 10
45 590
36 476
46 604
33 256
41 117
28 885
43 283
23 206
24 963
34 323
10 430
21 905
45 280
13 501
9 781
37 952
4 35
22 588
7 111
40 760
34 112
50 869
47 938
28 493
45 44
30 764
23 554
39 32
3 187
5 140
25 690
35 757
39 16
24 88
46 411
32 527
43 982
22 783
35 808
34 828
20 983
49 48
27 478
3 623
10 501
18 211
14 395
10 743
7 543
4 353
45 246
7 213
38 850
30 108
43 798
9 802
33 148
43 78
21 101
2 98
30 607
14 153
26 540
39 350
50 147
30 663
21 895
8 451
30 825
14 963
3 606
45 792
48 876
45 915
1 224
14 741
28 33
22 335
40 610
43 582
39 948
40 753
1 472
2 619
41 394
11 622
37 388
35 123
18 382
38 251
41 703
49 819
23 320
9 402
12 932
22 926
3 742
50 12
49 508
30 412
42 613
38 563
3 216
3 967
10 47
30 309
31 910
30 503
13 952
47 420
21 615
14 916
30 855
16 178
16 495
23 895
18 130
45 642
43 995
45 118
34 242
50 314
1 592
26 171
41 778
48 21
40 38
6 350
32 613
35 686
50 539
30 183
31 798
18 976
22 46
1 485
46 38
8 531
27 240
43 776
15 392
46 809
12 747
15 187
15 605
39 865
13 179
37 124
41 40
10 201
44 122
31 126
45 915
12 500
2 592
33 650
21 114
48 251
32 742
21 20
18 894
35 510
2 853
23 101
30 292
18 435
19 119
1 215
46 254
48 16
26 765
25 429
12 164
49 424
7 194
19 640
34 914
6 733
10 562
10 911
35 199
30 423
6 632
30 966
5 270
18 731
16 407
39 182
43 31
7 435
40 638
49 167
37 617
38 77
45 949
45 720
9 503
2 128
34 248
32 864
44 609
6 329
9 99
13 594
37 825
29 609
13 400
1 877
22 276
39 973
39 817
20 857
37 742
15 75
37 344
20 973
32 67
21 977
11 962
35 841
19 929
16 274
28 811
10 142
11 116
8 158
25 648
21 17
25 80
50 868
46 411
43 571
22 290
37 62
42 685
33 715
24 137
32 912
20 133
15 921
40 408
10 550
40 715
17 890
7 478
43 346
27 604
35 657
6 338
4 379
48 278
17 178
43 992
9 693
5 967
12 277
43 422
25 624
38 656
41 751
6 211
20 843
46 731
22 669
46 903
47 249
14 807
36 84
48 975
5 785
28 525
27 15
44 120
43 655
47 698
14 82
32 125
24 358
11 432
46 510
21 734
43 60
49 126
41 18
2 826
29 564
6 766
9 662
45 877
5 758
48 898
24 53
32 654
30 600
10 560
50 665
23 51
24 343
15 500
22 725
21 720
12 305
11 279
47 337
21 968
15 363
18 689
37 990
33 443
32 410
19 489
43 351
7 232
32 946
19 210
47 694
35 507
28 279
49 24
18 789
2 83
7 638
45 504
1 214
23 970
22 749
27 447
42 633
40 77
50 936
24 786
23 565
23 671
2 759
45 904
29 710
45 606
19 335
7 555
23 7
30 771
45 784
42 435
39 207
32 491
23 692
8 928
7 27
26 906
7 919
14 717
5 54
36 915
43 717
13 761
6 54
7 544
42 947
14 680
10 500
31 696
39 590
3 855
41 96
48 851
1 707
44 102
39 627
39 752
7 802
44 752
48 210
24 90
15 933
40 711
32 206
44 220
35 797
21 937
1 42
3 892
10 138
39 549
41 329
34 444
48 72
34 747
26 753
21 202
14 955
29 336
43 179
42 291
15 590
7 351
26 189
6 446
22 537
16 116
38 170
9 583
22 533
33 659
14 370
40 102
42 825
45 667
18 223
37 920
41 292
12 370
18 872
6 276
4 702
34 26
26 900
26 699
12 989
32 705
22 177
17 66
40 749
21 975
41 74
45 691
45 544
5 421
8 349
47 63
29 908
17 760
15 944
30 21
43 134
16 423
40 134
26 316
30 538
29 163
19 383
47 350
21 148
28 42
47 273
38 193
49 533
5 120
50 633
19 238
15 27
7 449
30 197
4 960
24 935
29 512
49 47
34 124
41 638
17 660
15 917
45 461
11 742
26 165
20 396
31 673
16 46
35 638
14 903
49 12
43 951
13 706
42 872
36 493
40 442
25 238
50 755
16 986
14 288
11 805
5 244
29 763
47 577
11 265
17 789
38 378
22 482
25 132
23 547
13 307
18 311
4 889
47 67
24 827
16 963
47 677
5 343
50 252
3 830
20 810
11 652
10 277
19 605
49 425
43 84
16 312
9 942
39 885
11 74
22 102
49 201
33 631
37 175
42 674
20 611
4 549
8 660
17 928
36 688
26 598
34 706
34 735
46 862
48 607
4 731
21 764
29 221
47 631
14 389
48 991
24 454
29 335
33 876
13 346
8 850
32 872
27 156
41 789
14 879
7 376
16 946
48 39
23 932
13 525
34 513
11 891
42 421
6 961
1 260
17 58
28 835
11 202
7 812
11 592
43 368
22 681
26 934
16 880
28 23
18 637
21 86
5 493
28 156
8 653
40 501
45 133
30 919
8 390
40 108
49 154
5 178
33 843
41 75
44 667
20 349
25 926
26 172
38 440
48 982
25 315
17 876
17 267
48 952
36 443
22 578
46 170
29 797
44 927
49 275
20 778
6 291
40 560
30 464
6 740
26 856
2 535
19 446
25 466
25 152
13 583
30 810
26 387
34 918
14 521
38 913
27 170
19 694
11 184
29 866
4 926
50 790
33 479
4 220
17 738
22 166
34 453
14 26
17 390
10 181
37 848
37 423
33 65
15 412
15 327
7 649
5 962
2 318
26 530
24 840
49 729
39 320
27 373
36 239
40 34
28 174
32 386
31 855
40 891
10 354
44 477
5 144
21 380
31 188
32 61
23 738
16 606
20 195
4 361
2 557
46 857
8 490
27 621
10 444
17 81
36 419
25 223
30 200
23 344
33 359
40 189
48 84
20 216
40 545
50 312
48 838
47 762
28 135
39 407
8 770
15 382
36 516
41 149
36 614
26 608
35 416
44 398
44 985
26 102
24 589
46 669
14 772
27 440
14 176
19 281
32 583
2 168
33 125
36 799
18 139
14 758
46 584
50 490
33 248
35 691
8 860
1 60
29 901
7 378
38 616
30 672
34 416
36 772
19 575
8 285
28 936
35 749
38 500
37 681
26 779
19 678
28 268
11 821
31 68
14 216
20 522
31 114
19 861
42 304
23 454
30 558
26 70
3 698
9 543
24 510
13 419
44 757
43 342
42 749
9 133
34 910
25 428
41 39
4 456
11 459
14 246
23 481
9 447
31 985
32 569
17 459
16 84
47 203
2 888
18 273
44 205
45 790
11 400
46 671
6 838
45 721
6 166
31 583
2 656
30 725
48 267
36 537
10 619
38 865
9 651
42 928
20 140
30 653
48 24
37 860
34 493
49 785
9 124
6 978
21 283
16 764
35 120
34 754
30 830
14 753
28 59
41 936
37 425
4 878
33 49
45 611
29 219
1 134
43 393
7 629
12 919
40 225
15 882
34 649
45 247
44 244
8 438
31 677
7 430
41 837
43 62
18 465
40 815
37 354
37 773
34 856
16 466
18 9
43 187
14 19
49 726
5 197
36 15
31 1000
3 641
13 129
10 969
20 331
23 876
12 774
18 741
23 356
10 463
44 177
33 262
18 403
2 61
14 878
50 52
27 127
28 649
3 442
18 196
49 734
40 245
27 243
42 208
6 509
39 392
42 901
45 583
37 968
10 532
10 878
16 306
13 175
31 676
41 576
26 233
26 115
44 673
18 621
2 603
9 954
42 795
14 658
43 799
38 455
22 510
38 840
45 993
36 675
14 887
38 701
11 664
22 373
24 696
33 697
25 569
28 69
14 41
40 622
13 120
11 303
29 647
50 664
20 647
31 697
33 82
19 507
43 503
19 309
34 636
46 640
41 116
28 179
8 673
17 117
49 147
50 359
49 520
32 419
35 334
19 134
35 164
30 481
37 336
18 513
34 300
7 100
30 514
2 242
24 326
25 626
46 672
12 842
43 91
15 743
8 433
24 432
24 354
39 579
13 385
42 204
27 586
12 923
40 35
18 693
11 120
43 471
5 918
6 242
13 739
19 9
48 847
14 11
5 772
43 970
49 344
47 813
36 456
4 220
14 855
50 799
25 805
41 936
14 631
31 669
25 580
31 608
32 426
33 569
35 999
25 816
35 273
39 455
49 703
9 588
3 342
3 309
40 961
17 279
21 346
20 343
19 256
2 274
44 653
28 482
40 310
29 928
47 449
17 825
34 502
27 876
15 670
49 22
31 183
19 364
17 811
32 909
49 245
38 130
26 909
42 395
28 509
1 935
11 246
17 192
30 493
29 618
9 584
33 688
3 901
21 618
38 87
34 58
13 249
7 289
47 786
29 891
11 23
35 539
44 309
23 944
5 100
4 193
34 884
46 575
6 597
25 890
5 83
16 539
44 796
9 496
50 710
41 304
36 548
17 10
2 64
33 657
42 604
24 86
30 105
24 116
12 280
48 983
29 753
4 469
18 166
17 129
3 323
49 794
40 90
37 675
45 1
19 984
6 119
5 573
3 256
23 7
48 228
32 274
32 998
7 219
47 523
6 730
6 847
6 849
29 718
21 68
24 968
21 930
39 861
2 446
32 454
34 835
7 760
19 773
48 467
16 594
32 825
25 196
28 343
46 316
50 332
34 96
30 716
44 77
25 317
12 510
3 27
8 714
35 784
36 438
50 56
11 920
50 186
40 489
20 83
18 687
40 153
31 294
13 563
36 184
37 549
47 875
32 192
35 813
10 259
30 645
16 416
47 940
19 407
9 300
16 659
11 809
5 929
10 568
34 264
6 149
44 827
8 610
49 431
21 245
49 88
29 670
6 287
6 616
8 604
31 171
42 607
16 216
23 722
3 138
29 245
6 773
16 959
37 404
20 443
39 711
33 280
10 204
26 208
10 6
26 998
32 420
43 458
26 712
43 591
43 535
28 305
38 484
33 310
44 639
33 763
7 527
46 54
10 893
32 83
46 859
41 487
43 589
18 545
4 250
49 711
11 250
24 930
46 665
22 426
34 796
9 290
26 394
3 742
17 321
38 554
21 975
49 824
39 524
45 665
50 951
27 874
23 765
4 865
6 744
6 687
22 40
34 353
5 426
8 188
39 710
43 413
49 463
40 705
2 31
22 772
3 657
37 989
41 347
22 436
12 256
47 306
26 233
37 651
9 790
11 41
32 757
18 368
18 80
29 974
50 10
20 775
23 546
15 223
50 435
10 338
25 478
29 664
40 848
36 292
5 756
5 95
17 729
49 839
31 935
11 436
46 265
48 99
46 43
37 688
13 614
10 947
13 97
19 930
10 744
3 712
36 447
27 358
27 10
12 421
43 563
36 890
42 64
34 182
35 423
12 348
12 313
24 803
29 81
49 639
30 975
32 865
25 177
43 953
18 553
2 909
32 714
1 767
10 316
16 340
9 749
40 787
29 230
6 966
48 429
26 276
36 136
11 604
2 181
43 778
45 793
13 524
10 503
44 19
46 499
15 120
38 978
8 433
31 690
45 446
24 106
29 531
45 187
48 149
21 351
36 317
21 790
28 856
36 306
31 611
50 943
16 529
15 225
1 463
47 963
11 569
41 803
35 949
23 768
34 934
47 858
43 59
16 134
2 441
33 923
50 918
46 868
43 732
28 605
29 403
25 219
32 345
27 211
7 267
28 40
3 67
29 454
22 273
8 779
3 713
43 261
33 947
27 912
16 316
39 496
12 430
21 416
9 836
33 451
50 343
5 757
50 514
15 668
39 71
13 156
27 784
22 325
26 716
5 827
28 875
8 275
11 599
14 192
33 315
38 794
9 761
43 345
45 227
19 880
1 48
46 970
13 713
15 131
12 172
29 358
28 678
5 374
16 240
39 615
10 579
26 196
44 220
40 711
30 217
48 632
7 366
48 213
9 412
21 793
37 753
22 775
4 1
16 855
23 571
12 480
13 433
6 403
3 725
18 707
7 443
42 664
20 620
9 14
49 94
14 841
15 44
16 668
36 905
38 257
30 232
15 747
42 252
49 479
21 711
14 924
12 753
48 675
29 657
20 381
13 247
28 79
35 846
3 525
13 506
37 378
39 925
29 472
39 732
13 699
37 292
47 105
11 526
15 247
39 277
39 737
15 775
30 991
48 432
32 402
34 705
3 539
48 914
10 571
5 667
44 754
47 59
43 157
43 618
11 81
43 703
40 155
37 899
19 111
6 22
13 101
41 886
3 21
12 55
11 569
23 443
17 233
19 15
43 772
26 665
2 136
35 998
27 214
28 522
35 926
42 734
50 900
46 372
34 882
21 42
33 273
25 482
4 357
42 177
35 906
7 420
19 359
26 164
4 877
27 868
22 705
8 677
31 63
8 910
36 710
44 303
2 583
29 382
1 401
3 78
1 892
10 519
23 240
2 487
3 471
48 149
13 777
42 551
32 657
50 769
2 253
38 170
8 879
15 725
50 634
22 890
44 995
1 552
44 948
33 756
33 790
39 544
1 989
36 837
15 114
2 809
14 419
3 751
32 66
49 206
31 752
27 298
49 600
18 584
6 860
4 402
28 427
9 845
32 359
6 282
29 919
14 33
20 367
17 748
15 418
39 104
26 716
41 792
26 391
43 358
20 36
28 655
15 861
12 429
8 470
26 525
40 918
38 662
26 274
4 580
13 257
12 632
48 528
40 14
41 863
40 940
10 436
41 934
16 845
21 841
48 68
15 687
13 232
14 449
32 301
41 61
16 386
32 649
37 416
31 24
23 73
12 25
4 492
11 465
35 540
27 552
15 7
31 404
25 864
6 502
30 781
3 190
31 130
21 629
44 964
7 358
7 660
37 352
36 473
7 154
44 437
20 686
43 35
38 160
46 621
26 938
49 188
48 980
23 74
24 169
19 396
38 713
10 429
28 993
32 864
10 695
45 698
30 885
43 843
45 547
36 509
25 878
9 805
7 758
30 75
44 855
24 33
22 993
39 597
19 901
24 573
36 148
40 812
22 943
25 604
27 417
46 381
12 373
4 106
33 480
4 984
5 435
35 412
18 623
35 332
40 557
49 78
47 365
28 941
44 927
31 902
18 302
16 929
21 286
11 691
36 843
8 809
8 652
22 180
49 411
27 750
3 289
16 920
14 253
49 307
30 424
20 797
19 635
37 428
24 618
27 188
8 5
7 668
43 944
45 764
21 571
11 649
28 952
49 531
14 926
41 77
42 864
39 93
45 853
48 838
6 651
12 460
4 621
33 621
30 678
39 173
30 747
30 989
9 233
42 651
23 601
43 266
12 834
34 854
34 793
42 57
50 966
13 247
12 534
26 939
16 244
48 892
31 844
36 989
7 364
48 242
22 83
42 509
14 246
41 300
20 111
46 466
2 314
20 37
2 601
11 56
38 542
47 982
37 978
3 654
44 657
37 154
27 326
42 558
27 734
41 119
3 21
45 921
28 389
39 997
46 669
15 246
2 633
41 772
22 892
28 158
7 77
50 291
10 552
46 311
10 415
5 115
6 431
44 531
7 670
8 134
8 277
16 516
24 527
22 583
6 281
42 196
4 109
42 297
40 296
31 522
3 828
19 615
34 190
47 311
2 385
19 353
2 698
44 880
32 814
42 640
2 0
49 562
9 811
49 340
2 464
21 89
44 980
11 45
35 569
6 372
11 171
8 405
5 891
14 657
14 505
35 371
2 481
23 376
6 402
39 114
24 62
48 766
14 38
46 736
16 478
26 991
30 33
14 876
15 754
41 652
8 975
48 470
33 150
11 697
49 531
29 629
26 314
40 294
45 912
35 377
21 344
35 859
32 675
21 671
37 356
7 612
37 714
40 318
50 19
28 799
8 673
12 47
11 230
46 2
46 819
6 562
34 441
22 144
30 366
9 113
4 705
26 542
33 724
5 233
11 833
44 321
6 742
30 488
32 292
11 686
38 556
39 33
45 940
28 333
40 324
45 637
22 760
31 613
24 808
44 819
18 500
34 69
47 316
7 755
33 512
21 200
43 291
17 69
48 633
17 798
22 85
44 881
11 684
29 626
25 343
50 280
27 396
40 151
36 941
48 797
50 473
33 870
43 143
37 147
3 378
17 25
11 242
32 699
48 280
8 641
13 289
43 267
48 901
42 109
33 989
25 103
29 349
1 493
13 540
9 544
21 342
34 137
32 65
4 840
3 824
10 929
44 286
9 206
11 603
31 845
24 50
3 998
2 519
3 767
25 18
25 797
18 167
35 290
35 197
46 517
42 632
8 770
29 501
46 216
36 38
16 789
1 609
9 438
43 251
31 911
17 592
16 594
32 751
3 922
18 13
10 9
45 882
25 746
30 101
47 517
36 582
10 954
42 414
34 750
45 504
3 667
31 528
45 739
36 955
43 563
26 422
9 642
30 210
49 496
21 520
5 170
30 723
36 131
41 995
39 891
24 291
25 525
15 260
39 558
29 522
7 337
16 223
30 427
23 838
6 462
7 397
21 343
48 206
23 446
13 579
23 184
46 355
32 756
33 326
27 9
15 249
3 510
34 950
42 734
17 931
29 911
37 6
17 834
10 881
2 60
8 173
19 855
12 601
24 475
50 939
42 44
11 414
18 674
10 87
7 421
10 133
30 795
22 830
25 656
3 337
41 616
23 470
23 116
33 832
20 109
21 805
15 312
9 654
24 51
1 748
33 924
25 614
16 868
17 722
32 869
40 270
5 916
42 224
25 36
27 890
50 413
22 609
22 184
47 561
16 698
4 418
18 454
39 327
20 348
17 478
20 959
33 535
38 600
5 959
14 941
42 64
20 864
15 308
39 779
17 301
23 417
47 895
23 181
8 285
40 458
23 905
42 405
26 870
38 96
38 694
43 52
43 980
10 788
9 865
17 844
27 513
45 60
38 825
43 119
22 707
32 308
31 950
36 538
32 976
48 627
39 173
12 584
13 658
4 777
32 22
3 916
41 214
30 744
40 159
20 748
31 760
45 804
20 316
34 522
39 967
3 414
40 616
47 496
24 628
12 206
45 319
39 477
50 300
35 320
14 964
45 79
6 560
26 590
46 373
44 209
34 904
41 569
48 612
9 221
34 9
33 616
33 27
28 691
40 415
38 216
28 37
8 438
2 693
35 728
43 507
2 87
36 429
14 474
39 805
4 609
34 705
33 273
48 470
6 260
12 631
9 974
26 915
7 728
46 335
42 489
38 92
20 743
43 340
23 190
42 42
29 93
5 407
35 561
2 870
21 502
34 258
16 704
25 343
1 383
32 277
47 462
40 244
13 761
21 861
17 146
35 285
47 51
3 762
47 593
28 660
34 589
10 106
1 45
34 19
21 462
24 585
6 765
19 448
45 49
31 0
4 563
42 698
30 279
2 299
35 643
30 268
24 478
23 236
30 174
5 845
42 398
35 159
1 988
40 134
41 621
36 188
29 772
19 187
40 530
45 666
40 508
37 17
37 123
50 235
6 567
30 936
44 250
29 913
14 605
41 99
36 900
28 170
2 355
4 500
8 441
19 84
27 622
16 505
11 435
28 637
37 607
36 775
47 879
43 429
50 3
14 147
24 426
9 642
47 536
11 855
25 128
48 662
31 467
24 525
25 259
29 667
50 144
50 898
1 180
41 716
44 33
16 389
17 1000
10 720
11 954
17 684
1 334
33 674
28 103
12 189
32 770
35 703
10 607
38 476
21 640
44 733
50 756
12 786
13 209
14 727
17 729
48 318
26 973
20 978
48 968
19 776
4 811
36 487
31 426
28 937
24 691
15 863
42 972
29 867
3 588
11 780
11 655
37 126
39 148
43 156
23 538
18 978
11 295
45 927
5 249
3 452
22 813
33 580
1 5
18 702
44 678
29 467
49 161
40 437
34 458
23 539
30 878
47 383
42 175
21 875
7 554
24 603
30 864
15 376
36 554
26 247
46 326
23 956
21 107
41 841
3 278
45 445
34 686
22 104
14 144
4 237
45 561
5 936
28 57
22 837
1 252
4 508
12 807
44 46
41 814
16 245
34 407
47 842
5 650
16 264
19 793
43 808
17 863
30 768
48 673
32 499
38 10
42 80
37 74
34 63
5 28
9 970
29 166
19 783
14 623
11 446
25 240
10 708
25 572
2 269
27 189
20 527
36 361
37 439
1 565
41 702
20 26
48 238
14 362
46 127
44 779
40 923
21 543
19 575
25 964
24 714
42 200
5 725
10 794
45 599
4 499
16 706
22 602
46 61
48 317
49 38
11 174
46 811
8 289
36 736
17 151
30 112
36 339
25 365
32 680
32 572
44 460
25 882
45 560
39 922
40 991
18 263
13 449
49 171
44 337
27 778
6 37
22 160
46 465
20 560
14 508
31 682
2 409
24 863
26 855
40 143
34 862
21 233
6 881
35 18
3 378
42 454
46 952
43 651
37 167
9 56
31 496
33 830
49 622
43 874
48 335
7 261
38 682
30 694
35 533
39 618
14 100
36 660
14 533
12 545
50 239
42 920
10 759
42 295
26 942
8 975
47 861
40 78
5 564
33 501
31 883
45 565
6 946
37 775
25 267
37 854
13 114
45 316
31 622
35 554
7 19
33 126
39 752
31 130
23 884
32 712
48 369
2 75
39 493
13 871
23 792
36 164
13 962
28 781
12 887
2 938
30 16
21 492
29 492
50 741
33 760
8 710
15 626
49 795
37 654
33 633
32 594
18 489
30 370
31 746
40 458
29 140
50 786
19 457
32 621
25 504
48 203
33 870
14 720
47 202
17 801
24 916
39 574
10 98
22 559
32 431
48 762
31 958
49 814
5 546
2 933
45 52
2 221
33 257
37 610
19 364
14 51
30 625
48 536
20 209
46 382
14 164
42 78
3 85
12 845
39 204
38 813
26 142
21 928
39 719
8 299
44 451
24 574
50 819
4 175
46 48
27 5
9 584
38 569
40 744
47 679
44 536
2 790
25 827
2 653
24 637
31 751
49 463
9 64
31 935
10 656
41 363
27 493
22 18
49 825
45 312
14 481
23 766
2 668
26 860
8 33
12 180
20 27
18 945
18 317
4 559
17 828
44 579
15 163
26 107
9 225
3 747
3 162
14 373
5 822
19 722
9 980
17 92
18 874
31 322
24 715
10 224
18 338
3 603
11 880
5 597
25 678
37 743
34 467
35 164
42 56
46 160
27 334
18 806
37 86
31 31
3 583
18 893
18 664
14 127
39 381
1 444
10 25
39 942
31 505
19 883
45 480
35 500
45 221
22 174
30 364
18 602
32 506
12 251
19 452
42 587
45 157
44 659
22 602
44 457
37 132
8 378
40 319
8 805
7 491
43 572
17 240
23 628
49 185
23 108
20 871
34 410
13 211
19 572
7 310
24 510
44 522
25 85
47 526
28 84
44 621
9 222
8 253
37 488
48 520
19 260
2 185
10 503
17 186
49 820
10 998
17 687
13 937
45 275
30 642
41 717
39 945
13 924
27 781
6 239
20 520
47 29
31 363
12 823
22 357
17 359
8 840
36 847
4 234
50 536
37 989
18 869
5 257
16 369
16 831
46 951
8 776
31 8
33 252
43 165
50 788
23 200
19 522
26 200
30 897
2 563
27 313
31 866
17 466
30 153
33 46
6 833
50 453
39 99
49 172
50 596
11 171
25 939
3 64
41 873
22 568
38 682
24 520
12 614
22 946
9 748
15 17
6 65
42 935
24 629
44 302
47 915
20 41
50 836
41 308
38 339
17 677
11 5
30 146
27 17
45 74
36 703
42 225
23 971
29 594
37 29
50 169
24 920
26 248
48 488
50 214
17 351
10 181
17 390
26 679
34 245
14 551
16 756
8 839
18 132
18 813
31 254
27 258
28 675
43 388
6 957
8 168
28 919
2 404
26 840
15 701
49 252
5 696
9 707
46 76
34 91
23 809
6 844
31 583
38 871
38 202
45 411
15 536
50 256
29 96
17 635
45 382
27 155
27 471
4 623
17 370
50 698
30 384
32 487
5 364
42 414
1 333
35 223
38 393
8 751
50 738
35 624
30 576
38 911
12 881
23 878
1 49
43 383
50 648
25 676
48 394
46 842
30 211
18 570
48 369
13 460
28 393
38 443
27 659
37 106
7 940
24 274
19 592
22 261
26 356
48 146
23 741
