10000
465 36940
195 5674
46 30631
395 24641
272 8521
241 19236
399 1361
140 47501
246 44482
356 43106
254 5375
65 14045
474 70831
126 10565
102 2891
31 71912
316 751
383 71880
434 15308
303 49496
18 26981
341 72720
160 23760
274 16648
115 30579
16 923
140 63625
333 39709
486 7558
122 77164
413 10634
488 77389
363 32972
7 65411
214 8024
318 64653
476 61687
497 19054
309 33616
363 59561
321 42167
40 66872
71 3778
380 6816
339 52553
238 30860
48 43571
238 2713
287 10940
327 40626
250 38192
346 66645
222 18688
361 35447
66 53945
281 72753
374 42936
344 806
325 1803
48 51667
235 5451
62 11823
312 53413
440 57461
223 50237
360 69272
231 3565
366 36624
469 57913
290 31089
4 42485
279 63749
236 47063
457 57963
260 31182
388 32193
232 3607
191 62829
452 35848
319 33813
174 59797
365 14107
252 8547
87 22193
328 4241
315 40319
38 23420
82 12900
430 15900
330 12990
451 43842
473 35963
229 53890
332 19680
124 70992
133 29746
139 27968
90 11246
417 1964
487 2164
207 49201
60 3596
304 552
32 8903
312 60429
491 10697
206 44537
270 51981
179 22055
277 21959
76 12835
72 62980
399 70918
147 36214
387 25022
416 23811
431 1705
269 19626
227 46470
123 59870
287 63170
181 197
86 33924
379 5475
156 27741
455 49834
233 35958
99 38720
80 49762
164 759
192 56976
269 51482
427 70417
319 77271
138 54871
338 48431
294 71068
26 235
54 14088
380 15022
486 79899
64 16179
222 27118
150 37555
21 667
114 54875
2 74667
126 34475
286 31482
72 32895
45 32810
494 15467
5 61110
260 24291
30 5160
353 4678
160 42201
442 79468
319 32493
202 47360
198 54852
152 205
329 74482
40 19480
455 13561
359 36531
232 1219
341 2442
184 17043
454 23235
462 39654
167 60256
2 52003
437 9380
188 34477
49 34784
219 11148
131 33978
351 66030
54 3027
239 49937
469 59651
59 15554
197 4170
143 30123
101 61288
335 41736
225 74212
393 53307
59 9278
358 47649
205 3336
441 79604
493 20706
498 59834
368 46270
352 27768
120 8777
99 35051
490 75412
43 47490
151 26454
280 13819
367 22258
444 40271
46 27148
296 37597
218 837
239 25956
248 47515
429 17429
166 51275
313 43534
110 62615
303 48459
90 3748
335 3906
318 30186
337 20599
434 4084
183 17424
309 43155
474 51669
170 13993
193 47287
107 57749
212 14874
453 79195
122 33968
206 50025
59 46611
463 37877
108 38443
278 22184
398 34062
392 57101
18 44461
156 2946
112 72260
427 60193
223 49861
274 43741
443 60610
412 16460
336 47143
381 70883
40 53365
387 27079
244 3192
333 51037
244 71670
343 60470
34 32616
260 79455
487 65543
396 11036
50 7562
378 60433
439 23460
243 18690
93 4159
409 62138
5 41252
173 29950
241 39565
217 20380
173 41370
134 66066
406 23280
39 12263
170 13915
33 77852
1 22094
474 51754
111 72194
202 4755
43 1493
80 46006
302 32958
290 37468
270 64018
85 74438
411 9028
134 63478
182 6517
259 3235
317 60685
211 54577
480 79136
14 7112
63 74139
454 34968
93 54709
344 7838
143 53256
336 77802
3 24024
121 2906
138 7158
330 58519
222 10424
52 16321
268 42711
273 20628
223 24755
230 15971
103 70829
486 59468
32 21453
37 15913
249 9725
14 30660
381 76043
85 61609
428 8657
126 56414
371 23896
320 32855
412 7339
415 26750
311 7301
399 53275
244 72789
138 59736
127 61654
117 73884
330 38405
364 65908
455 57117
430 26948
323 14440
102 14572
452 73859
253 14118
496 49734
269 41930
71 78577
287 45820
257 59528
350 49109
222 79022
422 24493
108 16777
146 17193
461 59670
183 9209
362 27505
358 18218
189 55583
382 3472
444 6496
475 36069
407 66929
220 2484
478 40400
335 41834
77 74656
307 32566
99 16516
113 5977
367 16379
472 24798
262 18668
187 25932
442 25253
387 30072
152 69595
258 42193
196 58424
262 24860
160 58110
299 1348
488 32263
249 52442
41 26700
404 74310
49 66900
65 56766
421 38158
188 57404
380 8042
449 71745
361 76802
165 61474
144 71514
299 57461
157 58815
492 70304
216 18480
334 7776
304 6237
411 38119
300 1042
139 40347
21 55622
441 39943
58 76939
394 76476
2 43281
364 31
333 47897
73 28581
167 6390
458 39166
196 78713
76 29712
163 58143
486 3818
495 36965
81 55399
193 10862
119 8873
412 46043
376 57199
407 62440
284 19037
266 71560
83 23263
222 70190
431 15153
336 39594
442 26271
422 60154
58 60104
491 44805
399 68755
189 33523
404 67141
266 38245
371 6791
112 21038
268 55882
348 67398
429 35338
164 35786
421 13098
193 13237
437 15830
154 35286
54 40622
282 5061
122 17403
338 78202
470 12737
57 28817
49 49786
78 62057
68 16102
277 55030
20 71017
295 10834
155 14154
209 63935
155 67578
485 21277
346 36408
450 25203
284 25509
67 34214
396 24770
339 26709
312 22570
340 71087
204 75919
439 54988
39 73059
98 22077
186 16023
462 79435
482 23087
313 25181
250 7170
434 54458
423 15597
28 50095
283 15168
199 55598
423 78606
266 62705
373 31609
5 56792
486 3112
409 14503
380 15819
396 44031
97 62818
210 53465
343 74373
498 41468
306 18538
241 14317
330 20172
218 28797
350 54607
160 69207
297 74189
352 15437
461 58401
500 16351
199 11245
389 22601
189 31009
442 32011
116 72832
47 61522
230 1747
211 26686
413 60642
285 49983
310 26376
179 21332
26 61631
419 48846
409 56208
420 19843
250 63454
83 16246
132 41417
443 31326
285 58475
343 64432
434 58965
364 9613
12 32288
385 16507
481 36692
218 49681
228 42926
441 16380
32 18122
440 53220
289 73342
33 57077
348 2316
360 42827
202 24948
273 45485
213 15907
271 60563
271 33633
433 79608
489 16990
229 37759
153 69145
325 2022
369 48660
36 78272
157 23231
147 49387
108 60232
365 7446
352 46483
294 1727
22 77911
441 38750
263 71657
98 72270
125 11218
432 16692
499 76509
92 60244
101 43347
145 26436
489 6786
306 58057
29 60573
79 60640
318 66825
199 25580
386 54733
331 73238
131 23182
238 35302
134 45606
160 49462
341 50225
396 1089
321 25528
149 33970
69 5160
184 50246
325 21457
44 48876
492 34143
225 1319
399 56073
390 8777
123 71154
487 26057
167 36541
308 22826
467 72377
400 6262
178 33598
182 49114
209 63287
395 59238
114 25629
94 58036
458 19743
395 5405
272 17751
249 54430
348 10897
204 50237
164 11750
328 77428
362 16577
312 79745
115 60802
255 1220
110 51050
346 69327
435 77913
245 45859
61 1894
381 33711
133 51806
33 36646
412 58124
22 6362
489 62086
404 21195
368 27775
100 34837
289 65535
177 29801
315 60615
362 1024
257 53817
391 69299
256 54241
448 19828
474 77254
288 70021
333 24121
215 14072
498 70910
497 60306
127 74376
261 2756
50 71141
247 16975
52 44205
406 31395
266 50293
34 52153
351 25480
499 8033
248 29000
260 29406
78 74701
121 66354
160 34610
494 1517
39 32071
346 5202
500 21549
392 36718
245 12817
442 79782
256 42322
373 51377
318 69258
242 73617
18 18828
192 60996
128 40624
127 27211
366 11013
143 66643
262 29265
119 77759
490 18935
331 35516
39 44737
62 18880
82 46854
444 70770
198 68207
173 37985
488 14413
12 70071
126 53764
22 65266
296 12469
284 62441
234 2178
316 955
372 57130
221 40110
153 24897
286 41973
81 68971
432 37384
482 29269
141 9197
202 304
409 76433
320 73284
240 77289
307 34780
482 19125
326 34651
74 19947
163 76809
40 13792
195 64352
235 53355
303 29987
27 55992
246 43480
140 79933
273 4703
414 34092
142 22654
283 55097
50 9126
364 79418
114 30135
396 41328
206 7436
11 60966
337 15266
252 19601
30 79352
43 49807
307 8850
112 22610
88 62903
343 41682
320 21040
410 38330
177 11309
242 33532
351 39374
186 8555
165 48322
54 17686
60 34758
105 7346
405 29120
332 59235
323 61309
53 41509
7 75031
88 38421
343 73082
177 53912
72 2936
476 8228
416 61784
356 18322
384 13492
477 69529
442 8929
407 31898
81 6927
28 58561
148 4073
253 21817
475 27648
154 72199
170 8369
289 60311
359 62150
167 49683
377 38009
191 78451
203 71830
349 19782
185 62129
416 29989
4 52707
233 5850
497 4671
90 6314
202 62053
384 67768
465 39947
357 34879
395 53425
210 27522
170 30332
314 63938
327 37691
153 52850
9 64826
70 50864
116 22822
222 19427
187 9515
87 24553
458 16931
374 75359
189 14211
437 64489
183 55231
149 21858
491 42264
453 58766
23 62822
457 38727
344 30939
45 60514
308 1770
475 41721
236 61240
44 73580
242 6992
284 48655
272 47400
233 16063
171 77250
132 78285
473 25989
485 4638
476 11153
70 47880
180 68600
219 78926
465 41024
213 31054
194 22418
422 4316
479 75814
302 22250
324 17506
182 72437
124 2843
240 34243
255 63847
172 15966
184 17627
234 45938
160 32898
178 40494
181 32640
146 26663
488 32819
428 70941
48 18105
285 78561
128 57574
15 2230
229 67231
8 17994
414 29192
484 51257
213 58941
83 41669
293 79194
301 73293
250 10959
208 1662
435 20552
86 75975
12 54249
168 60253
25 45597
204 69450
482 76113
452 75385
200 34465
268 49285
218 60136
480 46767
45 14176
320 65653
387 75271
491 76458
341 28251
328 826
290 11720
456 65704
178 3348
185 59848
387 22366
460 12004
171 50153
353 15791
283 46641
170 5633
462 75547
200 35222
32 38216
389 31396
236 32430
427 50358
443 12930
399 49182
259 91
479 13063
280 46159
49 35199
42 13059
13 51893
333 73070
284 74327
327 20420
439 77564
310 14721
96 18154
335 43282
165 76406
445 29390
327 45867
256 23662
1 33681
454 15476
22 31730
425 70478
290 31414
71 34949
362 22784
220 69367
151 33519
196 23490
175 58576
223 5722
392 26699
479 42983
491 8857
417 1627
419 16975
32 53680
211 30639
17 12507
467 25046
301 19990
64 5566
250 77803
187 64188
194 4982
318 15935
382 8447
140 11376
377 5746
431 6099
387 50224
325 37430
426 10451
224 31454
216 19208
41 3419
51 66586
338 16977
16 72361
20 24548
308 57903
478 71751
38 63406
79 42533
307 11162
244 55058
413 15850
120 70319
353 28627
414 350
304 10580
99 53186
478 55215
233 34771
338 36861
105 76029
367 9944
401 56853
71 991
207 3275
314 45207
357 77817
463 63145
219 60226
315 52352
332 62592
273 37951
284 49342
108 26612
76 55591
352 63471
6 26374
486 25345
5 42334
167 8787
371 19961
369 74128
458 46105
462 21700
466 15193
254 47330
458 58618
317 20154
95 77043
423 610
323 71658
75 23242
483 68282
57 41899
166 723
440 62723
335 22931
120 65600
439 72434
396 24558
185 24170
322 23570
4 66459
458 40113
173 42881
219 67847
338 14077
318 7171
296 26631
380 48211
242 51842
252 60807
4 26946
224 65870
489 972
439 45349
137 47965
317 56876
431 67925
447 19000
460 17546
438 27299
226 37740
13 14714
150 61351
488 31971
179 10560
310 29712
85 9577
327 60915
175 42536
134 58614
52 78395
337 78425
182 61375
360 71339
119 68803
498 44923
110 9387
416 10804
304 28917
412 27521
500 42761
67 25109
250 65588
495 31447
277 21819
118 35639
461 76269
377 5190
41 61386
106 21166
394 72233
26 65233
58 64436
368 39791
434 58832
332 8087
149 26181
221 40901
495 29680
319 75043
455 22406
322 64578
149 65001
245 71548
312 1950
372 46202
41 17939
226 79392
471 26232
272 53312
5 53634
76 5669
263 16604
375 7867
400 12251
188 29217
38 13356
298 21082
322 22532
438 16166
4 43182
298 36020
177 20334
43 63511
267 61462
412 14545
247 47191
149 60201
81 19000
85 29168
358 40773
424 7508
220 15057
266 38197
34 4717
374 27357
12 21941
284 72376
445 36755
484 39180
80 5597
64 65231
310 71614
470 59314
239 9153
215 19619
412 47340
333 24238
479 13702
38 26681
491 2793
495 3791
260 48768
202 10904
129 8316
49 30915
118 77565
465 59616
102 46831
275 73371
125 40435
258 20684
327 76556
266 77838
327 25842
195 71178
481 26879
257 6548
52 58825
453 31665
445 51187
190 15411
491 31667
297 12206
141 70491
392 6810
15 8629
289 73242
161 61684
260 9331
366 24374
464 49679
30 5014
62 45896
165 33923
500 23062
494 40948
464 62078
177 54062
206 46181
141 28583
2 9991
102 78705
420 27158
348 61794
406 58323
166 73409
241 15229
104 41787
44 4609
494 52419
95 66851
223 46532
146 67611
483 43089
328 32008
177 52693
136 36085
337 66446
431 36079
67 41747
92 15093
322 32748
487 37418
174 16832
430 39663
463 17294
491 67069
184 57460
376 8123
477 73638
445 30842
249 61579
362 58318
116 8419
343 13066
482 14551
318 23281
87 64807
224 9290
121 34738
444 49468
109 55309
123 74204
197 27557
374 839
199 44046
335 73151
357 71390
444 31029
208 40081
435 15801
422 25067
296 2744
415 28216
54 436
111 56309
167 14192
298 19871
327 26229
83 75916
56 54639
106 12071
465 43282
142 3553
275 37875
128 73435
439 4579
382 68000
119 64680
340 4219
500 65071
378 58901
285 39479
104 37740
179 35331
429 13494
247 32281
61 68822
324 18938
131 33048
62 2766
188 48826
367 54216
442 78109
174 542
141 59852
347 78845
485 16614
64 59435
414 11897
412 72252
231 53851
446 39451
364 64818
482 78404
28 49703
125 55421
332 21128
64 46174
458 65735
321 2370
386 38697
434 1508
185 67975
367 19703
13 67933
248 57578
366 23578
254 63802
212 9999
381 41078
326 54033
300 58053
456 45794
21 36968
278 60104
320 52048
356 68644
45 77118
448 28579
423 60453
111 45960
469 72479
420 24963
289 2614
227 27656
268 18015
320 44796
352 76015
457 46952
490 5193
455 41455
448 38746
62 11252
344 23081
64 35456
39 1263
190 54435
243 38712
123 46940
441 56952
395 63361
455 5744
2 8041
116 779
370 1228
195 54596
224 54651
500 25517
304 11543
59 53026
4 79839
339 75600
441 27937
440 70217
386 75191
293 7490
107 47636
319 3723
168 56466
412 76844
211 42323
305 52174
230 79930
392 58867
130 54470
179 44362
381 59082
255 9747
205 77592
18 24381
66 20146
121 8061
292 23188
495 38582
430 61011
272 20044
81 48886
219 38807
51 49385
457 10576
109 64529
107 66680
73 78356
483 38340
240 42014
116 45574
85 61426
286 48071
248 47772
499 12971
21 55544
33 71370
403 11423
457 71592
221 40389
249 25453
483 59767
119 61425
102 79581
224 27020
284 63927
170 72355
393 12329
399 39851
17 20897
235 4592
52 71006
366 44631
269 47415
391 64176
319 671
158 21014
499 41685
64 18189
299 26230
101 53090
308 60774
481 58662
218 4071
32 22710
239 17453
220 60135
319 61263
487 70716
55 52901
450 59193
377 22068
99 45263
118 77060
252 54381
416 19054
118 47400
265 79319
251 3911
294 11123
297 4613
56 61841
33 14958
491 10025
372 39598
409 996
181 47947
32 22208
137 50823
133 57293
413 62458
334 55463
344 53314
465 71269
354 38848
379 67896
127 72103
286 5754
246 25851
10 45624
74 21638
440 26573
372 9878
82 28563
278 18991
9 32029
210 998
200 27804
302 66048
270 65084
422 36824
355 51726
328 74643
80 51900
67 44781
398 24535
372 65642
451 8279
303 49060
110 5994
404 79526
221 35537
68 2462
274 9651
420 50133
11 43743
185 79011
129 30962
334 16103
338 18030
209 67365
155 12223
178 48030
442 16622
495 62590
433 47510
79 69359
106 55763
278 42560
464 25592
306 48022
473 38372
9 55566
110 9003
201 35524
480 42488
19 76839
335 23667
468 19947
474 57485
403 13687
20 36800
77 71014
118 76234
208 59812
31 69199
212 55842
190 30781
209 79260
240 39734
19 25506
427 8562
161 4783
116 44332
331 17817
278 57333
407 5840
340 2507
12 17060
115 70104
438 28431
30 51122
15 36044
320 36134
277 39079
450 47723
262 59552
254 6191
159 56133
73 9523
454 43211
462 23221
464 17902
128 21089
307 67681
88 38031
12 3545
257 44935
374 16026
54 19435
50 1730
4 52918
353 64201
205 14300
318 70344
150 48743
305 20953
386 24484
380 42934
224 72787
18 47683
429 47637
279 37027
408 56923
81 72507
289 61383
231 31837
46 74352
468 79019
237 41658
308 76714
227 66871
304 50919
354 20942
93 42985
457 75228
301 3315
467 20748
162 22504
280 3325
205 72882
263 78252
480 3338
285 23041
172 63312
176 68359
359 55226
389 29897
132 55266
31 66297
446 26749
378 70349
481 77887
453 8180
361 77386
68 17661
481 26835
142 21168
49 28417
384 78021
492 56645
156 41473
127 36350
247 21004
172 38232
100 7599
312 66705
279 41315
445 47545
75 27396
105 64031
336 61906
265 43263
349 1514
494 46219
107 19237
176 49596
48 454
254 64434
477 40121
196 34744
429 25783
433 61120
72 14427
321 7195
401 3149
20 18349
104 78307
329 53020
97 16478
412 40526
310 59662
20 35993
265 23115
406 26749
284 53824
88 64677
351 16303
135 3638
190 35717
249 37025
444 78965
428 27065
253 14373
29 51063
252 33405
246 62080
454 44776
201 20880
354 6040
70 79246
427 48748
473 51683
21 18395
21 91
367 37021
302 55135
307 18424
224 78857
430 67990
370 2183
268 1923
36 31468
98 56810
281 12552
411 71936
3 59621
342 8601
381 78507
195 37943
140 28161
481 30434
63 30112
86 65697
193 36083
127 57094
439 61341
420 975
479 31031
266 22085
419 2754
216 22593
135 14565
113 60546
347 4436
141 79916
66 15373
268 76194
252 72828
321 12125
386 79020
20 4775
220 32154
281 60189
242 61356
74 24331
84 78614
273 30620
188 35074
212 63399
168 73713
255 40096
469 20910
18 59164
398 39100
144 6242
467 37257
426 17702
358 5218
273 4041
253 44781
47 35933
193 39108
75 8235
37 40603
224 14748
26 16895
110 54526
424 37504
193 72349
147 39799
448 2900
220 76607
379 6197
123 56922
490 68225
32 77530
476 13058
15 68168
273 78145
494 59282
492 61814
15 63758
297 78017
72 74764
500 79441
101 43512
420 2757
253 75063
70 75432
373 36688
11 12850
424 2270
301 41188
465 12332
147 60444
400 10564
228 76122
198 69754
192 23741
247 79360
167 29082
139 48342
397 56630
139 37265
300 8822
288 54842
373 29044
87 27662
455 59355
404 9470
145 12301
158 33851
277 57016
308 73061
156 40450
267 9831
23 30499
150 22875
121 55917
197 1207
238 73880
490 40808
54 17119
403 10840
356 41446
154 64623
372 40205
284 14660
221 69962
479 12966
492 40147
243 5943
175 14031
492 29579
198 18666
91 67166
265 35719
41 55340
72 40967
124 33560
458 70858
457 58852
43 73764
182 16226
210 67070
289 52215
328 11580
364 61016
183 57634
463 67141
371 75109
458 50267
140 32279
8 61471
26 19532
408 18162
328 8708
256 29968
50 13401
313 1729
208 49439
133 35630
236 27925
241 71305
7 62390
35 10268
208 67658
432 2382
448 71015
91 21978
277 76907
461 12465
195 51164
327 66265
146 11922
136 66845
269 32377
252 27979
344 76762
5 15661
448 39550
482 62540
202 30579
59 58314
131 2630
219 44262
191 70337
442 19981
433 9440
135 79491
305 65385
435 79116
303 64215
291 19295
85 5725
95 13211
408 49026
278 1532
172 63421
130 78662
155 40645
414 76308
398 76681
103 24490
76 2372
223 44002
429 37021
310 20280
133 51001
403 59879
458 27934
408 59940
413 8775
126 1893
110 72048
338 37056
187 4166
190 49879
405 14883
325 59603
500 48410
323 65485
402 5229
26 223
315 8627
127 57424
443 24962
254 68908
199 11476
302 48431
268 8970
170 66539
320 58310
395 71791
469 74572
499 63038
255 40851
119 4357
390 74414
274 49413
221 475
488 46270
213 64390
124 63862
232 51248
102 43028
115 23894
262 29471
44 7717
307 41040
4 14689
5 68735
375 16447
380 13537
139 62328
302 19429
176 27973
348 15605
63 25453
130 71800
298 62267
351 17723
346 5293
426 10491
305 1542
276 66783
232 74763
327 29718
178 58599
344 5684
188 77213
494 36377
3 26098
213 63809
37 58072
460 69235
48 9395
28 52703
297 67437
278 63229
474 33686
277 46845
484 11068
197 43122
43 28420
13 34243
105 64057
211 65774
342 13082
318 34534
115 58614
227 1995
34 103
169 33299
212 38270
59 65093
496 15640
406 40809
9 48670
212 45168
287 42080
339 27509
410 2368
243 9685
74 22208
140 59254
18 79867
62 24899
49 78085
90 8101
12 62491
476 38441
37 54073
196 28842
53 71073
279 72133
120 40694
144 8826
312 61503
396 9265
338 18296
125 61296
132 64261
345 48337
144 65918
104 41916
215 63681
305 66418
339 58137
473 70528
422 63342
122 28969
297 76065
438 33722
442 76933
54 61045
226 52931
335 60534
363 50120
320 19894
203 69318
322 68223
327 59304
451 61280
153 6940
327 496
251 53348
22 25777
434 40904
36 13943
312 74814
307 3310
470 44871
273 59453
7 61044
44 12632
222 40438
76 7464
248 21343
308 26172
127 18366
474 38331
217 10194
182 52189
499 51381
74 52251
231 65086
485 40995
266 75801
360 15902
198 6953
204 68598
14 20629
107 34290
424 47264
466 31855
290 24289
268 35796
426 10481
494 59801
433 31479
53 76354
265 58271
67 59617
439 48845
294 25662
2 5912
180 4890
61 54169
237 69470
109 11075
496 20103
49 78228
271 19707
212 53411
126 66006
491 2898
120 45816
308 65477
106 9645
220 78455
477 30948
54 610
428 21218
493 11779
4 47325
362 75448
239 10605
220 78120
282 50231
146 73888
487 71974
289 33990
367 15581
287 64459
236 63830
165 2218
284 65514
242 13149
201 64580
166 606
175 47457
28 67160
302 10344
303 30250
73 26949
301 52809
439 32229
331 79750
386 42345
475 33558
151 25935
451 63320
284 54769
287 66545
314 32659
18 1473
47 21319
377 36441
237 7740
3 74897
56 24494
359 5080
124 26772
486 65331
398 35516
382 47662
402 8185
152 20187
239 79702
435 38535
287 31284
223 9084
71 32549
163 2509
208 9775
199 41540
88 55217
98 27036
174 58528
25 44033
245 4559
494 69476
301 7109
214 33665
487 17318
372 48939
400 35798
452 6604
422 16966
305 62828
407 67736
59 50986
172 64176
61 18145
51 31537
84 18671
85 20050
471 13560
457 2692
229 10387
347 63714
114 37521
350 41602
201 4371
371 37039
371 59810
127 44567
83 16224
200 34463
53 27508
101 27881
132 10946
130 73153
259 17084
5 25402
87 11393
64 43655
167 13674
8 57978
87 15977
71 45390
318 60490
431 73897
32 42425
141 55504
496 68533
251 48405
107 24842
174 11575
372 74938
461 41927
362 39282
316 11539
401 14292
338 76815
105 70064
80 40452
37 18878
147 31964
173 40239
154 75284
372 26810
77 64764
247 49294
107 66481
441 38228
173 47629
129 61799
489 64903
471 30467
408 61333
427 17555
53 22079
216 66376
432 5163
286 36007
115 40031
196 13722
368 59826
279 71479
48 53981
478 44709
214 24829
472 31640
438 32606
153 67496
487 67461
85 1029
406 21142
283 27093
216 78138
139 51649
472 57731
5 59225
374 19712
200 1502
329 29604
199 25490
163 67194
131 13686
56 28990
280 53601
494 41610
159 14607
203 37827
447 33600
321 64514
437 2234
441 61318
341 17895
349 42400
420 34946
359 31159
229 71094
184 60241
387 38292
281 57708
78 41314
365 25246
146 72466
57 23002
254 8309
430 3199
467 22452
259 28035
158 532
405 65607
49 47977
413 20878
263 78690
33 64537
367 28313
7 58636
429 54492
464 74882
161 9563
159 40891
395 48684
160 57921
489 10240
281 67622
139 69274
376 73371
470 61710
315 2634
193 11568
87 78370
55 79642
497 33930
209 51200
440 57515
117 407
277 26726
371 44370
230 57686
271 20286
187 77320
97 14916
24 20215
476 79546
425 67061
60 56474
121 2634
452 47254
228 69001
100 37321
36 14025
444 39958
263 10794
471 49106
424 41657
38 47660
278 5699
482 59271
360 35715
469 11003
68 76334
282 79891
103 59655
325 13749
202 21968
492 51764
484 15975
288 75687
358 9499
256 30199
266 14475
56 33112
29 39574
212 73464
412 24820
131 36613
483 53213
493 43026
393 53194
194 74106
249 8340
140 52007
297 59679
384 75124
69 7063
477 6282
32 61368
88 4153
416 63478
98 70902
17 4336
246 47593
326 53809
204 54707
52 47074
467 52617
372 47409
80 78458
29 9466
200 47437
276 17552
175 62107
303 45277
327 63032
139 24224
445 35150
342 41556
76 50009
449 37688
48 58165
298 52290
60 15333
400 31816
265 24231
194 33450
169 71426
172 40822
212 53967
250 358
163 44489
302 76447
267 12385
259 40515
267 77945
64 44157
352 19030
297 3932
346 8244
427 76485
117 39831
79 47029
146 46159
275 44875
250 79910
325 62324
234 34811
78 56858
10 16598
492 66167
314 74600
88 17145
71 40536
249 42899
204 50169
247 71719
182 3909
197 58316
247 864
11 11593
476 16871
257 77570
394 11936
330 55727
133 13966
497 40851
129 58424
112 42865
396 39910
140 54707
218 45401
307 5209
116 51336
46 13139
488 58648
203 54188
14 8960
300 49566
339 14917
266 5402
173 68054
359 14727
264 18350
285 33977
188 9958
368 19924
361 7747
315 58002
249 75226
464 1948
197 9905
240 11672
497 60347
324 31941
307 54459
419 30418
172 63867
449 52160
160 55496
233 29460
53 25568
456 33970
447 36612
396 55449
451 51620
378 79504
19 73707
305 10551
500 27907
84 47639
88 72482
291 59284
316 931
131 26176
340 61662
14 52074
114 2212
217 29010
126 18570
349 35726
441 17998
465 66155
421 7681
193 19412
203 10275
365 69119
441 78522
416 57704
472 70633
258 67848
420 56796
23 79102
207 28917
341 17796
270 2281
206 15457
79 76464
23 19000
11 62167
231 20723
238 75398
450 21020
99 48436
158 19724
481 28987
285 32223
100 62599
196 50961
196 19983
94 30796
61 37833
231 14517
438 75239
322 9347
350 11926
396 79875
358 63606
3 69740
356 8892
11 69879
138 20146
140 2815
181 18689
14 58874
270 18703
131 33528
49 27177
409 22094
320 34086
393 48231
257 11664
190 16996
298 11249
40 29818
234 13081
341 42212
338 9698
111 60210
234 41563
448 74529
328 51819
412 38159
437 4767
263 8164
447 41230
181 16529
24 10605
500 25880
226 47389
149 48180
380 7671
467 30831
128 60626
415 46747
467 72007
266 12341
254 281
258 27338
309 34898
333 57552
299 54735
436 68474
119 37393
66 24957
34 32413
15 51805
407 117
373 28612
189 10116
290 74611
208 17786
476 22303
273 4770
212 47171
277 4143
3 10658
326 65691
116 52176
419 8485
304 48023
374 14211
309 61882
73 15589
380 15723
335 35086
214 1777
2 60019
347 47759
303 40701
206 60836
54 43505
490 34650
314 79397
296 43035
66 46989
11 42436
443 44769
19 51454
56 61543
82 68878
100 19957
179 21600
260 74869
293 79871
154 57484
136 4006
215 55193
465 2695
142 55672
237 16397
178 6496
426 59125
160 61549
106 58516
207 67514
421 52809
235 27708
267 55250
338 3454
48 285
69 106
295 64229
204 56269
52 14084
38 31084
190 46491
19 12453
1 63422
418 35367
232 56110
491 56592
353 76999
217 40737
492 57250
77 57577
156 37827
181 54143
134 48775
310 64381
459 25824
67 77052
378 48133
167 43344
52 72647
347 49221
275 19362
342 55445
104 8847
184 41179
169 11639
183 31647
439 25411
233 55650
29 66359
440 62323
403 56877
187 55678
204 28850
388 64615
244 36170
341 41158
250 61844
86 21628
216 3570
458 61004
410 64539
450 46840
167 17395
301 15735
60 17549
297 3706
91 29143
316 6781
333 30690
353 55921
392 66945
411 14176
442 49424
306 30213
312 71765
446 32448
488 9886
401 6497
311 38295
93 38218
392 13398
468 65266
55 44252
470 46932
343 63519
382 62708
124 35841
485 1959
50 64403
86 38754
360 1413
5 35040
134 23903
329 79026
175 30868
361 6971
419 33306
238 5172
151 8140
191 40315
316 39813
480 33032
385 38678
68 37932
286 33176
103 59454
485 44283
413 51760
424 28931
172 42873
408 2826
358 12520
436 12691
377 34428
124 36904
9 55094
55 33803
486 59901
385 73558
235 15249
154 25920
496 49868
133 35588
296 16601
54 58323
40 62937
425 73734
439 65973
392 10950
496 72376
61 37977
95 52261
325 70405
460 42640
126 29067
314 62972
310 15094
293 66765
486 18693
25 7336
368 33249
20 30434
438 11300
116 31144
164 60309
447 38944
86 30321
337 52748
20 15446
454 41490
143 48845
177 54783
223 6507
142 23134
280 37217
133 54763
175 51102
469 48236
475 45518
289 50215
333 11761
131 183
83 49774
12 30840
455 22575
121 5676
57 68710
125 58044
104 69754
296 24146
81 21755
406 29421
382 50183
401 23521
285 9302
27 18271
238 55192
110 33681
325 51260
218 58542
382 21655
419 45012
319 39531
437 10805
457 65106
170 28854
183 65827
462 9342
389 13947
174 39690
127 21379
453 75152
248 45106
378 31023
139 7422
58 60237
61 36435
466 8078
188 70424
125 58930
151 16094
24 62429
153 18527
356 57834
265 10270
284 71795
425 73493
263 39781
89 11388
462 7773
85 32015
221 59526
301 77106
174 55760
351 37266
489 77599
460 7358
90 20727
319 36575
261 78461
305 6971
105 24933
207 76807
406 50501
491 45034
11 26469
167 17680
448 46329
93 41351
473 6211
461 32039
346 38213
382 75724
129 57650
445 18964
371 17925
21 53622
403 50122
9 7432
448 69431
201 32731
452 73747
390 30941
164 59882
245 3403
453 46905
252 8280
458 37650
80 2635
372 35117
304 9316
24 69695
137 56345
413 54798
212 32495
143 42143
336 36547
201 37351
497 12841
180 73301
17 19775
229 48238
435 59142
375 14543
191 66086
115 12237
19 50992
111 39943
61 16311
215 76040
479 78207
383 11929
430 4866
286 45942
76 61501
384 31027
162 35126
121 37681
278 26563
165 52474
26 15082
54 75296
150 59211
377 5530
334 30910
333 5648
99 74033
58 21493
101 31353
199 67267
427 4026
321 49373
227 61075
478 44461
85 52428
190 8906
257 14850
42 59362
174 14137
16 78168
243 21314
420 7608
430 42147
330 16994
12 18330
201 21252
351 53647
146 71609
464 56747
471 31684
265 40372
28 46253
428 23969
486 33589
474 5783
387 33018
401 53644
195 55219
214 38077
414 8370
327 10731
31 38315
287 3529
403 24789
365 16957
364 28578
389 54619
6 23147
83 14895
182 57086
26 31120
266 10721
106 16302
78 25232
394 6338
414 7312
303 37271
293 38384
7 19671
248 42614
275 31572
97 63784
133 77634
461 4867
71 73442
150 7734
158 52925
281 58038
156 6680
325 17009
302 79789
278 55358
195 48417
348 68034
107 38109
457 3733
417 27533
307 5357
230 60873
439 12716
27 28028
419 57410
494 67000
69 29546
62 28618
321 51339
347 28807
343 50261
75 73725
242 49863
232 33566
279 27056
99 33008
236 41941
18 36703
30 46438
207 78405
451 19630
271 52928
165 37540
48 48435
497 53118
480 20191
416 19934
255 61324
5 47252
449 56019
341 21658
81 24510
78 58396
351 52215
133 61798
36 3089
489 32334
112 4170
493 13931
23 5604
349 41966
25 43346
241 69694
148 56731
257 28860
114 60391
215 43582
116 75101
41 2194
52 42641
500 29612
36 33431
318 70209
197 78613
357 6977
25 27945
325 55547
490 27738
451 66283
261 11586
72 75203
111 35287
354 34345
427 66828
471 61393
370 38268
136 61808
253 79020
255 16726
115 30886
358 12954
344 54932
26 65077
52 43944
464 68626
6 64704
72 73439
389 15633
5 33181
414 8388
190 74206
35 41035
172 35905
358 48534
153 37003
497 574
159 960
268 5651
47 59491
217 35893
322 22623
447 7719
136 58350
423 36937
260 61610
13 53428
489 20285
437 48459
324 65330
220 43161
187 78550
163 62309
232 16003
335 59578
412 28306
255 42893
396 51239
349 76582
228 45500
125 70088
495 46098
33 4580
244 23910
316 76946
308 39400
270 37116
266 66481
293 20036
101 7709
11 72933
202 20986
138 72912
15 20372
402 44625
405 34231
147 7727
450 40931
465 29955
284 368
318 76779
81 58246
292 67222
204 44269
187 61157
415 40558
47 64018
299 45352
400 19720
42 4583
393 70136
249 10009
206 76377
262 22150
293 42615
392 43837
221 48728
301 74380
358 43655
179 2237
322 53656
485 31407
111 1823
173 23633
367 20016
108 78176
399 38048
58 69311
473 71547
402 27235
194 53010
416 39178
144 39883
391 11969
112 67275
274 62690
117 8127
227 59202
484 78790
227 58116
258 17145
52 60074
493 58244
91 67699
340 12526
118 12753
58 22603
332 12692
143 17077
416 661
71 15491
166 71911
152 32556
305 57935
425 58171
198 71028
185 2267
319 40217
24 64061
193 22821
191 30788
435 4060
147 23872
368 74777
410 11764
425 59088
398 37895
437 7837
208 74342
412 42182
362 36771
24 20293
417 63095
375 29127
63 19847
399 13435
355 34025
168 22089
500 35084
429 75770
410 73117
219 29661
145 75932
53 39096
168 64665
491 59876
47 47946
371 53674
173 79191
215 37912
51 70008
461 58360
426 74878
257 9528
470 34250
130 30434
446 70249
77 58247
60 38023
77 61285
240 46559
326 43253
268 28500
482 32288
241 9863
359 11560
374 32187
231 44756
51 25933
322 52845
307 44531
152 46240
194 66798
300 52794
344 43917
262 50261
484 48337
361 7476
102 60191
290 72302
305 53507
255 26713
298 33658
5 36331
147 68234
407 30690
413 14680
249 6881
226 48157
74 13630
48 17669
486 1094
60 1435
233 79892
476 49723
197 49296
402 27403
276 27190
50 55902
276 18551
220 62240
345 12397
243 31055
419 53765
415 59988
97 8707
300 12323
343 62939
437 61401
301 34492
234 44914
385 607
270 33142
313 9633
19 656
247 7564
188 58255
447 70557
410 25275
277 23350
368 22148
288 25057
97 65874
148 6499
146 78499
257 13087
305 15340
174 74587
144 16408
46 46264
291 56637
234 50860
198 59605
249 34502
488 20830
411 71513
317 31041
271 31157
102 7325
133 30828
51 16676
25 46803
124 42755
346 51764
473 30390
172 6491
412 61543
154 22890
491 37762
380 4581
295 76572
134 34710
207 20148
271 78406
6 50307
411 2267
417 16101
142 37449
295 1098
203 16123
26 66834
257 42536
165 76528
145 50815
101 44785
87 39504
46 25562
245 5950
72 55446
319 57620
392 73397
453 38698
338 39224
299 47422
218 3723
352 36600
44 55204
111 21468
102 52061
89 38345
114 3414
90 29715
270 69850
92 28923
34 6049
231 50628
337 32249
139 39229
312 2173
384 44066
34 34668
325 54309
350 64909
209 65081
92 31320
394 4882
369 77306
193 79989
41 56960
283 20674
8 16764
399 59513
331 62247
489 24609
471 60167
385 57337
197 1223
54 38713
305 8278
452 8847
270 47114
382 43064
339 46333
24 4606
141 15647
498 56492
327 53840
152 24407
389 37873
300 72252
253 32201
199 5849
25 31794
424 61671
175 51855
491 54888
244 78256
251 11123
133 41056
332 64503
209 79500
170 70553
369 22082
185 42188
211 31644
35 74502
136 59030
65 15195
242 902
190 14142
26 27969
494 37177
94 75214
324 69574
300 50081
392 26731
174 52905
394 58147
236 178
150 19891
489 63252
222 57701
179 54114
83 52719
126 4184
236 28512
301 55930
169 79007
217 35105
9 42709
159 27161
184 27331
231 7754
419 64720
364 67730
31 39928
156 42871
361 60901
450 62571
213 52413
31 28931
86 46484
472 30935
92 29142
312 18497
419 43812
363 41744
49 71016
103 33329
71 69926
259 64592
136 72531
495 22960
177 30444
10 79033
492 61623
376 75145
181 22469
380 72292
8 44814
367 9211
172 71640
238 63548
346 19888
229 43861
172 69639
107 4829
6 56916
346 73696
261 69747
389 67448
399 45940
477 1384
340 73803
100 12334
224 53292
46 18244
438 31073
382 49251
27 42171
238 48630
301 13086
27 65433
412 73743
318 8706
317 58445
185 23617
358 35576
419 79250
171 76068
28 64833
308 3399
374 45050
392 68746
206 1338
284 14759
116 9100
82 57311
111 68870
375 30629
426 56998
41 37930
106 68821
153 44524
65 24434
474 68098
312 63291
244 16674
69 20626
359 37297
363 3722
393 57146
37 31684
180 37603
479 47764
45 10575
405 17733
110 17740
358 57491
369 25665
287 60975
34 3976
220 45845
333 7675
10 8794
210 20493
123 60058
335 78995
164 75179
329 46970
492 63413
28 14823
470 68849
375 51391
39 13775
241 6285
77 46592
30 17003
437 67695
418 66341
470 54486
325 64911
336 77453
237 22991
310 23129
56 17503
269 52806
475 46043
114 42276
384 70759
272 16143
473 66500
307 63626
366 15528
378 40915
243 27558
270 57686
56 58881
485 43598
79 7203
229 45402
390 57847
402 63946
138 28146
207 23825
117 49360
433 58642
461 13067
146 48298
67 36887
368 5071
81 78072
103 33227
431 37183
223 57200
266 23891
200 4573
412 36056
103 62753
438 25499
4 16382
179 45135
275 73036
342 3434
429 1777
15 68259
441 15105
266 67233
252 10665
387 28677
248 57546
325 28778
47 41579
175 13541
373 17228
154 9245
409 12463
12 18304
440 6140
383 21492
360 6992
180 66981
71 62179
284 38917
122 18130
7 36544
194 65683
104 78492
190 51762
330 33992
423 71596
30 47590
466 64528
343 72870
54 46525
100 63518
276 1076
465 68633
61 42405
239 50881
171 53906
495 29115
204 20899
455 1195
242 60951
13 14454
57 48320
50 76242
200 48812
205 41820
176 44199
417 1805
76 48651
339 13748
383 44077
133 33060
1 4097
288 36163
347 4767
14 13843
158 79597
25 61814
360 11625
23 66600
90 50545
416 77561
375 74966
223 58167
492 39291
8 19078
214 23836
480 44382
487 73053
328 45491
209 6478
114 41406
226 2458
93 45882
282 55576
128 53845
104 76705
150 27544
386 23940
181 39360
388 37947
138 9192
61 7952
355 47552
478 65706
193 8040
212 76005
66 42533
494 49887
241 27484
177 52797
497 39477
203 68482
133 45673
65 44587
391 38795
312 48130
204 21168
284 2963
234 68726
332 13109
3 3740
359 59343
83 23692
271 70579
289 18128
312 18521
150 10275
50 14552
281 76206
452 36487
157 40036
293 37658
231 42444
207 33
17 54976
55 40197
460 50238
211 68493
115 7571
492 72643
354 78639
436 16973
204 64872
428 50046
204 30377
367 12576
44 39687
166 39301
241 12966
247 22506
357 78522
6 79720
114 1927
38 45082
144 638
233 18714
22 44889
67 29449
297 14081
144 49700
404 12773
315 46900
19 55250
332 71619
28 50070
170 45909
385 24408
89 2145
380 69223
458 39415
425 41545
486 62439
51 26107
435 72939
83 3769
87 21409
252 1333
187 39627
110 50559
429 8549
440 13703
486 60819
381 30391
33 11824
434 13222
242 8755
402 55260
292 52512
297 18165
292 66715
46 67948
315 17048
193 51914
163 17571
121 9182
415 42277
359 21202
195 45104
118 58007
29 74859
84 23699
255 35003
64 17566
2 29813
246 17524
292 42559
316 65247
451 58647
485 27347
424 24096
281 57293
373 62376
99 28148
155 52536
106 6179
305 28364
487 7286
371 41486
353 31738
452 69743
172 37191
65 46976
427 46484
123 39577
130 33389
437 22819
301 17287
259 71771
107 55073
340 74277
443 46017
53 30043
486 43328
104 32442
295 53757
106 20411
414 40855
194 15785
18 15827
199 61868
83 63614
362 58275
161 79706
354 70463
343 27131
285 53672
120 26873
234 45413
313 51753
97 10030
66 28393
69 34880
152 25562
307 45393
66 51850
296 1759
149 28670
379 77277
145 35345
416 60208
219 12086
406 184
198 72623
75 7809
25 51378
363 12428
244 55995
212 12003
235 19368
348 4912
349 15854
281 57245
198 49366
76 26055
50 10381
51 9410
324 78288
28 78859
223 15485
268 25946
29 39793
220 72219
395 65371
323 55268
390 3682
86 73089
261 53120
410 74136
28 70287
282 78129
271 17638
427 33763
349 21901
278 9585
201 12104
41 18694
473 3046
90 17680
118 28464
182 16296
325 69430
140 69464
397 55048
376 24888
10 52239
28 34193
500 58398
470 53267
242 25215
212 56881
448 54700
411 46038
441 38200
476 28102
337 49720
218 62615
212 69616
102 61185
241 71282
110 44046
237 51407
354 52133
217 33885
202 69679
55 57690
338 19138
198 75879
364 42810
101 63101
31 76127
273 39386
246 29037
400 16334
452 28965
102 39286
127 25236
227 75831
173 79349
255 5910
466 4167
53 61612
101 16835
93 37432
159 37396
306 33112
433 3911
496 65626
110 35859
299 35360
15 21976
343 43813
74 68736
222 70096
432 77118
333 5600
458 34126
111 58684
332 41134
44 76531
317 59096
203 59176
68 7293
332 25066
443 46298
167 73253
86 6138
180 69559
428 68499
121 27776
395 11144
263 14764
219 17857
133 50548
207 34209
15 62001
319 26193
488 76856
383 73965
333 20137
179 19477
268 48553
117 62220
97 24469
251 14375
192 19521
214 19840
277 48565
72 4350
483 75713
142 21161
326 18243
162 32026
430 9333
410 46667
273 56394
452 78617
484 36550
461 28909
107 21644
282 39151
428 70504
133 17838
372 25945
177 57642
438 41357
229 24164
386 36953
129 25308
223 45469
182 41823
274 13072
105 72411
157 17155
208 34208
184 63496
461 4272
328 62114
269 50254
407 23766
434 69390
325 48011
477 67148
234 15299
173 67776
461 61211
210 14943
415 56055
131 8970
58 35559
424 61170
111 8656
368 27731
208 17183
133 31721
390 25335
251 7997
492 36465
61 77823
402 28171
352 60912
108 55318
370 64147
352 211
336 60830
295 56036
24 61832
489 67943
12 66938
12 57104
249 21821
161 28682
49 50854
408 75981
314 116
143 22310
120 50819
450 75538
174 49308
326 58658
38 58968
161 26644
165 49676
295 4351
332 14349
325 14280
278 15187
201 17115
179 70730
67 73409
86 31841
291 41007
84 1845
109 27333
35 6522
295 47434
108 61979
299 8793
458 10678
458 27528
316 52911
110 40531
362 41300
489 3130
41 22147
115 50451
479 68523
388 28664
1 40096
344 54414
280 18859
213 19656
151 14780
85 61808
446 39489
305 11740
333 10713
303 33795
219 29258
125 35570
120 34680
491 74288
132 7444
177 29742
357 35452
471 79049
413 74011
208 15729
277 23201
23 23061
68 38576
33 23767
194 69533
496 33124
493 71412
273 65232
203 44549
128 23424
413 62963
467 5777
410 15716
82 35374
86 30681
82 8769
120 16520
137 31879
385 7795
384 16705
162 27361
182 46558
398 67926
230 23184
218 55594
500 76638
499 34056
93 30159
175 76307
106 68528
248 4965
85 69280
291 35033
212 69671
295 75150
336 28075
276 65645
360 3047
116 12849
103 6928
241 18499
97 78497
185 57425
38 51128
380 20987
78 19350
106 48337
316 27510
479 41957
399 5663
381 48056
28 25767
353 12805
22 24569
234 63481
140 13069
153 15606
246 18521
303 59606
13 14842
310 24848
286 48941
72 20084
319 65563
62 30353
195 41793
59 53020
436 44635
59 67421
436 21772
384 69505
461 40806
76 268
296 10537
29 165
7 10068
416 3250
19 75475
66 67315
215 30490
230 56736
354 53
161 25860
73 23638
121 41949
151 67062
471 74281
27 25045
104 7595
1 78002
288 62448
118 16903
490 35650
220 5584
445 2086
230 72799
270 68103
114 69087
336 62982
330 77630
259 54969
378 41828
413 74198
465 43815
277 19869
423 64314
246 61980
477 29650
20 6980
409 62980
8 67141
226 39867
231 39797
350 20987
147 67437
163 15669
433 30537
397 34438
12 33786
283 63293
21 57734
58 69419
245 20936
116 74465
23 8823
318 55992
343 26132
7 79535
187 47220
66 60359
242 21692
140 16976
168 39999
152 52346
272 25926
469 17470
274 71876
224 17887
313 29953
323 34054
226 57182
39 49500
194 74571
23 40352
216 50081
251 70893
277 21569
450 36144
239 70278
440 56359
223 31952
208 2096
407 66132
419 10835
244 14071
307 13405
89 20441
445 75032
242 56112
60 40055
346 11011
168 18035
77 19106
76 11223
86 1449
67 23830
19 30278
275 47125
228 56725
146 3260
252 13183
291 40759
36 7901
183 37465
278 6263
497 70064
171 19294
469 74209
473 77357
382 25209
218 77244
220 25994
135 48303
122 22770
26 60460
273 315
168 66270
371 77908
332 63910
393 50667
434 55915
154 6944
481 35223
226 42520
381 51553
260 31785
194 31030
472 24242
131 18376
469 7389
107 64629
480 39665
344 21623
412 39155
399 61275
456 48447
2 48978
124 2115
146 70745
211 64963
386 37517
166 66718
493 44840
8 42577
76 15130
1 46831
206 36463
264 28160
401 29823
424 62256
200 26042
222 32231
255 20703
301 63216
365 53059
209 57412
438 34520
225 34116
50 27679
81 72817
84 2513
29 29352
396 11658
56 34735
494 67567
41 63853
404 53046
73 52106
308 53835
47 66227
183 8578
371 63557
279 42748
160 50917
34 65945
78 76938
41 56327
329 79630
14 53082
100 63703
11 45429
450 36167
408 75038
473 10025
53 25964
146 51554
86 41962
270 49174
56 27533
328 21228
167 4276
336 29954
403 42215
345 68792
145 52391
236 56436
156 17769
480 54670
377 26522
244 20441
198 34298
280 56678
101 66529
444 9223
250 70233
127 30390
232 72266
453 21076
164 21515
418 11413
12 26390
229 64479
466 10271
354 32753
10 578
28 17748
480 66858
431 72105
36 13641
411 38210
92 10117
43 45707
393 2955
183 42122
422 37006
239 17124
71 56835
490 43998
3 77293
260 47060
120 26178
148 36725
30 47553
318 72118
439 18643
54 18328
237 6202
403 55385
54 42743
89 22628
208 51721
428 70402
19 63729
479 32916
158 2177
294 73004
101 5970
68 44533
48 60041
421 48722
7 44168
193 75352
280 73396
459 46200
260 52231
8 17281
350 29607
185 6935
143 49995
376 33461
132 16089
412 28399
423 46588
76 73285
454 74296
285 70668
287 3862
121 12971
162 4648
76 19654
450 20682
362 4021
56 13699
483 66839
195 64039
410 51115
54 15139
35 64296
481 36217
209 44078
429 79506
296 64421
299 18018
213 52597
477 36893
145 9757
252 51041
257 70302
423 713
41 72508
75 44748
492 11617
397 22087
294 65739
356 3826
486 20622
356 30012
212 4268
415 32723
437 29518
464 12654
354 67910
43 67364
136 34061
74 79746
79 54482
99 23393
118 76611
280 13046
201 9313
154 58132
491 68382
451 41909
301 10615
240 72636
205 20777
187 72903
455 53330
162 75461
140 45949
33 8680
281 9621
492 67266
165 61736
36 59177
472 20066
421 52468
21 59468
422 38266
401 72212
145 19802
273 55604
154 74955
185 46675
476 47790
27 67943
313 69383
16 2404
89 64770
395 48636
431 23825
500 57777
208 49486
67 9445
90 54009
198 67124
186 28456
498 296
478 64145
63 67163
428 55698
299 10690
473 65801
87 78095
271 50428
130 27416
383 26883
444 53225
207 76988
9 47558
58 13376
207 66441
283 26707
191 13655
82 25865
453 53426
115 7606
483 60534
137 73736
94 11596
252 24241
189 33657
447 42966
464 65665
471 70390
79 46502
146 79696
288 13763
225 72824
384 10385
290 54181
303 55111
183 52192
367 889
217 71600
165 56575
182 36368
217 40657
75 63563
101 26203
311 41860
333 5622
274 16036
106 25074
151 16415
18 19712
398 6082
70 75215
167 37351
388 48200
161 71158
169 69106
452 40748
244 19635
212 17225
273 39828
243 2978
180 71553
411 18493
428 60779
221 57447
496 54644
183 38501
88 4552
35 45054
369 18648
150 36030
141 77648
174 39136
20 40693
189 69909
290 36477
263 19322
267 34064
188 25772
10 13993
427 46697
26 14504
348 25560
279 68990
459 3196
338 65809
363 42346
181 49545
453 14400
168 9841
238 38895
80 60611
28 69704
142 22658
73 9929
472 53525
438 26799
300 72303
401 29397
127 63708
180 60455
435 20330
340 5322
222 32728
279 19368
277 78354
43 74178
321 57803
301 23421
46 38177
450 6474
70 38551
385 67563
239 131
139 33394
262 53401
137 78020
69 68556
254 31189
290 6667
26 68504
362 73409
372 39100
63 21770
238 7163
293 64588
128 760
341 57881
380 22689
393 50998
152 5224
78 42822
50 62872
323 57938
80 5064
319 20464
382 37502
102 46808
234 37592
401 13193
47 65864
89 38366
362 30964
468 37396
203 26354
288 12959
330 72307
170 1031
324 19065
317 45246
238 48812
316 54758
373 70401
440 4034
360 44597
23 7488
497 35469
426 57744
404 52010
411 13664
319 8423
68 25926
320 25508
347 74481
270 79646
339 37934
288 14781
446 27906
457 57687
213 44121
203 52445
25 16931
294 76020
366 23763
18 49835
411 12041
415 60844
467 55088
455 74589
379 26165
59 74203
2 13942
354 41970
235 36828
97 63397
47 60952
85 20445
224 50877
401 39096
135 34655
469 13301
19 37826
251 61243
419 64721
382 23711
56 18501
54 74084
453 12321
229 78364
329 13174
333 42056
85 43462
192 2626
123 73200
147 35168
204 75299
91 25480
291 49339
135 69971
335 2882
165 34231
437 4583
396 33442
452 59413
424 55726
115 4292
398 76005
139 41696
23 73405
466 28888
353 76986
425 65623
383 74063
159 51880
392 48491
127 58213
488 57019
6 52362
103 40759
139 65866
323 16506
454 40979
367 4659
361 30125
86 28833
330 9049
480 35016
142 70507
234 64986
427 38037
145 52148
376 21110
379 27893
396 36102
318 68492
311 39720
367 4067
332 25373
260 70361
276 44330
326 38961
281 56974
43 843
32 24345
410 19880
436 44376
302 43574
401 27976
23 9321
54 69817
77 8514
255 71097
454 13627
435 35503
61 2096
139 40478
270 61016
73 21429
67 53336
298 10319
421 4682
9 63487
200 780
494 30703
39 33928
56 59371
292 12756
267 39632
46 42485
306 23081
466 73806
334 55319
434 23874
469 9743
38 62379
432 59956
414 71450
310 35131
337 76501
243 8034
463 69717
174 41113
212 53093
43 18315
63 20322
398 50502
4 47244
153 30556
218 45933
82 16220
354 23004
175 29404
362 15691
4 63167
227 40344
405 36428
295 65801
41 79741
176 39114
380 14016
247 38904
485 65639
418 3583
37 601
499 56071
211 67017
270 63399
306 14555
159 1062
210 11195
121 12274
158 1659
16 8157
223 18835
328 56632
472 36856
336 77814
197 37918
144 40214
417 2789
351 29815
283 46008
487 35729
8 17093
475 61904
64 42431
336 37010
436 74651
125 37499
59 3093
185 63638
386 79239
277 37217
133 60422
111 14269
141 58239
172 4975
157 9780
131 65512
248 52910
205 57504
130 71217
158 24944
207 45215
66 75767
290 36096
2 32007
315 68618
214 23929
366 51507
254 23140
305 10347
166 69848
406 49440
88 70450
311 42519
146 41676
220 21095
333 35256
205 20238
144 8877
141 40843
54 79733
113 77399
308 16948
226 10117
317 69169
454 7464
487 55008
452 15511
393 63294
283 64681
64 15405
371 43742
324 76644
484 45167
357 13238
25 35381
192 5393
186 34532
117 77025
111 45880
328 40172
415 71292
433 65556
194 30700
394 58876
403 26613
81 62934
478 32273
40 79557
427 4021
95 23499
201 5576
373 20276
156 29227
443 69220
388 46139
448 35624
268 44644
271 28032
432 8394
144 52816
275 71441
407 60355
465 59861
139 3118
318 37882
217 71698
202 66608
263 68497
395 52133
486 55455
382 57658
463 23343
74 44857
9 60830
326 56837
66 75582
260 6910
166 57971
433 18451
439 50549
218 46403
364 12485
250 75940
413 42512
253 49592
172 14728
439 12671
127 69709
411 13047
324 61233
269 41014
388 28654
460 11252
388 43475
269 26950
479 56078
178 58226
374 70669
471 52789
163 74196
372 59485
63 52683
153 8684
340 31268
17 16980
455 36366
244 19266
302 21004
61 3812
143 22275
53 28375
464 26646
82 38213
425 68131
320 31751
205 74310
463 29323
274 22255
123 9531
416 37595
387 27870
206 72440
355 34884
305 50919
435 16117
250 42593
349 44828
200 37655
426 45432
285 21274
421 30875
388 261
399 78159
141 47064
14 78778
489 11616
166 51786
281 50518
107 17806
496 19293
460 34214
130 77071
25 51764
217 18386
115 63049
432 40386
463 68793
403 17277
382 21591
457 9302
64 55366
114 33331
348 61113
393 8409
454 11322
251 67281
490 56864
377 17763
238 53312
343 57534
179 68635
332 15807
317 67917
302 52338
294 76647
196 49721
263 1692
275 71730
487 43616
337 2811
86 8237
382 31413
460 70115
193 60183
227 74498
456 53112
376 76950
232 55483
283 14112
214 59928
70 12861
336 35721
26 42762
225 34687
206 34875
325 40264
458 4610
498 39548
130 26663
385 47983
488 72219
226 77851
62 2699
224 32623
317 38196
50 15429
35 76520
381 72947
166 33737
250 48853
114 42129
365 1502
399 57610
85 39814
64 5854
338 63906
170 20760
107 29762
139 35110
160 41877
312 14762
409 67264
299 38329
333 62736
41 21963
336 52201
382 2656
365 68701
364 18930
134 77730
43 71981
18 78840
56 23393
446 45946
105 10055
169 4014
419 10261
430 62412
300 48610
494 49034
21 68667
363 63622
245 66560
482 57386
485 72975
342 6630
482 49923
383 1059
386 38770
140 72815
251 3995
102 13357
278 27691
458 52163
453 54032
331 8172
1 12789
489 19921
434 14957
335 38136
182 56969
338 16401
429 35245
252 74223
176 55055
267 6296
165 46741
319 37909
457 52333
39 44995
11 77684
152 19205
398 29494
292 1683
34 11247
433 4779
143 11280
63 39207
357 78360
102 61071
286 66006
354 32806
160 36776
208 59551
108 38781
484 75064
444 63568
221 59961
346 35056
327 75617
275 75377
274 11932
57 11638
208 26101
384 50795
203 13659
233 11386
405 49441
127 20717
94 48625
160 54656
465 69350
42 4672
275 77252
207 78905
78 65173
160 51914
100 65549
463 66811
86 69251
88 47529
117 46330
116 27821
40 18249
54 25452
96 49881
68 53383
26 49043
192 37767
437 66882
256 12948
474 38228
417 74745
446 62912
465 12855
183 39707
413 71159
291 3906
407 39438
96 43890
85 46854
166 64090
365 68646
388 19953
174 11475
247 72798
390 12678
450 75369
98 34499
460 42415
11 68114
25 76871
469 23896
166 33496
371 54460
268 39682
456 66917
241 58339
97 57378
314 20074
433 77033
258 42400
383 76710
434 33401
4 33464
411 27403
30 49170
359 3392
166 21104
224 42792
267 14990
252 182
44 48747
455 16595
158 35289
256 21279
108 20194
333 2501
189 11803
270 25678
474 59404
398 57769
377 48302
90 9739
59 76594
139 49328
119 55313
364 61580
408 21572
154 1583
235 22182
443 61563
495 40597
448 13271
407 22964
154 38906
364 35133
61 45259
192 76034
92 58764
288 31463
442 74734
19 20727
89 25662
333 14032
437 12901
340 20468
213 66735
150 35595
395 5888
110 12587
127 24940
226 63523
120 12634
304 62302
467 5298
94 63358
238 57714
271 32224
418 62882
377 55356
241 33603
274 379
212 42021
474 12058
10 23388
360 13554
188 34853
149 67387
132 31641
399 16459
350 54862
291 75404
133 64791
216 45199
427 69168
418 59077
228 1262
500 12730
68 9195
58 42975
142 62484
267 21553
238 20499
128 67258
47 62172
287 30784
329 12388
437 36516
85 37010
249 5009
376 70933
339 23992
40 72228
254 74985
183 69120
162 57882
70 52274
486 68297
111 182
39 35520
99 77672
128 50264
61 36162
263 59392
181 40893
230 28222
306 78044
312 25978
305 55669
288 79126
371 20371
194 32635
50 22240
322 10116
245 22891
238 9840
120 24736
312 70373
273 11118
150 14973
454 47912
464 40720
152 17439
418 30223
409 61873
291 74216
211 58604
331 22835
151 48186
197 948
243 26602
186 42605
496 68410
465 37267
157 14373
181 34258
26 61395
290 35677
314 30058
336 15468
142 28413
154 46704
339 78031
120 38275
144 58622
93 11389
329 13398
62 40406
25 24218
282 25250
117 12028
60 51057
375 68776
392 16307
192 58475
54 10941
139 17172
65 63955
243 21011
41 54554
477 36382
109 53351
88 62953
94 41167
382 29445
155 60481
30 16836
279 52004
412 74552
286 7381
455 65323
464 29648
336 11788
360 79649
328 19417
374 31893
350 71152
234 77958
438 49790
427 48286
343 8546
264 25662
171 42460
134 52404
234 64660
213 30417
178 75847
286 3682
297 28080
320 48383
17 817
296 42698
7 46290
30 52556
57 6676
55 20012
1 20301
18 58552
360 71223
386 37395
167 43925
307 59115
85 68314
145 73284
383 64150
67 69375
222 47510
482 31554
369 37016
247 39539
21 49308
160 54210
179 38742
152 11426
21 35290
238 53881
273 46688
78 70101
344 35200
352 74912
213 41352
143 86
100 71428
248 72036
431 40628
308 51147
220 79382
201 14336
237 6040
178 68105
151 61680
274 22960
323 45005
6 51867
476 17969
403 37207
379 37790
356 35700
497 78380
270 44364
1 34043
18 23712
452 52592
323 14217
379 58896
173 2361
348 65424
375 57916
110 41618
77 11138
260 11437
43 3861
269 22050
300 49312
459 71255
401 51372
76 14558
67 3408
228 2876
232 43372
30 13419
379 29284
491 29173
3 63040
228 72951
5 18749
216 38766
463 69052
32 71065
173 44505
390 9798
103 53280
75 57393
493 68596
448 10820
418 10734
40 51201
162 1478
157 47435
484 70446
219 13341
333 48984
392 46368
47 35299
323 75761
394 24277
368 59238
139 29197
30 13139
431 9484
345 13232
300 47522
124 37925
209 56372
363 36154
134 62
282 10482
217 76713
309 44110
23 59649
142 17436
88 5507
347 63045
450 18175
213 37018
150 32838
458 76231
43 79801
195 75183
385 44231
478 73032
423 77938
485 21381
54 27818
458 72869
276 75692
110 71910
477 7997
90 60382
85 59852
388 14728
108 25999
251 9390
354 30384
346 74720
200 73553
377 44756
437 14429
305 15428
470 37172
379 79645
356 13767
177 46857
95 32990
317 8658
137 67215
152 19149
343 1792
124 7234
256 48208
226 76429
464 7569
141 27858
111 51221
61 45264
419 77888
101 7012
113 48636
465 21293
257 67521
220 40331
273 1398
268 30447
186 54795
217 4228
44 25656
406 6522
153 35108
340 2322
65 44204
89 17412
93 78775
162 43141
347 30638
241 58854
31 18368
500 66748
494 13894
100 28204
14 7401
163 36066
295 47628
147 67232
165 21739
56 64152
376 9528
421 64516
442 28583
268 36142
100 54535
182 63763
162 79800
292 11963
58 33070
469 72588
1 52493
101 23919
395 70874
335 7965
422 10755
340 33329
486 61387
182 44692
412 29742
282 27478
174 49495
414 32951
217 61460
232 7852
23 20316
357 77646
109 56188
219 1140
79 50391
212 11483
55 74962
293 67557
9 70395
311 41855
350 26111
141 10795
28 78684
291 1712
420 79115
365 79112
324 79635
86 7909
49 68171
370 32938
483 24100
137 23468
216 2011
57 3948
296 5211
164 59659
108 54257
419 43192
46 9571
173 45807
219 38045
249 4848
286 11246
252 18596
70 38397
9 57031
343 26998
82 49877
397 57480
410 48610
52 27519
309 69576
443 9962
166 38314
169 78618
214 71799
387 36882
6 47421
167 47557
293 8703
362 12714
184 41823
8 32969
168 49688
159 77424
263 38657
500 8846
11 10568
121 42564
309 37626
180 27231
436 59814
210 30809
196 68276
469 51982
491 70582
231 53847
175 38642
93 13814
226 46831
493 21880
32 67424
204 12901
337 15605
400 79114
489 3175
139 26337
122 28012
75 70054
277 57002
323 20435
193 6094
100 408
11 46319
446 55017
200 17418
107 79676
278 52028
248 40783
467 69713
436 61714
400 55257
190 24576
180 70460
407 28299
323 18242
182 21226
459 51957
6 9587
378 53316
211 30074
210 48576
254 35213
396 22937
476 45774
193 65533
467 61783
500 28684
266 2772
378 59780
71 52910
441 5624
212 17502
218 11203
259 1496
474 42499
421 42771
321 19282
268 11782
226 25670
277 10996
500 39486
455 37058
456 75023
489 37970
21 58440
284 49165
7 40923
147 32679
168 7782
45 54167
143 33929
239 32141
327 17832
99 53259
32 39626
226 49734
207 41549
407 10556
261 45050
265 45458
460 49492
409 36868
305 17764
478 59161
379 69093
371 36968
487 10473
373 33767
302 17671
174 71864
471 221
323 34683
58 28143
15 18844
73 61400
266 6646
111 2109
431 50028
464 20791
473 41534
467 77584
494 61868
268 38254
235 69350
414 76993
210 31470
270 16429
393 45186
261 49243
20 22912
302 66649
254 77994
362 25406
120 73342
71 73532
217 69009
174 29385
96 78237
89 8012
342 14470
233 57645
218 21433
389 68561
74 18306
89 78077
436 28059
431 7794
79 62607
250 25359
54 64329
106 17958
209 3830
330 31313
363 4105
26 79167
493 66467
141 31117
25 52861
408 12289
248 2959
481 4945
217 71437
221 54118
4 22478
126 29913
328 54918
38 6331
81 65109
290 31936
338 31184
368 46824
64 4113
117 69158
394 56274
280 35161
267 62270
413 57542
287 17815
387 7082
165 65082
230 74947
102 1457
113 27328
193 67530
234 58069
474 46233
97 39974
108 58687
281 50160
206 41612
239 38913
297 69520
333 15740
420 63178
12 53102
307 28045
71 44037
333 1412
209 6174
306 36266
287 73074
222 45528
235 59787
331 40232
22 47369
327 3434
184 53429
460 41769
450 27233
366 25063
119 22570
121 33305
63 3163
284 24427
166 44644
151 43136
7 40571
393 61363
126 75250
27 50452
459 51947
480 409
424 76410
99 42401
63 77959
40 66685
161 8605
491 15624
236 78574
39 57537
442 52001
220 17676
196 51155
406 75550
140 73072
331 76525
120 21703
261 27097
68 73375
158 40075
352 59973
494 20047
308 18734
5 50876
365 61135
490 7520
119 48848
13 31378
181 38345
154 53678
3 22238
100 75786
373 46104
358 46204
105 8086
74 35303
201 25918
53 36241
459 77871
188 55519
211 15071
466 53010
332 8813
59 44207
171 75604
239 12666
86 2752
244 36587
275 66153
16 34314
290 8403
337 45149
327 57953
415 24927
458 5782
90 58195
169 68385
218 20455
69 3243
181 65956
317 15281
19 76934
57 65942
457 75093
184 28119
42 36473
56 21285
365 37358
77 15950
82 23260
205 49410
61 54194
90 59763
342 23282
466 3427
187 40626
419 12009
133 21059
197 4574
94 52421
426 65777
160 29267
241 61822
121 11859
167 30798
218 24412
425 58619
401 73326
69 37206
498 49112
48 710
85 72805
481 46540
150 67438
53 27639
124 51970
185 10285
255 72206
39 47714
394 66301
341 10773
393 33096
193 59824
12 30882
491 31001
142 67004
470 13613
220 9361
35 16700
192 22245
441 41843
338 78894
51 77760
281 79007
445 23310
127 72207
476 55166
469 55453
389 61720
392 68270
6 25954
399 33308
24 66250
91 4454
466 14841
273 46178
261 30638
83 9686
118 19360
280 76413
96 66312
164 14458
491 38316
17 66095
433 74758
64 4815
213 36715
492 12720
79 19481
338 66451
17 36764
144 7110
117 13498
442 23968
477 50031
32 26544
294 13835
181 21387
426 45048
433 56697
30 10828
208 63428
492 78520
454 24459
213 53911
81 11206
248 13648
282 17338
270 6644
416 16207
369 67638
455 36145
369 73154
2 77871
481 46834
346 33142
43 25918
489 76727
83 39626
155 23119
240 64337
137 22724
284 20126
57 73135
323 11248
235 36450
292 60417
415 52870
236 15847
324 8204
77 28699
466 49131
352 62019
410 28462
51 31232
109 75151
204 54230
328 46760
396 35781
327 46797
176 61833
486 25229
468 37836
275 68354
95 31216
202 20134
485 13185
375 47352
89 19480
439 25519
135 52025
199 22381
367 47120
1 74548
488 57912
287 78964
146 47971
489 20464
304 38872
315 15460
147 4776
312 17954
173 19582
137 51405
155 1464
360 16541
251 38410
445 42860
35 30514
209 67479
340 63433
146 58738
280 1847
296 42689
152 70652
131 47321
379 16571
35 2179
329 32329
350 17273
273 2785
325 77987
195 20671
36 60753
83 75174
342 65191
160 18046
42 46757
34 21436
496 47484
473 60556
448 79668
455 28609
277 55405
366 26152
440 33763
499 49274
119 45729
476 79579
215 61343
351 11274
326 43866
185 58996
157 8613
456 60093
464 38249
258 74
325 72865
243 8161
152 47076
491 2621
126 58357
77 4674
393 61764
65 22221
318 79223
123 65741
311 29849
306 56020
178 24419
187 71755
84 70037
255 8187
218 71374
416 16711
12 59790
420 29431
212 1558
64 55986
16 41964
110 55433
89 20844
64 22685
233 29421
315 33593
182 76570
337 25411
380 712
224 61593
27 52364
489 17693
235 61291
213 46456
59 62019
323 36855
18 77254
268 50666
401 63669
437 44994
6 67756
281 38589
87 66875
476 2231
117 28526
321 23634
53 27528
190 59294
463 3107
431 24581
6 69074
382 18844
17 6174
397 24327
461 68414
426 28050
384 25072
171 63883
287 73694
420 19608
78 45277
111 28669
455 21269
387 25277
167 62886
345 32086
449 48077
49 28367
332 32419
83 71067
317 68177
436 24641
338 6545
413 58046
441 64371
159 48613
295 39316
37 21213
449 30815
189 42330
339 47787
107 23894
332 33259
493 12422
311 39092
277 62922
361 48236
489 71847
213 68357
439 63855
294 67364
151 72697
236 46809
396 39659
140 79400
82 42620
451 39496
453 3075
235 34010
401 73587
71 8189
452 30179
190 77127
243 64793
15 74182
141 45515
364 3955
359 45800
482 56105
166 11718
382 4249
325 54861
144 38268
64 70091
47 39994
97 15661
79 15585
347 5205
54 60128
258 21415
174 1372
292 45802
38 45800
303 18080
92 8905
377 41321
289 22535
347 47494
241 44619
274 19277
43 42302
269 22722
443 57737
25 3493
51 47471
132 14816
253 66702
387 60520
100 48644
292 55074
470 36428
360 56175
125 64781
221 62530
382 74112
138 29927
239 61866
262 24635
343 36055
369 23471
397 75505
123 48465
181 4852
58 20847
50 74883
21 13001
353 31971
291 30311
84 77727
212 20008
216 64394
341 74683
496 58506
123 30679
127 25828
244 64998
434 31793
246 48760
76 2168
394 2587
293 27824
102 5802
355 46751
327 35804
468 22325
243 75876
382 78589
389 28466
153 70289
316 2319
60 22931
440 48842
132 48649
377 4704
348 2064
305 1283
96 63160
19 50867
410 54068
171 64986
176 23622
183 4637
28 38380
72 71155
34 55536
354 77567
453 9356
436 53691
102 31938
476 17161
348 76948
241 75607
419 22171
236 6498
373 57904
395 28433
184 58201
118 42241
26 54125
433 12464
107 3910
347 41921
163 76615
92 62013
117 876
496 76305
309 28206
242 13868
298 78852
118 64553
473 79963
203 14442
476 57171
206 60324
468 48677
445 50245
372 19270
429 63495
248 29894
436 26759
483 4526
24 27362
129 38674
210 51872
102 53841
340 68870
120 43057
364 12419
481 46689
174 37699
495 22294
162 41447
346 42549
303 73651
226 7936
209 57302
150 46470
400 67743
494 69741
159 22492
366 27838
302 50134
276 16122
292 47464
322 21058
371 6006
254 69955
38 71479
128 33565
334 63367
16 25504
418 59361
305 79805
49 42670
247 66581
472 4201
282 14250
397 27819
388 53041
117 48457
391 70802
15 56826
385 32757
79 30901
282 30386
96 28044
366 77301
119 78272
52 12479
85 37957
212 19840
245 38278
154 74303
4 33781
417 27313
395 18683
441 62663
4 61796
269 39947
133 2784
157 71335
351 72928
373 32552
384 19753
44 21956
286 43194
206 3095
391 57658
175 876
319 54727
218 9956
308 32560
214 7163
305 16862
80 10282
358 7586
428 34474
442 30748
87 47133
214 73178
300 47453
324 47060
312 56566
88 9153
56 30830
206 44009
398 51600
182 2419
76 58607
406 63764
340 25447
112 32416
83 54092
58 38349
359 38673
228 63095
416 59200
417 56277
242 29791
370 31764
489 34706
342 50031
400 47300
144 44899
130 3151
296 23982
225 36968
334 17732
102 57825
485 59534
274 66240
250 4412
284 59611
471 11122
424 57455
425 26241
242 27666
265 42952
13 14919
74 9465
269 43501
138 38085
205 30894
93 75535
437 67191
5 21241
33 61929
205 41679
361 33380
65 76822
331 4730
423 50413
220 38754
265 8306
87 22807
9 78293
292 13047
40 57126
330 70351
67 52989
337 40256
173 78875
281 72685
7 60231
269 66431
299 3551
250 71838
54 53432
282 20263
186 76255
357 78201
456 35310
6 20031
230 77637
191 75851
142 63264
197 877
178 16178
133 75492
362 29825
467 46653
197 4938
153 59914
293 60360
28 32836
94 54029
227 37209
147 16630
110 9438
401 33536
20 47323
441 79587
377 34353
186 51749
353 38466
9 28562
112 40498
396 38393
328 73215
396 4715
354 44402
287 24556
165 36641
358 45014
133 9511
364 48590
393 35183
89 39492
274 3370
275 33698
346 2958
373 72264
301 3730
31 27970
36 7341
236 26667
269 36772
8 53372
204 30908
266 32207
61 28104
411 26619
199 6591
256 60245
367 25995
436 5828
51 47183
417 47761
463 65996
266 45017
276 62514
335 39090
76 8302
17 30633
359 71812
378 32567
285 61860
402 59788
49 40892
104 79381
468 44916
14 55081
48 70795
389 3314
165 53159
330 29222
308 25076
263 6518
291 20805
455 19211
486 4834
194 6244
177 71729
306 2018
83 76317
164 37358
141 19367
316 48454
285 38069
21 50120
328 64439
33 3531
364 45675
312 52571
394 73809
148 22357
173 26142
454 57495
65 5624
341 74207
42 32209
201 18417
254 50867
481 75230
159 11000
293 28036
54 38794
13 53170
205 53521
316 76246
310 37523
134 26451
149 28121
194 65300
138 17264
266 17505
325 54035
13 73119
140 34286
384 64102
208 31525
206 15164
413 57142
166 38414
154 56394
69 41489
110 70309
129 30908
169 15669
331 68053
295 19453
454 53982
52 61137
494 44531
398 8274
394 8718
42 50041
239 43287
92 43650
78 61621
147 16273
314 55700
126 58340
383 38069
329 72769
364 74635
188 9420
182 4787
251 70577
83 346
44 73765
497 46178
93 46786
308 65615
19 47962
323 15835
472 3805
435 66866
430 32414
10 1287
153 42820
126 60572
450 44335
151 60393
266 51272
405 8842
347 47382
451 42892
131 64282
117 64029
347 71908
240 50648
102 12566
464 21213
447 37537
205 50138
278 12475
467 15271
323 54720
24 25145
274 66346
258 39736
238 13255
335 40326
498 6277
351 69399
179 37571
473 13039
147 34373
174 11094
304 42810
8 26375
383 766
257 43833
209 66148
382 56747
386 69080
408 2475
133 60776
314 79358
289 74126
129 3079
83 46254
2 1531
166 14400
152 29969
185 12067
152 10000
464 60410
367 73967
435 26274
471 7947
278 12170
442 42412
492 16940
254 57085
20 10403
311 23174
479 894
204 71835
360 40099
438 44128
78 10044
128 3939
222 67571
397 31300
226 40673
233 69216
99 22194
177 53359
231 67105
182 79923
252 17634
342 32734
64 66833
454 3639
166 8240
297 32565
316 1746
124 9364
95 26233
328 4712
57 72634
239 46070
127 54517
359 20666
135 7834
350 75396
128 78398
432 931
81 68178
324 28292
317 7446
380 4964
62 2337
456 59628
53 55232
95 2498
236 20496
478 30676
280 11348
130 44211
267 38952
214 7892
172 75213
83 52516
450 56331
367 4314
340 78854
395 37455
464 25224
440 59938
443 28651
410 29700
219 22017
148 38454
58 38153
449 17219
135 54157
387 60902
472 22258
330 46561
331 33703
421 21354
468 5550
206 78022
334 37167
209 59612
466 31387
337 48551
390 39900
63 64436
211 39811
153 68496
236 42199
56 67743
377 42055
118 10681
180 66162
328 1969
459 52707
77 74064
393 5511
226 12258
420 20191
181 15689
10 53072
238 11272
361 15080
328 75634
5 61788
369 54242
325 20049
481 26819
446 61654
464 46764
427 36509
69 52397
324 7118
355 15598
471 78463
52 67813
82 23067
309 5068
443 30010
220 24568
438 34967
246 62450
222 1431
41 78027
436 53277
287 67670
463 46165
249 56383
403 58063
181 54839
2 68489
432 21034
350 57215
329 42939
133 51762
8 15761
331 34910
476 5427
248 76540
446 66769
99 44615
111 4961
412 56690
445 2408
26 76375
19 19297
38 9630
441 73747
38 69817
257 57050
255 16812
309 3552
496 34732
106 52454
9 68538
118 57270
157 4727
479 40998
300 45693
422 29471
294 59827
325 22582
462 2676
465 73662
243 5860
193 78455
146 39029
105 8399
322 57706
332 19459
243 52130
383 64764
448 32832
7 3287
361 68191
219 69922
334 71986
379 65282
205 51355
246 29074
96 70392
225 56452
489 22120
246 33374
352 76948
350 46794
381 23776
36 73474
447 19159
63 26957
122 23291
480 4453
154 77856
266 38466
266 1987
375 41829
165 31593
278 35063
460 61650
271 1802
102 37227
497 63154
371 12117
225 33097
490 46123
368 20684
224 12914
153 39354
418 44197
208 6759
54 15635
176 8953
167 77379
487 13486
136 48033
297 45157
489 22930
356 43883
202 46380
142 40626
358 20757
473 5657
341 46595
38 8085
283 33991
219 19734
243 20119
102 65061
112 8697
228 67340
136 60028
270 23898
436 40523
271 48747
461 74036
484 31294
350 24305
162 68858
383 4556
288 35766
496 13996
59 13938
392 66072
208 25678
402 29425
489 51458
396 18148
112 35559
311 1425
430 5856
32 11543
90 35386
190 43802
276 21574
377 71970
110 37027
213 30390
274 8520
489 14608
354 57346
245 5720
167 58590
500 19456
466 4638
214 56142
158 53480
375 63181
460 69308
38 18794
69 46750
343 47887
156 71451
182 32799
414 51296
186 61896
224 73567
391 26349
284 54841
364 31698
76 14206
154 2152
430 8459
106 2538
446 4512
11 45246
123 52478
22 4710
135 38034
244 18997
202 48973
332 36283
319 16514
2 24176
42 4559
93 71937
391 36318
377 22731
70 23526
314 33894
177 600
164 48238
158 61702
109 48199
465 11995
194 70851
186 49369
182 22339
109 37351
293 40737
449 49810
334 60685
434 42120
105 59394
322 77864
114 24132
96 24661
409 29270
224 31246
224 10755
32 37866
140 23466
183 55995
296 55647
345 15385
64 21017
323 12917
171 62237
337 66864
50 55743
187 51765
467 34664
203 11930
146 5221
219 62556
331 11432
276 62461
62 69139
148 68267
466 46637
376 71350
11 74430
302 2009
309 77108
392 66059
198 50101
176 67277
431 45985
423 25459
148 13025
406 16819
459 75400
151 33179
293 76912
397 56929
189 77796
499 19018
83 48828
225 31007
190 9590
48 58996
31 79362
401 54267
476 22699
310 66018
341 21160
145 75483
71 2880
331 42372
52 46311
386 6931
16 75190
103 75089
263 51283
349 17612
244 19029
280 65549
232 40152
283 20845
301 8499
310 67928
239 49426
24 69308
139 11813
235 3500
23 70747
163 47848
479 73232
343 71306
471 13487
104 38939
203 12058
500 73410
317 65002
180 40073
494 64794
50 63558
142 34701
440 33361
275 28483
339 8914
138 5380
313 69837
370 62025
72 62029
432 72613
212 59923
73 66852
36 52881
63 963
302 75170
404 28041
59 18825
4 61155
260 70847
416 30827
28 7183
250 57559
291 24497
410 78321
352 39004
296 79181
104 78849
80 41642
217 40057
68 31311
472 6427
294 69751
287 62905
311 18431
332 42365
61 26301
184 9488
234 48506
145 43157
462 77117
397 57759
197 11531
128 76286
335 64175
230 6411
166 66292
111 35895
68 26710
264 18848
334 5164
117 2716
62 71674
109 9290
422 55994
192 30182
394 79528
234 14405
90 40189
89 19249
338 38744
303 52403
281 30875
365 45036
258 39999
498 29121
382 23765
453 66968
291 15569
343 68512
174 31993
63 51367
387 10124
287 26169
304 624
278 62773
145 30230
328 18433
399 60845
424 74730
352 56507
459 76778
493 12868
218 2687
369 26353
204 36577
303 53104
222 43843
435 48853
141 54697
117 46230
267 30677
165 6963
430 23266
22 33939
399 54840
67 10407
65 67794
329 69351
392 6111
203 79884
198 5509
400 8428
301 40638
240 40283
395 59553
71 11308
192 663
277 32653
400 20070
25 69977
479 59015
354 73796
435 47248
457 5783
385 50869
341 74099
124 35803
425 70204
348 45590
241 38298
457 14510
446 50418
430 78779
65 59996
102 62073
500 29892
126 47548
14 18509
429 63983
389 62238
419 78735
87 48051
402 9907
90 29227
392 9385
83 45126
427 56265
68 30631
292 42195
2 73871
420 23613
168 32336
74 78121
309 65044
435 35845
82 52456
305 16103
398 58508
241 35222
88 77210
324 45961
352 18691
481 31030
163 10872
238 29726
459 75378
211 3981
451 52177
446 49331
53 18004
10 28811
483 40547
299 42082
484 2497
255 28463
222 35377
165 29842
242 25585
304 11465
58 62777
284 71842
259 15457
450 55821
303 32104
271 66094
45 33848
133 39228
224 28339
417 67430
452 47216
134 14361
324 29904
469 57835
377 56499
219 69319
301 56340
159 54059
45 71172
49 52885
296 58585
263 25835
477 12488
108 37439
465 20586
360 49557
11 42458
318 23569
58 75954
242 67656
223 67598
467 34581
432 47563
498 69714
138 19840
252 47816
288 23564
368 66240
122 63479
251 36923
359 50385
495 42091
479 59456
281 1146
489 28103
251 11747
362 77659
258 74963
428 48138
373 53055
96 68952
324 27137
353 49789
265 34832
411 53963
191 52587
100 71746
458 66807
474 75566
297 56249
456 60347
72 68998
352 12420
102 23965
96 68003
344 31883
150 26252
424 11892
478 12070
159 71964
368 29131
371 70151
111 56069
274 31795
158 3190
45 6702
151 10456
98 47810
276 67466
194 14191
308 53316
448 36083
32 37206
48 19031
227 15179
217 73563
117 34429
151 7717
281 37038
485 40002
455 58188
437 72090
250 23167
31 29940
99 24495
114 39144
245 78380
447 31757
31 69560
172 39171
257 47866
70 48911
322 16743
328 41106
243 2015
109 62715
319 8922
97 73748
482 62315
477 64963
87 30688
271 72595
65 10521
175 48789
321 44741
69 55325
202 69366
297 72238
220 20350
48 41186
178 646
290 44048
344 56788
354 52957
206 31465
336 26230
151 11784
192 58473
162 4044
220 34980
284 11665
474 76411
72 38002
211 56022
66 27245
145 55375
21 67199
450 19325
253 33017
7 38614
254 9560
70 27681
427 19326
125 54061
139 36704
4 5747
60 47922
483 53845
59 56205
10 25761
428 63728
266 4115
453 12488
115 43090
83 43368
468 73169
410 26228
165 52769
243 73520
274 48182
361 8011
341 20491
295 13498
480 55905
225 19429
64 72236
351 48600
300 46421
104 62708
208 41737
324 79073
10 24021
63 64777
232 9370
412 67078
388 65350
247 54551
466 30265
39 18750
146 39011
440 75842
36 27009
422 56563
105 68798
368 45477
197 65971
478 68757
44 63520
108 42067
199 58071
113 36168
225 33859
161 44563
120 47233
475 79827
400 54310
387 25261
7 29262
257 69612
303 39833
200 25491
98 26550
92 21956
406 10663
377 38211
143 8443
222 3075
91 38753
327 52609
121 54048
67 38154
154 24285
230 50961
499 7690
120 18086
394 70395
280 70700
484 10458
55 26126
176 5033
210 66032
443 19904
235 65666
134 26627
305 39052
107 78510
103 69882
116 17214
274 62019
291 18808
500 75578
180 669
453 5795
266 68983
237 73669
134 41263
172 29680
343 1500
185 22188
296 50928
180 63990
417 24439
168 63670
411 68023
413 17343
135 73979
399 30728
431 37161
166 42767
248 32299
408 29172
73 4467
102 6342
159 16684
59 51675
467 38780
11 10126
75 62834
57 35666
106 20948
417 67181
23 5349
379 8397
498 67288
283 56207
391 18402
467 77808
292 15343
248 10598
207 17054
185 62477
34 63099
486 29683
478 65915
438 1762
197 55283
394 74806
300 77580
40 3291
333 74685
112 15433
217 334
6 67030
119 40177
498 10377
120 7877
179 29062
61 2608
413 56435
381 76278
432 28009
428 45366
62 13333
189 29523
392 77404
140 43576
138 51006
420 62152
462 20838
355 73602
137 1955
361 52348
262 34245
493 71923
129 18236
124 43477
437 33164
72 11655
99 1997
266 78605
453 66608
160 52063
188 53411
256 67968
482 60627
59 45625
432 33589
274 9028
29 34192
33 23701
117 23328
203 47883
19 66144
152 52858
492 31890
199 41340
106 47364
316 53098
14 41610
35 36304
142 35931
263 33221
427 38360
252 53554
440 18423
21 56924
233 31163
43 35540
438 64010
476 29432
257 27138
121 40360
23 48313
340 44784
424 2051
395 72444
34 268
331 31934
110 14625
266 76412
352 7469
125 35521
498 55518
223 70855
452 57704
252 8485
311 28732
235 36544
377 34644
352 75708
246 33370
239 49372
475 12746
259 19264
454 42499
384 31210
167 5314
94 46032
154 58184
407 21042
499 33861
477 40906
492 57606
313 22954
487 16368
305 31203
409 8405
139 55568
84 32418
88 24692
122 23204
42 47268
271 15358
455 32386
11 79527
175 76572
430 71825
162 2201
106 9213
207 41638
413 8576
50 73796
276 75364
295 30723
1 51687
137 11254
38 18553
113 78196
11 75849
364 33564
193 52410
80 73390
181 43121
311 71665
281 48853
78 36927
383 70008
123 24783
120 76656
260 46183
458 16310
214 70130
358 59671
283 60540
264 13053
441 57859
302 34002
221 59939
49 62203
308 14702
87 71980
9 35233
162 5525
293 44022
283 29746
245 41638
392 44753
140 20316
63 17940
406 13448
468 42026
306 15849
288 19193
150 30995
348 32192
66 72303
154 52294
308 29619
152 52502
270 51112
3 32682
486 40032
70 2773
454 18199
316 50549
438 49104
473 69362
24 27428
170 49191
235 32663
368 32435
215 24341
201 28447
199 30535
415 61859
232 60375
31 41229
232 45422
40 42775
152 41608
337 12073
157 8677
339 52980
306 68378
388 71649
297 78863
468 17968
50 2874
60 39346
203 45507
419 30642
38 42482
443 9070
449 32020
70 44980
154 55659
274 46082
93 22327
88 59477
217 49020
54 66079
434 70490
253 18561
220 75010
332 26837
403 22119
362 68078
77 25048
124 35166
239 36650
153 66156
204 56155
440 69175
137 42823
70 62409
339 57906
201 40663
200 21465
46 52448
351 68440
439 14191
423 16299
390 73236
172 10015
353 41601
146 49488
56 990
95 35971
286 64919
309 73090
344 33903
98 6525
348 54912
231 41088
227 8543
289 34636
336 70161
439 70096
202 12145
478 27668
466 30203
376 11395
179 52958
218 25177
88 79489
166 15995
490 9543
113 76726
27 39348
133 30512
56 28802
169 41291
92 11112
112 15399
246 72281
54 13239
299 52959
383 24145
170 3977
217 1856
10 79645
154 3196
32 12200
124 5532
314 3910
396 67438
5 68847
316 74342
160 49834
349 23831
475 8929
145 30953
273 46160
126 28598
290 23584
485 40970
25 79965
424 51500
123 60323
132 8729
46 39121
359 21748
215 79032
108 59783
141 2694
42 8453
372 44671
485 64446
47 46157
37 62163
158 23599
80 60073
120 77310
225 35428
194 78808
468 12271
78 28855
195 65611
473 11470
323 79188
190 65675
44 10143
101 14795
53 48368
485 71583
400 35601
146 13230
304 68592
303 7754
126 49447
9 71640
252 40674
374 45334
206 70077
11 27262
376 56210
83 39182
69 70366
38 76346
25 46355
395 26548
56 1955
430 48663
485 62914
415 46462
480 49251
212 27752
104 36695
207 36796
186 47314
422 31284
324 73592
281 9099
471 6801
12 17378
29 57096
494 27988
56 30817
363 9531
329 53632
398 29707
10 20374
300 63897
357 72084
227 43866
66 42841
344 7832
496 8926
347 45930
197 4111
73 25365
206 2529
144 12780
388 61292
407 48827
490 21500
306 68617
496 27442
416 40605
397 73964
336 46382
30 38722
391 37420
257 72188
465 75559
276 72746
339 66339
247 23368
63 47960
421 5311
269 64488
499 39979
294 66170
163 71625
232 41862
366 1315
138 38902
315 64515
239 71574
250 25860
243 8817
458 14167
38 40536
392 72823
383 7538
445 59114
58 30031
396 75359
75 69127
326 27446
216 55431
76 7968
487 62964
372 52712
34 15173
452 3756
365 12431
117 76489
52 23248
77 21176
50 54513
294 37497
423 36162
270 41098
71 10895
357 7673
77 70831
165 66197
45 17491
169 34039
2 62084
77 8033
24 76065
180 31072
435 77055
163 60797
86 30968
316 8297
153 10336
31 44014
448 66640
332 29699
34 44229
327 9830
295 56788
158 68223
494 18883
207 10164
51 14001
464 77299
478 51707
453 46006
198 35865
237 26314
367 57725
221 1404
269 74132
391 47461
183 43973
53 37849
341 15413
308 57587
214 61464
93 45073
10 75050
43 2166
325 41384
179 9172
167 71290
131 47784
170 41745
428 51357
51 64169
315 62716
373 10596
267 44611
455 16074
394 48562
367 64275
444 37000
158 38387
263 39322
37 57009
442 77385
271 10665
281 77936
124 67239
98 61596
40 35694
327 42696
358 43718
322 70265
382 36525
144 5168
91 27247
310 5233
354 72822
79 51927
397 65526
444 58645
368 65980
387 76515
195 46355
237 44145
450 18336
476 23094
24 5037
141 41935
337 23836
342 69474
304 14089
417 65285
438 39872
160 67564
197 77860
251 14835
449 230
465 78007
234 69472
52 26731
204 75403
252 5084
486 26101
76 62967
108 68204
449 45825
285 10265
288 43675
178 10370
116 32062
293 41481
454 59167
314 21563
88 57793
206 78837
19 19036
143 76521
205 4884
85 79880
63 61656
460 35527
276 45861
43 15120
20 25814
386 5835
81 16398
405 34019
442 77885
384 21708
343 5466
349 50889
115 33995
385 67867
206 9202
443 27489
303 45383
319 64732
255 33930
301 29751
115 11520
71 16770
10 48743
342 35713
130 55798
178 2749
450 20133
149 27350
398 2788
484 33004
331 18623
382 31159
46 20103
227 38523
198 70601
87 37869
79 72907
248 67363
284 8803
231 11425
81 70424
24 30881
278 78088
437 16258
78 15682
95 49708
221 3890
129 409
191 11502
463 78694
298 58525
253 72171
331 66597
333 65777
209 33678
105 20224
122 10932
406 46489
25 71205
142 9433
110 22159
487 20372
386 44420
153 36941
263 41168
300 3912
373 58270
87 5935
72 75661
287 20235
11 22549
226 13676
230 51976
365 1502
33 20344
326 30875
455 64084
118 23941
88 15321
336 64738
95 5214
249 65872
117 51317
90 15057
432 8958
497 16037
358 79747
500 79781
139 32825
383 11101
354 61219
455 43147
420 73807
470 42808
375 12814
492 70394
40 54804
81 64609
74 3770
49 35684
473 77965
275 28636
416 70514
78 74469
96 2068
475 78285
150 53517
288 69080
129 78727
466 10382
433 23605
181 28964
77 54449
439 28950
210 41148
464 4877
338 29200
185 78968
439 69082
476 72446
333 36636
382 13865
347 19014
149 21663
374 57256
3 53424
384 63915
369 53947
123 57339
56 63297
71 15614
300 34750
308 58175
271 46849
29 20366
255 22937
154 57885
329 10943
180 26973
475 52130
307 5196
87 26511
471 40450
146 56359
56 9157
426 3708
348 38226
379 13631
201 8544
282 65982
153 78600
58 50221
468 17853
321 73101
221 19168
53 10275
229 46497
348 9170
186 49431
295 8002
6 77030
432 35757
362 58279
399 69598
319 27414
225 31822
356 43489
177 55119
290 11191
341 42165
430 48056
355 48831
467 32921
477 78849
402 44796
24 56055
240 74400
242 9966
303 22990
128 59383
285 56416
24 45302
392 37669
108 739
176 36002
430 31820
388 72217
437 79289
461 22553
131 11035
230 28302
89 79025
498 75099
240 17443
217 76766
120 31059
484 47549
400 17839
252 22016
291 27906
154 62042
274 62196
46 2410
292 45648
224 44291
112 57642
62 1118
431 62920
281 69703
383 67541
71 71186
305 66898
94 5636
100 19940
336 39166
187 6430
269 39010
247 6974
168 16574
151 5265
491 13352
114 43730
66 43833
229 77846
328 49374
338 58599
85 3952
486 37839
185 47360
364 9084
44 48826
179 60005
48 62727
408 76387
475 75040
254 63312
210 3198
384 78342
206 79956
119 32150
443 21823
277 66676
192 47815
451 23812
20 29668
384 8544
397 13629
123 7697
351 69598
333 65614
45 5644
177 34474
81 60117
367 79838
3 77306
161 9232
6 25443
489 37345
111 58779
129 42465
400 7543
380 56971
174 55626
240 55540
299 58309
387 23387
340 23186
393 23922
208 1934
21 63963
208 37052
436 31379
322 21883
96 28361
310 15657
322 45322
447 45169
389 32102
255 55108
153 24941
38 75693
369 49253
312 3904
365 56245
152 16637
152 43542
453 40953
179 53587
93 1135
28 66795
241 45722
108 1301
279 19223
74 35782
272 21356
118 37254
402 25971
327 35781
111 34193
481 12247
352 51624
359 67090
91 44117
386 79841
125 34945
232 34439
373 16518
338 54698
435 60594
203 12455
126 60200
279 26654
482 68418
421 13145
35 70293
345 75348
496 38074
39 34661
309 45958
201 36206
298 50439
277 6765
425 22551
161 77621
264 14690
209 15237
216 4956
253 6405
223 74813
36 18280
467 5830
486 46350
349 19022
254 25199
211 48819
389 53900
238 39363
182 74299
273 62107
448 55536
248 10902
127 18996
386 57419
478 35577
392 11662
43 69234
451 23750
227 29843
414 70015
346 70673
177 37322
233 41856
327 24477
71 54209
73 3313
347 19384
5 20703
353 76850
452 50904
396 63396
201 39152
130 57406
299 63744
96 19400
315 28022
238 40451
192 61369
89 52790
136 14661
244 69785
266 68496
34 51435
250 31784
191 53567
19 10071
199 5736
418 44954
421 46908
148 35986
57 5671
56 30287
411 44162
98 59520
278 74137
369 79909
313 67771
311 61416
29 54228
423 1152
269 1935
338 58138
37 67460
23 60853
464 10636
345 58471
279 29461
493 25379
75 34686
361 79010
350 31378
295 4732
311 9116
12 77493
101 30030
473 25431
160 24387
493 11033
232 53171
305 19414
236 77912
166 38706
176 68126
307 57247
16 40482
21 27128
219 40682
365 19125
489 66100
429 17295
269 74151
15 61627
351 32011
88 54001
399 54962
419 4334
340 58961
460 32989
455 1300
269 56156
101 27724
76 681
56 73263
43 51968
55 56476
135 39109
385 42153
33 18601
194 62873
108 70844
174 68709
401 44141
253 20563
361 44790
485 61976
235 50419
211 59978
32 64621
294 7956
429 78786
445 70184
496 73930
478 16047
467 41122
270 12427
404 35736
358 28002
19 74656
289 45390
147 16139
212 49786
26 18705
368 39381
480 29690
407 23211
144 57390
192 37745
334 73981
362 59802
118 70819
466 13205
368 55676
354 57119
182 47917
306 6280
434 408
98 20917
364 22096
258 59600
172 23707
365 59560
250 44477
455 50268
17 68561
131 14257
341 45227
150 40663
176 28346
334 22946
229 11342
491 68574
88 18459
349 50113
331 38090
212 55539
325 610
479 74923
249 16160
162 69874
59 52119
425 22210
168 65976
422 22437
277 26808
238 3697
336 75803
448 56378
135 28869
197 15255
439 77867
247 43531
493 10558
402 8660
93 75199
438 10535
134 73426
178 6843
399 5064
382 10473
374 44709
331 74662
4 18286
330 21095
406 35694
224 69917
302 27128
73 67084
163 39088
388 24760
280 19401
33 75546
25 32464
244 62549
391 78062
271 60813
367 59145
15 41613
267 75726
156 60773
17 77513
164 78686
110 7155
300 61689
268 22419
231 32153
52 2598
305 66440
9 54169
2 78573
63 61331
316 52105
481 63764
140 11111
15 9475
198 17239
104 32319
44 32795
126 63650
399 10325
357 41723
371 20360
408 31002
126 42141
284 56824
92 37711
151 23734
406 22087
142 20029
330 77332
163 10406
496 55246
296 30816
273 54808
410 77891
127 22621
119 52694
6 55975
68 47373
266 13759
108 22497
338 70377
39 65147
491 41008
224 17220
395 61101
276 29972
183 13954
4 64935
257 54786
207 30046
130 1885
461 55331
22 32553
321 13357
7 37879
376 26807
205 865
120 43689
89 3738
282 1167
333 19987
500 67773
382 26847
208 27718
82 42853
343 42892
490 58914
51 51392
442 2224
118 78948
120 46778
380 52988
16 36923
157 26466
23 77330
61 29553
27 1521
133 58130
317 62657
53 35991
423 42682
176 33402
426 78714
402 24914
170 66107
227 27488
209 49809
249 16987
271 2843
98 2342
261 58351
467 62671
65 16043
127 66180
56 28162
433 47161
189 63226
498 59988
319 75277
329 27555
118 51635
352 10142
222 9678
238 13310
399 11909
271 7155
128 50988
162 14167
168 12778
240 10607
76 21995
22 20391
194 64119
87 54415
247 64352
472 43351
283 43121
242 35789
320 18078
279 39073
167 64048
357 10292
138 77342
377 53908
283 53137
194 2284
71 62204
364 6385
116 6754
237 60301
432 45465
371 11192
400 30670
424 14420
162 35046
128 43575
187 62970
155 32800
477 31699
125 16708
434 4003
108 9798
83 39018
93 44308
250 59499
479 39840
21 46491
434 73948
49 64327
110 2149
352 72604
126 9137
135 9774
253 77163
161 48930
192 68925
117 6461
38 64017
440 3254
375 27201
116 5441
1 22186
215 68127
442 27308
198 54197
40 21734
127 13127
408 58356
299 49339
303 4424
232 53747
360 14946
5 24529
84 19591
160 39080
85 56254
475 46885
152 66338
132 11013
154 31277
112 20226
214 17691
357 11505
258 16221
356 37557
254 71209
488 54959
360 6662
128 56421
451 21328
249 49435
7 25679
94 30115
174 6339
114 34677
259 8779
434 31350
141 45548
260 12140
312 22130
185 71747
313 60056
64 72913
437 6123
244 63489
146 52281
50 71255
481 52302
141 29875
45 47896
48 73698
395 39816
68 58784
32 63112
171 11090
123 10333
158 55032
428 4722
116 35246
201 37660
53 28311
141 14914
300 10990
116 13528
264 69582
1 23883
127 29300
464 14545
74 75826
416 31447
131 35099
234 58203
100 5060
483 67951
421 76245
470 79282
233 27347
268 37818
109 44934
251 10222
76 61640
488 28407
189 77231
429 78505
69 39230
447 68363
382 13518
77 18817
101 17394
251 78929
309 58011
347 29258
162 56471
84 8665
483 17838
438 65325
188 13502
188 54343
124 7446
330 73449
40 65161
479 38958
234 69054
464 32745
91 28512
23 7632
10 50794
437 24430
11 15337
12 5301
461 75897
18 71296
72 47474
132 67395
179 10158
168 79051
315 29201
167 14138
467 20631
124 3808
14 38343
247 3251
496 30633
26 10298
396 62159
200 28169
435 44062
97 65542
16 59411
296 61609
67 50960
213 2929
279 33052
75 1871
407 6589
479 72575
480 166
435 51395
133 17877
396 60510
82 64994
177 44685
454 5658
461 54462
225 40548
332 64386
338 65596
199 53162
206 697
112 39966
280 20648
175 73820
167 59449
196 60084
79 68565
279 70992
472 34181
337 38486
85 75542
330 25889
486 48239
301 72439
114 20828
294 71831
138 64267
53 72680
413 10719
200 8755
418 38728
485 49192
145 27410
9 20925
6 48846
90 41027
72 31171
86 34623
271 11692
326 63269
410 10064
156 59779
34 68915
490 27395
86 17754
392 559
85 67506
38 22046
219 63221
16 176
180 56134
295 34776
251 67729
27 5305
368 65923
3 66358
207 48467
75 67494
215 49637
247 72406
339 68495
121 79701
140 50661
415 77352
78 67942
382 48455
434 20063
285 68320
255 43848
304 55929
306 60140
181 27936
251 54979
34 30609
443 75953
361 6692
453 45061
206 67332
224 18551
389 27165
236 17614
186 15624
441 34484
170 45295
354 57576
101 15500
224 50527
139 38854
292 58059
145 33223
12 9564
126 28978
23 72499
460 39984
68 5627
111 19765
55 46522
325 56503
48 30646
88 43219
415 30741
414 66049
66 30658
281 778
393 73454
105 25763
445 60517
348 52178
237 13455
277 75945
460 43416
261 72101
51 48367
377 18616
168 5595
439 64033
131 62560
464 35412
472 38415
471 50623
219 51119
221 27961
35 42111
351 17883
460 40210
275 45681
437 52432
223 46386
286 61800
157 25181
499 3022
265 72484
331 76032
478 11155
203 68543
333 72921
368 55205
281 24181
220 71098
457 30608
470 36052
341 40774
426 49736
38 40742
398 30091
361 35323
187 4336
216 54879
500 56436
388 77921
350 32859
12 15654
470 17365
269 31816
434 39279
176 33112
41 9749
239 75731
75 34672
461 10677
302 39126
361 45027
291 5997
411 72773
233 5601
387 79762
221 35366
167 49421
68 33347
185 69169
117 79368
219 49910
184 37033
78 66495
468 72705
68 55482
162 31006
318 14586
327 2708
34 45763
283 23914
497 8026
324 69053
90 42204
79 22678
126 9265
3 53067
382 55360
208 62632
345 29072
485 35945
243 19395
283 44382
47 33283
216 24866
325 5306
12 33204
376 27940
448 45154
82 21404
490 14401
323 29239
210 11593
18 25573
356 35045
380 39081
35 4323
223 64575
3 21357
160 62580
241 4307
489 574
278 3115
168 15742
27 6230
378 78200
252 6875
316 65310
225 22709
318 32882
84 75809
227 78586
497 11120
11 35261
204 1751
289 31757
370 48762
301 29085
164 683
479 73462
444 55114
462 47224
200 15847
338 26526
256 28703
98 18292
488 18310
355 1508
11 72228
259 14780
382 53730
11 46644
339 11234
465 57669
146 28322
475 62874
484 56391
442 69230
403 21372
232 6766
271 47438
458 39669
200 35158
75 43210
170 76563
471 6202
135 58283
141 37692
348 65319
405 7354
25 56261
255 37606
212 19271
422 75980
231 57501
214 41141
119 69931
75 6421
465 6973
311 43146
436 55651
152 45623
493 67942
375 11255
218 76989
86 37741
348 22547
203 66666
325 47171
287 13120
274 71522
340 65870
267 50850
223 55246
358 24864
151 14653
99 74372
220 56111
359 58160
261 76090
296 61004
163 19113
127 58582
187 43679
406 53664
476 21987
79 30779
307 52024
35 60044
369 1085
411 52121
428 18041
335 38189
90 73761
333 34237
108 15355
263 44838
88 63512
218 71144
104 53289
308 62167
177 995
363 62034
477 64227
243 4947
286 43504
144 33147
137 36220
346 73680
467 51742
480 20031
231 999
225 24949
354 58353
290 77367
273 6255
437 33487
99 73177
172 67097
84 72053
64 66678
243 30211
358 76768
294 32368
126 39076
69 28817
398 20838
38 56185
384 77212
179 67274
466 15626
322 67220
239 39443
32 74078
96 45494
168 60452
57 57364
333 16734
92 47385
303 22487
322 60954
242 69755
493 76481
329 62959
243 70853
417 8961
258 32958
72 48641
169 26376
314 668
6 59038
403 16130
70 76626
471 42053
70 52328
89 2197
166 77545
417 4585
61 47890
429 14382
270 1745
427 11419
326 20178
93 21864
144 33338
61 22962
27 74488
303 66579
127 18931
306 1695
213 38665
238 66332
270 40961
87 9675
200 6156
25 907
306 57947
6 10466
479 11881
475 23713
450 4331
191 56758
381 73655
359 22869
113 14327
140 30603
31 64154
352 34873
163 45596
110 42287
104 53712
497 47192
121 62036
300 4204
487 40580
78 27231
329 27979
90 33237
74 54895
471 45587
191 68882
215 9510
150 41599
391 18290
372 14631
228 25492
492 20475
321 66554
150 24937
59 41221
392 78845
396 69243
320 65416
113 59799
153 33958
428 25475
393 42211
346 9322
322 32592
461 13700
389 27996
124 74215
308 26852
210 69187
302 38487
191 25154
2 686
327 29495
376 13667
208 4427
419 70899
36 41951
400 19214
317 36837
205 29940
496 2840
187 52267
179 33864
41 12020
287 64373
102 3181
406 19054
355 63568
14 6509
339 55567
232 70486
298 7000
493 17353
310 52278
389 68166
101 75763
483 14424
137 57274
250 65429
225 33190
284 29208
371 77563
158 21025
205 15108
205 55997
359 39737
187 13191
92 15084
319 672
165 49164
125 14470
85 68400
3 46154
99 11932
230 14316
294 15075
445 37341
400 31385
206 32422
435 1501
276 70417
335 40080
431 4308
404 29730
320 59784
156 63759
237 42292
401 3909
14 31949
213 59367
58 41516
192 45313
363 1832
333 54459
142 35710
417 23663
392 55579
35 79685
328 6286
359 32163
322 48569
140 35095
77 16728
413 2330
266 49511
323 72860
127 25205
461 18188
457 11961
195 47610
390 47881
340 70125
420 15539
220 70956
12 63658
327 23664
392 34902
167 15887
246 72724
310 12487
430 14785
374 52339
199 47539
295 67403
15 30363
73 69580
99 1500
383 46168
384 70047
269 71247
477 42068
54 48656
78 35006
151 59107
94 57075
455 11550
466 6643
245 15451
308 47224
165 55643
142 65148
491 6725
64 10692
446 2023
477 14755
470 40194
394 4023
23 57349
409 2819
263 41834
11 74623
360 10043
391 6239
484 73724
21 29084
299 53742
124 62144
37 62156
433 25154
457 21272
489 15475
295 3554
147 6766
499 17676
396 20096
204 30334
61 19398
333 66306
284 41701
100 50537
463 27459
382 51620
95 31803
60 57864
74 61878
301 41379
78 78603
357 79796
157 46099
332 40176
87 23644
180 78492
10 26343
119 30859
41 32484
103 12854
360 78445
217 8513
490 61651
378 4188
332 37794
173 33158
408 47608
211 21905
398 5969
204 73308
382 31181
301 15240
8 72155
25 74815
186 22353
447 22886
170 9473
432 73171
406 66503
341 27490
306 2660
225 46841
9 26021
25 47823
348 41009
358 20050
245 12280
155 3395
358 51775
119 47522
152 10762
96 64927
452 79510
367 30364
257 40590
389 26509
412 51713
385 53241
475 34117
483 52235
31 19202
223 39932
77 64333
152 33060
264 37537
210 40091
334 24344
476 77794
35 4390
474 28844
289 54892
460 63240
271 8002
250 70993
393 62657
310 13081
281 15509
133 51896
425 11705
142 11413
31 51615
448 30276
24 62883
69 75880
153 27441
410 11881
197 72368
108 36751
241 78034
302 69741
251 50746
357 48243
160 74721
215 67268
14 65726
148 55793
130 70706
235 61953
462 75347
42 75662
404 24501
450 2493
390 39105
356 73076
176 21991
175 68119
325 53512
264 9596
467 14662
477 56060
482 19162
342 73376
5 36985
351 109
181 58854
211 63774
467 30494
74 36077
26 42630
292 38514
167 16281
317 20135
232 12399
243 79061
30 7684
259 79498
463 48236
192 54268
164 54381
354 31815
428 58337
84 21257
375 32527
447 74793
423 62122
477 43463
139 26822
358 73998
163 44232
19 26173
57 48419
78 6623
60 12421
315 2452
108 66240
238 38864
107 23679
118 63478
250 51061
372 26806
64 41913
286 3796
379 5981
192 22545
50 74821
239 18387
201 36449
433 76967
301 22403
270 17292
75 15321
238 49496
178 16620
108 45413
478 24799
33 27900
442 40014
243 10438
310 48081
274 60046
86 60990
423 18007
493 64709
172 17871
199 50423
193 41073
104 71674
494 23164
390 65872
490 31357
330 53032
390 3044
491 34693
168 13529
351 59427
229 62851
293 9719
311 63757
205 78843
351 17795
12 48336
496 27293
108 46988
10 53644
357 9136
349 22995
135 28401
415 72060
345 65660
122 26332
435 50829
243 62887
273 35493
340 68369
194 74653
143 76852
78 67215
176 31335
88 47276
391 53155
385 20335
248 35048
183 33064
217 48646
80 14376
479 10784
432 73802
14 79700
50 66462
148 7698
463 48855
371 33399
9 57744
468 56270
53 16467
28 1207
414 48765
262 69200
16 38494
99 19857
186 4061
441 61646
221 29057
101 68727
138 59450
414 20855
100 10545
171 12114
55 39397
452 11945
94 55239
257 65985
246 27178
70 29744
369 784
365 55028
417 75009
188 29257
42 46936
24 46847
415 67499
275 17318
89 37609
347 45293
470 29566
96 43457
304 61787
443 53703
351 34445
49 44428
275 34603
468 65577
355 28097
66 41147
227 12189
380 1422
128 32970
473 39065
74 43508
500 19110
41 61018
165 78627
181 42322
328 4141
448 66512
109 18716
476 64448
423 57970
275 65959
305 25314
249 21221
116 46136
245 7734
174 29511
60 41763
257 43195
344 8277
34 73621
95 19604
166 72446
26 9481
305 16317
330 60620
414 22129
146 69475
428 61729
255 41450
224 23985
458 78190
436 30633
170 25835
218 36489
308 14212
467 78487
417 35282
80 60737
51 21641
369 69928
136 59214
97 12924
10 105
383 1056
309 24913
448 65787
396 41742
195 64678
352 23709
187 45753
276 67285
377 36095
191 61043
499 60121
385 33986
322 20062
391 16067
108 35068
126 27133
427 16561
419 1897
321 29002
414 63620
365 46390
427 31515
357 20030
444 54726
398 45223
94 45241
314 1122
319 45972
142 58247
21 14507
336 1734
302 16387
435 72848
234 20404
157 77215
464 21231
376 46418
26 60106
31 71615
480 43829
92 63208
457 71163
240 68145
433 22533
407 42128
200 72070
324 45709
30 25550
375 22010
141 16253
259 67887
127 32568
439 58336
145 25610
253 70721
164 18632
482 62434
12 3323
116 50011
384 57918
468 52805
283 50383
172 46557
387 46513
371 52690
500 35950
404 51835
445 37908
335 42365
380 2075
171 61768
277 45255
185 79398
479 11187
155 20698
167 35561
354 55684
15 919
213 25468
40 9727
24 48578
396 79679
337 46520
416 59609
218 54106
439 18071
366 13272
170 12102
371 53717
498 35759
287 6691
66 50882
232 22935
306 53070
314 4871
389 37826
76 55449
223 19478
451 56698
204 23482
286 54949
475 3608
21 19225
475 34867
130 54327
262 5005
135 16430
449 20411
222 31562
170 3840
307 55859
334 42115
165 3056
67 77232
377 3023
175 29217
122 37298
55 21193
356 45804
121 48015
457 55111
354 55367
267 31508
369 20938
492 36601
426 65289
116 9262
488 65228
55 3553
379 29344
276 47583
235 52527
403 24570
379 63703
323 11037
43 38837
377 41164
283 2043
351 75159
137 51661
14 70165
50 47389
285 15002
130 36446
128 35423
364 67270
158 18910
463 17466
155 58743
340 30135
487 57065
253 72543
181 36274
371 27209
364 243
93 60965
197 49841
491 2199
471 78378
188 29999
170 61773
29 77841
149 45480
79 73885
76 50464
441 78374
491 40217
11 71215
216 75107
72 59159
197 9468
373 45382
152 75617
364 29593
125 47610
478 21233
240 1399
437 13681
56 1560
311 67334
285 26075
249 73152
95 69539
98 34526
45 3145
25 56872
102 79420
206 51599
231 51786
61 20459
227 56400
345 5546
214 26142
7 16090
363 3500
416 66494
14 57396
23 43951
463 520
60 61366
245 46656
190 13009
28 28435
375 61684
139 39390
206 25942
358 31800
244 22648
61 52459
88 70458
315 67595
225 60955
432 71296
188 49770
408 53473
215 8540
378 36655
328 46550
485 28210
284 55620
190 10599
64 34060
193 74744
371 20708
192 10688
394 16385
191 70193
66 57699
130 77896
482 21458
345 5058
55 22170
235 9309
382 67486
283 41450
321 78339
34 27952
286 15959
396 686
190 70704
363 76764
52 28195
467 60028
152 12377
100 38002
168 2380
318 44319
322 39061
452 31471
184 53100
433 45908
111 895
219 28182
200 6891
215 8863
306 70062
486 5387
202 25485
71 9411
393 10803
166 70667
378 4885
455 25247
222 60970
265 60804
262 10515
300 4291
392 60991
307 27767
134 43536
158 40793
34 30401
29 31849
360 6944
136 63041
271 26604
441 72660
341 39241
357 60724
182 40663
115 21291
365 25946
127 69990
310 31375
60 58233
1 64014
150 54539
238 38080
45 58728
83 54512
73 132
162 1554
212 5371
419 53758
95 19207
102 59899
145 76334
75 60455
222 31243
269 35813
89 74031
312 23832
2 41193
298 9083
241 48546
434 37303
318 79320
172 68111
99 68439
54 59875
233 26872
391 8249
351 72581
226 56214
273 24637
247 59294
394 26687
155 6648
158 38820
347 16472
22 31113
153 35758
319 13443
467 24853
10 78046
434 20368
27 4416
375 239
433 60666
206 68425
200 45318
362 47280
496 43949
62 79570
15 70108
320 3993
326 34489
444 491
349 63476
182 69775
438 75000
321 43809
394 75348
500 3100
64 30107
189 73527
460 39770
241 63592
13 47244
334 71456
144 13122
81 78645
151 7312
120 60347
482 6294
73 61981
206 52289
313 28607
321 16327
166 19760
