2000
265 31918
82 5619
277 22794
103 33444
267 18991
172 6512
10 36016
209 11960
182 15066
153 15840
54 18331
284 44829
82 8972
184 20276
54 7379
252 50692
122 4700
100 56137
40 24257
258 39344
117 49516
296 13658
32 47798
32 41102
108 5196
127 27343
291 2232
142 53312
94 58652
264 21483
38 51471
270 26760
98 24937
214 25416
27 28994
129 51388
10 34575
92 37443
289 1601
7 11893
247 49700
261 8035
240 10374
189 30672
130 25024
25 17763
178 46560
9 845
15 13641
68 55862
214 31027
24 13383
209 33880
113 28073
244 58539
90 18619
99 21620
252 57889
241 23095
292 11144
18 30279
117 9659
26 23377
236 42479
265 59106
7 33855
185 15404
75 39718
195 38879
154 18391
110 35743
201 54899
182 2174
10 31922
74 2477
72 5968
107 58432
102 38027
19 51090
264 24453
146 43323
178 11980
41 8914
34 44735
266 15441
59 25211
61 34324
297 43857
122 49943
38 24574
92 51090
115 45355
36 24434
143 19479
92 28283
15 9692
164 54587
149 5456
181 18304
74 19516
96 51086
36 2625
240 45882
212 26968
70 38907
297 38093
130 40477
235 2867
233 30073
153 13264
109 9036
123 54292
162 35608
1 51780
297 39827
218 58407
164 49452
294 45127
219 29829
276 44055
2 34256
184 52454
104 10977
107 32022
146 28604
130 40907
86 30328
160 15017
288 37889
144 37329
149 20228
78 5256
263 7522
195 44576
266 23391
173 23200
250 36224
116 51512
123 55743
20 6380
83 29044
100 53441
244 50165
264 58052
295 7446
292 50761
138 19064
103 17713
27 36169
5 23322
254 27586
241 40297
135 40444
32 866
209 20738
44 19460
105 32508
238 53998
269 39275
253 12927
298 14177
217 16757
186 48617
108 23555
258 12373
244 2063
274 28480
6 44052
124 47149
185 58840
200 37417
129 37590
151 36226
281 56915
179 57989
146 46901
297 39096
25 57817
164 34069
201 27663
59 55847
18 11992
210 55038
131 50360
57 39831
133 54869
272 44511
222 58215
269 29169
35 59789
138 49800
59 51737
152 29867
210 35316
185 56541
90 2726
191 34734
285 56127
126 29306
60 43997
279 25329
198 48972
147 6333
120 59807
56 44640
250 19186
200 20575
268 14690
104 54739
255 8448
62 43445
83 30946
44 5438
28 54497
207 43555
90 40859
56 11065
195 59425
223 32061
113 58205
91 38842
282 14403
235 26042
142 10829
260 12446
256 13057
184 37600
233 50012
9 55483
67 10122
68 2152
16 49653
182 51022
53 26247
223 17167
259 25274
218 41775
249 46918
78 47064
80 15267
260 29006
117 2710
78 5795
71 12570
34 30733
299 55800
57 42279
110 26270
240 48779
130 42804
267 1990
109 57835
49 54552
109 42183
249 43300
210 19144
20 51010
127 11019
77 17008
125 15331
255 13178
222 45086
74 25621
208 18795
191 551
220 25185
112 28521
184 26144
204 58958
296 9002
29 32756
104 6410
29 57242
69 12175
131 5259
104 14244
141 23149
34 38635
196 8738
91 3745
133 22689
82 48363
176 17814
78 18185
8 29945
221 48809
73 42858
203 19368
145 6437
51 48630
82 33992
71 27624
127 42542
79 24377
118 31085
262 29203
44 43639
12 52356
185 50162
217 41893
204 50907
141 26476
205 10628
214 38666
134 54076
282 52969
57 54906
270 2582
105 50083
115 24663
92 19307
93 18294
268 34749
3 8299
110 40367
84 1944
104 54117
298 11386
277 638
73 53210
212 57288
144 49249
213 59300
25 26275
171 13292
148 54657
35 33843
88 18029
167 17235
22 20049
224 31137
119 44670
205 36806
63 17161
249 20982
61 40346
141 3693
187 57288
252 31640
16 4203
10 54111
289 27779
101 46963
259 5998
99 52982
77 58740
142 17183
39 50818
242 51251
88 42114
222 7389
32 54517
151 47120
127 5071
264 57068
116 56293
141 47292
230 13658
84 55802
103 56444
135 34364
148 18764
256 13979
227 10647
263 7447
165 33257
207 4027
252 43604
293 10277
138 17329
8 44603
88 31348
4 9864
168 12947
291 17541
299 39100
103 28803
188 51256
254 5167
71 29817
96 14370
103 9885
113 18411
60 17138
20 44047
278 28297
253 37063
52 54831
255 59886
254 40811
63 4405
276 24903
127 51978
220 11233
200 44524
271 35281
185 45319
237 15798
90 26225
197 24609
170 15691
98 3684
197 57933
261 56170
103 24830
276 32365
198 6342
220 24214
268 27378
196 58671
271 22924
108 25558
115 29265
267 45290
292 4448
177 15548
293 10555
170 54425
26 26726
153 5826
175 52936
198 8310
230 47721
173 54578
9 6401
136 10280
70 57448
45 10814
165 14602
149 4839
50 58322
90 33908
44 4117
46 17389
71 54162
282 54838
239 43819
104 9390
43 44113
150 15192
62 20750
133 34877
113 37896
250 37425
287 11282
140 59901
280 59196
228 10828
251 39044
259 12349
268 35824
60 53666
63 16161
95 46750
259 46048
119 58693
92 7355
13 47477
249 49656
275 20558
66 40465
59 50347
127 1150
133 17493
67 28581
100 47337
134 4036
133 57275
84 53601
122 5059
28 50081
97 53740
249 43548
211 46447
216 3151
69 44893
217 58355
54 6540
230 2863
151 29595
3 53697
225 32660
176 13403
23 54
97 57051
106 37163
41 32366
243 48416
227 15095
172 46181
40 30912
247 22291
188 40484
13 38891
253 15015
17 37694
87 51567
227 14654
154 39553
37 17953
198 26219
133 6035
238 18921
13 13704
53 56027
137 20042
21 35598
49 44041
163 4129
57 36780
236 42893
199 29626
271 8161
172 32466
292 29231
51 33216
87 12555
289 55678
271 25277
251 12062
252 19340
251 55285
265 55894
91 37096
218 5449
157 28919
115 16196
185 16575
160 563
50 45913
119 5922
262 50722
105 18000
49 28442
221 5310
98 14472
7 6298
221 50184
6 33837
158 47114
222 16095
77 43442
259 41818
256 32003
88 24300
189 19052
198 41909
164 12625
279 1233
245 37794
147 7315
96 9016
261 40346
164 10291
103 55971
197 4354
170 26688
129 844
287 11154
211 38164
178 12524
219 4470
97 11212
23 26127
9 18662
94 40549
169 57314
111 8285
109 48995
222 59512
280 49241
48 56799
54 41
78 13189
135 45473
98 23967
95 53529
90 44617
108 42810
247 48828
291 10573
198 26869
267 41994
87 24288
80 35065
173 14558
45 25818
135 53007
195 55618
195 49186
116 3403
5 26755
180 47703
101 56990
184 46794
298 1320
102 24534
71 22410
2 44072
254 45688
100 51603
244 49779
203 34878
243 51498
96 32922
232 7056
137 54069
101 59368
142 37711
144 44662
164 26607
62 12368
137 57527
5 20637
129 19076
298 15655
144 56519
168 9120
245 40735
103 56902
185 54723
281 24442
118 8243
229 15217
292 20730
287 48434
216 41807
150 14706
84 49262
262 38366
100 46420
218 54996
52 3840
75 30860
279 14888
179 4434
210 20526
219 35635
115 26210
81 3213
191 44959
219 11382
280 44674
230 17096
159 47884
260 9062
59 55471
190 45807
180 13802
179 46177
74 59327
39 9889
247 14796
69 508
117 11510
290 9540
133 32485
23 31002
45 53158
107 3435
187 53103
154 39007
3 29569
215 1750
181 9894
187 37275
293 52784
164 50085
221 37575
195 36658
98 4427
126 38195
184 41063
175 44835
282 55612
103 15254
3 1900
44 37736
19 17011
32 27608
82 7796
119 40246
36 49035
213 22513
207 51094
257 5653
168 31808
263 51433
259 10457
24 15284
67 6682
256 50823
99 29078
43 13226
103 5515
185 24805
147 11625
300 4525
255 26187
66 20690
237 13787
196 89
31 19468
108 26017
178 22350
224 29357
168 14722
166 11761
23 47690
154 36622
48 45608
46 5354
121 28220
93 55668
214 22928
191 16480
104 55030
107 28770
109 42113
34 11437
6 4364
257 35084
294 13752
115 25180
64 26909
137 49293
76 1701
256 27471
46 44378
54 50342
46 34684
45 8402
139 11024
270 58753
132 59401
48 44458
298 2468
235 8309
159 12750
249 18860
153 48720
284 150
145 45398
37 33611
200 14705
147 45263
146 10679
79 57784
186 55700
18 53216
7 55496
277 30637
122 43302
116 17063
86 32971
59 983
138 42921
187 13868
222 7267
192 54758
246 22783
205 56477
74 33575
161 7070
101 1329
165 916
130 22826
252 27366
118 1673
66 33887
24 59463
181 57633
63 7569
235 5519
192 58913
230 24529
297 8130
71 7838
35 58127
211 59289
260 6751
81 50565
150 36094
46 12345
267 51455
112 1276
194 31781
107 4847
9 1299
159 51918
281 43049
204 46051
260 59864
297 41644
203 14229
286 52865
56 22635
201 58777
54 15582
197 1358
36 40221
242 29450
169 40602
162 28087
275 10027
3 50460
63 29668
31 8029
55 34287
211 43448
292 27801
253 29219
28 51746
58 870
74 53673
124 32107
197 27379
292 52064
224 52715
133 3390
153 11763
292 59567
105 10951
162 46360
138 10963
38 58757
286 49717
100 25171
292 26358
126 11763
146 13951
243 11445
66 56669
75 26569
244 20400
252 11305
215 49118
141 31099
88 195
78 25818
5 53431
4 33126
263 13753
211 7050
269 33167
23 49098
271 51746
110 55468
252 9726
26 38318
203 54376
48 32782
270 40102
142 23477
238 13508
89 13461
237 54643
240 30458
33 44176
19 5070
46 34985
44 23236
27 48321
290 20939
193 31897
145 7531
287 22994
160 31673
61 30631
95 54098
61 49098
169 2906
205 28048
275 23537
151 33513
287 48864
299 58505
162 14051
140 45613
298 44580
255 33124
149 37238
35 40278
76 2944
172 13805
277 1382
193 27001
45 1206
257 34460
22 18498
73 28354
159 43108
12 44842
3 1461
270 5510
58 18154
298 52770
200 34444
68 19132
204 13127
167 17145
282 493
244 47748
41 25909
109 29556
102 27502
163 40151
251 46900
202 39085
17 19714
23 29949
230 16149
208 42383
152 7180
172 49650
252 57189
211 42591
252 43247
280 52356
174 139
118 32901
102 59986
190 38174
8 9827
83 36811
23 55334
289 48051
3 53636
79 18469
44 51292
229 48041
149 9517
235 43290
247 57573
8 56354
235 1443
71 3121
191 52665
41 1108
33 36615
249 37484
238 37658
167 14519
284 18491
274 9899
69 30879
258 44399
270 51688
103 26716
77 14660
92 35317
292 31341
256 28617
227 14974
232 14919
122 4706
232 31147
44 51516
57 47314
285 57928
1 33180
174 2412
184 47701
191 9157
251 14855
36 22441
268 55219
277 25681
38 49623
28 15774
28 22222
19 50877
34 58869
259 29545
272 5067
219 18220
277 12626
195 37227
281 51968
29 54663
52 51970
195 7195
285 25025
242 22054
235 49629
65 26198
176 57819
69 41502
117 2479
279 47738
11 54672
132 52114
241 9300
120 51166
191 6177
39 44199
229 54420
162 16853
42 32409
176 38006
281 38780
87 2870
100 40397
151 35678
76 20816
250 42037
66 41897
98 5883
149 40284
17 25029
201 27656
81 51126
74 15305
162 55372
135 4012
266 29431
56 30031
140 31390
140 23154
185 58083
135 22225
282 57896
1 4797
192 26738
145 20478
135 45821
291 29309
163 21974
211 16612
265 14610
176 51438
185 32267
162 26920
222 2845
268 17542
147 32723
195 48491
109 34563
297 29145
67 53722
66 56430
185 31036
222 50068
185 26085
221 56977
13 12992
38 32489
191 38481
5 43474
24 41139
169 13456
162 59368
178 11263
102 50259
232 9063
202 26811
179 59736
279 59198
25 30071
64 19545
7 38385
10 35144
112 26000
202 26242
200 34299
114 31824
222 20118
192 32558
270 2773
214 32088
272 45416
128 41120
140 14713
78 26820
4 26645
67 33392
113 50009
110 43416
146 220
285 45286
27 1281
269 47643
167 17866
132 33670
287 7529
75 1575
65 17235
276 27788
285 54563
112 54032
15 48767
38 40316
283 47226
31 34579
108 25144
288 13781
38 47333
44 58077
97 51639
255 29033
179 27225
24 50738
141 52617
239 49161
247 4227
207 4578
243 3224
262 36358
10 44120
64 22143
295 54648
172 2087
234 56568
227 19170
106 21147
183 55466
284 24670
125 12258
70 53450
203 5840
208 212
22 46447
103 46229
37 50903
5 41693
77 59577
194 53099
44 517
142 26275
114 41032
152 43474
258 39924
265 57098
214 53245
219 8278
227 5083
154 41926
90 4365
107 27873
193 52760
76 17958
143 25300
157 43214
188 28269
10 9498
206 23009
235 57351
63 55299
170 53478
288 56828
100 55688
263 20352
69 28102
58 4713
95 11599
138 41851
19 5970
129 23942
29 22843
60 25211
35 27454
182 119
117 14229
279 35152
116 11041
194 4575
234 916
99 41133
207 57526
294 57754
60 38570
30 19752
243 47762
163 45084
116 32380
149 52147
271 18722
214 36265
100 51238
24 33626
41 47600
120 43550
156 15318
192 29101
102 23397
130 41027
225 10621
99 34242
11 53082
165 58265
184 45747
249 12872
248 4517
226 44232
195 6436
160 53120
143 40382
214 8087
102 42526
273 39995
21 14588
86 24797
294 50615
108 2968
211 12802
155 49763
8 16821
6 55426
281 46726
107 42297
278 55254
266 34384
158 8897
93 48552
168 58804
50 17097
129 50907
55 18747
123 14759
53 42550
159 47211
234 7510
89 38809
184 5207
7 10488
119 21639
237 14770
263 30981
280 15912
284 28745
70 40551
252 19448
172 50064
268 57069
181 55379
11 10633
280 2176
105 13857
229 56748
69 10256
273 53764
29 51696
249 21394
208 45889
259 17628
63 4031
273 9658
145 10957
80 19725
221 17302
215 26452
196 36695
233 19683
180 5572
234 29471
127 37672
250 41694
58 26860
25 39440
118 43208
226 35207
54 56515
180 40827
135 2806
152 36976
123 14622
105 11465
278 49453
70 8905
220 34473
207 12460
57 24955
245 36165
27 11032
273 40407
132 1988
157 54672
10 22184
256 3180
253 4529
192 15643
188 10497
131 26003
293 31151
203 12452
52 55720
293 45175
75 59206
203 51783
37 37001
242 30212
103 59722
21 16200
202 16985
23 7492
248 5614
197 25045
162 18494
38 33550
31 55509
181 8336
264 31665
254 57562
210 21226
198 37040
219 21435
203 40357
17 45996
164 20283
270 2440
19 1278
218 12289
26 17310
248 32850
105 13620
62 50304
127 24077
72 43007
292 5150
185 39727
165 1008
50 35422
16 11224
152 11067
280 30310
50 1728
119 13616
185 47883
59 40060
67 19275
172 53004
109 49881
273 7864
149 24863
47 6727
248 34527
120 50484
204 17330
253 34314
279 42920
77 9092
167 24231
135 28092
72 58622
264 28819
190 28702
191 35142
112 21394
263 8203
169 28469
17 27375
191 20943
299 38467
295 14319
26 58850
59 29489
105 7253
264 50801
248 59409
228 33995
286 671
293 9162
179 28430
300 50349
58 27747
206 45640
156 20257
287 44332
243 35681
206 21452
180 25792
26 46612
154 29212
105 52519
21 9455
44 10767
159 28819
240 5338
34 27472
135 22200
285 15624
240 4305
215 15989
195 26167
199 25038
42 17051
126 55528
46 18297
67 36126
2 6934
2 40169
248 38426
18 28740
167 49192
142 11200
51 56295
220 52168
229 46817
214 40593
295 43416
143 16190
41 17159
272 26788
178 47616
124 16968
172 19501
247 56741
56 6504
268 37566
131 23796
223 39753
44 17107
83 36059
223 13872
245 40757
191 19784
136 46513
293 11885
43 38258
27 58575
114 37809
10 47862
200 37805
292 27793
46 45148
147 29954
35 19918
108 16659
283 10844
101 20591
113 48036
87 56167
136 41730
85 53345
133 31975
19 7013
55 22082
184 55771
298 41320
145 51825
265 59153
91 10738
212 23978
9 34963
123 44137
31 49369
261 41887
132 19572
1 3147
117 51021
144 37786
240 48100
229 5323
226 36941
92 43687
246 23176
236 18987
156 3646
225 13187
246 48594
95 11267
86 40858
153 6724
161 13128
18 36486
222 41582
268 27190
281 32046
72 1504
285 9593
63 12331
3 56292
28 12228
220 15056
55 5361
11 51939
103 39132
257 46295
97 32450
271 12772
152 31892
175 6653
187 572
51 10183
186 46159
4 53602
293 21955
20 47890
111 27211
297 22465
100 51218
280 22645
80 28064
112 21420
102 4101
104 46543
22 2319
228 57995
91 3804
192 54331
145 11562
115 17096
144 23379
238 25897
279 37048
22 32253
230 37503
274 41259
189 2281
23 50239
27 9351
246 56539
272 41842
117 6069
47 55666
286 1979
268 11641
263 33344
175 45678
196 21407
11 8378
240 18609
28 23774
232 13285
130 9349
158 2332
84 53236
288 32492
158 43414
219 34781
175 49262
252 42717
235 9207
294 43245
294 36369
270 35115
119 8867
50 51220
71 16777
206 10789
39 22323
30 27240
9 45659
270 21414
64 13877
77 53611
187 8903
243 37962
299 418
98 57831
54 55065
221 59810
4 28369
28 11507
105 45532
165 26508
41 40912
258 42400
31 3800
245 895
103 56723
299 18603
180 58860
153 33375
138 44158
38 14699
257 37138
231 45027
137 11245
202 58621
300 24017
20 20988
107 53262
150 50119
197 54352
268 12410
250 37093
73 48706
257 22817
120 19213
142 43817
75 29794
78 23809
74 40251
270 29047
244 17285
291 20629
219 35179
113 23009
39 34445
175 40027
227 11852
169 44107
200 3890
146 21739
39 56226
291 25510
283 19729
46 49826
57 22248
139 1133
75 19418
3 57204
254 29631
279 10442
132 21610
126 12425
274 20072
204 59602
154 4176
296 56011
171 59581
291 36557
8 16521
42 15425
201 4435
57 56826
214 4211
258 54903
145 38684
114 32591
25 33967
108 18194
242 16891
276 13678
82 59001
90 18735
286 14580
12 21376
217 38390
179 33034
72 32416
251 22716
265 40277
258 35563
69 23960
245 3584
294 32213
135 40092
281 14320
116 59338
1 35523
139 24764
278 50235
117 1126
223 51816
264 21284
184 38982
117 39195
25 15644
198 19723
209 25335
264 33219
60 33164
266 13603
173 52183
260 27301
44 43273
146 15060
218 43988
134 850
132 6180
1 5367
105 21521
171 23390
80 53392
98 49843
209 33896
251 1782
141 26982
118 8721
190 789
57 41108
192 42177
240 55541
151 51633
112 17779
54 26268
115 59990
33 8898
246 38015
80 43781
31 26462
186 18447
71 16842
259 48162
37 39323
274 53806
149 3623
16 27298
179 4314
295 17223
125 8117
256 8066
157 54270
218 7341
132 5733
36 56497
192 55344
83 38914
147 21988
90 12490
169 48078
59 45472
106 37312
41 13030
94 59086
40 51017
31 10700
71 4217
87 30144
11 24731
19 1399
197 56890
69 955
16 39100
95 34252
128 5622
265 41098
212 42844
204 6737
29 6577
257 50729
221 9833
82 41734
201 54640
125 15038
184 31583
123 31608
70 27413
34 46739
173 40629
191 48386
159 26559
6 8909
157 6770
225 28830
194 6887
109 45164
255 36699
160 38449
264 52953
152 48656
237 29169
82 15140
95 5561
40 39485
194 9001
256 39098
94 59350
202 55926
87 13145
231 42527
187 21166
300 13888
292 12363
207 25886
299 26934
98 56816
95 33630
18 21894
272 27179
118 15401
256 45749
17 55605
45 34155
251 26515
1 10675
101 17524
33 500
108 46752
214 4760
38 28511
235 17437
105 3057
9 58382
214 6723
13 40296
40 28511
186 23606
130 3776
125 3862
121 18481
59 6415
219 22316
226 39331
253 49719
160 24196
109 16900
247 4380
133 20434
107 1796
298 41758
19 11918
250 58327
160 53658
211 55062
256 30777
214 5032
141 30055
277 38741
204 1512
229 37545
158 54678
45 39446
234 13172
140 15790
109 51755
103 34709
29 46149
261 13870
175 59085
85 53099
104 23501
104 45671
244 52577
100 53593
82 29341
294 45036
213 880
45 28424
7 27034
104 23874
240 43324
184 6544
263 4365
188 34029
74 30972
243 39780
245 56482
166 53604
230 4293
75 7107
128 13906
63 57128
108 5832
265 46600
147 47445
284 10459
247 18225
21 19975
26 32995
199 4611
16 54823
29 17763
217 14391
164 30563
102 10030
134 6077
255 55180
176 33534
215 55192
125 53481
176 39233
232 55204
162 2597
86 31508
68 20647
94 10040
300 46631
276 23407
42 19536
66 7526
33 41705
230 26809
170 9253
237 55264
2 4842
245 51833
49 37362
209 43971
198 29321
120 54923
23 4817
58 37732
115 31900
42 53118
171 28730
289 601
268 4767
225 52793
249 58956
299 42656
34 49909
90 28396
242 48265
122 7489
289 50163
238 29047
274 58494
298 43269
275 37787
173 38343
296 26602
188 47013
180 45602
169 30869
116 377
249 52790
94 646
195 42634
15 26282
107 11624
213 52376
248 27662
194 23725
98 44603
259 8096
56 32183
286 49876
247 55013
192 18496
33 1226
300 59027
87 3772
130 13878
8 26820
253 25703
32 57639
205 56564
270 34507
2 35730
266 2852
279 24449
196 5465
76 12109
122 10665
233 37067
262 36239
124 18850
2 14916
158 23166
262 38187
39 6401
74 31398
246 8377
285 23985
218 15307
47 25434
20 57884
235 44056
38 13329
298 11776
193 12297
78 26632
184 9285
168 28256
263 55417
224 41775
121 44368
167 14792
54 42884
59 43142
90 49462
287 2395
292 51628
83 13870
28 2093
266 4319
290 3339
31 12013
120 44725
55 49711
148 50802
38 34817
263 57152
137 49755
59 53500
66 4148
250 31761
41 17223
153 58417
159 42383
198 752
6 47799
279 42250
181 59804
265 36304
83 41941
73 15604
216 36820
262 12528
204 19783
213 56364
154 18510
151 55817
6 22197
63 56476
260 17205
77 33307
278 19348
212 56039
174 26306
69 49576
70 23008
2 29546
286 43942
153 14657
134 15742
14 4893
