9000
256 52495
132 19172
101 16670
95 46461
96 31520
122 42831
84 53772
313 46216
413 14680
141 12848
45 34182
280 45225
92 25854
455 32025
325 67964
274 7835
482 59863
483 25285
496 35684
304 13372
244 74764
236 51781
15 11465
146 71445
355 39519
370 63178
124 18086
226 62370
500 68646
475 76736
307 60379
293 77041
256 40628
182 53147
226 20195
355 51816
408 70865
326 78789
257 23759
431 11582
177 73679
239 63765
82 66536
120 76558
87 930
278 64359
301 76725
291 2485
229 15935
56 2365
51 3329
74 74881
123 66428
483 18823
418 9040
283 64652
13 33062
259 79405
199 77313
72 42342
326 71945
261 73351
470 10144
441 35779
137 35274
406 73666
132 3491
129 26340
241 78544
371 69138
451 76379
458 9784
145 26923
406 66218
51 43250
260 8153
484 48328
22 70831
330 44268
237 79016
189 40960
482 23789
488 69441
398 77588
466 72646
167 45872
379 33732
128 29369
189 48824
284 41769
307 38095
203 20669
33 18148
99 23658
489 70739
409 79440
240 50884
318 37497
195 60751
143 25690
75 35396
125 19047
98 52197
262 30942
491 15252
17 8242
154 8616
366 3426
417 68887
380 43316
288 419
213 34779
90 36618
221 30360
62 72245
271 73310
179 76596
339 12035
328 33027
30 2950
389 2108
470 1503
168 58662
127 67469
432 16170
295 31130
354 62088
95 69411
467 67125
260 45443
192 11899
330 37316
490 36199
112 46454
418 24764
423 78468
498 4711
498 56505
17 23731
396 69629
347 60249
282 65814
275 21070
277 68296
32 33649
149 11612
344 24436
321 70470
100 9215
305 32908
170 39092
266 55514
258 50561
473 79213
214 7671
17 58923
225 46850
272 66997
87 61252
402 27409
336 51215
14 38636
89 79531
291 36872
362 77099
81 28124
342 26248
197 17588
89 24544
196 24578
222 54384
340 20916
326 18889
14 626
343 26788
318 40114
391 27029
394 71018
92 67441
8 40882
367 46454
475 20366
422 63450
6 64411
220 32993
262 21762
145 60484
359 33554
131 44963
358 73562
86 3590
22 70787
249 31224
246 7781
283 53473
196 27771
291 44469
406 33592
360 52536
8 57782
226 72394
211 28058
467 51571
333 67936
47 70856
322 11751
128 29424
360 68754
211 32705
452 51405
293 39485
180 54667
494 7650
155 10004
302 55929
260 18590
215 10245
351 12624
237 52662
290 13077
258 72193
265 55993
14 61799
154 62430
223 20433
294 5278
494 10784
91 1304
237 15955
372 52392
403 23028
111 63103
135 17501
455 10415
149 42451
46 43474
376 70923
463 43831
470 10076
308 47203
43 47151
312 23478
111 17629
345 36408
119 68754
128 72529
391 30720
234 36574
399 75597
405 40163
366 62761
446 2078
297 76610
369 52227
450 72936
492 52985
127 66385
480 37796
14 29694
54 73653
20 36432
375 58095
403 45210
412 22501
10 65913
343 56821
81 73984
165 16152
310 15565
166 35329
357 31338
380 61543
173 3645
340 56772
69 31701
386 7822
468 32299
325 67571
298 48920
58 74543
324 17119
153 29548
19 23476
315 6309
386 40223
186 36162
4 66828
23 2143
187 53957
282 13368
471 26091
454 42166
472 7909
199 73003
192 5714
278 68965
78 54104
373 75638
313 78864
360 53750
97 78064
325 40146
313 24732
269 50821
376 27393
293 44857
157 78758
137 55835
235 42635
300 67335
101 10782
282 11019
450 60331
45 4249
418 11865
265 79087
344 57482
92 28604
450 73302
206 75988
188 26854
170 18663
158 78204
48 9733
145 55264
276 6649
125 78732
465 65378
354 76851
152 25971
215 39683
353 19153
198 32022
494 64619
410 6792
55 7498
296 5610
279 41632
178 75859
353 39820
470 79105
356 58685
373 76877
360 74953
146 22233
22 48267
354 11694
468 34564
95 28055
251 50684
202 56650
439 69201
91 1025
215 27253
145 8627
26 28170
443 48907
242 23034
388 35786
341 46753
384 20199
196 56188
125 33502
195 78117
71 51892
11 2647
461 5004
262 32120
301 62004
222 19500
247 21233
30 15105
367 60848
276 33497
103 33519
406 32096
194 31541
92 6769
131 34486
412 54461
274 79160
319 13105
266 79465
485 69036
318 35810
200 60268
33 21653
145 40363
58 33715
410 93
328 36278
486 52783
311 6685
492 12624
125 57380
225 75224
121 38510
217 35037
488 463
315 2039
83 66985
90 47995
262 57477
352 33835
292 64013
30 58964
45 55744
22 64167
267 20364
196 13656
329 47199
197 62189
491 35
300 1037
344 27208
388 66780
43 1621
23 74476
2 35510
486 50895
6 70528
238 40129
17 27692
212 39647
234 67893
270 76415
321 61143
229 32191
364 68352
397 70150
64 55766
200 50242
370 2562
131 22185
154 67709
491 70166
207 22205
421 14193
400 44975
54 48515
401 17942
460 74097
148 29761
439 50209
325 58757
229 2843
99 9707
191 312
280 72065
446 44616
468 30452
415 2654
15 46561
67 68310
211 73795
387 78636
383 74232
425 12726
202 10252
461 51906
493 75867
481 19860
177 39567
230 6845
446 72444
277 57340
466 51329
314 1449
430 78604
444 48718
445 62637
12 22494
212 23090
85 18794
216 11997
414 53531
256 62539
160 24864
286 24021
208 52521
490 21590
99 23419
400 68745
69 27457
221 22654
5 42572
434 26107
359 44761
216 21006
9 18325
257 13365
291 73417
234 27427
255 65301
351 78498
169 37934
178 51077
220 125
344 68593
255 40999
119 4148
53 39306
462 9825
102 23455
448 31112
208 77285
289 56504
27 63445
279 40623
468 40998
127 34442
342 54694
366 69866
32 16055
52 68947
437 67019
372 42515
392 62878
45 28396
172 9310
215 34262
362 5087
472 21478
29 8012
280 13973
289 33338
250 25581
201 19359
296 64837
252 1246
63 6129
41 2971
36 71590
243 23892
88 29135
10 8749
105 26358
47 76432
123 63205
88 36133
356 69484
225 24816
320 9097
172 10245
78 71342
411 13226
285 58216
153 79863
464 73358
104 23968
282 11013
138 9636
411 17180
267 40206
225 31650
257 69008
359 21025
461 44575
418 21913
463 38375
47 77430
85 336
230 20999
272 3548
283 35063
317 39245
431 36455
230 48496
107 19765
479 9608
382 47464
234 42883
178 3897
447 11914
263 6744
68 20892
431 8025
250 51700
215 53084
66 22169
133 1557
390 59743
420 23259
217 50324
403 45064
390 50019
290 56575
18 37790
164 58350
285 38646
139 64552
301 19563
335 56072
215 4062
103 61859
380 17215
198 6149
245 76067
340 62782
308 51644
415 74514
428 55279
54 37936
453 54343
473 47243
334 25766
34 26782
249 60791
366 19260
103 41011
182 16672
9 77995
183 47626
124 62603
391 11123
165 41490
385 36727
338 56830
101 30444
447 62141
421 76360
426 53488
317 40458
28 31875
444 45968
222 32057
261 15340
417 18126
363 29724
274 58358
25 72406
498 23946
255 27077
363 11379
247 14549
149 14567
164 24197
226 24307
475 1062
63 24425
305 56954
456 19094
175 58807
4 25219
230 32402
147 54850
91 69966
294 52085
176 21410
127 33039
356 63085
394 7285
379 25467
205 15768
292 42325
420 49466
334 43264
438 27794
8 68929
11 26829
292 39396
47 73955
427 47923
493 35524
320 35100
30 12979
97 25431
98 39740
481 74101
83 43134
165 57387
469 10844
442 54387
3 71121
448 17718
280 32264
290 33530
67 41653
135 5249
472 73399
163 45162
76 48180
45 54423
133 35468
386 14912
192 56717
52 68381
150 46819
373 14334
331 13574
43 47559
101 49078
483 64078
278 76955
175 2026
318 10960
126 16227
362 31310
212 17742
472 39978
475 1831
393 8584
499 78878
13 74533
271 23666
350 58220
130 2062
466 38178
111 49824
400 59779
273 69995
47 76076
324 40418
47 77324
386 52588
338 24040
15 42341
461 23843
85 33346
84 60118
113 37993
9 56264
236 74354
21 42224
358 70143
434 76367
3 28908
479 3569
21 48101
144 58247
80 71209
259 21037
478 14933
116 54560
447 49297
182 46779
217 59571
107 33964
281 58471
380 67017
309 76588
310 52699
408 53702
295 36941
370 37261
183 58933
44 69104
52 45461
400 72628
330 49877
91 2154
247 15114
153 45179
276 49762
138 67540
294 75218
379 22469
298 75018
328 45627
10 35910
345 65499
446 2151
421 5755
151 3462
254 45515
360 26228
367 43365
148 26633
101 46975
436 19486
353 55600
151 74964
132 18170
82 23242
344 2158
120 53875
296 897
500 17648
312 68262
142 39107
38 55015
464 61158
290 3461
415 13527
139 50669
360 65943
60 55775
148 59346
4 31467
500 16381
119 66047
269 32894
198 79360
413 28194
110 42809
404 73010
282 43988
20 41526
433 14418
278 35810
253 62355
475 38256
454 70508
452 50967
328 45512
90 43283
197 40827
102 23699
296 57373
162 4703
316 19361
310 26367
410 19915
416 13280
114 49963
316 75575
114 53277
285 27635
168 70057
211 78024
195 13612
71 89
362 70422
310 15909
400 56901
25 78677
229 21766
387 28198
4 55229
418 24452
427 51641
294 49965
171 57290
302 61507
73 6960
417 34717
105 61790
175 69588
306 6767
341 14194
468 43161
128 26763
46 12756
338 30128
418 44971
220 56950
459 25949
439 1274
362 15539
299 53946
125 10309
35 74138
234 62183
102 33981
454 25383
295 38272
88 43325
427 13232
405 50116
390 16808
307 12844
125 30075
163 58797
423 23781
369 12620
343 48343
20 3713
91 28460
63 79114
177 11690
125 9804
37 46750
226 4307
100 57401
200 46676
448 6571
115 15059
198 37336
266 12316
362 50848
75 50208
418 38774
10 3493
107 20674
259 64722
415 56518
280 72356
222 74138
452 66377
245 868
338 61720
70 77363
279 10112
157 63566
303 66884
96 12913
252 68859
417 18727
172 27726
55 9019
98 32260
56 33590
213 48169
206 47446
113 67189
57 53382
36 23714
219 73049
333 39423
12 9506
13 67823
10 53242
481 24184
342 48985
489 13900
417 66584
228 79403
173 12343
106 16800
273 32455
9 47538
244 44414
340 6406
7 24343
111 44679
214 34457
337 37851
7 70676
301 779
243 11767
481 11692
83 27041
2 30471
300 47161
466 70516
104 4904
412 3912
467 37007
4 19760
286 59679
161 67302
39 40328
457 63464
315 78578
40 64685
355 45185
261 39760
16 74751
335 27705
103 48650
457 47374
298 63344
431 44981
145 20636
251 25598
457 5203
173 18552
80 75151
464 52269
467 72922
222 60494
15 79863
415 33840
116 73814
347 54258
461 40767
104 57943
275 37976
105 20525
78 46215
482 49849
195 36581
289 17510
28 9235
142 75128
6 18669
176 8183
29 47007
9 76960
300 49760
362 63438
159 44546
90 35073
255 75753
234 56348
370 49810
419 37526
112 42828
16 40974
95 32312
367 57624
112 25733
228 70009
431 36914
19 75596
199 73923
1 5629
112 19577
383 9005
391 6877
399 50633
497 52236
280 78598
292 55572
86 79292
261 15863
156 21045
161 41941
208 76690
472 12387
203 77667
405 28963
447 74144
68 19663
111 24189
134 43837
342 64819
64 71898
204 6479
460 77766
8 45223
331 7917
52 69278
141 16034
260 28140
277 48089
455 21249
234 49084
52 74998
35 53126
234 63631
228 61729
393 60284
334 78541
63 7103
179 12305
104 9117
496 36449
155 43810
289 72976
182 75080
60 75226
62 37771
3 1309
140 40333
437 45036
121 12950
301 68146
427 65698
299 59301
18 75055
173 52573
432 27773
432 21927
433 2791
480 64372
64 11360
391 22922
332 62968
351 22183
332 67239
107 19349
323 45584
366 32650
429 30316
372 66263
320 57961
203 38598
444 61439
99 10627
135 28882
62 36356
437 65363
41 47923
341 67098
102 6491
43 9552
432 29868
496 62783
374 26029
41 11737
452 68259
229 47542
259 52164
286 4571
414 32278
248 32358
32 32134
102 48913
347 32119
18 35470
368 60674
393 11595
224 67782
137 77985
441 35821
409 22411
451 36205
249 68229
407 76167
248 8690
383 23895
196 3750
236 2203
53 13585
23 1183
474 2706
493 32286
474 72739
104 28061
225 10744
91 36009
73 25472
93 37235
409 2169
102 17925
457 67726
349 29673
3 27802
228 52636
332 58440
195 79677
157 49752
6 59039
103 65710
170 76360
108 64599
209 14129
351 49005
2 10668
72 2198
429 51935
61 9687
289 18227
270 15045
412 6697
462 11856
438 36139
356 51230
370 4448
91 20305
256 59247
6 30699
162 55437
461 57315
275 22469
138 15998
34 51576
209 5309
204 19283
20 67354
50 68764
391 5989
137 43533
146 24044
170 6226
282 18824
229 33447
48 49716
362 67795
426 77316
219 59189
451 36402
23 65280
399 62075
407 47521
57 76958
168 73897
384 10914
246 46361
67 32920
276 40330
64 58298
210 51264
200 55669
37 73262
46 24909
163 27961
236 71621
368 30465
197 10073
405 21069
166 2536
465 3604
64 31229
243 73221
27 33065
310 36395
86 28583
66 41018
64 14761
212 59702
289 23816
265 26934
88 52791
419 11527
491 1154
475 4178
185 9415
141 47213
195 8077
344 21382
446 26007
3 34415
411 40322
361 56512
480 3882
409 46834
372 53133
39 43243
267 4927
218 24713
363 76152
383 9772
372 40310
433 40371
365 22547
207 78275
1 44616
367 11260
11 61033
463 57337
434 20832
15 24863
262 30515
16 30670
25 19166
476 70055
351 66912
323 37735
234 36182
179 12402
495 15781
50 77972
111 27550
207 71289
266 58489
260 64527
128 79632
339 46275
491 29528
420 26252
375 55316
185 70503
278 76296
422 54927
212 34538
173 8855
143 39611
227 32267
288 71718
210 62639
425 17012
29 22037
393 34886
407 35739
212 62291
432 78236
195 75783
13 73321
60 47419
244 10490
404 24743
291 72351
103 32840
493 46832
329 35779
412 43935
7 63209
481 32073
189 73913
389 28935
95 60670
470 13755
140 27079
489 14755
78 68677
186 17663
300 12708
499 41202
379 66
145 67926
356 47066
325 70549
344 54166
104 38592
245 36851
256 47339
330 69554
464 76495
319 13636
288 71971
366 53086
255 8784
147 68965
147 23238
213 56898
225 76328
215 46581
485 39607
176 3722
399 62625
132 63785
409 568
4 2504
334 75287
134 13237
394 38020
490 53607
367 15920
322 22620
138 31567
159 29958
475 32760
334 34424
173 22443
264 10137
296 63766
394 40917
317 52123
494 48778
202 16153
39 4251
75 57296
90 16022
194 68214
339 23037
468 62419
192 3258
30 12797
111 75319
64 30121
291 6078
297 15813
139 30672
209 14489
458 11506
490 9952
436 76059
120 18816
172 11596
257 69331
188 76127
401 1667
225 45762
419 73966
208 28511
419 21208
377 42571
445 54326
412 12547
52 20738
14 46009
449 78343
133 78625
456 49842
274 31006
403 66716
25 44019
426 52777
268 31906
304 20240
60 70322
348 5596
78 52284
305 58308
411 67269
195 12086
370 52553
315 13349
120 69734
267 40560
155 50719
280 58499
408 28261
10 68855
255 62253
168 70647
95 28726
289 23024
107 52307
68 49379
90 62737
216 7667
352 74856
489 76633
31 58180
334 56533
259 78547
432 74993
403 65776
121 46131
457 43680
191 27663
29 78548
261 3385
231 26047
333 50910
381 76169
141 13905
50 60419
417 44585
265 70151
451 47306
419 42555
44 3057
124 19278
368 77713
258 27176
385 27974
207 46592
60 19182
218 21024
307 37289
150 73438
85 51433
23 20193
198 64925
491 35611
344 32380
449 13421
179 34177
462 36963
310 65367
311 3456
439 52360
472 31521
207 13605
476 6181
271 47521
359 70066
397 11237
303 15616
369 76387
339 43943
448 28005
275 16346
445 5310
114 61873
55 19530
343 20842
448 78676
160 1837
173 60328
366 43501
411 55993
431 62353
331 11084
218 73604
147 48387
175 25110
208 17075
129 24873
138 43903
98 51773
451 2299
282 67710
156 70570
496 71838
118 40841
63 53525
122 20540
242 63151
329 40263
125 12922
489 16791
434 52533
430 50107
425 15799
479 69256
345 59807
438 27622
4 54192
427 37493
442 35558
218 42115
279 35041
136 62257
245 7066
498 55042
435 6024
38 64955
481 7773
60 31165
165 77777
30 47643
243 44068
477 72586
338 61959
90 53524
4 4956
242 59577
106 54126
329 25039
463 20887
195 59504
328 16044
138 34806
342 28616
210 73633
320 8130
365 57195
176 41738
331 41037
250 46037
16 20024
358 15240
320 3064
185 75629
442 45615
116 4112
490 26720
365 39467
238 55762
23 45025
250 403
18 57010
316 2161
477 10909
80 40807
254 74803
477 73096
14 52303
278 25666
411 37224
130 1820
276 19163
417 73544
252 55392
349 67725
51 66383
294 70397
372 38544
65 55466
401 20360
277 19466
494 57219
273 1336
290 53051
340 73825
276 33335
401 45174
115 17780
119 44641
143 44342
95 74379
198 6691
53 26507
472 24580
158 9761
232 13720
73 55915
408 10590
121 70419
373 67741
96 10727
112 48868
272 69148
114 10145
57 24099
357 17012
304 44554
225 19698
67 77752
236 40318
186 53605
274 9865
216 48993
122 53782
356 35003
99 64878
272 70049
68 1439
213 16530
232 12363
429 49352
111 65526
172 30338
171 18234
372 2462
432 59303
342 10076
136 32426
266 43661
111 26966
306 17893
441 31525
331 19342
439 37128
94 22291
22 21320
177 14056
279 8977
500 16525
28 77218
221 38585
86 58331
160 22842
481 24117
367 37066
344 47837
195 29386
253 16184
69 76320
465 41951
339 77621
490 4391
500 16177
79 52259
31 72007
196 61079
21 45621
144 30420
206 59347
213 36328
100 41399
203 40404
408 32286
241 37518
331 24498
350 65183
242 77489
338 19319
71 78101
247 30102
9 22746
308 60367
384 23014
77 60126
411 3782
432 43371
424 38171
46 38524
400 55191
296 49564
228 34356
159 24111
173 59149
285 35817
144 44495
425 50590
151 46892
439 20684
310 50467
245 61637
395 399
451 67377
223 23612
264 145
175 42604
263 52680
48 16314
363 65143
19 30338
319 1201
161 47848
7 13991
264 51579
369 31410
320 50090
353 25044
463 16058
81 34256
374 10829
85 7526
393 69185
69 2075
143 12778
434 25565
268 29479
197 74443
89 61230
284 74125
352 54955
210 54111
321 54352
19 39000
214 16707
458 77738
343 74884
42 32237
363 34543
382 9705
210 48105
380 67418
244 31542
221 28391
297 71920
20 68390
47 45326
59 36139
73 62697
225 63498
276 49206
451 25430
64 38455
350 47279
468 44937
94 30778
275 50435
194 12357
288 26548
241 53288
287 6926
255 56142
474 22536
119 32355
245 29092
463 8885
213 672
278 77767
329 72567
357 7090
108 78808
373 17249
360 61260
151 68484
491 5101
477 66350
197 44800
190 49244
375 23621
310 38844
363 49786
119 44728
422 76796
169 47890
456 63935
335 59465
315 67947
324 52730
437 73082
455 12560
249 55525
323 49414
86 62975
216 25882
412 50766
152 64074
337 45977
231 64570
466 53425
167 3994
435 55181
77 32777
398 22064
438 73542
348 77494
78 51519
367 54486
37 32136
90 51073
301 79092
273 75472
18 53388
186 49877
446 77977
9 57092
29 33159
1 44620
141 57689
100 31783
51 66162
207 52534
85 9353
27 25943
282 76683
178 28225
126 60992
488 18752
67 33558
143 46723
496 28063
439 21304
233 60712
262 11677
394 26941
17 12349
240 16812
217 6926
447 28631
211 39331
102 68345
429 856
221 63450
71 26573
347 13964
318 20323
214 50460
237 10898
157 75430
11 33497
357 6829
429 54384
347 5264
222 76044
136 14845
139 55740
430 37690
495 51297
296 16246
273 24958
258 51805
297 34744
274 71476
57 6612
464 4979
214 26639
359 2861
341 24731
90 2948
279 61375
392 61832
345 79070
393 12034
152 10334
290 43686
330 13165
201 44863
284 77305
206 36311
298 7748
171 61334
425 52283
81 18466
496 76882
433 42732
203 3828
68 59448
15 53279
339 7153
229 58273
68 79389
51 76050
426 35873
149 49732
258 65217
253 13349
348 26623
316 42952
18 8082
350 14808
330 14545
494 23726
431 68764
128 33337
376 35899
361 70795
125 19784
298 56381
363 17082
218 19344
188 68284
319 37178
105 66759
345 42694
155 7905
288 8808
99 64026
320 17607
249 28037
404 9264
69 65643
460 69373
344 71260
253 66770
208 62822
474 635
174 70128
365 79450
318 11103
342 65202
246 6310
152 37321
483 48662
62 58563
290 47070
147 52836
236 75300
486 26821
260 5351
48 63084
147 39277
45 26987
47 47216
158 57123
21 42702
202 43252
157 5556
300 63738
66 2166
442 27498
231 14220
450 10035
247 47878
176 59079
374 23440
397 49847
26 50880
211 36404
307 53423
447 1680
92 52614
485 36273
235 42422
447 17766
268 39163
139 60370
339 73227
208 45932
266 61762
489 27363
44 28132
398 10684
448 76911
409 74391
279 65217
442 72752
370 65053
279 41408
428 24700
430 38434
230 63788
58 53719
382 64044
49 10018
455 50389
161 33146
61 45172
90 77682
110 45837
370 50024
201 58810
69 75112
371 36615
361 7984
121 19596
19 56948
351 14703
340 50536
416 17643
418 51730
360 9476
180 30941
493 54499
245 46377
290 47040
58 56040
75 39930
131 25195
83 4807
30 74842
317 78942
460 67968
383 38715
302 7888
42 15152
337 33855
88 19166
255 27757
132 68563
172 60980
242 11656
29 15979
141 67129
284 64913
199 38995
458 49283
364 62710
116 64400
79 22243
175 48438
371 37966
96 74231
183 12307
197 27676
103 66134
410 15330
105 60664
304 24919
221 67303
389 32392
150 66258
70 71648
34 21561
324 59206
98 50070
488 53092
291 55616
359 5544
170 3507
242 34199
105 44026
463 37677
236 26895
2 20024
85 78362
81 56251
128 26387
285 55825
304 8236
170 15191
431 10112
259 14938
218 50668
48 8501
28 4446
294 52579
30 61009
251 36651
253 65267
439 1577
28 78274
360 52278
1 39231
35 34068
436 74567
176 4348
453 1616
250 69349
181 24249
53 41853
41 61000
110 8654
171 33570
322 28904
198 9782
15 66742
494 7813
150 37491
258 12982
428 48998
197 32123
57 56189
25 40903
460 65047
151 54562
473 65776
77 45820
73 65341
58 68039
209 65936
118 60250
295 71767
104 70486
24 74387
302 1954
376 64991
124 27200
254 4201
113 17645
437 60072
368 45929
48 6252
420 32541
439 21243
465 901
71 39832
265 51842
234 17850
384 31432
101 79338
57 11473
284 48178
474 65309
257 35229
312 30505
90 61651
396 77722
118 29523
355 6254
380 54911
303 68061
60 46657
96 9903
452 65608
260 25950
489 69949
363 15853
323 42937
56 52742
396 15529
298 47985
2 32187
440 54262
44 31144
425 73691
97 76548
365 26003
281 75629
186 8435
350 56236
428 64192
40 12495
329 3286
433 13058
449 73840
90 4712
492 8746
229 9334
147 23324
305 32147
203 27174
85 25873
70 12657
33 15579
83 56821
46 20450
338 23480
363 15205
118 60854
455 51321
158 53199
352 29037
300 10863
171 53473
173 15294
233 57660
359 23007
164 5857
357 55779
328 77425
307 52257
210 56582
48 72468
345 15426
246 66650
300 75454
369 25260
220 34175
52 55024
476 26619
130 30713
429 48715
143 26808
210 33881
261 72768
234 56703
371 5295
65 38013
333 59550
22 26922
321 72318
492 1431
460 57815
496 322
155 14937
257 2449
83 53903
455 76504
246 20415
276 4185
339 41809
52 4328
350 51963
92 43273
297 53905
318 64371
324 53086
231 34215
406 10509
220 65918
102 52460
357 54053
271 3066
97 50460
184 50618
357 50753
393 71572
236 34669
180 45152
6 58513
309 66268
445 30268
278 31670
337 73816
175 47099
494 32855
192 58436
73 13603
490 23694
410 60077
38 16913
421 15586
158 28970
4 53105
189 39720
74 52163
43 54548
244 34926
375 10726
215 37962
132 59999
408 39574
417 64819
331 65790
296 18027
3 60852
146 47260
428 1071
370 5541
184 79540
406 46219
319 24838
29 11178
102 62010
104 14470
360 2629
476 35830
36 19037
149 25649
429 27152
438 66350
115 29511
203 42326
291 11877
117 46503
490 20522
314 10247
294 24968
247 55238
500 46197
155 63862
388 61181
127 11372
449 10213
20 6820
386 50780
259 23669
78 3891
398 14963
413 20491
116 17857
112 54786
249 21188
141 5936
279 50756
240 17215
426 67679
140 16822
53 21650
500 27234
403 26406
138 64812
267 35477
84 23913
136 59776
410 63179
334 27688
385 8881
443 41774
7 63406
191 53617
156 6548
236 17952
118 60052
231 22274
267 15772
21 6264
122 46375
434 18805
21 14646
82 15152
270 65194
127 7860
53 62710
233 17021
144 39161
158 6680
467 76691
38 76757
432 25343
191 1035
48 49318
210 43300
429 52338
381 7548
250 47282
419 5795
54 31205
324 50497
297 71753
102 5297
404 61632
336 14562
358 33917
466 77292
162 55963
24 41946
62 60250
139 43406
99 27059
23 48311
166 48387
115 28922
164 13700
243 70329
283 10178
274 14812
224 50264
486 52561
67 5931
66 24298
162 67884
351 52798
198 42057
466 9024
252 58679
64 29781
221 41919
215 50737
395 16176
102 63843
65 54635
185 71170
475 7425
50 15719
408 53473
241 1605
478 7765
289 20799
442 54350
129 4877
473 13052
244 46965
304 17313
58 54832
324 62192
452 11306
403 65027
432 74818
305 13730
94 57638
472 1376
444 33425
409 19455
399 45011
325 74984
20 65004
224 73954
416 50247
13 77359
188 67939
245 73748
214 2501
151 26733
125 288
122 52076
386 24630
359 7515
494 43587
267 1211
276 18175
155 19204
481 30931
91 27239
207 25704
182 68294
37 8441
292 56424
95 66099
415 39657
47 3667
271 28610
72 36360
254 54057
250 70770
161 78581
157 55317
444 73268
210 65101
446 71148
433 19357
234 14404
418 50948
472 47331
478 70182
310 9178
411 60983
159 71765
210 36272
376 28447
35 40297
417 8119
332 1618
77 55617
126 8199
231 74205
46 16112
178 49163
77 49478
474 19282
398 26287
32 35201
70 70018
398 70556
75 48397
141 24778
150 37754
145 75377
455 2531
185 73677
81 22339
172 9112
399 61989
169 19723
152 31933
387 72582
412 25696
114 39909
297 73507
221 25013
75 48618
417 42935
473 37196
45 2972
297 47603
316 25888
227 13742
472 62898
47 14662
363 11154
343 77868
264 18546
54 32711
455 57998
295 64867
322 64153
331 60965
65 64244
75 76974
351 46026
382 74725
226 19680
241 47715
187 35298
146 150
480 65717
332 55184
72 55782
151 58286
235 28458
217 4491
27 29173
405 44517
240 70614
64 48475
461 38756
39 57810
352 79555
42 28982
162 63438
112 3362
288 26141
497 27802
160 61140
467 67053
198 17581
173 64102
123 46751
243 23305
190 79648
476 39952
378 27880
95 30712
317 74110
270 39984
156 12590
262 38719
8 61919
29 54893
338 6521
154 37194
216 44359
65 28129
483 73194
429 3639
211 7720
492 39597
302 58359
110 45846
477 29016
234 19381
133 34347
223 43896
119 49719
352 40378
492 23244
209 30149
138 30718
404 1588
78 74007
61 43489
116 78498
415 53321
73 44996
264 26966
204 36069
9 62911
213 25575
439 48106
305 46266
463 12157
321 55448
171 8466
427 12782
155 44346
167 1658
373 37568
411 33890
493 7620
20 49558
322 73721
95 73708
347 61999
1 11805
142 21465
371 72594
341 49787
498 7745
128 79646
115 8113
420 68650
301 52199
280 8734
134 49160
426 2869
342 68020
462 13900
357 39459
268 785
171 49906
277 73189
211 8292
390 21167
9 79914
317 32942
391 51664
185 67334
181 30222
162 30007
441 74620
231 62371
379 66512
15 10347
122 57300
80 26662
365 65933
203 76584
95 19932
394 20320
388 19229
416 38721
378 33764
173 68081
161 35814
324 28282
494 13935
127 29695
136 8240
270 35219
78 25084
388 27802
111 23460
96 63207
66 17532
9 13448
186 7168
487 45069
124 22134
460 15321
140 3468
200 27004
91 71884
74 39739
100 50935
148 28163
322 18057
275 38831
483 74081
224 64027
189 72869
56 14572
400 15046
145 78316
393 51143
187 46839
202 63372
476 18606
303 40860
144 2452
91 46205
238 9738
189 46842
41 29421
455 3064
32 170
155 47557
310 52763
460 33067
171 24518
465 10534
421 59833
319 7151
328 42167
55 79580
38 67526
493 40181
35 79920
451 73917
299 32698
314 42003
399 29840
296 44972
112 78005
364 65316
24 37241
85 15846
126 17620
272 11055
318 41716
437 9368
271 63737
322 76070
24 63831
260 78306
475 51104
228 40534
157 57359
408 39498
188 55002
347 4862
475 50103
468 5226
138 8997
356 29050
124 40370
495 21707
147 30349
195 38833
107 15385
341 37279
471 20958
22 23015
454 2097
127 70144
196 14908
222 14621
439 9105
211 61446
422 74615
239 30152
365 79293
412 20263
135 51777
163 6783
446 65242
169 59435
270 74275
11 77586
319 56781
286 31292
131 51160
11 5966
325 55102
28 59784
193 2741
5 61624
429 53197
428 17374
213 37710
342 22544
176 26142
284 58849
393 66204
67 70102
491 59611
364 40783
241 645
480 77448
119 7187
285 34608
119 71688
91 76845
77 17710
32 46276
491 9694
461 67296
281 60344
254 77740
359 15991
402 24337
266 10545
277 59706
339 21164
180 60437
428 37486
141 20872
100 69722
404 12651
111 75950
55 56113
308 69862
190 43133
202 13029
120 46989
440 52727
297 60615
60 6088
41 60364
88 79507
488 52315
24 13497
128 36137
417 69093
288 76888
237 43542
209 29379
273 16888
259 57298
442 30820
33 41585
100 1717
482 12607
282 13429
397 2675
300 11975
398 58921
263 26171
259 20892
497 33702
420 62351
167 26273
66 46288
456 78970
108 57949
201 22093
273 72406
331 10355
276 17441
179 64709
36 4480
47 8552
56 69872
382 40142
44 39933
444 66228
410 50826
215 78272
107 7837
467 54784
195 11801
167 70276
168 68906
146 46814
64 66452
215 31479
198 9735
465 67883
13 72706
60 34763
109 49380
222 66207
132 10743
343 62983
395 41471
53 12522
406 9880
401 18210
443 11864
500 64549
7 56763
158 71945
364 72242
107 58779
322 41406
117 21899
466 19565
224 74619
177 38353
6 52837
150 18088
471 40438
292 49329
138 46456
481 69238
357 1634
282 29283
313 59999
77 70420
340 59885
125 43509
418 60906
357 64271
357 21427
298 6449
452 6915
380 63965
179 77151
489 15107
494 47755
182 77767
26 36732
204 57102
375 26612
224 27644
144 34477
96 35867
281 52048
388 43399
457 61223
317 42881
34 12114
446 18398
343 18143
474 31595
417 71269
487 515
433 58346
126 3990
268 50571
260 29897
284 63869
166 71551
388 37877
378 22330
8 41630
284 21613
370 78584
38 70534
266 29912
113 30983
115 26873
294 53584
480 5134
122 54638
140 4014
310 4589
471 29839
191 59009
186 31428
171 53736
327 5968
227 40066
350 52051
195 76803
1 18896
496 11587
325 76825
405 11104
363 21238
286 73987
76 79668
236 6104
377 45298
188 51313
200 59286
96 27032
488 11434
496 15926
290 5532
246 51883
387 26698
379 17198
374 33537
211 73216
388 14048
377 7893
27 68500
341 25049
482 25961
244 52548
497 6084
460 71380
358 3045
225 552
56 24755
412 41138
411 25291
404 43790
407 29168
141 27344
41 64506
379 71731
253 49299
289 21343
459 35167
143 67381
45 75543
211 1204
370 71937
477 73973
114 7101
166 12011
444 51272
189 73129
82 34963
161 11930
201 13298
209 65818
438 69839
80 47290
110 37035
65 5432
200 5259
1 24167
481 19087
208 44034
147 23834
171 75403
239 16085
193 21189
361 37543
181 5999
260 72439
126 32233
167 68379
167 78443
285 29366
471 15409
382 34391
294 32355
268 78500
38 71934
35 18068
28 21624
46 20691
32 60165
255 73688
400 3627
386 33882
150 26932
67 73549
65 26578
112 27352
412 51821
172 59365
263 43330
418 51151
368 31055
371 30969
291 57535
296 53871
27 59967
408 3956
275 49374
472 11668
217 74018
314 54879
14 57679
113 43258
180 41678
81 62205
455 13215
488 41475
85 49829
69 68846
134 36316
413 27652
312 32789
121 21292
260 71779
397 23287
383 71785
232 42168
263 2350
418 26739
299 20661
105 4875
170 6805
44 46725
497 139
455 58596
436 71533
421 9645
153 23009
157 36154
333 49867
53 7984
317 59970
118 22078
226 11781
338 23999
294 41842
480 12264
477 28953
108 25798
336 59147
121 58773
418 729
245 53578
73 76758
140 51384
33 27614
433 76546
490 61762
443 40045
421 75409
37 657
428 62073
367 15068
387 48491
459 53610
19 67467
305 73933
354 13635
140 39298
5 76071
66 6043
429 14146
140 56947
247 40735
363 47621
32 41554
272 19721
273 53254
21 10943
468 37504
294 27358
465 10334
473 49861
22 46096
262 1062
452 52616
236 108
235 21840
482 46680
374 2946
434 76948
417 26886
382 60104
129 20639
242 57489
464 61959
215 4826
330 31559
400 73453
189 47841
403 59888
254 32465
5 21370
345 44187
479 78285
225 7604
185 748
150 56531
467 73544
429 33263
127 5984
267 76807
476 10446
71 36378
86 40922
103 1950
220 43969
259 46117
405 73841
206 59625
31 26385
403 76728
391 24459
266 23120
403 72565
344 30845
170 30308
66 3975
216 73071
426 41367
236 39165
13 50918
144 38046
499 73582
24 16909
155 79949
187 36288
472 29526
136 39105
41 79014
59 72099
306 50820
257 13336
484 6820
236 71595
445 47397
384 60029
306 66228
51 49786
287 63017
338 61822
286 34867
458 13888
9 64823
188 57355
131 5244
449 69037
23 32908
363 62241
154 56843
442 16569
295 69875
180 15946
434 61972
477 19563
498 59967
316 37539
57 47771
448 24821
309 32253
316 31933
313 34172
119 76812
484 31679
105 43937
402 27824
144 29559
421 79573
40 57594
349 21230
383 49509
424 76628
53 25733
295 32736
270 54980
244 36179
287 74978
66 58426
37 62213
340 49717
50 52629
446 32962
65 56749
397 44336
18 34208
468 20964
348 65534
442 30142
286 901
245 48787
406 9673
130 37504
221 25277
74 38771
441 5909
367 45958
398 33733
93 29878
225 26934
401 59829
68 46894
426 78191
332 55831
19 12705
453 59182
306 58401
434 17988
292 76552
322 12103
142 27835
209 49154
393 70220
133 79115
263 67403
461 63434
221 63798
209 57657
491 47002
232 11847
87 21460
180 62303
417 56566
50 50770
396 1459
423 32745
164 35113
476 15283
175 49839
187 58028
257 69221
200 13546
143 74248
393 57172
87 53346
470 2945
382 68600
498 79812
157 52993
440 45509
268 14889
311 9242
234 32905
490 76819
476 51768
361 29243
121 36932
46 16552
133 25086
213 69471
343 32485
396 33866
12 22868
495 47260
91 12241
154 19109
364 43811
234 67616
424 76770
156 55928
368 66210
306 51272
353 38255
55 66455
190 29110
47 70438
321 46331
377 47911
94 26029
204 19731
493 8386
127 54599
450 49714
424 1173
360 28906
453 45133
151 115
286 9588
325 42352
380 11464
482 10443
489 35698
187 78548
134 18221
411 72889
156 31078
429 34918
307 8882
344 7971
382 14765
228 24872
377 59369
202 35287
73 75474
279 69710
132 69951
1 29643
363 51566
181 63813
217 44590
255 17979
475 53718
350 23045
130 26683
333 25610
467 31601
451 22503
212 49459
72 64212
220 20463
285 10330
127 12463
312 58393
231 31642
161 15892
432 6864
179 16105
157 59805
125 193
341 31613
297 29597
475 568
93 77358
22 42136
369 44324
266 79875
410 58325
221 56201
102 47991
447 30969
413 46596
330 6006
389 33398
235 52183
316 24806
291 55627
81 77061
18 3706
346 18867
128 21320
301 75345
215 56842
74 57634
415 49374
435 79052
166 40482
112 41286
456 63561
79 34235
156 34277
434 58773
492 6700
444 47736
21 69902
127 30992
129 78950
301 32370
352 77753
262 73637
368 52692
91 72775
204 20757
359 15810
120 26023
189 63577
304 41700
287 66070
309 42852
442 48650
307 9597
7 55933
457 38946
132 68528
427 39037
68 77834
92 40427
255 77006
486 58692
104 79897
368 25367
389 37397
91 47776
83 40188
296 41630
187 38041
376 28811
402 68078
45 56442
366 56248
374 49949
443 24008
143 24885
86 45711
326 34535
217 57796
428 37661
177 64695
281 70984
223 55202
227 66589
116 26132
405 32452
97 9298
76 52163
395 50684
84 57988
72 12061
34 14278
140 75140
382 53488
197 42430
250 3281
188 78578
35 50711
238 76843
334 54633
107 36696
196 33771
62 49418
166 4437
60 70970
294 26874
292 75778
247 68143
326 38089
274 39521
180 65282
64 55956
186 26873
220 55338
344 16843
479 9958
238 78457
215 35979
491 63605
63 42395
299 42360
415 31339
80 26656
425 1923
78 62404
120 51772
83 30017
264 8827
76 66726
357 56691
89 31036
304 29472
481 49454
117 67962
356 77315
192 79998
11 49523
127 53405
419 44016
317 33988
250 37688
6 16552
449 13010
313 28393
64 67463
80 41979
414 49458
264 65129
178 20108
143 3356
439 30082
103 22336
261 2077
110 70671
81 15518
381 62121
417 11785
87 5124
426 15059
344 23429
112 71961
51 46225
394 19536
427 56502
211 18031
283 79453
390 60132
110 72947
215 47560
332 15586
339 74419
135 47883
80 64726
307 57739
326 49344
79 64799
124 46681
229 57809
237 15347
498 52352
459 65242
491 26692
48 75400
341 54581
487 62823
186 11287
324 31047
149 50230
81 72232
371 38424
242 35492
385 78084
130 4401
42 1324
399 48683
135 6718
378 75414
294 2693
97 4208
374 11943
392 36898
139 7027
428 47589
211 45189
274 16028
45 66261
365 52220
258 51806
268 36147
219 55579
245 65216
240 17090
413 57272
341 55230
17 75994
495 71823
311 70677
223 76369
127 30010
135 43312
94 42266
71 20911
231 33619
234 57083
33 28632
383 32399
426 59606
416 68778
471 4489
342 25756
169 59079
395 72020
177 72023
182 24201
81 63163
371 54563
90 39374
449 54225
172 11173
190 18070
273 24480
474 46227
166 43062
64 4806
480 51853
67 56512
4 70131
414 8253
255 30225
97 39194
387 35879
178 38424
325 23603
149 30230
409 78974
113 70252
308 53602
440 71560
405 10243
435 49313
180 33037
423 20222
362 54277
41 40663
152 13150
211 34324
260 31842
421 24333
486 27749
209 68007
88 75737
47 74588
219 64997
166 44532
452 19590
105 76923
148 52399
271 26686
420 78613
347 69335
189 27221
464 7833
388 52653
266 34967
492 53597
156 48390
292 63957
72 3052
93 39002
211 35278
318 50128
446 41345
86 55212
497 61396
44 26569
60 60469
184 75937
453 65467
164 23163
347 33057
128 51273
110 42056
490 58312
169 23311
278 3448
367 48137
99 64335
414 71669
17 17432
447 10956
448 76511
196 43722
459 51784
496 12699
239 23803
155 12023
92 72464
192 40267
311 58103
213 29677
291 19845
174 3868
39 71662
206 25970
2 12732
220 68091
471 29527
32 16896
353 23796
99 35275
41 73892
175 61832
383 4429
112 51675
124 29603
220 57577
459 37189
424 69151
447 21293
361 66105
26 17070
289 23770
30 35054
34 9646
75 12862
153 18668
46 561
277 64629
113 39055
20 19140
20 52115
410 50052
66 34651
2 6242
178 49915
19 65783
62 22949
180 69549
252 69818
156 68177
379 8016
323 22562
323 61963
123 13249
154 1902
28 47276
424 59146
12 44870
284 75167
143 57985
392 41172
461 25690
361 40263
487 45969
293 9314
386 12568
475 60575
92 8919
326 5230
260 61438
479 54758
178 31383
46 2761
477 46772
433 26307
120 70474
481 37287
1 76671
488 75981
477 31816
345 39842
154 50197
258 16377
196 6996
61 56913
32 43200
79 52114
288 26504
80 56472
209 31824
446 75902
139 61014
254 736
61 76216
369 11594
327 10829
380 52861
182 33912
437 55142
399 59928
68 75745
452 32279
158 60121
457 41874
385 59576
21 18064
58 45460
346 66972
418 23314
105 8462
182 16412
71 15733
323 9134
13 25553
266 23036
121 3028
237 16677
483 69913
88 64013
205 67002
118 26751
11 78693
293 28345
160 74384
49 17923
383 70375
278 2353
211 44728
329 42462
431 70737
131 3814
267 23800
174 57274
229 22613
250 62066
485 48256
257 67727
261 56952
168 67764
105 24980
3 77529
149 20556
493 74363
190 18942
442 48399
73 39705
427 49708
24 71497
142 56852
406 75982
107 56648
295 23546
228 6750
462 6570
102 18249
490 31701
173 35034
358 54800
272 64358
157 48175
227 79248
46 41271
11 70007
156 29252
273 50950
99 46631
483 33908
109 79771
122 65150
47 31763
343 18972
302 37776
310 29465
2 28841
430 46013
174 6320
106 1634
182 74078
165 22147
131 51215
376 9312
467 72931
483 71209
463 2712
75 18772
170 55187
275 66163
497 76146
2 56068
149 9743
291 76455
299 4348
469 42326
301 22574
247 53410
166 54455
277 14709
438 4260
21 43100
115 22464
88 25746
357 52325
126 62500
219 54603
390 61099
60 31546
487 49884
11 8279
303 66778
3 61366
328 73670
172 67059
462 38057
476 58989
295 15146
223 19275
120 20751
123 12869
33 34642
177 27058
496 7363
14 46203
110 27266
367 35787
17 47292
73 44473
385 70206
293 2588
259 33721
326 70862
324 49659
370 18346
87 34684
365 5596
295 29635
458 58638
462 49522
23 56157
329 28864
309 54061
458 73363
434 32564
404 64492
394 67102
418 52619
275 1115
53 36240
268 72051
441 17857
77 5406
260 41369
454 74851
143 22820
348 48471
79 18509
431 46838
70 6021
407 24026
327 30512
145 31295
57 1884
427 19130
381 41038
482 78356
311 64365
353 31505
233 68158
429 77955
432 16710
379 37709
149 2001
28 61309
269 10923
498 16331
261 3036
376 67290
315 43704
210 6469
427 79717
94 77511
84 78455
105 12726
76 59329
56 73130
459 26437
230 60837
241 6365
249 49612
163 48574
409 39463
295 50513
267 9817
400 21174
137 69319
94 72890
494 26841
424 9856
191 1045
131 42124
373 14232
54 63794
61 54759
25 8144
268 74900
113 77397
415 42492
35 67184
460 15366
473 48078
319 57645
55 53355
394 64898
395 48883
109 17422
98 14274
266 50809
496 10087
270 52601
56 63295
215 24947
154 72361
392 6672
15 9898
173 15799
9 31550
480 60828
332 54165
460 4641
302 36330
78 37340
387 3350
379 9482
114 35942
55 55635
38 37086
117 29610
470 70719
209 42572
74 9390
373 4937
56 22506
160 24468
100 25776
358 79090
299 48575
466 50490
44 39522
186 7030
94 56602
279 34118
456 64307
447 37192
77 47441
288 21016
384 56448
360 61351
378 56485
444 70715
351 36678
107 39502
460 4916
49 61286
192 37591
369 12944
182 18325
258 6126
465 60970
499 17549
216 26486
360 1503
330 10204
482 34819
311 70463
278 16766
253 35830
123 70496
405 32
360 75053
411 75289
311 48368
149 45086
97 3615
401 49094
423 64520
78 30056
262 30823
491 67513
484 2416
368 68380
424 14870
195 10550
415 18966
296 48017
258 67274
162 70929
340 36729
44 50376
18 14561
440 53952
50 3594
135 15403
363 42409
31 41443
249 22654
208 18811
458 13295
188 56503
65 36761
143 68754
259 9338
151 49998
157 30768
157 29439
479 23688
435 37033
85 58511
228 71436
392 34649
250 1614
41 74302
159 71234
214 5460
324 14301
231 69081
305 77506
295 37898
340 75178
449 48379
362 7363
175 63536
256 70516
378 35288
216 75407
180 52249
257 47161
456 10979
170 35391
66 31757
299 29511
53 72664
207 55013
151 75941
77 14295
184 31875
106 29295
183 74263
137 50683
467 3
310 35053
251 60825
455 7701
491 35820
372 25651
441 69971
262 21247
305 56747
151 33343
222 67352
40 8860
190 29577
366 8723
218 7240
70 66845
295 77508
149 3262
2 59350
228 63541
473 64143
305 75798
212 66871
84 55074
313 13177
27 74408
24 47555
183 39469
28 15395
96 19723
160 73897
321 63359
187 46644
26 4905
96 43541
120 11529
26 76215
65 78499
305 15034
377 20007
224 76414
174 1870
489 23961
129 54864
489 39991
42 74088
401 18369
172 64327
317 47897
311 61273
345 12370
136 49105
119 18620
45 67539
382 35695
50 28845
270 16275
156 4874
42 17202
458 2872
205 43338
243 5892
109 50917
354 79643
315 18941
123 51699
357 28259
179 34814
106 15994
431 13248
82 44941
389 17834
228 62858
158 67086
206 17554
454 72237
108 77267
444 34162
121 13981
163 70213
440 22930
274 61839
233 23475
5 38863
317 63653
173 77811
66 50397
220 67007
152 16407
223 43181
137 31513
410 67918
351 2919
416 57337
428 20686
352 10824
165 28807
208 19430
79 43636
54 34907
192 14302
459 58263
240 13884
294 65376
460 28187
211 44058
359 13920
61 19828
204 61386
50 70077
402 72305
180 23553
88 1421
146 74495
209 71750
471 25275
205 6456
263 18486
230 74098
112 14142
244 10045
454 20029
297 6378
71 3028
17 1041
333 51993
408 59095
323 53086
287 70047
391 43171
463 56303
39 16392
66 3247
15 74347
175 91
136 26686
58 34413
173 17955
474 28093
261 79028
330 33717
238 75404
140 13595
421 44367
453 11442
303 9944
383 12228
78 44524
334 33932
14 20796
59 25026
156 5905
88 13138
339 36552
278 20026
302 68422
165 4920
455 25457
176 20004
439 4948
467 32543
455 62553
403 79282
140 2156
97 61644
124 20934
143 47856
496 66352
305 79179
116 73949
2 54792
14 31551
120 44143
170 71276
92 45654
135 40104
31 3404
261 64955
242 33566
230 53959
127 33298
62 45347
198 77375
258 15284
385 3855
336 49188
300 55050
189 77414
218 28163
426 64068
314 76438
419 46960
247 6067
203 53817
388 46436
391 76783
13 57564
478 46062
364 59770
92 61722
69 64493
396 73169
142 60649
19 10385
499 70837
76 64030
188 35967
255 33653
106 54952
417 36292
42 53994
415 76468
82 65393
358 46236
13 51070
193 78460
355 76975
322 567
239 44145
37 4159
80 2878
374 15663
253 67795
225 24872
469 22199
141 19791
387 19190
206 70392
330 37052
298 76397
482 15761
385 34515
41 50867
105 6319
292 58684
202 21612
232 18145
443 42032
149 15531
415 61195
186 50962
265 43063
447 20996
93 2697
297 47859
492 45764
346 41472
132 9915
107 6945
426 55530
315 47565
130 44840
359 39478
407 27109
332 69963
380 24440
35 77415
212 63947
350 41836
27 20334
128 14886
346 68705
5 42788
455 22081
43 67543
62 37399
298 48297
142 6620
297 8607
138 75985
499 75870
20 32848
451 69077
202 73632
176 15144
428 16703
150 58343
91 19002
127 12873
121 71041
99 47373
466 45108
284 17475
317 62344
367 8373
21 23902
365 16806
484 33443
407 73722
3 78687
34 33772
396 75560
71 2005
19 43791
225 73546
382 30176
210 16529
53 45516
234 41012
151 65957
192 58168
243 11057
42 39578
115 67134
465 44074
336 37532
199 63923
380 10302
452 14487
115 33986
170 10735
470 42382
200 1964
248 68936
135 45402
48 61253
120 33271
76 61954
107 65713
349 28706
275 57166
412 53543
104 55253
127 1821
203 29992
242 56723
482 10627
174 47747
22 56640
297 17863
122 51021
272 45375
247 1804
124 75616
395 64885
334 40235
48 66893
451 68336
235 5561
261 39150
274 58302
440 64614
229 49250
493 27996
230 45170
90 36548
298 32768
228 64456
402 16180
392 55
397 6181
91 29276
461 24223
454 58052
490 71740
30 29239
21 15318
305 31500
228 9921
271 32147
242 38815
254 74718
416 76554
179 48933
495 79828
215 68764
276 68849
110 70673
244 9114
211 59942
448 12755
475 73891
234 41894
229 68824
322 45476
93 46932
290 30594
157 67050
170 58972
437 75365
292 4317
401 52949
281 60805
450 58041
27 5303
364 50148
5 1460
103 66761
271 68397
133 37657
255 38061
485 21896
204 10598
300 44443
83 17534
91 77703
473 48712
390 11635
26 126
228 66225
253 11578
309 65922
326 52462
242 10179
135 75678
500 36148
83 13277
405 40906
162 67480
142 68806
275 5966
43 52503
132 72987
83 34533
226 17070
457 71182
63 76883
264 66600
489 33074
472 71740
414 58469
250 18665
227 44871
92 23077
495 32501
275 43805
306 79754
235 12546
471 33335
455 3862
401 16946
82 66585
27 55966
267 59005
393 56207
142 61004
148 28893
360 51758
121 45676
419 48440
75 10276
31 79754
101 18685
35 65989
57 44197
314 76040
360 1610
66 74453
435 29371
389 18109
199 37576
330 49929
354 46047
257 41391
132 59010
440 38777
3 39300
343 77975
323 69843
65 65609
118 62937
404 21685
389 36369
169 26763
442 43116
46 61165
312 54985
367 8078
431 58015
417 25186
425 76536
177 26885
221 47054
146 56658
312 45785
139 24770
259 12397
146 74877
30 11482
320 42339
429 34877
486 68678
389 26490
62 70278
375 77504
176 66439
457 13169
454 60611
167 41934
428 43190
408 16458
76 19448
31 71968
227 69104
422 9390
174 18049
226 3440
218 46301
481 45857
173 48756
70 3025
10 41601
481 6110
353 44021
237 79824
465 69054
72 19958
76 14603
234 70025
475 16742
254 60879
251 59423
179 60947
257 1774
280 79544
406 75673
401 37716
200 32273
368 34311
368 28799
97 71985
442 37915
347 13464
432 21844
188 72863
402 55650
489 59132
127 78964
35 14584
483 19582
387 58648
464 43256
343 19231
425 42136
223 74970
314 12306
137 10264
458 76048
461 18266
18 56033
462 38760
141 69473
167 3664
451 51459
471 55323
181 28633
213 32297
480 37930
160 5498
494 41194
296 56297
71 60692
68 78693
281 37218
42 73884
268 15683
319 17205
111 52030
308 40955
390 3349
41 40252
265 17775
322 58820
191 63194
125 8640
269 33129
461 37832
47 16325
242 11984
103 33237
143 56070
298 11619
115 44978
408 29834
432 75727
92 40164
227 17146
169 75919
266 26175
326 59936
380 10093
200 52309
265 75018
411 51945
132 26936
461 77868
391 35943
278 38317
382 44335
332 30643
24 63188
281 24835
204 64794
357 15949
182 59396
84 64424
107 65702
114 4113
481 20159
14 11089
328 35396
45 26959
282 50427
382 13506
385 69190
368 62996
483 52428
133 14487
121 54163
435 52839
372 43772
406 66276
162 62438
355 21214
459 41469
468 5970
480 43089
357 6201
268 56703
161 14329
70 9030
175 44220
181 44389
465 18431
96 50746
413 2140
186 57105
222 53029
427 42851
280 24625
93 37313
145 20655
180 11436
89 29944
134 14033
463 52982
323 12234
489 78492
251 73695
240 28586
491 21147
446 46059
464 50549
206 14300
112 51247
455 65847
254 64307
18 8524
398 76065
311 18986
219 21624
108 62242
112 67764
302 34735
443 45654
311 22661
65 29690
310 30248
304 36041
325 34761
44 34539
486 51430
18 53585
134 18009
24 51688
321 1298
131 8312
353 23034
31 18461
175 67026
279 9354
372 71408
151 74576
485 75215
84 43565
308 38494
79 68630
433 16910
54 28994
141 1321
465 27872
338 57353
499 40534
109 28136
374 59351
443 57256
243 15639
453 73706
127 29698
480 9806
255 54959
121 46973
241 21604
102 10865
401 33266
236 56466
109 25393
139 26192
493 77555
364 56976
60 34444
378 999
1 33597
17 53072
59 53261
450 66971
73 52647
78 245
367 63829
359 70002
431 76954
65 22885
429 22218
46 409
447 14856
31 59464
234 43131
493 20147
123 16939
416 34450
474 65219
115 27154
27 491
330 31382
156 17324
151 4065
340 72889
178 29011
15 10194
289 60220
476 46696
401 47795
102 26557
150 14312
312 47520
79 10930
325 2078
68 42133
188 74854
366 101
56 35656
342 55826
317 62051
242 76628
109 75050
367 76520
89 37286
490 34747
290 51016
327 8579
228 15014
301 37883
102 69859
203 6290
192 15231
32 8205
128 35308
149 36198
121 23976
146 38532
119 49799
148 46854
244 38857
6 1243
329 73615
63 79365
3 32548
102 61165
315 29102
234 55769
183 27244
2 28180
254 27819
167 12317
60 14110
288 58204
107 38474
493 19254
107 26050
353 24431
39 47880
463 28889
334 54158
242 25720
435 8494
204 2284
133 13898
419 17463
144 57236
380 17966
322 27953
78 41210
19 47387
1 38496
229 68229
436 35003
221 74958
29 58460
296 18506
222 35065
259 70277
270 79112
455 20814
280 10237
97 6692
440 23476
288 26156
303 19431
418 21735
124 56977
63 42574
166 5
230 14236
7 21040
49 69731
356 66911
489 38771
495 19135
156 61428
15 13839
406 1079
7 64969
53 51451
196 58434
444 600
334 41814
476 51544
207 11631
450 76961
260 22301
86 18089
286 49981
79 73348
35 22863
261 52625
122 15221
369 2359
2 6
165 452
100 63195
198 55244
8 21563
491 36684
148 319
441 76458
301 56905
454 73257
328 55610
380 78331
378 47547
164 23806
188 4586
456 22984
140 7907
412 10358
459 33417
179 65916
53 44842
359 18956
428 46139
356 78438
132 70523
341 12722
248 62095
449 5858
384 36560
263 71332
230 48886
115 27258
461 58675
75 44488
349 49715
267 56644
77 61377
9 21074
330 63895
13 23459
127 27715
387 97
328 13536
88 60781
322 12688
405 61933
482 42689
404 42094
238 11953
45 47271
354 2015
322 34912
376 54248
191 79964
381 34182
250 11497
345 17023
280 1802
67 61526
31 5979
263 78137
254 42396
118 52948
209 79031
426 46148
462 29257
271 65072
316 23579
347 54354
12 9936
490 34145
119 13211
151 51409
161 70179
493 72506
341 47803
251 62925
495 74562
245 21462
61 38919
289 19407
402 415
287 1579
194 30127
320 10836
312 40357
147 75978
418 16979
323 60910
161 45585
359 6795
83 42427
231 23191
151 76815
452 16356
344 76492
51 78865
498 64589
466 19386
159 78587
370 51726
255 17135
171 29592
5 26227
247 7418
440 73329
368 48171
423 20236
365 30128
386 77056
113 75064
442 27066
484 2669
184 72915
124 70959
163 1973
206 48505
34 41232
354 66012
51 13697
230 77779
379 45166
364 14086
83 14540
155 24766
96 10476
366 73267
156 47713
397 17957
383 3175
142 61278
495 79953
133 62499
404 38558
129 39185
273 45684
109 42612
424 56506
263 56716
470 8492
412 77129
417 49342
306 32440
221 20983
25 48409
112 56935
391 38774
422 29263
160 12423
57 62842
54 57270
377 79296
210 25566
13 30373
466 73516
353 49866
25 36120
402 1610
33 52630
105 5974
444 78494
420 66441
251 4062
276 69044
330 26308
389 56800
415 53043
277 52423
223 68862
158 15271
83 23893
174 24680
269 67398
382 6780
284 75310
201 48744
427 64661
384 59963
362 53975
289 12836
96 20528
9 57355
4 23065
88 1845
419 6574
81 62629
172 78071
27 63379
124 65930
233 31641
138 24564
243 47221
281 72876
459 45383
161 13492
433 13075
336 44285
256 21687
195 28517
350 75356
459 73363
480 29352
317 51419
87 51979
98 53337
324 25262
303 65062
53 59589
298 25323
222 15862
267 59448
189 78741
400 13952
414 36294
338 17556
412 68564
114 40436
162 11760
388 33833
123 55390
291 54159
346 66030
443 73654
170 21222
498 6272
487 15889
488 32456
48 6826
491 74366
379 27084
160 2959
45 858
163 15222
415 77504
331 65049
77 6862
360 57248
259 23014
175 55009
63 6269
246 49505
148 51593
325 12544
490 30680
97 79033
168 13850
9 29690
365 19119
381 23392
11 18865
285 73790
7 4072
404 70340
403 21835
402 14382
170 72328
276 60986
76 71826
332 15963
80 14002
135 26083
36 20478
242 46489
228 49441
297 43973
415 62322
242 22133
336 78574
395 67495
323 44330
360 50906
237 58554
18 60034
292 19848
383 45081
281 59068
380 11366
119 51122
457 48418
491 60729
165 71039
202 18133
315 28060
177 38140
442 56448
393 41652
185 26969
472 69780
272 65380
74 34614
449 52109
369 32247
52 17376
138 32864
188 50922
452 74712
107 3615
448 30437
383 70452
184 73157
135 58819
391 25739
78 42873
165 6855
372 380
176 44920
311 4309
484 65914
447 42828
339 33897
50 33429
433 62634
166 28544
138 53857
290 13994
415 56933
316 50747
249 58174
478 54300
442 57283
148 26963
377 14083
208 270
458 59205
174 53413
424 61302
292 39146
410 75483
119 44852
234 42104
332 9694
313 68257
364 52352
185 24829
1 34322
362 73183
443 67314
198 13767
11 71619
60 48860
352 49015
176 56039
9 19737
237 52906
204 79381
102 44266
474 68945
147 10864
64 8504
457 21227
311 5325
189 2054
317 14101
185 55693
11 58968
437 76885
341 75325
400 24020
365 34046
60 15462
24 77218
438 63954
438 68813
91 77481
423 37628
460 42498
349 33676
195 30814
487 58769
324 20254
205 27555
145 21186
185 20629
434 18973
60 45863
66 78762
83 19144
140 3550
282 21860
7 41942
152 50327
182 39468
462 13031
25 76532
47 30791
486 28101
439 41189
193 18565
245 9449
480 29676
182 53502
40 37828
485 25882
314 43472
210 45157
70 1339
150 35451
112 41537
350 75620
126 21758
195 59914
331 27502
296 69471
80 75331
212 41671
405 15393
368 69157
408 56675
411 61407
451 72808
332 5727
49 2276
218 34676
181 63895
417 3499
178 55164
195 53273
176 42303
444 1416
222 72318
354 4153
310 43731
205 41570
456 27458
288 73146
27 60060
142 57248
386 14610
98 52488
165 53273
224 8572
206 43661
325 77418
328 3640
59 28654
443 65740
327 55612
365 75125
485 31337
371 48655
64 54005
162 72292
47 60567
463 19411
37 16623
116 58798
406 46521
220 31556
63 5545
335 63762
254 57004
483 62493
471 50140
200 1547
225 19967
121 60825
39 63009
157 30775
399 60099
287 49402
431 12737
227 11567
107 27547
70 61398
68 18144
125 56998
436 36922
343 6022
407 66452
367 19593
308 49754
359 66811
290 15402
123 33000
451 46595
387 39919
48 16970
300 21236
147 67007
287 65051
204 21180
71 72731
125 51363
170 32796
150 39810
48 41880
18 56145
52 8341
348 1808
44 64275
174 77766
269 40491
433 35306
129 39544
79 26701
468 55807
300 65568
424 72194
145 35991
324 69456
413 64893
277 55430
471 50163
120 79857
197 668
497 47625
356 79995
371 48151
205 42386
110 14974
222 39115
375 12764
339 25674
196 3072
193 8552
10 45237
54 27063
144 67324
487 77355
475 59248
229 55043
177 79958
489 894
256 48389
352 44193
285 40965
276 60517
302 25704
93 49221
351 17029
56 48748
495 13684
295 54935
472 51290
379 22681
150 33196
485 63374
216 50359
130 56420
341 39409
235 65270
496 3133
89 30624
141 44466
194 72599
50 44616
58 60387
427 15961
411 18237
118 43340
410 56583
407 52360
116 51919
310 72542
270 14711
476 6703
480 14467
146 44488
186 20811
90 15965
322 53102
488 47394
16 14241
166 12316
375 58881
172 19869
20 2322
48 71179
310 31884
267 53897
353 76090
23 29642
301 27925
483 65113
238 1225
487 16103
110 39891
389 66016
188 69755
472 8476
349 1698
225 16888
226 79912
161 31382
255 77932
284 41428
215 41462
157 42649
242 30128
412 15575
445 74838
3 72965
237 52282
441 47579
160 35358
446 77459
491 34665
97 55359
86 61545
44 47411
140 9670
48 8063
392 32319
379 13825
189 62752
236 68399
303 51466
346 52551
427 13046
257 18270
331 72836
227 3293
12 62615
396 15127
478 55962
343 58326
292 59422
467 807
341 24032
399 23128
244 1879
303 78517
189 18447
288 32847
361 67564
143 34116
266 70620
203 693
160 20225
159 75987
334 43761
153 36869
491 731
350 69919
5 59263
331 22697
294 32053
185 43988
330 74332
474 71454
346 28504
206 25669
420 60920
263 45288
240 64458
121 52250
156 6450
91 3600
297 65922
3 57839
81 49345
42 59723
327 14890
74 9845
406 50491
407 69222
62 8480
231 18529
412 60573
258 2861
315 51158
226 78814
398 3457
335 71463
435 10236
124 62058
151 50236
145 53576
379 20996
375 68940
109 45476
119 22053
57 12931
140 6443
181 37422
484 22006
225 11225
118 14885
451 1496
95 54951
380 69834
289 52249
301 71244
26 4541
367 25927
335 44279
232 31188
263 52499
364 10103
275 15011
4 25436
209 64472
414 6570
46 28130
303 74789
318 20105
440 13254
304 61538
494 58225
243 24431
362 51885
471 28715
121 63950
333 29227
169 18729
362 22015
299 40862
81 72789
455 52454
33 11691
387 44515
352 18752
91 12290
135 12365
406 34954
183 47996
204 8889
453 36853
247 16191
427 59153
190 10895
477 36254
29 68096
17 55937
447 34825
467 66530
437 53938
26 23636
430 62187
413 1053
318 26116
87 27374
6 48716
171 33141
335 71469
252 74983
347 20967
398 36678
306 44556
108 52412
426 33311
372 8129
331 47963
343 5414
236 12396
242 31212
117 23889
389 10925
410 65751
212 587
87 8915
481 23631
206 34327
379 487
446 18672
142 38097
372 46627
209 32243
417 9853
131 79700
337 18165
78 55967
55 5727
367 61218
418 34963
232 30874
81 26554
124 45367
281 23644
467 1427
330 69891
164 21387
266 56099
141 65624
421 32388
6 28218
245 26919
470 75420
392 28170
372 19376
306 42008
424 60945
472 47883
207 71141
287 69935
147 733
153 73347
137 41362
30 78743
380 2328
461 13823
205 11474
445 296
233 29400
72 51541
137 75203
228 61856
106 68545
301 78156
354 49622
496 332
177 73322
63 44120
301 26089
26 78753
487 55171
88 65242
230 66831
116 44224
379 62047
200 52380
408 22590
406 38465
112 6582
129 42041
67 54959
125 10118
423 52026
200 77873
424 79013
122 24744
60 21076
474 54799
327 38302
186 59811
457 750
275 56544
31 18572
199 72868
226 46409
269 23624
436 36990
416 37697
432 57824
121 33523
422 79797
140 58041
413 67126
348 26543
372 56873
420 56183
421 5285
22 39405
105 65445
199 44656
82 12532
280 28742
20 5497
475 5581
309 69084
289 55137
408 20288
394 17359
145 69913
92 74167
15 13789
484 12949
89 45908
439 42453
243 17372
246 71996
22 43865
11 61481
83 20748
10 60908
248 721
48 13756
9 18982
123 79132
281 20885
224 49279
354 58012
88 66797
297 45061
288 26596
367 49947
469 2882
357 43416
272 78107
221 46462
355 29055
235 20036
307 40151
373 21664
456 16865
67 21003
359 76841
320 65153
363 54138
443 20235
180 15023
267 68076
403 2713
483 72437
181 67909
235 62907
256 73964
493 10345
444 22169
325 19595
491 35924
205 10642
494 9630
278 21831
462 34000
493 3969
227 65772
154 54912
232 78314
481 33095
297 3118
204 1033
48 69744
310 13212
45 72607
456 34723
414 24921
82 77469
264 4207
18 12061
247 30885
218 63657
42 75970
85 25461
473 76251
366 19083
165 33026
372 32707
299 4701
255 69288
101 63348
470 60976
176 46355
491 1858
293 26119
406 72036
268 58926
82 71837
60 5352
446 44046
364 67716
98 25863
19 18263
392 58453
486 7083
79 45671
373 77088
403 40302
53 33402
410 77540
69 23521
253 28964
48 45493
42 77598
393 69877
423 30038
331 27678
333 55329
145 58550
26 56197
388 48390
98 78975
119 31774
227 45133
230 51227
485 37655
468 72060
43 79039
368 35146
236 20186
421 55984
275 47761
438 73391
300 69848
222 15358
68 70829
185 20707
240 3201
193 74141
211 18913
306 31840
252 17104
283 75000
393 17869
302 20790
438 61458
257 66864
419 16585
375 69396
373 20572
63 53101
85 2615
277 20098
342 20500
171 13203
58 48541
281 23271
85 21797
65 74376
306 40482
440 63791
435 25550
391 48957
241 62531
328 68910
62 63806
338 1653
46 21339
252 35783
247 12435
403 23457
480 32567
327 57003
2 41096
162 51956
130 70888
209 28651
396 11124
325 72685
263 76041
332 30939
151 23470
73 23931
186 75671
427 20959
123 19656
243 43818
98 23951
325 34361
258 31342
487 52116
405 1244
234 55566
388 19451
107 68855
268 71535
375 75405
98 23100
235 45771
396 34863
297 11747
66 4896
54 25584
355 78906
86 66828
241 64236
435 8548
192 74393
229 25842
79 68023
143 60655
277 32752
133 15778
189 62252
53 22856
415 19711
410 71775
13 57537
168 49370
223 45498
26 56898
419 64520
186 44130
49 54931
88 30103
397 63316
287 24626
268 38479
95 18044
23 40423
317 41026
384 27873
391 15465
95 27544
77 36375
378 42806
421 18079
133 37519
88 60957
95 10065
26 47960
150 54419
326 19393
151 42026
28 42379
440 5573
285 71595
429 38444
371 67615
36 21103
330 51578
208 396
224 30842
398 68817
157 56172
43 54822
112 26838
127 43774
336 51925
193 42178
420 47533
197 17200
72 73171
285 15145
354 54773
412 14242
398 214
390 51814
173 28695
286 20872
222 56435
242 18745
116 40815
459 16103
58 67751
311 71077
484 71344
281 43262
83 48667
132 35049
380 45246
448 17513
273 8961
107 29488
435 43705
53 10864
390 60059
465 15692
144 66576
426 68313
159 58204
207 79107
134 72235
180 31659
192 51155
474 11130
258 70476
183 40880
95 64554
471 36866
163 40977
68 76889
185 15199
419 18076
467 53301
309 44598
335 65946
159 19575
388 56773
290 76414
165 70255
364 52061
314 55900
109 62128
421 70472
435 50416
34 68215
86 33257
20 63041
157 78056
62 26080
246 41866
474 50714
426 52442
21 50086
99 15324
377 46269
109 42729
442 3704
70 58454
158 26744
138 45181
425 27327
355 59762
381 40139
225 38470
236 44523
315 12070
237 68463
249 14737
478 7671
364 23585
205 14879
297 9464
422 76986
311 72008
242 690
236 60824
455 13577
307 19117
90 6507
465 15516
380 40423
408 70422
418 1270
422 5891
478 17853
212 16326
375 61925
397 28755
284 52395
330 15620
46 54038
441 24828
281 41643
135 29417
263 23069
388 43633
445 22318
283 74411
39 48289
3 70169
325 6870
168 73105
245 79893
263 49269
310 78565
161 11442
160 29739
97 25588
353 45289
58 47842
182 71006
462 32953
208 2003
278 8173
128 59995
471 48697
147 14643
6 46187
386 9412
317 79620
123 78851
184 69439
14 39421
157 70586
449 24729
304 64083
465 66876
424 32379
231 5150
292 21443
323 75542
151 53615
212 46243
48 79166
154 78608
406 22414
87 36877
261 55796
255 34967
500 39486
372 42458
185 19686
431 6654
193 775
116 59187
21 78885
34 24237
429 68075
9 76053
357 55905
102 52147
275 79031
243 21534
6 59308
432 67478
430 35733
103 63253
210 16782
160 79340
61 19485
314 30956
41 25863
456 59171
95 12618
481 48617
309 7228
225 32415
95 72078
361 51555
254 57760
283 6495
116 67394
444 56315
226 61282
149 27610
300 59497
482 11080
13 22481
153 11348
452 44864
440 65553
309 9769
11 5780
285 10166
483 65087
110 61117
378 78755
361 77913
193 3553
193 14146
336 68553
259 63123
302 27572
160 54630
286 4930
409 38120
239 37466
243 45950
112 10263
288 3136
473 16498
268 45993
401 28906
369 74188
49 61929
64 9687
239 73250
384 79855
321 39984
354 11985
474 44217
408 56709
48 67143
434 1974
17 50533
485 30671
453 37874
482 71925
258 34113
176 65197
132 55691
241 53233
94 53894
386 19238
191 29097
440 40438
125 60600
459 34468
361 65190
163 66327
433 3441
2 70368
437 2411
383 19892
435 76685
218 41876
331 102
2 6327
331 23264
442 43532
64 5533
189 61260
343 79024
209 68486
313 38759
347 45212
432 79720
250 55848
260 25063
464 74327
255 162
68 76401
485 4307
342 2700
12 9518
225 12708
341 76136
64 13112
73 58639
187 45368
329 25689
47 1052
370 46961
317 45881
130 28928
355 6946
274 11220
485 32470
362 36335
390 16664
12 73836
128 58599
497 74394
144 71731
130 41522
279 62204
472 49936
270 10479
124 20262
123 20147
476 16190
310 1014
308 62657
321 61934
330 29366
428 21947
495 4374
182 8409
304 59919
2 49713
478 2459
395 52831
110 52534
68 23149
365 52111
341 7318
485 38350
200 5382
350 13058
1 42115
18 64197
354 37755
233 7850
32 43871
458 11734
300 42796
377 49063
162 2740
39 10207
310 53667
349 19941
390 49943
421 1958
277 27351
19 52884
340 64334
165 58374
487 72924
123 29753
328 53886
48 51150
473 20067
327 74950
489 70135
451 39625
67 19248
16 56242
442 16690
156 21381
54 60664
159 39552
262 69953
491 25989
188 20597
76 4357
484 75821
289 14323
357 16407
433 43365
410 505
87 4742
187 77367
243 37279
242 78514
490 34768
494 4860
142 38625
407 67951
60 14160
184 13333
80 73432
243 15711
17 39365
85 49635
46 9095
19 79288
462 7764
242 33641
349 48305
404 54508
112 60852
25 75384
153 49221
15 859
269 21346
286 72678
140 7413
481 70924
272 8497
443 9096
343 30181
75 51974
492 71478
425 14274
442 76858
82 53930
377 8520
251 43369
83 74036
123 36489
448 79028
41 13529
131 61166
267 69833
123 76965
241 8243
18 18211
495 45168
250 10853
194 519
230 49688
131 39914
101 21401
101 78198
292 16551
26 24077
403 56934
82 33395
41 70334
40 13527
285 48158
82 32386
333 45692
489 75960
94 24312
187 6982
202 65930
20 7775
49 39981
270 45471
385 52430
40 48764
290 19315
11 57275
50 63073
480 52724
474 26250
15 52953
251 26882
59 29783
98 54059
476 45345
473 66473
372 66186
500 18627
270 34569
100 8992
90 40117
143 59093
351 74274
90 20567
119 28510
490 72937
263 4507
300 65554
416 20534
177 44050
463 51382
123 71948
422 16523
78 23890
389 23860
219 59562
119 38383
156 16153
238 27693
186 50971
166 9261
50 69524
338 52418
325 42030
349 78012
80 15319
130 6346
212 24413
29 48628
379 73334
232 21555
445 79861
63 16522
188 64589
4 50676
389 41002
355 15539
313 57904
380 68054
29 29984
336 76110
314 71823
148 34102
53 70564
18 45050
247 60212
458 54426
95 52783
226 64686
72 74712
498 4182
491 33281
73 34222
51 34821
21 53271
376 36970
379 60264
126 11399
89 71011
29 39691
155 67225
383 64955
439 37387
47 76078
312 29769
54 77421
495 6891
193 73355
265 37468
44 40997
458 58914
182 72298
421 15964
147 65567
266 64971
128 17960
499 76534
398 59649
371 73700
35 53810
322 30853
404 72927
491 48166
286 60649
48 60885
29 56042
498 36936
391 64689
287 21415
234 48968
110 45968
466 55192
82 70048
353 45892
91 30719
402 66595
87 60368
137 25424
170 5515
230 57844
19 59499
109 58981
161 55317
432 6649
363 13705
17 15986
73 12645
68 78723
288 74683
138 43004
118 45973
1 68397
283 14527
353 79164
437 76705
465 77133
433 37321
464 75488
24 33241
100 66903
31 55075
31 4461
87 73815
105 43904
362 7509
267 54082
176 64148
231 8761
151 28630
201 9405
11 26474
311 17356
331 62145
78 68623
153 54321
324 61991
446 2611
496 7080
140 66951
333 4137
419 22675
307 48544
129 63940
35 19957
154 44951
492 5294
268 6856
25 54547
95 42345
380 1194
402 23280
46 16599
221 14519
392 76147
221 38841
312 74776
223 51717
270 30657
182 23132
260 5465
68 72728
142 50495
456 36727
158 20841
231 28583
133 60628
15 21389
492 20037
362 11925
136 28383
373 1752
447 70388
371 12619
281 17071
105 13389
487 45316
217 8171
427 14149
416 59717
150 46208
262 73601
237 998
482 20076
217 48261
343 57395
67 44825
289 49704
261 10693
125 10215
202 76420
449 31966
154 28524
249 17009
300 72692
311 1736
230 26820
52 68058
308 40163
409 3480
249 62177
15 23654
45 69429
287 70071
454 60361
47 58124
75 2484
323 69356
400 67887
165 12258
176 49200
425 26612
188 41906
218 31927
107 13365
427 21859
285 39240
63 38477
199 12800
25 25802
78 63474
168 55114
172 70805
324 40475
105 19652
240 32414
367 20636
98 45792
458 23072
439 17040
249 43997
500 60521
408 34493
189 51078
119 56556
462 13003
46 25871
373 13636
31 11124
389 19325
353 12253
494 54857
437 2848
171 47468
332 79320
331 59006
366 46131
492 74089
82 9755
191 48704
91 64070
114 27390
28 63236
229 24057
250 33446
29 78485
369 31838
380 6485
135 58330
39 38721
128 32156
166 1579
27 46027
276 46701
103 21569
308 44608
355 58129
294 4740
247 21404
435 35631
256 14220
117 53125
272 46838
129 6379
171 57395
198 24877
372 5374
61 25576
86 24464
75 45422
168 14291
457 39659
121 62107
165 36734
352 32865
118 27455
25 35048
347 64226
406 40734
249 32504
352 15305
333 10350
171 58984
286 52085
101 20995
261 23119
91 30328
312 32316
379 33254
39 10744
101 68350
67 58884
358 35246
205 10153
355 79092
204 72871
275 9606
438 18768
373 15080
192 6614
179 32364
199 78455
430 74566
199 7814
72 10908
24 66856
432 24180
352 29015
302 32377
146 74756
380 2523
94 74176
125 23964
375 71677
243 29309
316 3861
193 68865
352 2796
65 47381
181 44614
244 1893
396 12440
244 61190
88 47103
353 14162
15 60765
388 2328
96 59536
355 24653
55 28867
451 35363
451 32532
181 60535
260 25878
338 4732
231 63584
15 61181
88 3216
102 74532
391 11916
95 14967
126 58733
75 17423
237 34679
472 10973
247 25821
403 60484
334 32857
389 35972
211 65132
279 66356
467 14780
290 66022
319 22520
80 36107
97 47504
172 5709
105 13088
442 15070
173 74120
429 77603
37 35099
95 55170
208 39276
412 19680
13 44753
175 32572
159 59075
420 56921
345 67241
208 78404
287 5401
429 53524
127 14384
155 12687
489 56024
268 62671
55 31014
77 15395
358 6813
439 70684
131 61649
102 41094
158 3654
393 39536
63 24750
328 46089
380 39756
101 79424
197 39818
68 74669
220 35434
195 60857
84 67293
319 16219
386 36615
212 72630
160 37673
69 52241
29 40661
210 53200
172 32792
240 8782
352 21577
496 72044
17 51539
348 25665
422 37551
317 23057
77 4312
428 73091
170 52107
5 67739
28 39306
383 58519
186 57283
357 39204
4 61080
338 66788
108 23842
479 16435
397 9610
312 58475
47 68686
115 43950
473 74104
288 52667
305 56131
329 2854
208 2868
192 69821
391 70026
316 38052
167 9697
156 15786
390 43624
497 75697
172 22888
375 60943
207 42440
355 73264
455 41079
183 16457
83 22014
197 64233
406 58032
164 13116
151 77676
327 71365
418 36444
33 20448
28 43471
90 77548
250 1865
372 2670
495 61089
83 63650
346 54930
462 25058
425 79833
287 54353
208 47824
180 9896
439 32372
80 2511
383 26613
234 8366
341 3650
178 72320
24 69859
370 44272
2 67164
38 60799
235 72838
388 27212
206 25779
205 16605
449 20419
82 36702
317 29707
317 77150
236 42368
401 60701
102 32248
97 62197
13 44068
34 11312
144 55181
440 63426
480 54065
41 51917
438 55464
314 57831
298 74807
484 39390
167 69381
53 14612
493 33366
356 71106
398 60800
324 33144
173 30677
182 62906
394 14903
10 54026
348 50585
122 78342
173 28276
231 12691
414 36295
450 72162
108 22620
436 61728
160 13041
114 77020
465 4622
110 5650
24 22850
249 56217
427 49777
7 47278
483 52932
274 56655
480 62167
214 51224
409 2374
138 17679
233 50295
306 65061
31 75417
32 66891
251 3983
459 44509
403 46770
87 40259
215 24999
131 42481
457 51380
197 47197
2 45454
113 8089
443 69951
78 44081
216 6826
256 14633
233 42330
216 30595
224 68665
320 74575
273 79637
188 79101
294 26884
354 53143
111 1356
91 63331
335 32050
95 70129
380 50452
57 31688
419 4354
217 62219
430 38228
108 1475
185 68507
240 64679
6 19232
221 77719
192 630
489 78565
144 71113
424 35495
271 72615
461 9136
453 39614
371 22578
461 75605
421 22205
295 30486
287 34942
193 63191
251 1372
282 67121
73 37315
122 64148
183 6190
120 40437
453 75357
194 75526
102 26419
293 8866
181 71537
399 10375
33 76793
39 47589
278 23809
104 63084
41 48923
222 73853
200 54136
147 2636
332 57346
211 60778
265 66123
377 44209
465 52600
328 55114
282 12237
387 1391
235 57173
158 24143
103 51248
154 17441
327 49515
41 32262
362 49381
139 30810
416 71916
462 57132
440 68389
55 77470
269 35692
367 68616
230 13404
95 16428
221 65548
344 4595
296 58475
24 48227
295 53479
287 64497
32 22495
467 44296
416 32395
220 65838
207 46531
345 21074
383 782
372 740
73 67542
66 38636
19 13107
198 4723
336 51330
393 56293
247 14597
388 34987
313 23079
214 18978
162 65061
281 14561
5 29877
341 21061
9 7481
209 32819
164 7411
237 35791
263 34822
94 51842
440 48361
81 36371
195 33944
273 35454
121 67383
268 43253
376 56444
29 20484
153 78437
13 856
193 51619
110 3453
198 48712
438 56580
343 39543
402 32154
122 39773
453 583
29 15728
368 73525
61 45333
129 11832
354 21222
121 40529
142 61538
336 28837
246 76529
401 44072
63 58142
51 36010
90 51812
462 25217
148 30818
235 9198
171 28255
224 918
47 68816
445 61516
202 70295
256 16241
325 24726
342 28430
253 707
260 11581
3 58634
251 37232
316 14416
84 58931
181 72230
349 10299
12 56905
182 33664
185 57859
253 5847
274 11105
146 2520
72 26259
120 52379
468 8330
50 69006
378 75715
251 76425
197 28389
18 2950
198 10430
270 14253
64 25946
431 39117
86 61480
80 63963
409 49017
28 4105
414 17216
201 6976
458 30020
255 72083
413 6255
317 41105
278 6091
491 15077
361 40517
347 49146
72 65966
492 9269
463 79706
370 79836
264 39877
112 43129
467 41391
441 9330
403 62521
431 55108
107 50250
99 11813
214 49725
111 14868
168 8914
379 62475
102 33356
468 34343
354 19857
188 79835
373 77780
44 13904
480 78795
140 45735
55 50590
27 4885
453 57333
68 34571
281 53675
63 45858
86 47523
426 66364
280 61374
344 11864
297 72063
209 54638
430 34205
127 48988
335 31519
295 56166
307 22570
246 1775
413 50695
141 62687
460 56949
46 26432
195 32024
20 72678
6 70447
146 49189
220 29704
229 59543
202 17713
294 9927
354 6810
353 28414
190 35989
388 79816
165 73582
84 30910
165 33933
104 50027
112 49427
489 12366
14 33832
380 9578
177 5576
136 23531
289 60957
235 63218
25 33994
198 14894
12 53650
390 49264
80 51207
307 35418
238 54062
169 17896
360 22645
366 74102
58 64728
73 47948
282 32735
106 731
376 49624
208 22002
294 77447
242 34996
433 21812
179 23832
10 26817
21 59364
362 15230
193 24645
251 4751
442 12029
465 21279
322 45533
330 14403
260 62991
6 15199
368 21179
171 37764
17 11562
42 15720
211 19840
96 72333
143 70521
18 34106
321 4294
493 64194
397 15989
367 3391
61 28848
277 66303
69 59875
39 20177
240 79956
47 57627
324 12384
34 14400
210 72497
153 52696
467 37576
389 5075
384 33475
231 76912
143 32897
389 44846
156 37957
31 57393
393 27794
131 63273
14 14398
354 66888
482 42644
449 76291
48 6524
5 39826
143 22769
455 78743
314 78649
156 2422
73 8752
218 5545
274 68948
185 54992
113 10251
31 62945
180 69249
25 665
292 40561
495 67651
182 31597
52 43033
114 43191
260 23430
44 8041
448 34327
154 68775
302 30870
316 17847
74 26361
320 76754
42 65139
430 73871
442 13179
284 57381
305 63725
123 6376
386 23807
381 17042
16 4208
25 13652
123 51816
66 64501
181 60724
236 70843
170 68920
162 58236
284 6289
426 19709
475 38379
140 2064
354 75136
455 27767
56 36350
62 25450
176 76634
337 43707
186 57218
314 55611
487 47718
288 61093
57 7062
231 76444
449 75540
454 22189
155 73993
207 54587
450 14789
459 66029
469 60456
167 18215
275 70140
228 31899
124 56958
216 53644
225 12925
251 30420
172 18207
175 9873
398 15382
408 7224
387 3226
293 25607
105 56818
89 25297
442 38728
131 13595
477 73050
427 40396
377 54534
46 71049
110 68960
237 53155
154 22383
87 26007
53 2837
75 78113
342 31042
479 30736
148 34126
219 54136
473 12659
463 73832
191 11603
124 3217
433 55200
67 38192
274 12854
491 27081
291 67437
382 68873
221 66462
440 31194
396 41817
480 10532
146 20204
305 39549
288 37620
13 22075
355 51785
13 76668
389 16392
256 63160
222 21261
476 9395
316 60103
116 50319
407 76568
373 17001
461 1681
200 16240
139 27431
125 14990
210 60637
375 50467
287 72601
434 67533
112 37830
496 77487
493 17277
472 56713
71 46729
298 58412
388 2356
129 73043
257 33842
299 20017
315 33660
265 876
231 41447
168 63328
298 33971
141 20848
70 75781
171 77990
395 69794
55 21338
2 61610
11 68194
405 15836
188 75915
57 71664
366 40341
363 66907
144 45124
84 3237
217 28432
313 36601
124 79037
223 8264
313 11840
256 49667
6 37546
128 57799
3 7732
29 36637
426 64294
108 15483
164 17770
166 55123
402 54213
84 68087
232 23397
71 40412
10 48302
20 31549
38 65952
237 58554
344 37640
414 34156
322 60472
277 49009
452 60313
118 54302
225 35147
216 27820
227 76062
463 69084
95 34300
320 3240
55 35958
384 20986
91 76228
80 1252
349 79406
294 73635
476 41711
379 17142
449 68712
84 25262
405 34201
129 26892
260 34279
425 30000
313 59929
476 12239
248 9380
319 31147
87 23519
355 25480
217 10467
66 30728
326 7662
417 21252
33 31622
49 3754
180 63838
482 45243
308 41993
47 8292
323 52422
111 26416
252 15356
193 50152
234 78194
74 69972
109 18182
130 51586
307 13626
130 59468
212 34954
461 3725
19 34188
398 48604
215 68876
355 59331
187 10566
178 20157
203 1786
103 65865
184 61104
35 25641
452 64113
124 24640
399 20178
202 2101
215 35303
252 68969
73 44057
417 29878
466 35613
83 1411
415 30867
424 32469
25 14290
324 3540
202 14212
76 22491
238 13273
466 13371
363 1450
86 57185
29 24115
30 52263
431 32506
459 15325
487 9854
223 65869
266 16149
497 69335
391 3107
360 27847
115 15178
440 31437
423 19998
491 3343
410 78860
381 29493
78 21181
180 15700
483 52279
157 63385
40 7919
237 6962
333 47282
238 42529
159 30989
171 32441
455 10331
371 39615
84 44935
439 11975
336 66864
391 79827
386 49218
253 16954
459 74034
42 11056
425 46714
247 7295
326 74322
237 20903
447 14238
494 19651
107 43389
86 79637
351 3586
302 55260
85 21348
328 45730
110 34720
237 23324
426 37745
98 74442
252 2031
272 76762
359 34944
428 28999
59 14109
464 60267
9 14620
391 29707
487 48200
73 6249
453 79110
209 69697
449 29661
405 31957
436 28010
450 26502
43 19180
480 32231
207 71130
42 41202
481 29572
49 47360
259 48914
24 65308
29 11936
103 57741
209 39228
421 23211
419 8940
95 5471
270 79270
348 20143
393 1714
372 10829
75 40227
244 46947
471 73478
153 46711
444 74297
153 31874
203 34919
236 33215
232 20196
500 79196
417 74102
9 37818
127 67717
150 18427
442 64842
87 67928
81 35815
161 5827
304 48834
105 65658
393 42691
188 9253
83 28812
472 29835
382 63436
370 30302
457 6107
439 12787
159 13326
15 16928
91 35626
209 5017
319 75242
61 37178
32 15725
4 43917
193 74565
87 34481
395 67361
240 65018
132 63403
160 19027
65 2465
491 7523
454 79526
104 57538
34 8631
434 54603
140 46022
24 18251
24 19184
354 67330
24 23536
381 29740
3 48933
455 58795
425 75982
469 58878
16 38075
171 66988
369 44792
151 38696
45 36458
151 65409
461 43165
78 53590
351 28339
235 26041
206 44338
118 28230
109 78545
489 60180
289 76801
9 37556
215 22883
142 43960
435 59585
30 67831
179 7608
370 78341
76 18225
92 3642
417 69921
496 7060
427 5055
423 3205
255 6162
399 70373
204 74511
84 65703
316 72644
104 46596
452 13978
152 43383
69 66806
417 36587
227 36108
9 20183
182 77951
215 30435
128 44457
159 18291
220 2336
295 24453
162 11971
443 45485
21 18474
238 23309
64 7034
390 24376
318 24894
264 79359
441 62835
85 78768
394 50228
455 36468
192 47760
154 62378
293 43095
227 20752
468 9432
204 55947
465 25701
178 35024
423 43094
210 20522
326 12130
393 69842
135 3311
208 8830
246 17580
25 46048
383 58099
392 41431
308 60159
434 11154
37 25389
153 46815
17 68639
6 15690
442 45583
22 75212
197 77020
158 16177
371 1860
499 73161
141 25041
487 64172
65 39193
89 6365
371 29557
465 61222
157 52857
326 49572
275 39844
310 56331
364 51281
61 55285
479 12687
466 56990
319 40721
93 22362
244 22264
475 130
143 65776
490 39951
409 9072
22 58803
337 34697
165 651
497 73631
492 26857
390 46810
128 67002
185 62743
169 54881
22 55814
174 56356
273 5882
52 291
360 38698
486 31934
387 9840
479 67963
20 26794
76 6855
411 79363
170 19464
346 4585
473 24436
18 36276
160 4111
9 46510
103 37016
70 39488
203 55771
156 1094
441 17850
83 40072
159 26449
270 4773
438 54189
467 62949
451 46929
238 22826
398 52150
370 77425
362 55687
250 46704
7 34692
94 6945
314 25375
184 61051
304 48617
307 13771
27 78327
283 8886
64 44562
127 62485
127 24642
217 26714
266 30278
142 30384
379 12596
487 5025
457 24025
305 19078
19 27452
382 21700
438 47003
142 37451
426 16978
279 30394
44 7702
54 67918
287 30917
75 35639
90 20188
260 39294
295 25847
247 51005
48 44936
128 74860
500 65175
80 71128
383 62755
444 71177
300 2432
315 61144
72 71057
88 19039
473 79119
317 19676
48 79150
394 73242
167 24161
355 39976
441 6860
113 40434
273 65294
226 12467
411 3006
298 78267
401 52109
130 29203
359 41156
13 35697
43 18513
234 1723
126 73420
324 38705
393 44
253 20298
406 28219
306 11577
156 62578
194 34974
331 14307
371 67518
53 6034
400 36846
209 12678
226 57682
308 41940
14 63456
215 78245
384 1905
336 76158
395 21772
70 5154
103 66677
203 13879
202 4978
469 3795
259 16712
185 24825
14 44907
47 16522
66 27709
89 31434
357 79895
152 25416
336 76554
181 19470
40 29888
421 23648
138 74802
417 3866
393 45029
487 38018
74 31451
332 29679
323 12465
28 66195
353 65043
177 48763
360 72187
496 67840
99 7373
253 45938
13 26887
43 58344
141 48803
111 23328
271 73368
305 40075
97 42286
126 69614
67 75150
68 66531
355 43354
272 41497
490 10989
294 24540
81 35635
257 22002
116 46991
109 35222
303 34884
215 10228
192 35740
461 12150
79 42376
363 290
70 2780
211 46673
41 4245
250 55767
399 44683
89 3531
470 52768
444 3619
315 38502
202 73293
104 47067
87 2588
301 41985
405 20209
300 72374
36 46691
396 24280
318 37519
158 64056
79 71587
415 49459
318 14265
407 74506
203 78929
265 51277
78 52475
485 67189
334 52311
229 21884
36 51972
372 47779
136 18415
74 19898
256 38113
314 36186
108 69878
331 11356
207 34854
311 73449
368 66555
23 20322
238 26242
249 76503
129 37416
204 51340
90 45002
124 40841
191 10542
47 14834
117 30621
497 69741
296 79056
93 14970
406 14223
266 79797
61 4735
391 9960
492 33343
440 40042
438 74172
462 62802
52 19786
259 14291
285 24272
203 14231
1 14086
252 59620
259 43
375 15913
226 73682
53 49343
245 78158
103 3928
174 32787
434 4596
223 37929
220 66638
108 41120
1 73148
31 45753
71 44458
305 52175
122 74602
50 20085
217 34742
56 78315
359 47397
272 58471
10 63882
80 47361
332 64771
487 14857
445 12101
116 65127
122 3337
392 26283
418 16192
55 28493
159 41180
284 9677
141 8765
290 8904
267 44215
247 63655
297 261
168 52036
276 23515
275 73077
401 22327
124 29367
59 22317
424 78075
216 16329
186 25009
435 45268
281 45965
13 72479
107 20111
172 8302
21 55788
314 19087
4 52465
452 24166
201 41621
277 44231
338 65929
267 74844
500 27862
445 37888
295 72036
59 26655
353 75606
88 53092
435 26336
91 5552
382 58059
247 72499
455 7985
348 47978
383 20210
67 73714
364 776
146 61042
498 33591
153 55325
439 6533
102 56460
356 1278
82 91
166 6278
278 38404
34 48505
299 32051
49 37019
486 30724
252 79047
277 60030
57 11728
40 69707
420 1995
441 12926
255 35946
116 44373
279 9642
84 31429
37 34340
400 59985
265 51487
267 9883
14 2939
440 77384
73 45084
227 45144
49 39017
462 13087
17 46457
20 30686
102 79576
322 11941
265 3377
393 20957
363 56452
293 71565
68 59508
157 4782
147 7362
77 30434
276 52889
103 57141
289 67694
338 45514
290 68703
262 18952
81 70930
86 61295
70 73507
357 38225
416 52550
182 76170
266 49694
139 17291
47 73663
237 61558
267 9413
23 11923
232 37989
42 1573
350 71686
120 67290
226 42074
222 37174
375 25576
164 22622
460 32931
169 59109
84 13380
312 63328
222 33029
233 72594
225 64863
426 33210
2 63358
150 34430
12 8202
417 22010
463 22153
189 74479
166 32951
15 72624
340 8802
100 5104
428 8861
57 76731
477 19263
440 43624
435 77785
324 21268
427 35629
60 41864
159 20564
161 68315
419 11964
152 33582
33 10433
449 48791
123 22056
282 75428
476 60241
28 44161
30 70786
366 55961
39 39553
29 65881
351 21024
350 17880
76 16676
280 4110
158 56285
357 16617
112 4156
102 33965
221 68267
468 49909
99 64645
15 74250
271 35336
211 55748
499 315
322 52848
67 69874
355 2286
497 10446
86 77468
21 10378
238 61093
109 42861
226 17109
98 76558
353 57052
473 77443
229 9291
32 62934
343 74726
226 31445
50 8758
270 73094
40 7388
25 37011
488 24595
127 17323
346 29137
430 10011
402 79894
167 74942
393 49983
415 44493
171 39088
3 32587
187 45416
216 7125
477 73880
436 684
183 9799
492 31449
105 45159
372 75252
274 22298
450 64248
436 5219
263 25639
136 62740
64 53934
107 19231
158 30277
414 62754
402 29158
59 50759
366 64734
362 33951
122 74961
57 18239
32 7243
53 78669
101 7865
318 66356
158 51129
362 66752
420 35659
251 63357
188 47781
189 76393
279 22798
109 835
339 75571
476 75929
316 39756
141 632
24 20157
366 27026
296 63543
236 75133
420 34799
388 12217
151 61003
158 41523
369 59483
194 49870
167 39945
370 45488
423 2613
214 162
461 71072
124 62689
215 78773
176 18232
325 3474
192 4290
394 34765
133 64505
370 74325
41 34599
469 71624
399 63069
210 4685
318 22958
186 57362
10 23266
49 41119
154 69934
141 25056
24 57871
30 63634
388 64491
251 46012
5 78179
335 37700
342 72642
385 58587
79 16329
193 35623
302 24527
372 20302
174 43609
128 79501
415 59951
134 48151
260 21694
471 17383
67 4109
159 62616
137 40302
188 54646
351 13325
152 28112
74 53574
287 8440
64 43427
226 2295
161 57276
347 25658
195 42304
183 1822
215 60821
22 69103
373 50940
58 64773
419 33317
373 70107
315 14268
258 65854
289 9934
108 70675
46 46047
407 73399
315 54760
21 73562
179 70538
315 29477
237 53345
209 56518
51 47822
25 78155
233 57908
492 45573
23 13144
380 19550
470 43797
4 20346
132 74352
392 75542
185 46612
410 13921
190 9852
370 66052
334 52408
83 37302
188 78185
127 16252
387 68957
399 20781
397 38840
236 54855
24 72635
408 38087
296 44826
191 25373
486 43969
99 26240
320 43692
236 46224
327 142
260 43121
492 3171
312 19844
307 1614
325 21588
51 46163
400 66740
288 31967
315 47654
248 64972
374 39929
34 37908
198 12830
42 51721
429 64085
231 62460
24 71119
199 50576
296 34020
303 20660
262 7402
224 49536
288 30759
39 13731
137 22445
279 18507
332 72992
81 56698
117 7657
123 74189
486 6753
174 66381
492 35186
370 77703
240 69987
486 29649
499 51314
213 16732
146 49117
386 16313
334 47715
245 45700
429 64465
408 76952
467 58569
267 69591
62 65455
32 21328
215 29601
332 10648
443 76342
16 31021
295 65826
44 42502
160 47466
464 20381
107 30999
418 77503
114 15362
358 59906
445 7931
278 62540
370 46136
322 58690
77 67727
5 27889
445 13223
469 42267
150 12429
347 155
133 33546
381 24322
395 73516
387 28645
341 56015
63 32073
142 62424
92 59935
304 59696
207 41181
271 1
265 69986
314 51254
98 1463
288 10534
297 15710
193 30144
414 25608
222 3968
211 73920
468 46911
423 19054
161 63244
422 70756
318 40811
111 38493
236 65325
497 59778
415 26848
478 6100
90 21958
451 26843
412 27866
78 55393
344 67942
422 29755
127 69649
395 77463
421 59409
155 69130
151 3574
382 70675
200 68074
147 65060
343 29459
129 24681
166 23244
139 15208
31 16730
369 29979
202 60204
172 37002
88 15145
322 25667
347 19348
107 48076
348 76274
445 65719
103 52039
17 41440
378 5930
36 29804
130 5983
391 77309
205 51709
359 73817
51 34409
78 59967
217 62134
160 65816
497 8043
203 46088
35 16196
407 59636
173 78402
251 57882
405 32091
450 4437
186 12578
122 53103
154 75590
1 42679
451 11191
347 29928
137 52797
485 15106
102 57962
26 7780
102 77694
340 58923
259 46916
139 4457
230 36809
271 78841
120 34622
361 39095
147 46208
493 13784
362 28571
279 6825
128 5869
114 11323
450 74084
408 52819
28 53160
176 53526
236 51532
47 61729
247 31549
371 62686
426 65788
206 48537
262 5826
149 33008
105 72915
379 17574
223 53436
170 17198
5 57606
137 59112
329 68543
432 370
340 57210
358 73707
347 76251
150 7402
391 861
447 3140
353 4405
365 49162
231 22244
197 10842
144 69864
61 7848
56 23609
341 4626
274 25168
215 1002
144 75559
392 58612
423 35671
37 71592
311 74688
27 30424
103 3038
127 12488
476 40058
99 76414
166 39363
39 59102
370 53292
77 56845
194 67286
5 30318
67 55906
182 37259
245 33788
395 36584
115 53651
39 32626
389 7962
9 202
152 5547
441 68493
22 64178
349 68415
23 69609
408 14262
429 48988
327 28695
357 42626
175 13405
95 64092
188 60982
366 60997
333 59604
90 59100
274 43716
52 16676
329 29627
1 15749
81 28946
331 37479
454 14260
247 48990
371 34226
398 16317
255 53929
32 58958
261 35043
456 23109
39 76792
222 348
310 73538
403 15832
17 35721
220 59516
178 46884
35 41029
12 78201
17 35322
395 69627
186 54123
158 50988
69 59111
60 42380
97 30468
64 53720
25 49607
346 58213
293 23317
204 2090
106 3725
193 51023
470 14751
313 55063
6 51593
286 43090
34 39835
269 72958
280 76928
375 66544
198 74992
233 37320
423 2369
397 58994
6 43217
246 3467
311 45412
231 51915
284 23625
365 32914
286 35404
13 24893
353 18998
267 10499
199 58667
49 29977
481 4818
292 74782
193 12496
99 39744
187 1370
415 70278
320 8459
165 73989
330 20120
28 2432
457 33031
322 5568
259 68174
304 11989
365 29999
299 14208
5 69843
347 6647
314 52288
24 64058
387 12287
88 3313
228 42670
422 48967
6 54750
90 68817
380 25472
239 37089
353 40140
404 48088
383 18354
376 37639
27 69801
61 56068
26 65705
160 32602
462 4148
480 71832
195 53425
219 17242
490 30410
144 45612
329 44537
327 45952
201 58687
256 75901
339 50574
216 53397
336 13417
75 63587
22 26544
32 23763
336 25929
3 63332
197 57958
82 52234
357 28885
161 22381
314 41123
435 54872
229 42130
410 2893
311 25683
331 46789
369 21598
423 27990
40 70364
415 66612
14 4638
301 21531
394 77084
461 36674
88 50205
269 55011
19 45543
198 68004
265 1492
204 6700
330 49356
269 52439
181 55835
375 13016
98 43402
234 79535
454 55959
415 69567
439 49210
319 75578
453 30617
257 5189
162 55927
159 75299
239 62321
190 14259
325 20616
43 55656
265 44267
282 18621
343 44
75 11601
303 57326
432 59887
435 55677
205 50511
166 51321
40 41569
77 25256
189 50482
409 61174
342 43203
122 47477
180 25527
443 74447
117 44176
384 10896
420 68431
322 76861
320 4028
450 19256
101 19254
127 18465
442 43815
299 44955
41 65002
306 43599
434 16960
179 73856
304 27361
173 28452
442 25603
44 68647
488 24628
353 7962
28 8906
193 40435
437 72946
130 9412
415 52504
77 3638
141 74283
10 20619
489 67945
35 48936
260 16951
222 26605
175 59077
163 1231
127 20278
482 45986
410 70424
267 8373
436 9893
133 75846
479 74533
157 44973
12 52638
454 36611
336 7144
47 78975
242 58436
350 77043
343 14983
157 56974
142 69986
88 21133
28 57834
240 38024
175 51137
467 73429
319 53018
69 5332
134 38162
372 10473
301 64105
22 46777
116 9306
486 61258
95 38229
366 16906
112 60539
340 49088
470 61504
32 37693
24 61689
320 18410
118 29123
336 61150
207 68034
318 33816
390 1084
111 8700
290 405
73 3023
409 48771
115 18925
469 4203
264 70154
470 59947
128 70420
321 1616
312 23588
284 9158
254 1567
332 53116
140 54795
274 62095
217 9890
6 821
483 24159
251 29176
243 18527
397 10636
30 75118
366 51404
354 78447
297 41798
112 10745
438 65558
184 49081
412 29418
212 7358
345 42161
461 76606
26 10328
476 52477
8 43440
202 72438
188 46039
16 50348
413 77255
252 78753
308 31871
303 42778
23 30168
169 29111
223 2267
236 63701
276 41256
469 75688
361 3021
200 18196
421 59664
436 57324
147 44435
486 49828
327 38936
306 26873
475 12814
497 10200
47 37117
393 34580
113 59914
179 59797
106 15576
75 64993
347 24736
500 71156
52 76635
490 61510
177 50855
102 13861
