3000
314 69359
236 19831
15 50829
325 56735
42 19024
230 14945
123 66864
64 66407
32 35899
44 18160
334 54240
121 46120
104 50870
134 46485
84 42517
260 7710
119 40875
343 63234
192 37605
54 58362
286 6991
322 66961
175 45544
88 21665
241 17978
16 49229
151 10897
307 49139
156 69737
187 69967
139 11972
120 39272
28 64168
157 44369
30 12767
167 31060
53 33645
276 65385
255 69685
81 64425
243 50821
76 54235
207 29721
80 12700
82 27680
26 62475
189 41869
171 14540
184 53330
148 61563
97 8842
19 58618
302 3663
28 47652
110 33891
309 24391
342 65021
163 58347
1 59536
84 47638
324 36221
255 44893
286 49394
228 17178
191 6749
26 35010
12 38934
304 63500
54 55611
348 19994
70 46234
13 68876
345 59324
196 67311
247 10085
331 33462
241 13739
162 19628
2 40205
85 18147
16 11285
8 28367
68 39830
236 26727
212 22266
255 52613
15 36650
148 67381
210 36888
77 2576
258 69447
198 51755
182 59310
220 41283
344 29793
183 66442
74 2357
341 57568
309 20168
236 15230
69 12942
158 49921
59 11391
345 17966
69 22196
199 12454
331 9262
329 18310
99 3553
254 45780
192 58486
203 67487
340 59794
49 54249
177 12475
303 49829
50 34135
267 41373
296 68699
335 63105
231 30853
244 53063
32 23690
17 43961
190 45750
330 17720
291 39002
73 62298
335 52527
156 67111
285 602
213 45957
298 51641
84 37665
66 16319
27 60855
239 16389
190 21965
217 53627
142 12685
153 4074
219 25996
154 6256
337 67999
220 61339
103 27789
8 12610
306 28898
137 5471
104 34535
316 49181
98 20719
61 27178
137 22308
218 14178
272 29900
243 22814
154 29472
287 58182
280 51139
302 20695
289 22218
70 2146
19 57604
309 66960
320 48093
34 47595
152 40011
302 43439
13 21656
350 55291
77 20329
81 16836
285 34071
214 16175
302 65124
173 51175
98 19268
19 28425
116 45658
83 40580
120 65146
72 66490
168 21948
106 46109
108 15925
314 55790
135 24808
83 62991
298 12899
320 43707
314 69474
9 43933
316 59657
32 44145
36 61893
302 61385
93 32755
7 53613
154 63845
115 31366
265 40111
160 29134
22 25614
212 43376
182 13576
183 65890
299 63555
311 61042
206 13003
240 42033
172 10963
46 2897
137 55505
66 37204
196 35203
98 2371
244 19181
261 67666
307 67098
107 65047
321 19754
37 6941
110 35189
183 62706
344 67057
139 4991
190 30751
301 36452
76 31728
145 56283
197 4080
168 19889
173 65163
325 67068
112 69515
278 49897
289 37356
314 38260
292 42247
158 66736
51 7374
89 2779
68 64094
280 33008
281 66960
340 4504
54 10184
160 26009
199 26941
46 61173
44 36469
253 68701
56 11185
62 39797
270 18511
29 1519
140 29686
125 47548
163 9618
268 23900
93 25815
76 1434
237 13390
298 11494
119 23575
240 19181
283 20238
41 1652
242 56962
263 50932
1 51106
308 27431
337 24883
58 69058
244 49417
121 60835
110 21810
214 32000
179 57869
22 53021
297 2252
161 29917
341 36870
218 67508
119 53955
326 21617
141 69348
327 39142
244 49644
64 12975
99 43934
172 66963
222 22327
234 50978
190 67215
114 3253
30 9465
221 69609
294 67691
28 10927
308 2672
29 23998
156 23875
41 54463
318 64859
143 49263
350 44192
285 54194
222 18638
90 35316
176 43899
279 12379
97 36665
253 57828
294 18001
39 38218
277 65898
51 44312
59 22186
227 4343
18 52742
350 23386
294 6372
236 23660
257 34835
39 42560
154 30245
202 34883
67 19597
13 1006
13 42847
125 34993
177 1372
159 12137
278 47691
7 6799
262 15882
277 2538
268 24809
42 52806
129 20491
110 62102
257 61494
135 49135
129 18761
168 61484
66 21789
156 9054
155 5596
341 16478
346 63420
215 32579
58 68514
159 31640
268 48656
36 69247
12 25434
133 3505
293 24954
39 38870
312 11602
294 1972
67 69128
159 48034
173 46311
177 63945
20 23529
156 63211
21 2273
23 43965
74 69477
270 54690
145 48919
337 65216
26 38314
42 55975
28 51589
131 54814
8 23675
190 56017
29 42581
316 67258
202 27537
292 26132
132 10327
113 18899
185 43456
58 3237
11 60891
286 54977
250 24216
10 13235
246 11496
306 20901
270 7710
288 14353
5 33099
214 33028
36 63316
118 12668
193 57079
153 26201
152 17149
285 28616
179 61554
276 67517
187 22366
16 33487
128 19262
198 65142
296 65583
309 37128
138 65435
228 42279
283 63696
39 20256
156 18461
58 8023
331 24720
208 26624
8 25320
232 5368
207 35289
77 262
107 51378
94 46935
86 10318
65 39205
217 45309
41 65338
273 46753
192 66707
316 36112
317 37640
76 16986
275 7271
5 55160
221 42189
137 64507
302 58621
337 17800
290 32884
13 22751
124 28388
127 29222
18 55674
286 7337
210 50205
29 47984
2 54640
160 12150
236 42640
283 55487
299 14025
289 845
179 32640
248 9282
298 62186
20 23139
294 58590
214 53967
90 52664
308 45019
66 21327
130 67208
29 24112
154 2728
58 69223
80 54804
214 16555
85 31991
254 26631
5 9297
150 18131
165 47852
85 27817
176 32527
290 67332
255 14648
57 51978
30 60990
161 29162
252 18418
104 15588
109 35506
90 29342
112 7072
315 4671
219 28054
19 48767
270 55331
290 34247
340 46907
152 4469
39 40584
59 48270
156 35433
329 36781
320 65030
284 36209
276 19068
275 45295
197 7493
229 9052
15 52539
230 5562
129 43761
229 8650
52 38394
163 55849
59 15858
152 52851
55 46265
295 25402
61 7471
130 55187
7 64912
63 36946
236 22382
219 66823
79 25527
1 28586
179 3403
109 42176
209 11963
206 50848
84 1858
45 13533
284 14580
295 64787
172 35815
233 16997
253 13765
239 37003
134 62192
263 4857
349 39622
273 10056
137 13272
157 31878
297 63912
97 43137
258 31618
70 30521
156 32390
148 64319
91 39759
200 56691
59 28769
303 22464
49 21264
199 31902
131 64951
177 53757
241 28959
183 5933
22 22930
116 1143
57 18545
278 51625
177 25252
211 60991
288 62343
205 47793
223 63963
189 50824
115 9304
194 52814
282 65612
256 18189
134 14269
197 3298
328 10104
90 44075
118 29390
244 48545
295 11663
256 26206
70 38478
272 18120
85 29175
174 776
131 53624
283 21123
239 41936
127 3623
327 65743
141 6935
29 64127
166 42055
245 21822
160 35576
291 59748
73 69524
332 51003
18 55665
226 21959
323 36100
164 23725
246 48174
224 52808
321 43893
264 46982
224 58367
279 66829
160 48755
255 25360
226 42923
62 48951
59 31277
86 27798
100 15476
279 58428
298 63793
286 20436
232 25477
310 7286
332 39146
239 19193
341 42253
91 27649
134 28137
179 64160
1 26376
42 11113
165 13993
304 17984
134 14798
312 22620
165 6763
139 21440
237 29708
17 67026
201 48006
330 58546
284 62136
181 27876
142 1105
295 27738
176 12625
251 30267
133 62594
9 48694
2 47730
263 34363
39 54575
167 8838
213 53530
99 30333
176 3386
208 45499
62 44373
86 9514
313 39806
77 43968
177 63745
160 7183
189 44816
30 745
97 58748
333 59193
91 26419
140 32881
6 66386
184 66845
148 37427
82 19938
44 18040
237 21083
254 63989
88 42165
346 32705
299 21428
314 39298
3 7554
280 49932
155 64492
39 31315
88 26090
340 30737
236 36889
53 21022
322 46585
116 11314
282 1071
256 69719
18 13717
24 45501
35 39307
155 44849
68 49193
131 24263
45 15794
82 65687
46 15728
287 56977
291 36585
103 38533
89 50113
182 66666
201 42262
133 6000
223 17395
195 69365
323 10267
184 45320
212 15357
268 50306
231 24950
200 1863
316 40601
4 332
50 48506
246 651
102 63427
290 20029
256 68135
329 22958
233 11818
278 45079
179 1480
59 3236
300 30584
140 42334
264 24724
85 50736
340 3928
169 36733
105 50042
350 69718
3 55461
157 63470
58 5733
289 62566
202 29070
120 50625
1 28880
233 37984
100 18289
298 61883
249 23249
124 4089
51 35791
62 29388
300 23765
269 42162
30 5929
160 38336
314 63003
161 28665
260 20741
122 59551
84 57821
22 38574
102 64825
84 16194
274 15311
272 63884
280 10155
276 11657
310 25047
242 10324
119 39726
223 14452
153 55290
274 43028
218 15399
277 48022
247 33285
241 24189
237 24557
232 42886
192 50740
83 4145
71 23383
146 14105
262 65714
111 16919
301 25816
25 61691
317 14257
187 2467
214 12411
86 25868
84 31374
261 65540
132 53840
283 53664
69 13573
269 57038
160 46130
294 12537
114 27416
192 10770
263 15579
331 65614
230 38767
228 65037
319 66085
298 31274
323 18344
140 67545
143 43321
184 35599
33 58973
329 28406
226 4554
291 30486
137 54952
272 13318
197 62245
185 21630
229 20480
109 65528
214 61522
195 12050
21 9228
6 711
40 5838
195 43914
303 6392
218 48595
126 50061
87 46323
267 41469
286 35408
10 69211
23 37744
76 18462
6 14965
121 1555
263 6381
93 47309
70 9211
48 16302
330 38993
98 10993
191 26216
284 69010
172 6551
162 61761
314 54219
101 53423
280 31386
176 455
210 27191
204 47775
211 56867
275 65176
33 68018
134 10521
64 28280
128 64049
333 24180
341 39086
260 33057
120 997
227 58372
224 28078
36 40561
289 55727
120 47694
184 59497
153 33387
1 4294
302 12049
238 55426
206 54604
161 4435
71 52253
323 15905
233 13837
49 3973
94 54298
287 11073
163 52698
198 19997
139 13083
36 53844
150 19289
18 43536
34 47551
140 65553
144 50944
162 37891
330 69626
324 13434
213 60234
345 66605
297 65288
64 12088
47 5600
230 43605
187 8848
114 26619
193 52756
174 57882
60 20938
319 36881
121 11402
218 32547
308 18628
51 58985
17 23012
131 17404
44 63103
296 51586
44 20616
80 33222
308 38085
242 6441
190 40852
330 46406
171 27707
72 16917
253 64716
85 23937
262 33121
165 23009
267 16078
9 20590
199 4549
122 29450
14 1832
277 7165
347 20543
130 26345
143 25276
247 27604
269 50758
303 35360
44 21672
89 49445
286 18202
287 5384
203 63915
31 23402
1 2341
348 10402
212 36880
346 36894
26 24853
105 66221
159 54042
58 549
146 60597
148 10258
331 6544
165 13534
192 33266
27 45817
164 42125
14 39514
237 1786
333 29864
126 68028
303 12220
202 34687
236 26133
325 27899
40 16506
339 61398
192 67050
79 17899
100 51892
59 28622
169 68850
99 7010
85 15216
115 57095
192 2012
3 1208
213 30342
256 18471
150 67672
301 64860
182 83
167 24616
128 53784
18 21483
321 68983
18 26433
109 54734
138 37144
192 37697
170 9857
303 43763
333 62206
339 43091
4 36907
113 9405
327 62161
117 7959
136 31455
226 159
316 27357
309 1986
117 39030
166 60032
242 56806
48 54196
166 42788
224 35574
152 58651
15 27138
152 44362
179 52720
216 34095
269 33792
144 8158
342 27197
314 38501
241 12378
36 63787
85 57966
245 105
102 48184
147 6408
89 20847
236 24084
281 66337
176 38567
123 54368
272 18848
242 67777
236 44860
123 16614
235 60512
210 53300
118 68771
6 12876
317 38554
273 32436
163 12483
213 57275
337 27431
208 30126
63 14638
261 34038
16 1464
197 31004
117 30569
124 34442
53 59135
316 13254
68 21154
259 5216
217 7009
218 25092
26 47069
293 3043
305 28716
58 40540
8 66044
50 29230
309 12147
315 15488
323 58936
123 62601
2 40919
192 3140
40 66239
21 49854
58 69004
290 8723
224 50111
161 67343
319 57066
75 61808
216 51414
155 57068
350 34990
310 16786
118 48224
42 18192
199 53104
332 22210
91 60448
209 33199
91 22161
23 67955
12 14696
84 39308
217 38789
259 20021
151 26983
88 50381
284 39128
100 16163
207 17614
162 39096
289 49045
304 49342
155 49829
55 43636
68 68196
310 45356
74 9277
157 12915
190 39293
28 50562
19 33081
211 63530
74 37906
110 53439
289 1535
262 68151
266 51195
197 39526
188 27292
316 55335
109 8247
343 65351
235 30455
164 31564
348 22120
120 5057
15 54993
133 22312
7 65994
160 36361
170 47472
44 66005
60 12909
182 7922
283 38886
34 32635
240 46596
99 34430
345 7630
201 8483
117 12882
116 55173
257 18783
235 25350
187 8231
119 33056
220 56881
8 8262
92 23128
225 53036
339 43802
99 14294
308 43836
168 46813
12 40174
52 58022
177 14915
88 16252
298 24952
303 64928
4 65028
24 59453
256 30418
207 3553
149 5000
92 50978
184 18087
36 64856
44 68712
254 33780
118 30797
326 30437
148 45853
217 1454
153 27865
29 57970
177 14938
245 47191
307 44875
288 61201
205 40438
126 58554
200 58370
262 54772
288 21613
40 65712
89 69277
218 32099
78 51477
158 57398
318 54508
325 9204
292 27220
44 44969
57 14100
313 8882
342 23338
340 59109
348 36030
104 46688
72 541
61 43685
89 28123
250 53267
298 8671
279 20756
43 37975
108 34061
268 25846
208 58890
140 3388
128 3901
337 35612
102 11147
177 19392
4 14773
19 13117
152 23071
179 67110
151 64774
164 68756
28 9097
204 67269
213 4299
162 36554
64 58723
271 25843
90 64461
195 3923
152 66314
216 16321
76 56340
144 53623
213 48464
59 50769
290 48898
329 68612
255 31861
220 5485
115 35347
4 10671
38 22269
210 43040
262 5843
184 47417
315 46629
13 56960
82 44405
85 57116
268 46727
233 47602
233 57969
36 27539
3 40881
154 44396
186 61935
176 49352
244 23015
176 38829
194 64233
300 19242
72 30223
276 10123
193 39998
21 16926
181 47445
138 55110
294 750
135 25189
339 1332
181 48045
14 33753
65 4668
201 33346
156 49252
320 17680
122 37593
343 50066
81 41489
312 15390
324 48861
307 50999
155 67330
171 24358
78 36598
305 41332
13 1719
322 58300
108 39797
306 2708
206 46665
145 27903
203 26568
204 46854
243 65084
41 35125
276 69221
83 32929
212 52511
209 16284
233 9396
316 19771
64 48513
158 8234
193 39577
209 62197
50 622
72 43155
329 41392
160 53555
147 36585
4 5937
337 23608
309 10426
236 40972
29 16413
109 62135
123 32000
159 67431
19 28288
246 9425
80 53074
151 64230
163 63882
212 6164
326 37554
323 68527
210 57908
49 35759
130 25517
32 32114
209 4456
225 35212
8 46709
10 25285
220 34434
196 58426
158 15160
232 63528
132 25890
197 68332
308 42366
243 20847
156 61488
148 21074
192 41350
114 21590
52 31795
23 6431
281 15731
88 14593
131 60655
13 51996
252 33439
207 44385
336 7607
299 15507
213 35372
296 1614
144 6756
263 29775
67 25488
334 49547
297 47939
14 63426
307 11474
160 30472
134 20357
328 52207
42 36031
292 5612
52 51124
189 10148
127 19341
29 11718
155 51197
154 39282
128 11079
80 63861
216 52976
197 3996
262 51308
128 34369
320 57323
136 12235
180 5152
164 1059
260 14320
118 34860
36 68889
180 19227
139 44889
197 41310
296 61424
47 8941
341 48657
270 59291
222 1154
140 20449
207 15909
340 26922
119 46158
58 59739
314 50035
329 4864
311 6033
201 28545
78 27536
239 14230
330 3184
312 47130
96 59859
51 23597
137 56566
12 45900
162 68200
81 20187
27 67748
20 60831
155 19662
275 21496
75 48908
151 44972
283 62735
229 14344
262 18390
275 43906
156 47586
24 58061
135 16028
35 5631
234 58551
194 50591
144 1558
114 34299
318 38809
152 29229
332 27509
125 27700
299 61685
145 50225
192 24975
345 58841
76 56188
236 64204
284 68065
24 64065
332 23511
312 12801
72 36289
113 69326
33 68123
114 18649
84 52738
237 56496
21 9998
318 9869
258 64970
194 65601
236 31661
24 202
49 11162
42 9829
159 20954
57 26447
179 33580
100 17689
272 25655
272 4231
250 16613
148 56833
52 29828
202 7185
277 23539
166 52805
81 18354
3 65334
262 36408
349 38210
266 17427
133 24381
287 9360
177 40474
190 40356
145 20825
49 30982
198 34961
215 39352
271 32936
300 49945
209 26886
46 68546
295 15755
212 51421
167 13253
72 22075
173 56231
339 68038
286 66488
134 23246
213 9389
49 61381
125 28053
345 46458
229 62930
57 65639
267 42951
275 24564
106 25007
208 65591
21 60245
193 9426
93 20180
308 52775
266 34368
308 7539
327 34025
236 13171
260 44925
244 44741
288 16980
331 5414
250 45410
154 41457
163 40721
172 55588
59 5996
49 37354
86 4990
116 27230
190 54622
122 7022
1 42722
44 21141
56 37738
53 14450
108 9945
74 38907
133 15855
233 57290
202 8679
216 39731
154 9513
191 60911
77 3634
107 10850
170 36635
19 51395
81 59785
175 60654
51 26802
338 12150
318 69821
146 67192
42 37749
81 21573
308 48333
338 60225
47 36656
245 67969
106 8183
52 42507
6 42186
52 14444
108 434
85 57447
343 67048
39 15526
292 26999
115 5641
66 63430
151 14939
195 24918
83 24641
320 7177
216 65825
53 48844
152 27383
29 24922
131 3849
115 64308
238 62963
82 68989
149 17222
254 50428
335 14060
273 58581
265 20617
45 36612
128 12418
137 60658
333 67137
203 4376
121 40632
94 10340
330 69681
210 60344
15 65909
32 61814
175 62360
51 6781
56 68890
261 19805
218 12955
56 6208
114 9107
309 6098
62 3122
95 48499
283 57439
39 54856
88 24605
189 49130
305 12396
121 54342
59 2631
190 64057
267 47370
166 23532
313 52212
254 65
27 15215
44 56597
181 69754
251 59024
231 45722
80 11198
300 29442
39 45140
82 69030
282 6711
66 59441
35 57109
328 2971
84 22103
116 33806
7 18006
93 57992
42 53923
233 61762
267 41367
69 55133
208 5782
186 48354
199 49505
85 6586
35 38490
212 12867
19 9473
47 19419
285 54716
215 57130
194 14692
197 28147
61 5636
20 61805
306 38127
82 50076
125 1135
170 20665
285 33387
52 28904
126 31835
271 12413
280 43984
129 50932
100 44458
252 50368
29 68877
345 57313
11 4257
116 150
160 25469
175 49999
108 39611
163 50538
169 67919
327 5063
20 36313
204 19855
70 32680
219 69538
213 67760
202 3780
165 16494
348 41613
174 8616
137 40953
298 50456
216 49508
218 24282
30 44528
330 61290
269 37085
188 44830
190 7463
198 65630
275 30403
12 10475
188 32667
280 47045
78 1932
147 41234
217 10761
171 44039
111 34334
87 34736
31 40314
203 3139
13 32896
216 36953
331 2549
1 21900
340 12790
4 11056
88 49304
90 37210
113 15144
296 38720
334 63184
8 20514
59 69085
137 37014
22 13500
276 52405
215 59184
322 2072
41 52800
308 24328
40 4635
48 33337
265 27092
153 32026
261 28617
230 17511
339 29235
30 58814
315 69490
208 10502
294 28454
269 26905
129 15897
139 19007
48 10857
349 52185
185 47964
280 10234
103 64472
165 49123
168 43808
228 12522
77 64140
154 24304
199 1853
166 21444
256 35993
169 50914
72 43238
168 17693
254 20146
340 21820
185 67744
185 66855
220 12600
194 22790
80 17966
324 51686
88 66347
221 37614
307 15743
131 51790
264 65816
263 41501
159 49134
259 40668
339 12238
99 60485
90 668
86 6658
98 17694
125 43225
146 54368
240 59167
274 19261
137 35060
72 44697
301 65016
164 58195
35 53890
118 25807
224 48069
348 22376
275 67620
124 6492
213 29218
275 38145
212 53643
316 39310
87 22152
80 29434
190 53875
251 33696
183 44023
29 49858
275 49412
141 58419
168 52230
35 14900
91 3123
8 32456
220 30218
311 32392
240 33495
153 37223
67 16300
106 43039
343 5588
12 18097
258 14307
120 54594
250 68282
251 31959
338 5309
278 37496
93 17184
258 55000
215 6259
111 68623
112 24301
72 44201
348 25284
7 32040
50 68385
291 45649
12 69517
159 33050
333 41629
269 68821
148 30390
56 5778
333 30567
293 28393
295 63026
329 9540
64 13490
193 21905
170 14016
88 12610
240 50074
49 56919
307 64945
58 68067
292 58395
19 20275
101 14094
266 41896
64 51846
69 3542
303 16372
146 20019
324 6300
268 62169
47 35216
221 17785
234 54377
108 50929
62 50928
250 57320
197 68416
109 42435
309 35241
84 60515
341 1786
132 25041
289 12728
194 28297
266 60162
88 713
205 66243
220 68205
72 66336
319 5480
184 21808
154 6618
187 23198
40 53055
114 20251
49 35805
168 60780
109 12723
276 7950
183 4258
185 68614
159 21594
175 8321
242 27647
314 9872
37 1089
169 68671
40 60874
179 17045
317 38045
329 15177
253 5621
282 21085
297 43951
332 8469
21 1132
164 27065
85 31482
237 19557
33 16007
301 49828
29 7576
7 10526
114 19407
311 67948
166 18880
331 53672
54 43389
167 56066
211 8357
339 3855
312 26035
15 40008
100 14977
20 227
15 4296
34 43639
334 2691
103 6556
99 23616
303 751
64 10719
253 63059
301 1750
267 20949
279 14453
225 66077
124 31992
239 28385
266 43540
209 68639
306 8692
25 42835
337 18273
344 15774
48 45591
10 62157
153 50049
104 10506
295 35624
230 66877
129 53692
76 18966
62 64303
125 29252
337 37184
280 25814
340 63176
306 51882
1 2820
186 22029
165 23757
201 14040
79 67019
153 12067
260 24342
334 3864
239 64382
238 975
90 1528
203 64706
234 66419
239 52082
75 50953
208 47843
328 58173
197 20616
154 63176
86 3847
335 64396
67 65112
102 18154
229 23800
350 69128
32 42424
287 61736
189 31801
277 10511
45 67193
26 6006
223 68904
212 34525
158 31666
108 69504
303 62913
348 17544
170 37508
331 44372
82 44882
325 46035
294 38046
301 57950
111 28716
49 50720
194 37010
205 51744
298 62874
174 28301
68 46960
192 11317
63 65710
336 65715
273 58649
311 39933
297 3785
82 14194
73 51878
222 63773
244 56223
209 66311
78 9789
211 51946
274 67938
233 22667
103 16629
148 66295
297 42622
219 2574
18 1815
184 996
48 32225
348 21712
127 53118
268 32231
265 32700
35 29490
271 63091
141 56506
76 23926
285 52979
85 10433
86 41740
347 41842
272 1093
29 36199
233 5451
232 1340
151 24707
262 1136
79 8622
52 65205
283 28576
29 9433
339 36436
11 43490
350 59751
247 69779
99 67553
293 61937
216 6430
319 38597
50 13173
32 49876
179 27025
340 1615
57 11509
294 1163
175 65029
334 21164
91 37164
42 66458
11 50038
313 25170
88 20086
112 42915
279 47092
177 31169
107 68333
136 66727
171 18501
249 47644
325 11726
178 23049
32 20679
311 47287
168 450
106 30813
16 5103
208 69509
323 40737
25 16110
209 61208
305 59965
7 60807
221 50641
332 47243
315 38419
345 33247
72 47341
313 41452
316 58129
241 42674
33 21802
92 59556
137 51058
168 32544
94 62483
180 15262
145 51407
297 59553
263 42957
61 28621
229 4261
186 49473
42 5759
232 46412
14 6208
324 31129
243 3142
220 19326
344 27184
198 65005
39 47629
230 56438
182 17828
285 36892
82 41472
252 40946
325 46388
302 9913
193 29251
290 29039
328 63875
231 48476
349 66162
106 29569
233 66695
40 16371
45 41013
241 7701
9 52339
103 65298
6 17526
285 39387
209 55120
175 62637
239 48588
198 52863
110 11827
271 65728
287 27548
6 65468
181 42694
30 52828
211 14513
119 53469
232 63553
338 27617
3 31885
24 36718
28 40403
337 49919
286 55664
136 49342
46 54232
94 30010
250 57558
291 29407
261 61224
166 17959
275 9292
229 16709
30 48843
41 12281
109 54940
118 53644
199 24575
2 56859
238 51252
252 3076
39 41790
284 47871
97 4698
80 32107
311 60920
95 12413
74 59250
70 41087
83 13512
310 12886
9 11921
212 30372
102 9604
54 32966
141 22782
185 59992
149 46646
249 61970
264 68478
7 46904
197 8775
98 45514
54 2576
118 63836
83 27498
340 69138
21 53968
320 23891
166 22294
266 51843
63 44542
131 65637
148 52471
265 51300
225 6129
120 48031
42 63973
283 52171
23 51354
36 18620
37 26102
157 909
267 62047
23 46975
120 2590
176 66516
163 34910
298 57753
296 24177
158 24057
143 1202
70 41591
203 46474
318 41709
316 31329
328 44693
148 42980
159 62375
148 46347
165 47762
336 41883
213 15050
243 30943
2 22840
219 25981
139 22204
181 62630
188 9799
158 40995
332 51805
304 51817
106 47417
290 13434
99 37126
323 69535
262 8825
32 7553
101 24190
312 24534
5 34924
199 45019
250 24683
207 27472
114 12797
47 7499
28 55500
321 52825
255 55298
231 7402
288 34869
232 5312
262 51071
204 28223
260 62870
312 52739
81 6038
269 42738
146 6972
35 3916
38 33
287 36119
92 16007
23 32922
170 9980
272 63904
347 18996
4 11133
159 14505
91 7555
228 19530
339 67654
9 15622
339 25748
264 42803
56 9773
47 10377
297 22895
116 54347
171 39348
25 16999
114 10108
190 67394
81 68884
177 59833
64 33426
213 540
175 2616
33 11993
332 34327
344 42117
260 5245
91 59762
11 13699
97 60218
4 67156
210 44689
134 60370
33 37173
329 25814
93 56314
107 53759
105 62644
206 22290
66 32894
157 46781
210 13109
208 19640
51 39075
259 3824
220 50923
186 59868
180 29330
77 2059
282 4319
25 65831
291 65398
177 50148
169 43704
130 21164
229 64824
284 4133
75 4774
239 6131
236 533
104 13403
339 60626
327 49770
344 8306
278 50480
332 29863
332 40648
67 26346
58 29023
151 66001
344 27415
84 9038
283 23742
36 25305
348 56045
43 53008
45 42195
310 28649
316 46872
70 13637
262 36316
106 19590
233 27891
182 30813
266 19755
74 30367
214 4584
37 16826
123 14813
41 46667
92 34798
267 27215
62 28838
348 21923
198 12505
270 24201
145 27841
312 5276
48 21838
169 53389
303 54512
200 29829
109 18079
56 34657
158 16725
310 51316
98 58504
273 7240
229 13838
232 54237
59 34662
303 32221
240 61275
154 25677
247 67348
174 12961
123 67875
203 39686
48 32392
264 3817
262 48481
319 3236
55 59064
130 66570
243 4883
4 59550
199 34877
30 19139
225 40101
173 8852
212 48901
194 26022
204 50315
235 8499
237 67720
24 40029
319 6892
289 58602
173 57804
100 34073
243 2682
98 48137
253 30191
21 47178
282 62561
242 30789
84 43173
33 9557
217 35667
154 47102
128 58348
271 21609
275 17247
223 52892
294 15879
243 2712
275 63651
227 46180
292 44906
185 21701
308 2886
343 16031
20 9109
105 42828
242 67596
68 2238
109 33405
235 53736
72 49872
108 67816
269 20149
66 62835
73 43083
236 8012
310 27013
106 43778
48 58571
239 11314
140 27851
226 11001
8 20459
100 60824
237 26431
172 21755
301 13022
78 38105
288 2517
308 34430
242 20566
55 26303
161 45078
130 26751
98 1077
154 6717
64 52930
30 26105
349 14951
346 63519
123 57623
201 63612
258 20541
15 49933
270 54310
287 15824
12 35658
88 19101
266 35596
258 62096
214 68648
14 45462
319 55688
319 10540
183 36179
251 60755
173 66683
292 65603
130 55150
348 37082
272 65729
165 21049
76 64227
266 49824
128 33414
135 24022
95 61049
318 51141
306 34869
28 920
173 21524
41 32244
152 40091
94 29188
318 11761
287 53909
278 21819
169 53644
267 6780
302 57794
91 16726
121 11986
34 3955
281 4955
277 26399
211 68576
32 65891
278 17872
125 15852
341 13432
308 54794
233 26215
148 60018
261 21356
95 7491
40 47922
141 53148
258 41148
79 24912
346 66236
335 29976
119 320
347 35709
140 12360
110 52346
247 52562
40 9159
171 15386
329 61650
340 33057
48 36866
102 65814
9 10124
75 33729
261 30867
143 6183
334 48756
180 5586
328 60553
33 14847
259 9395
350 62127
219 67581
161 46478
142 57871
271 67447
251 45038
155 35834
248 28785
313 37659
332 43083
192 23927
140 40738
316 15653
299 10365
85 20055
22 59642
12 15284
235 23151
103 48856
185 36288
348 18928
283 20270
308 15084
56 17324
236 48673
314 20749
47 56405
101 47263
256 26438
150 43974
343 30636
176 55877
113 32168
266 42855
276 11292
90 31571
335 10668
49 15463
141 26232
245 36327
312 4903
208 9915
219 31676
175 66126
83 39220
150 26859
259 34284
114 56483
148 15937
24 14574
228 64223
202 20783
91 32809
324 67609
134 53815
289 37298
126 49118
223 32742
205 62010
256 68668
150 16198
132 59339
130 33650
262 7239
1 58422
109 35293
184 64400
293 12856
241 13525
311 11627
284 61044
256 44542
69 45930
65 39542
99 39184
313 4907
47 29601
146 40613
50 22507
91 60366
259 54800
215 63845
87 69696
10 46875
141 8493
29 60793
238 58193
276 1582
181 27361
314 15242
145 39187
40 66731
52 4396
139 67486
343 1892
6 44816
227 59670
349 23494
312 9424
32 69750
321 4394
4 18207
256 45708
153 47936
286 42289
252 47590
326 14863
21 35852
237 11863
104 972
217 1862
177 58767
131 45241
279 21054
40 40713
258 55030
36 301
28 59913
138 37376
8 57127
320 11985
247 21310
165 25395
189 18198
211 15150
149 46061
286 18988
330 32042
347 34293
96 1064
182 60108
67 2715
69 46527
156 17315
211 29179
126 19742
219 22562
273 52454
202 48416
199 13465
15 19053
324 59303
166 50558
209 60252
230 57540
33 7366
309 22716
86 1569
166 3095
321 38152
274 68623
287 20256
99 68805
207 68393
2 28843
181 57579
119 45225
169 13461
46 22193
297 7685
316 4791
114 51934
317 27104
136 52543
25 61271
283 64578
237 16152
67 27982
59 52563
117 44226
195 1019
86 13748
140 2722
171 39008
316 69569
63 63792
321 46762
335 4891
270 61146
341 33446
327 46408
336 63584
22 29071
13 12182
5 12886
287 2114
7 3699
326 18103
186 19482
341 59030
137 21617
340 69022
149 65284
107 55447
151 54156
15 11717
221 7206
307 6573
128 60047
212 8656
215 20874
208 66089
13 27912
209 35672
17 31250
257 50706
207 42315
332 1873
324 743
68 36490
154 64957
29 8681
265 15305
291 3105
182 22665
140 56666
276 42063
249 55338
346 21140
159 4077
92 66708
18 64678
58 28031
305 15565
138 43279
301 744
208 14884
319 26240
15 16635
28 66282
322 21089
94 26271
313 56280
118 46114
303 68251
190 55035
256 60652
108 46306
60 10722
88 53264
4 26045
261 13325
202 2559
226 3274
106 45602
172 55862
120 35391
268 60453
64 20129
43 66658
35 52142
216 51704
40 5483
125 49749
259 55059
143 52772
232 128
191 1961
130 56550
233 16151
300 48137
332 57512
141 59935
316 16827
335 13643
63 27484
187 31942
252 62828
206 45996
271 48668
149 15765
103 5984
35 7733
296 28255
44 25677
324 48965
41 22364
329 34710
78 40124
215 13586
185 1404
131 61501
16 10124
22 22517
78 38107
18 65405
279 36444
240 16441
92 63665
259 15471
147 52773
283 32666
285 20497
253 35891
3 40325
206 52811
201 62496
97 29544
282 25496
232 28769
276 19378
184 7137
25 40866
16 2521
51 40875
228 29675
195 47730
9 48037
340 44174
332 57299
46 7839
169 33763
45 51704
113 13997
26 43297
115 21773
49 15928
242 64507
34 25605
273 42029
212 24168
294 23386
73 10813
147 33057
94 6559
129 52582
72 8649
280 28525
5 55138
20 12183
62 61586
16 60678
290 39583
120 5642
258 54434
119 48876
25 47769
340 69698
130 36178
301 35742
124 562
333 10003
67 57493
298 11772
272 26839
319 54242
208 20815
19 19188
343 41995
181 61934
113 60005
58 61070
75 38724
96 44100
183 50575
341 57043
43 19894
166 52464
294 10350
18 17406
225 15685
104 53252
229 50116
131 58272
33 35939
219 67044
207 756
107 69555
19 27744
278 23203
57 179
24 11052
67 59162
328 44187
134 61758
126 20101
8 54646
274 64142
160 24403
196 45553
102 38604
324 43312
180 53061
332 42334
15 36663
145 63242
237 69520
60 39674
256 64298
220 62862
331 57150
78 53757
11 10902
53 941
247 69294
110 53291
178 66281
271 36968
196 63660
214 36839
280 38635
326 22847
340 62205
340 12736
41 3221
164 5477
125 25325
59 60284
333 60938
295 58579
263 62270
332 7613
1 67106
301 30553
322 5952
233 21074
7 47515
287 29205
170 51066
117 41942
19 28349
101 27705
347 21719
82 64
313 64905
93 11082
128 60844
189 47269
67 16624
255 37528
228 43916
49 16186
92 2740
318 14460
91 57694
310 42331
56 67807
114 55786
130 34384
265 32040
257 67267
346 60411
280 40803
