10000
99 47813
47 9605
432 78657
434 55805
29 12544
380 33126
369 90037
198 32156
250 8387
196 64044
322 9950
171 43716
206 52489
22 94293
346 71320
452 45986
311 51072
69 73987
30 75045
28 29878
121 1820
96 15476
489 48805
256 70349
314 75346
9 38674
309 60290
488 64974
495 73005
309 85997
256 69276
241 26235
177 70520
245 22341
273 59420
337 68027
264 53147
262 17283
123 50789
12 30722
402 26549
397 57589
138 56000
100 23080
339 45189
242 84088
151 97833
353 28059
21 23217
328 64680
215 39317
304 37969
109 33464
6 93376
108 27376
395 94729
139 82178
490 1152
109 17873
146 56123
389 45857
13 84362
477 63805
198 6657
176 72008
328 84502
56 42042
77 51522
436 60554
472 56182
415 90217
67 34182
491 16649
254 31670
91 78034
14 59768
73 68220
139 4062
69 23168
486 42040
500 70097
91 55687
374 9595
8 41954
249 71966
485 26067
324 36249
246 97783
305 51842
424 62289
134 24502
380 34275
100 59688
487 11275
427 44913
396 28913
327 49240
305 63417
251 31441
190 22764
349 24988
308 48227
39 80471
363 91794
433 67215
149 55299
88 87708
449 3020
92 13470
489 90462
44 53927
100 40549
109 88672
136 10961
34 21870
298 27222
99 84882
181 82549
201 87068
43 30451
207 48517
107 23848
412 21223
488 74702
471 42531
421 2967
262 86432
279 40566
84 57975
6 55794
71 73724
156 98231
475 38338
64 65792
477 2122
344 18336
284 39063
88 30242
371 91622
117 72694
221 5613
263 38312
251 63938
371 40062
438 69151
222 68416
175 58408
228 39654
249 24591
390 59542
415 20894
356 41978
403 64109
187 53163
156 14635
153 35083
400 50145
68 93987
67 29408
114 95917
270 57333
8 35705
313 73808
263 30543
314 94189
462 40064
311 60074
46 69811
136 27460
101 23830
207 63591
18 19710
318 5464
27 54453
200 32077
160 24286
172 36204
265 59236
269 93026
455 33554
116 84682
120 29422
122 47689
3 84985
167 19910
461 17549
252 85310
86 31895
266 13941
64 82736
172 14906
207 45906
477 37521
448 98177
187 76119
491 30
318 15530
436 3896
51 97070
413 92081
441 53701
462 32771
371 80826
96 26099
264 3231
196 1140
242 66639
141 42467
368 80041
273 52419
436 66786
360 92630
61 58736
343 88912
350 6836
202 75946
465 12884
435 80946
405 38163
465 45468
196 20764
345 39909
22 89033
373 72546
177 93822
204 44987
399 87256
15 59315
42 99312
320 91836
19 24768
1 39466
487 9687
109 27757
5 87750
212 10016
455 59733
65 14606
125 74208
259 47225
208 63157
134 11918
480 20735
97 66124
498 5876
31 5326
487 9977
75 31339
191 67686
82 48511
187 15926
465 28423
248 62504
188 94998
449 91154
296 92312
173 18122
341 77919
251 53325
373 93787
404 34056
316 5664
401 82535
2 57831
402 90687
317 74426
207 56498
20 55169
3 97942
376 62182
432 31991
319 86122
17 41313
403 75647
336 64853
112 70513
161 16325
16 49361
421 67088
84 36553
283 74540
142 51416
34 61343
305 64469
105 36122
119 82548
270 31246
400 25058
23 35095
332 62591
40 80926
100 49325
31 44437
378 45465
371 45882
148 35944
102 21370
289 7323
155 98730
41 43570
444 9762
276 9485
137 81038
283 13461
248 77006
378 7557
394 9097
459 25650
56 50883
178 52185
448 48623
303 6382
44 59798
355 22528
158 84390
15 35616
90 99059
287 7703
231 17589
148 51114
466 69412
359 33569
331 43889
372 14682
303 91272
320 44106
355 59236
263 85221
411 60860
35 92088
448 21041
199 62304
287 59376
421 25532
43 64093
400 11270
131 27676
102 11112
77 94535
155 13546
221 34223
25 79436
336 67921
350 58984
121 49813
193 63613
447 26113
185 61719
297 5374
24 65506
37 91233
254 24782
38 49106
275 92617
298 86641
457 2973
256 35361
307 36137
399 29195
271 63343
421 99377
349 33859
133 66179
86 27848
494 857
402 8723
390 56667
438 63240
83 50762
11 84714
257 31123
397 85144
34 27161
389 1806
93 67725
375 14211
376 2023
220 10915
289 62028
493 95400
177 19265
478 24952
260 96617
77 59177
331 97169
497 38137
98 86374
67 35731
270 63551
424 88873
141 98505
404 14493
316 30490
149 60449
404 44104
202 20531
110 26097
305 62523
353 34274
342 20312
464 72618
345 95680
246 92697
199 89685
412 83761
114 17700
127 20171
264 52395
131 41103
408 28374
177 98732
298 80841
18 30938
214 87824
69 76470
293 74136
316 39952
299 6376
260 13541
294 94968
297 5571
353 33484
163 77126
106 58528
476 13337
138 8084
344 28646
111 94658
311 28678
257 18100
286 41338
434 66195
423 17913
436 76877
184 23678
27 12558
428 983
392 94434
270 68004
55 90011
36 29549
117 48857
69 16795
255 39578
447 66745
414 52523
386 68478
381 89514
263 3809
442 61274
170 14266
258 95479
105 18862
68 75132
179 6120
273 46369
437 38125
239 80230
108 29767
54 33934
337 67738
433 11700
56 15545
427 19043
318 80235
163 64535
227 30669
127 4705
424 1803
278 33787
142 88415
478 81361
41 57568
23 44739
282 55586
98 86407
170 82446
395 22513
120 53212
307 49493
355 46180
111 40754
181 62364
459 89884
74 64225
39 44984
483 59305
314 96191
383 65672
278 73605
262 24676
93 22068
13 36846
139 7263
339 3003
441 26422
30 17022
360 93202
439 21947
288 15368
30 78127
338 3077
131 22469
247 8472
148 84298
310 12742
240 21701
38 8396
434 42219
321 94515
139 70039
86 41161
416 26200
332 41524
486 69493
293 96341
212 30201
100 46505
465 82802
227 88324
370 55096
49 22760
388 83828
285 4927
21 26224
282 6569
106 10309
393 40952
188 23540
406 25136
495 9172
203 62706
392 56304
367 707
89 11214
72 22270
3 1625
127 52951
295 28482
222 87575
406 65678
9 73671
260 28935
6 15442
270 37439
326 67062
399 40569
75 64110
407 77594
453 7501
151 84891
493 77069
259 31070
294 62243
236 89472
110 5741
362 58848
490 45847
359 80210
225 80790
114 53868
133 65497
193 622
66 95977
372 29922
493 28458
172 33539
371 37549
468 34223
360 67146
299 49759
484 5952
216 51466
409 23936
193 70949
314 92191
193 39033
410 14074
22 85555
379 9649
11 67218
376 65885
115 4938
324 42758
20 51034
252 92139
277 44830
280 73756
220 594
290 23501
197 89896
94 95194
365 4950
281 47135
132 70131
43 67786
60 56420
300 17499
176 30493
170 75844
458 75675
102 20962
120 59347
147 16151
491 19196
86 12627
447 40505
476 15590
92 19507
210 53254
261 14426
436 51133
412 53136
71 90670
291 52923
8 72476
458 44719
162 14226
242 27113
175 58212
243 3842
100 39630
148 13200
345 31712
430 98084
146 70151
44 94890
448 58480
106 93236
28 41905
45 6993
367 84717
296 16189
473 85079
342 34455
98 70793
306 96903
152 7060
142 44203
147 5496
477 6897
79 17469
273 4377
458 6718
174 30630
456 44111
105 71571
61 79322
453 33417
54 26911
233 46280
92 42820
199 62178
75 63233
423 58402
112 13576
419 28547
320 67395
261 15961
86 22361
156 2869
129 60554
75 78059
157 13411
344 51048
213 56233
410 14449
487 81294
95 76488
383 74552
279 92020
187 48977
263 62020
378 74038
31 25861
481 23966
297 60502
417 65819
371 70860
391 84829
273 10714
378 885
276 77844
157 11287
329 70868
362 59944
144 35478
276 53883
369 55464
98 7882
311 8844
226 74208
15 73846
39 13053
422 48609
463 14549
248 68761
414 5103
154 79903
433 38102
377 84307
76 84115
40 90537
328 91915
394 40633
493 90274
301 59449
5 22731
464 98510
104 16367
339 24621
322 5474
426 2963
72 65641
85 28403
315 50683
399 85669
167 97079
50 51013
457 38023
429 67358
46 58929
406 85211
134 99427
8 68665
414 32271
262 26923
379 40752
370 66290
20 61180
159 71862
63 87100
47 13943
469 65240
426 53111
493 88612
342 3538
305 726
56 78972
474 52258
269 69325
255 900
303 6670
102 88820
236 65924
58 57405
223 9617
242 72426
326 32934
89 74739
409 51127
248 84169
281 59497
79 18937
110 15499
200 80028
141 74171
346 49378
335 93572
79 37885
356 30482
355 29621
293 28012
499 79211
43 86692
303 55836
37 51876
204 86631
198 73727
147 69351
45 89332
424 97934
303 981
436 52287
60 97579
139 56400
295 31005
394 10728
309 60851
122 30832
470 70105
8 27456
16 75189
35 5416
426 25464
493 22455
274 13063
478 35865
204 56223
363 67836
85 50096
277 27499
476 91052
19 76047
56 60012
472 34289
168 96137
14 56004
190 62344
476 69681
148 44783
165 66826
350 5564
299 76235
178 85384
293 5073
55 583
469 86866
287 19502
179 22331
21 93763
483 9596
211 26909
163 58708
493 34854
411 57752
48 84875
472 4033
56 82807
449 48950
267 32755
297 87745
400 45980
63 55459
144 38221
448 31643
60 79518
285 99899
69 3095
146 65828
307 28940
77 24830
459 44741
193 57104
361 99805
367 69189
58 48885
159 59345
174 96239
36 36198
444 56087
348 64591
402 82169
221 59657
142 57410
212 96289
263 2258
320 52607
64 3602
312 98220
399 3617
114 2990
36 67945
8 7491
76 82763
151 43301
278 31110
418 1553
469 22520
116 63107
164 99457
404 18175
417 58264
146 66875
335 60446
433 79794
372 83710
395 96635
499 80010
183 47970
215 55014
200 17513
450 36025
411 35908
323 1595
477 30259
389 56890
210 45356
86 87380
31 45965
204 68479
216 3416
275 16545
275 48926
45 53698
312 30553
233 42698
39 5819
237 94393
134 82500
163 36822
92 69797
164 75442
350 80363
500 25827
25 48436
80 90542
126 28239
40 94966
97 40597
149 41257
215 2117
156 57465
137 81734
313 82309
338 36385
210 62005
109 5110
241 82771
488 38761
441 98496
486 18155
477 40319
462 23085
72 62652
18 70451
443 47453
253 89784
351 30703
173 62852
76 54420
426 74566
374 29022
64 41503
364 91855
169 86939
141 43288
177 82612
341 89090
189 40368
218 79679
472 20915
228 90067
153 95862
435 8509
59 15947
441 54056
463 31639
181 38909
450 2366
474 28655
252 42141
90 80034
130 20120
152 12710
21 86718
290 51900
201 85737
183 39416
479 83601
458 23970
263 94745
213 4776
351 82911
239 43545
126 27469
210 71685
353 5220
170 15548
314 90938
388 80762
240 50711
24 11680
232 50704
200 51110
43 93139
122 19805
58 66018
18 13766
165 23453
302 40589
380 5737
356 50284
277 24507
280 40272
380 70016
411 75858
189 33920
113 94265
361 44027
227 59320
194 15450
442 29100
403 52422
274 2903
157 2559
480 83614
128 11403
173 42966
391 68074
208 88731
8 55439
52 31434
232 90456
347 99251
145 48118
481 50740
143 59585
387 32401
486 19033
460 81053
451 13606
424 8106
111 98930
303 44621
499 51481
214 53044
66 18781
135 23348
58 25269
76 98028
351 63479
353 97370
322 49287
99 23285
35 88506
317 6239
308 5887
382 97031
468 9781
204 97603
273 44497
319 2201
130 58128
241 90110
426 61383
252 17901
479 33012
199 15309
119 96983
244 54591
147 93149
91 18414
119 69417
434 18655
319 31188
372 65729
285 26539
106 93860
13 17343
305 47084
284 33139
441 69787
29 93351
59 45471
151 55805
141 16501
141 19471
200 44515
52 87936
261 57627
53 71847
445 60266
44 65677
271 33154
254 20539
195 24345
236 65259
449 79291
2 54631
2 36722
305 38181
279 61872
365 35927
271 19434
407 89286
46 80517
252 55133
13 10568
249 79155
75 7145
489 80496
447 38955
70 23167
363 19502
341 84569
263 28295
13 66175
188 84263
239 60114
397 70110
445 53847
413 71986
186 86367
439 22843
232 2291
361 22651
111 21322
217 53754
495 66036
292 22785
102 62216
122 72418
115 50515
90 62540
436 31078
149 5407
57 42228
499 3665
291 87242
227 65970
454 80040
9 99502
115 24713
98 89183
66 62669
462 91618
461 20840
323 39410
240 51091
36 98703
79 33649
442 14437
319 2024
86 86229
277 64758
241 13386
161 16614
419 78975
181 82013
13 75299
120 99945
75 23897
103 10086
427 50430
347 71893
495 2701
312 65670
83 38832
272 62775
468 93005
230 43989
430 27216
139 96494
203 15351
249 38765
406 27483
371 86193
34 92714
18 54787
296 5186
388 72810
73 71478
103 82581
217 2168
434 34249
484 39724
361 28555
37 53188
164 46556
298 12084
231 19084
26 77490
137 35998
131 94285
393 76877
1 26518
147 30124
416 52810
401 88964
130 75468
327 13201
251 94658
198 41850
38 53426
454 90789
371 94064
336 35748
464 40700
457 23227
327 1
189 68420
367 48597
345 69260
187 78103
81 97357
117 54597
186 48924
375 75216
473 92554
326 4746
267 93898
442 63044
439 45636
88 19463
287 70904
229 4400
387 82439
407 61498
173 28672
31 58989
415 48504
66 45043
160 34794
326 49670
427 35129
144 70953
230 36983
40 80062
52 32138
398 27478
260 13382
333 85614
184 12679
450 97694
295 71611
498 25175
47 92772
197 70366
195 82279
268 69897
59 40445
292 25501
155 88130
416 76279
108 84900
375 62037
311 40905
163 36497
207 43249
7 14490
247 36532
346 60587
390 31379
335 36069
313 88132
223 787
129 69706
338 2788
207 30117
98 47178
82 47788
321 40199
268 55060
264 61210
273 4040
315 11595
498 47179
358 58801
179 18069
431 1857
341 98268
337 63134
118 59316
82 41805
160 63799
374 60069
470 82741
394 60953
179 77174
462 92115
120 43017
300 42935
434 15978
271 33133
58 86831
141 74915
280 9441
421 56290
16 98204
269 40819
88 75333
200 39839
220 856
130 41359
388 46663
219 71214
454 27894
144 78828
138 1123
191 83900
244 58639
297 78802
401 69266
203 64903
93 27816
466 76649
126 57136
401 88246
61 59014
147 45942
492 83172
375 19057
338 68811
470 38736
299 73836
228 89967
399 34714
344 20700
279 67739
123 58923
89 71545
297 13095
439 34889
376 97410
3 6137
435 57313
390 58885
460 18848
32 31802
51 94659
139 61237
257 77664
185 65421
1 91405
133 90299
466 52399
58 1927
183 58065
246 68241
61 38002
36 62961
373 39995
363 93449
196 25603
185 99281
129 29927
488 72376
479 67076
125 88126
304 67012
72 63106
43 15283
382 73440
14 42593
351 77798
161 64317
488 12873
273 43817
161 22898
290 50234
92 2834
338 82078
252 96533
36 50069
40 20426
401 485
314 97612
266 32220
476 27532
500 10727
74 62733
67 83170
185 14436
340 3913
298 37492
46 49439
49 23194
117 72267
243 13365
270 76119
24 30774
133 69606
378 25034
335 71479
164 87596
68 57360
71 73058
491 50536
421 42601
61 96140
349 7715
145 70275
28 90251
154 36350
347 10472
324 73252
167 74596
91 63483
416 60202
147 81560
2 26165
335 28220
175 9625
305 941
255 24857
232 24542
94 85998
102 72817
290 20880
370 95486
90 62438
39 27073
344 84196
403 56517
244 93130
317 97964
379 30487
52 49285
29 53536
57 60971
479 41201
213 38950
286 80653
5 94006
306 43293
92 82150
163 98082
417 27782
328 46086
485 72285
319 7559
73 74249
54 78157
279 750
57 74554
304 66830
154 17439
428 525
436 39050
462 97277
492 8815
424 53645
75 57521
356 92072
353 97632
86 50736
336 65797
264 40858
471 20273
56 41360
240 86548
213 7277
430 95743
90 29690
120 72881
202 26327
80 49034
426 78595
136 66199
83 84113
473 87518
177 20491
447 77611
52 53031
215 99983
247 20222
157 24835
220 54666
9 72514
466 22070
174 98429
388 70622
15 75768
19 7562
308 29786
159 51686
191 85879
238 49211
236 8669
499 10124
208 40660
265 96082
28 73876
170 96056
43 89936
305 93030
202 53412
52 77219
119 89500
298 48678
42 77084
153 22816
224 77542
490 96615
124 37672
65 27869
148 13177
333 12988
73 96698
138 41642
498 8251
437 77703
169 60856
126 33900
395 67601
99 85273
123 13780
426 45283
466 65411
431 6017
130 23530
208 43448
182 6444
271 34745
188 10544
364 38964
260 4109
104 24236
430 89565
302 18812
460 46701
482 20432
177 66981
425 14345
311 70460
339 97617
470 82769
194 72594
347 98072
360 5401
186 54096
248 67127
64 73897
405 33299
450 95330
493 60943
251 71402
192 40851
490 44054
243 79462
318 90533
369 80277
489 79376
390 85256
226 40840
454 19847
462 70625
366 44281
118 59798
16 47980
155 81422
426 66146
333 7724
36 18528
13 1509
342 3124
308 82748
86 80937
401 86973
236 64398
87 72838
11 22132
328 31579
43 10009
67 23752
222 6775
23 70864
90 28943
177 69183
46 69565
151 51776
300 65880
15 44950
144 34487
284 5694
284 79971
218 86353
119 8828
89 50825
382 20288
294 40711
345 56151
257 97997
99 56887
44 21813
86 67640
234 82451
200 31900
389 30881
53 71246
481 79774
439 13258
395 22849
112 89536
147 98145
59 45802
359 69235
220 27862
453 51395
35 11732
24 42969
133 97767
400 5960
35 81732
361 41763
348 24407
117 40415
336 32512
139 33429
468 93594
132 85709
67 8047
414 59946
204 6202
188 37691
245 66566
443 70978
189 63031
136 78818
443 10632
56 98569
426 58753
358 30169
63 24076
41 95685
22 32282
208 50514
481 48320
67 66345
398 55696
389 7618
273 84823
244 47064
185 81215
331 73925
250 31933
300 35288
109 12536
366 14706
144 52842
165 29631
362 66029
149 77040
329 51985
63 37356
219 58938
392 67824
448 6822
335 40625
122 93230
99 87317
347 11470
379 71199
83 5955
97 71027
208 6830
151 9500
388 76725
481 28295
343 25859
45 97092
442 47700
301 3488
45 25407
365 30712
477 15175
98 22983
207 95360
64 73074
271 52934
97 32032
406 19848
64 91437
69 21417
63 23223
267 93150
45 89417
215 37346
461 54029
272 51490
9 14446
291 51820
47 9728
144 78842
268 96335
238 37524
112 73041
374 5945
311 84135
36 13070
207 60978
462 88381
440 45184
407 63011
22 8003
293 8998
303 77620
455 88175
406 20453
4 76929
457 9436
231 73651
281 56345
73 36753
280 71465
5 79357
77 93271
59 38138
417 1518
109 5608
98 68682
105 76079
155 12295
30 65154
396 47834
74 53793
257 95511
221 10900
292 95091
497 29701
148 99935
453 455
218 83112
114 45861
352 58185
245 95214
469 22942
407 9427
214 35350
378 29943
440 64755
375 88299
99 91924
367 97662
425 56644
412 84128
349 55107
410 4040
377 20035
444 34756
9 57369
351 16103
405 39590
391 23335
7 80054
13 23456
82 1716
349 46300
24 49057
34 88582
461 47394
361 84696
245 9519
66 34146
302 30924
244 6580
336 26542
224 67283
492 43331
237 71120
330 92671
86 97921
226 26564
94 6662
407 4260
76 21930
235 98563
165 66891
308 53778
461 18444
490 70849
98 86223
6 38978
314 96883
353 4666
369 67073
155 39240
426 21975
381 37013
321 97413
103 42363
500 22948
239 24976
51 15356
324 27669
421 71581
60 68371
238 9905
198 61674
47 40036
184 10474
348 35123
363 64361
459 49547
274 71519
339 69707
175 31818
378 516
309 85565
331 63915
387 56247
72 83387
156 11329
444 35284
316 97289
367 75978
146 64010
309 84503
488 37432
7 49255
33 55504
322 17106
264 26369
394 10962
310 62386
361 62746
144 7005
249 70201
54 64449
449 67494
77 80054
428 38145
110 21079
129 42501
405 1359
497 43941
230 65252
348 23536
320 92772
225 63152
437 14370
417 81800
475 42843
252 54624
382 44957
244 95278
420 17688
8 41917
60 16023
182 16671
7 58324
433 35009
298 24505
472 15341
217 83087
182 11746
146 92491
180 69593
64 34614
1 54677
453 84794
441 23771
221 72131
430 87963
8 40779
22 37679
167 20143
208 40240
484 75081
179 73070
462 67449
153 65595
273 57357
369 30523
200 35100
177 29104
142 70118
477 72803
48 16652
62 88284
299 96936
144 42468
190 52855
445 33314
452 11333
123 64270
500 63456
490 15506
311 20433
128 78642
30 20215
235 20275
245 99
103 81958
222 14873
145 79696
211 5820
268 92792
151 73335
360 64797
450 38933
318 98879
229 41241
98 66967
235 75099
249 51131
26 46118
355 93674
407 90289
171 7227
181 10658
482 8664
194 72384
103 66797
95 6414
133 6670
143 48856
23 75533
251 85634
4 14146
453 39558
361 96491
41 18127
366 91668
191 39856
145 86497
431 64265
17 8626
64 50736
312 19496
244 74030
369 9499
102 51832
139 73097
473 66768
420 60851
386 39973
467 86369
285 61300
343 74683
416 69410
481 42975
412 83414
146 93265
127 76916
391 97952
200 35478
359 45283
167 73303
108 88512
100 2241
334 1250
312 56705
407 70945
168 48188
22 26293
297 40294
4 81797
210 98956
109 63265
109 6713
40 60538
38 42083
59 716
178 84474
64 38469
426 24361
247 71920
429 50381
354 46197
218 33253
443 1863
235 40348
261 22792
91 21988
91 33989
105 77848
220 47576
6 25434
445 42739
356 46931
358 49315
166 91929
110 34260
276 37509
210 1846
145 89047
258 50505
480 3192
484 8921
234 40478
423 71661
107 42748
305 24196
301 62885
438 61423
244 2491
391 70509
252 2786
135 26526
50 40873
297 6145
387 75090
184 98192
335 8245
166 54957
347 72263
465 26105
192 8046
294 92878
402 54934
309 56477
266 74899
69 97309
216 8997
330 8440
437 45909
426 73145
35 29470
260 56206
324 90810
58 7237
39 5309
142 27399
11 91709
440 49838
477 83996
182 85204
2 74884
62 77494
35 13461
500 82110
367 13228
94 72795
117 73882
46 21120
400 2593
280 82215
88 19628
453 25369
268 34830
380 37079
34 45511
273 47313
229 90060
453 75236
344 68243
236 45084
416 19831
352 88061
309 49789
83 2518
49 9985
204 21170
104 8244
266 51774
383 89825
351 16353
278 25270
207 65644
406 32838
375 38315
275 10689
434 99489
474 29706
11 56123
352 11655
409 96989
169 61317
202 12846
27 80560
321 90904
489 94428
256 60750
328 49787
23 74370
309 92513
38 58611
204 89502
187 39475
35 24911
162 25483
33 68160
446 83027
360 90210
7 29610
127 32975
127 7283
252 33819
316 95877
472 34256
21 60183
482 12582
308 88962
44 9263
29 1635
258 29912
290 66092
128 8247
281 84931
228 48356
110 56827
22 9358
450 16291
446 83561
329 36026
154 44714
149 93404
386 84023
36 24626
474 22035
238 14587
451 94001
365 93695
66 2755
315 53489
319 479
475 68546
447 33821
400 49686
443 94385
101 68980
59 29124
68 93494
239 14201
299 77237
342 63488
25 16601
366 12251
142 42082
445 42309
375 78533
204 32723
243 87974
194 51908
61 58974
437 72923
163 40115
1 86292
68 63537
468 95777
187 47112
300 16767
343 32919
80 96113
137 32060
351 35587
465 9171
75 73663
109 49635
148 60024
235 75928
286 37141
179 40579
75 95265
283 24694
474 68883
418 9739
21 84778
458 36274
40 75125
326 62969
191 2605
301 36916
448 45588
425 80116
135 29742
172 79767
489 26454
146 48515
362 90995
225 12818
119 95091
167 34350
72 55725
500 82996
126 96883
134 53919
390 19277
395 40281
192 45990
331 15622
357 91915
27 72856
290 27740
495 53404
139 49154
332 14603
9 14535
103 94751
209 29134
384 83646
18 89229
500 4265
227 5614
12 14156
146 57647
107 46594
22 55958
448 36111
498 80400
222 36753
131 71923
414 64222
43 85427
400 61852
56 25978
415 25636
153 65308
476 98654
182 68619
431 5954
354 81414
78 43701
308 18260
212 1286
216 36861
435 84664
345 7266
270 87893
178 15115
100 43926
174 11334
487 52299
422 52964
375 70888
227 98897
100 39969
269 69
467 94006
157 83179
410 18212
372 34843
455 45876
310 52307
229 81945
423 97956
146 72361
290 75090
482 87193
169 65343
191 41759
418 70683
348 65311
146 80019
238 71557
212 19391
2 22021
246 61224
296 75406
404 22224
245 304
7 6850
171 29401
500 82321
360 70269
19 881
422 74479
52 36756
213 73492
325 41868
300 65096
217 64025
44 55803
415 88188
372 51398
305 79694
204 16668
149 1690
117 43072
124 54000
203 90640
54 2130
259 93215
212 73032
201 11937
462 79732
80 43614
49 79017
136 89138
353 38756
291 99462
140 74359
293 83267
450 24290
294 61153
315 58567
149 57168
288 65847
319 59480
462 35668
120 4929
73 46983
50 32000
415 77146
195 73553
210 78359
11 97743
133 70575
489 34271
276 96715
377 47816
12 82547
316 95113
140 72393
244 59618
394 95520
296 3272
63 44491
378 71533
283 16972
32 1279
194 66165
214 2937
117 16289
154 23608
265 64158
267 14693
331 25463
447 78874
343 82395
488 98027
445 10426
3 95101
291 20572
372 42520
397 9610
204 27206
267 69297
55 91511
351 77556
442 23278
460 15897
138 94872
36 6611
323 28647
399 10678
407 87076
114 51244
336 29523
13 43310
449 91301
485 49751
365 46957
359 79694
419 90752
251 31725
420 82147
230 28216
476 99984
188 30573
438 89446
190 17855
191 65629
141 11957
11 66981
126 62719
64 36024
228 45129
181 43130
93 62782
328 77126
345 13749
268 41128
117 59322
104 28666
410 47729
139 81466
163 84304
50 13273
491 28972
180 85972
264 74592
273 49040
389 92132
411 83626
17 12195
272 7329
162 38824
323 85235
491 19945
7 25320
50 95430
158 80789
247 39547
119 70568
170 91200
236 48618
141 35682
245 20790
500 176
451 16592
300 60595
70 61189
173 2373
180 86467
451 63234
219 55798
316 55143
179 47136
221 27817
470 18781
328 41802
330 64506
485 7333
322 21944
382 63968
458 73784
129 63770
238 60951
118 85147
407 93691
170 3281
50 97285
1 364
451 17082
400 14784
375 24502
485 776
2 62988
310 44619
34 39564
390 94606
234 37798
312 26673
309 19210
349 22076
184 11672
294 26020
139 51778
16 12561
305 15883
495 75768
499 41287
35 9587
293 22564
42 8868
401 49380
148 83418
401 42087
305 3415
326 96042
479 24996
228 61574
89 80007
423 62000
457 29084
37 17939
355 76437
97 1261
472 89931
437 70909
372 55151
89 36772
468 74284
87 98654
185 62800
81 95618
70 25479
338 43100
62 83927
484 61034
228 69228
15 14059
134 93791
45 57983
63 16036
124 19285
316 12046
212 41324
446 96361
122 9845
54 96766
422 81374
365 73169
54 82471
406 17438
224 58833
482 66980
8 45859
63 93500
368 10807
420 75137
14 97051
391 1841
261 50098
467 59064
192 91045
74 39668
218 65921
353 30739
92 10479
51 33675
318 90164
306 44996
143 33552
378 50883
172 44381
403 75928
129 15469
103 51417
256 69911
174 57100
36 41238
349 76689
203 66432
275 13370
393 17198
211 46745
307 32209
168 66671
96 56598
459 29929
251 28652
485 40105
139 33302
422 83077
170 25650
100 34334
282 74110
185 52303
71 575
160 18185
180 35103
233 13176
493 14678
16 87429
95 69643
79 78232
36 75993
165 7434
371 34107
180 59848
485 84625
63 49344
355 24791
252 81096
234 90583
423 96527
69 55964
126 73087
150 21495
459 41257
401 78191
145 90867
284 26947
471 70223
357 74947
391 2336
323 35577
41 45978
78 43113
145 69717
438 16296
241 11051
16 45023
292 88066
221 79006
36 14682
289 76395
365 44834
313 64478
136 64859
25 34319
157 4655
436 54238
1 87872
375 23003
412 72261
133 96571
168 73579
174 56207
389 27635
15 36669
215 8909
99 35309
323 5803
113 51797
398 14735
316 8811
177 23558
46 58755
419 17210
458 50437
306 60909
66 80161
150 86289
461 95980
80 23977
474 58657
493 12146
443 81857
440 85239
476 80289
435 59618
9 76923
459 89302
99 88712
172 25321
40 24400
162 20860
113 25443
186 29914
123 83804
149 44937
232 54922
20 89467
338 54307
3 43751
332 11482
191 24581
192 31861
111 17435
22 1780
410 92216
479 93043
408 58746
447 76117
276 32664
432 17705
281 55462
56 91317
62 94616
347 10684
460 96168
3 67851
192 13247
470 52125
234 43276
455 34168
103 45383
321 89800
472 59763
323 87178
245 45864
186 54989
471 59543
71 82854
446 64957
34 27086
64 73709
392 12603
348 49006
318 67069
399 82373
427 7399
283 26992
306 62820
191 61631
5 71239
212 99422
19 65958
403 49835
403 92007
457 14711
360 90927
305 17228
247 35444
314 40540
212 20742
186 1128
12 29973
212 64534
348 43857
491 54604
389 22821
233 8515
102 70088
1 2621
38 30425
225 17389
83 43855
429 92397
488 66816
174 40630
368 73572
224 52917
204 52806
424 3553
225 17206
126 40257
148 49478
76 3036
280 67089
114 10558
439 32876
444 21676
305 78344
483 76214
40 60277
104 92422
438 4070
416 99087
447 17176
386 33714
268 81855
52 41614
249 42351
66 65413
139 15945
165 12100
275 5932
301 64939
329 98199
480 3278
166 49633
77 15928
83 10491
474 61938
307 11829
482 71158
421 82572
399 94711
152 14053
230 94449
165 14685
282 32673
164 87740
61 99221
424 97591
466 45515
58 16166
416 52600
186 33520
302 37251
378 5753
125 71081
257 56173
181 53659
57 54047
40 70876
213 18915
249 50238
148 86569
246 60209
76 16469
279 37523
332 421
417 24146
323 2497
472 43967
291 92752
289 13496
311 83573
93 88945
193 40479
348 24584
232 98953
287 23003
226 2721
214 65500
19 12861
319 25216
97 47537
433 72016
463 97618
409 48474
102 40130
232 91430
147 99905
7 23591
258 33421
71 38002
148 72581
411 87727
475 44469
24 52461
240 90573
244 291
144 94695
314 85136
320 44857
340 2481
164 71083
458 81512
161 48257
428 60870
390 40411
235 75470
431 11796
193 42125
161 82723
209 71455
472 9306
456 77576
313 26539
274 1593
232 88267
421 87
367 92441
117 12915
205 30981
115 87657
325 88754
279 52182
184 3295
65 91885
270 25754
115 59850
377 12394
346 86607
221 44108
72 79229
174 26097
261 65276
333 25714
3 60592
176 99602
108 41672
77 22131
356 32494
87 81250
8 95198
33 73865
44 68010
373 52801
174 7750
326 99280
441 92274
123 33501
366 26624
202 72662
351 86480
349 80815
187 9794
292 31702
23 64354
301 99586
417 61113
27 71473
19 31621
440 41072
416 67165
358 56943
156 27958
62 74266
438 37508
76 92636
9 34444
372 29508
161 31437
105 92237
401 46582
61 63070
168 47839
138 48284
165 68279
84 97407
389 48593
257 36210
5 26067
107 57993
253 60952
457 90755
74 30279
402 39612
20 60697
132 99953
425 92676
379 91182
473 97194
112 19310
216 17032
19 99581
160 9280
213 7031
368 9975
130 45106
205 83116
392 21329
161 52314
418 97100
307 33626
186 62387
160 35905
407 85309
181 69065
244 50405
50 26564
251 3939
397 65739
224 17904
281 86683
163 19180
284 4851
289 55015
414 28022
456 99278
299 4319
58 6844
484 20856
390 1058
123 34676
167 85984
494 35923
495 17651
84 78591
137 4332
97 12349
331 35582
477 40027
289 80570
309 32357
496 30423
341 44961
384 40860
111 13563
43 5387
55 88364
91 22971
25 28255
24 29841
30 60969
292 50960
223 93974
53 41737
60 89495
318 6490
258 61721
195 86164
86 44108
364 91743
328 29224
82 88353
365 73643
290 40249
45 70319
228 18273
394 42410
249 91592
399 54933
221 66986
282 3266
230 83694
258 23832
411 19688
469 1670
51 34257
255 66642
419 82445
226 78111
299 72584
32 84769
114 3144
112 68832
349 10889
182 29951
312 20928
137 85574
433 53461
396 80633
442 59391
86 76802
496 28479
309 6547
391 12184
145 10816
159 95463
101 71145
310 26103
308 33608
207 9873
310 16377
484 32903
395 46905
29 4533
240 44898
184 22332
338 38305
251 87002
397 46065
269 42832
202 67796
312 40289
17 84872
352 45159
439 53266
339 38740
17 47237
31 81426
136 55347
428 74817
343 40742
291 41950
40 74758
284 99307
19 33157
177 29993
89 85806
160 23756
430 58256
101 1958
376 57326
93 1904
218 14837
297 59688
430 98738
1 53051
236 44797
125 31942
140 87732
287 72927
119 99396
275 43988
315 60881
194 73890
338 8894
240 52831
343 21111
290 80634
118 91713
396 46204
7 5654
248 78837
7 53466
249 27426
186 250
313 5764
346 27208
300 38742
282 97012
499 69557
68 44748
481 72193
409 8606
9 10430
216 35704
490 39242
310 62240
394 70308
244 43383
199 43782
487 17266
273 70906
51 46487
86 13964
445 90234
157 43841
349 11139
192 81921
472 176
126 8706
483 19361
54 77778
11 67667
189 68744
479 7571
224 74940
265 56742
332 28424
382 39642
84 92494
317 78985
422 75609
192 48796
134 92563
194 89213
130 74818
478 29916
388 94543
414 71947
199 64586
477 20985
91 44699
63 25312
244 85856
423 38263
239 8501
156 88706
173 27335
176 73634
442 58780
122 92227
431 65702
382 8833
4 802
100 7019
176 26805
149 81708
224 78076
250 77085
219 37739
303 55849
176 84831
116 97359
339 14046
12 88555
328 56654
213 69841
19 42871
41 13951
259 55318
20 91812
342 13076
203 99141
483 61044
43 15330
356 62204
161 89521
204 21186
187 25310
186 65435
497 47302
32 9760
477 33507
37 92668
314 48894
108 38268
394 58261
23 94069
340 99092
108 61506
203 28609
299 47048
89 23389
30 5961
293 84986
24 96528
389 49415
211 90820
20 47211
298 85042
117 38733
287 77328
63 92528
442 58526
479 23729
340 55317
233 21871
45 6547
51 20112
251 43922
12 98450
260 2567
254 14171
196 26768
242 55189
389 66812
294 52642
429 85443
450 55941
155 42668
32 71138
166 15437
274 13081
349 99096
63 27653
377 20081
446 45345
295 65798
443 78938
467 21412
393 55874
122 76843
438 53520
388 21374
107 38035
387 71386
171 14588
327 84956
252 74424
383 63314
286 75904
238 3060
46 11587
71 79780
41 92399
440 32777
339 93502
105 98098
464 39931
86 98084
134 3519
332 18726
401 17701
117 687
469 61689
487 64335
171 85118
401 81252
457 75141
166 93990
54 60833
364 36959
415 63145
74 64382
308 9238
295 44911
159 66260
436 68374
336 22660
434 74634
36 12595
74 76927
479 12894
371 23275
445 63126
219 39815
245 34605
34 23069
381 79632
426 93123
183 27237
377 4224
439 94342
71 94378
306 24171
17 74696
177 43427
159 56105
356 12256
482 83058
64 81215
131 28907
54 82169
106 98276
37 70804
44 52575
347 89595
14 39827
369 39458
339 83799
243 29955
318 14556
305 96962
62 17841
248 78647
276 63686
89 87614
112 56507
189 21121
33 22299
320 51490
120 29080
394 65485
337 28537
493 68015
186 12366
333 70878
226 63815
187 92846
159 48237
422 28924
192 51852
157 24141
204 4858
303 57741
173 628
177 78937
94 85849
472 79980
82 99709
300 95559
391 34375
426 21877
275 1688
179 32667
178 28800
343 25765
186 17876
218 50686
314 39815
355 40714
212 22373
8 5798
483 78121
311 71166
113 31839
416 22942
10 17118
377 12124
391 94398
97 42812
108 17924
101 84366
3 79539
290 9064
55 4095
441 4026
129 63631
417 89323
170 39715
33 95187
379 81993
99 67412
36 87181
182 82121
434 90090
481 21492
332 55912
142 1830
286 41607
396 88573
157 32483
473 4799
73 84108
129 9873
439 20814
257 60740
299 68192
449 60905
163 16913
114 61023
374 25580
380 57266
339 4533
197 27822
55 89093
157 99940
430 34914
132 40877
438 51463
211 64221
335 55223
335 89520
265 47498
156 86204
477 58930
251 27160
257 9492
333 25694
123 71325
210 57766
82 62910
271 34141
373 42793
293 67682
354 27099
155 32728
480 63746
119 52380
254 67325
182 80306
34 85583
43 4644
498 13105
277 10277
118 18041
62 10235
484 10245
312 32994
415 34985
460 84755
496 87114
86 43237
476 9579
54 74395
157 88114
386 89847
288 20077
430 7936
197 17334
362 83199
135 86683
104 82339
484 72010
407 54708
238 44575
453 44155
1 18920
114 7214
86 79065
491 62562
450 86680
292 17375
241 98639
146 26697
3 85023
82 96873
58 35641
288 18676
22 98754
53 73865
200 50429
425 50468
219 29704
493 23095
447 42152
50 38578
377 94061
29 42293
172 13368
77 8156
79 2143
420 90714
24 41367
162 86966
406 29707
488 48676
336 82254
83 19608
252 43024
226 35113
54 16255
316 9442
330 50927
139 37747
137 34954
98 9192
101 67685
212 86065
324 63932
87 99025
261 49884
442 89869
279 22294
367 23392
488 36674
370 38342
402 31816
175 31315
110 24460
56 47007
341 15994
369 11514
373 28097
387 51716
446 78106
470 89803
34 27905
366 19506
379 31343
449 79431
109 30837
19 82060
362 76858
37 76730
136 55333
112 7057
322 66682
83 70304
495 51299
408 10706
26 78426
227 36670
117 17698
220 48320
306 26093
426 88931
13 68842
371 57977
103 17952
21 37993
124 5666
265 36839
54 70702
250 36
328 18187
131 66290
449 74110
118 9024
190 56813
365 32836
199 121
173 71185
347 74248
233 48138
3 6977
16 17045
403 88424
33 97682
417 69333
397 95419
491 60537
464 8722
469 23548
383 17003
182 64711
444 16553
459 71803
194 61864
91 52558
90 47633
353 44971
337 4495
67 29581
163 10207
97 16855
405 28024
113 29854
123 1750
401 3192
51 28322
59 10013
177 90446
148 31335
253 80260
289 96246
73 69594
169 80448
428 74574
66 43784
467 73574
328 52868
363 30403
292 25129
65 40690
358 38666
361 56498
104 15577
128 29099
12 64325
327 60363
118 76350
321 9093
67 19487
261 85123
31 24239
397 68879
461 66115
128 10274
390 58362
245 59881
245 42565
74 33101
410 15558
322 25186
438 33263
87 90364
261 55953
313 79279
388 41693
428 6996
23 14999
442 353
480 27264
287 98490
26 66370
296 11752
495 2669
160 38863
11 94970
330 86059
374 51464
93 68121
198 2715
130 40759
247 18695
422 96353
201 43719
33 81866
358 90613
280 32175
4 28384
60 39083
11 98809
93 38140
389 93044
456 38839
41 48649
433 17972
121 79722
426 75596
428 66226
130 92961
273 92276
178 47034
77 31888
20 11094
425 77844
51 23691
86 87693
168 80576
226 96473
344 54749
294 70904
492 3311
199 58008
108 78862
456 83641
172 54660
455 17733
218 13105
259 70921
38 42969
203 30126
76 37760
354 16366
238 96061
146 8344
355 95359
77 16861
209 79562
427 59455
384 27558
29 24499
281 19537
19 67519
344 79251
100 11165
154 24202
497 85904
91 5994
17 5393
33 67023
307 44758
412 2484
114 99839
236 15176
481 61841
106 54586
405 57069
195 43752
330 3739
340 98846
146 11958
168 95280
284 57175
265 95519
126 67371
91 88889
307 48308
95 32655
258 18470
125 96667
453 21507
195 69715
311 65997
324 68754
427 68762
306 2147
399 40608
168 83693
9 15220
17 25979
465 95139
143 45768
297 66179
40 62135
408 81013
417 89107
8 12856
78 38612
68 50639
19 49020
186 57478
314 71937
314 22003
151 67755
301 70346
99 74618
215 97931
457 318
430 72053
488 49132
472 89464
127 13471
469 23317
387 34917
486 95639
261 58767
424 51763
269 43531
271 26815
28 43869
435 23235
115 23253
355 68587
266 71115
428 87089
166 1014
26 24387
387 39895
464 99582
50 94893
331 67570
449 19705
495 44826
382 32478
207 78251
43 18075
235 58167
317 44070
185 49107
105 17435
409 9311
294 44888
15 79344
249 85976
121 27383
376 24946
119 87239
34 73285
321 79021
113 8545
196 50358
305 17845
218 72446
310 58394
157 32335
438 90624
116 63244
120 22586
302 2112
274 52933
301 81137
208 57978
196 86753
399 39518
350 50933
247 51150
176 57908
233 23192
151 48670
485 3959
212 61950
33 20569
90 14144
345 54474
7 56866
493 27277
271 20549
50 72670
292 52455
181 61551
176 6293
474 61145
470 45544
351 94373
190 53059
483 34861
372 63578
67 55236
453 20998
88 56341
262 91383
430 46375
215 18340
79 64096
402 49236
130 61078
249 3846
8 90224
323 34791
311 71875
371 33761
110 88834
451 13666
399 95110
423 16281
465 12421
336 33687
301 58911
298 30851
445 76491
162 65119
469 76187
348 25468
253 37559
270 61858
25 84869
27 88066
464 19972
241 37827
457 84790
299 86705
40 36825
444 67708
483 35018
250 99717
402 42738
336 33908
178 64717
469 31601
315 85931
267 84414
166 11684
164 3645
36 66011
200 10841
489 24764
177 71483
218 86063
30 21467
387 26758
469 51873
469 7087
117 36887
433 33668
392 64597
492 36191
102 36984
237 12563
468 8877
226 15508
206 60001
375 94081
394 21180
274 67502
86 73834
341 69801
174 89446
455 99062
120 11223
439 3055
474 22724
195 5586
359 80605
123 64155
215 51910
75 68358
310 30683
412 58776
93 6099
76 73801
161 90659
341 17889
330 39373
74 30111
185 41577
427 48790
494 81118
488 58822
143 84264
290 57788
375 67875
186 83728
157 12351
443 66815
378 45719
260 45094
98 50808
272 3329
99 74373
348 98688
373 94521
461 61482
308 5263
156 82058
397 67792
124 73473
170 72138
311 30423
205 14238
449 48087
113 44805
47 42952
165 87367
341 47099
343 21384
233 14559
114 53019
274 77536
13 34151
121 72769
317 74149
396 71467
303 29237
138 64236
156 98100
252 86702
63 22819
275 74743
170 10288
256 84865
153 18677
239 38336
306 87022
372 54793
203 34962
169 15430
452 21485
474 59491
354 89003
335 88436
145 73167
262 46999
443 48400
427 96979
198 83744
190 99777
18 89813
416 55457
128 15638
221 65787
328 17282
167 12578
441 16616
19 35627
204 83188
147 53756
288 96136
302 6347
237 77153
164 53172
472 57193
61 96416
20 9205
331 24849
161 3760
61 64998
252 8784
420 76398
460 17199
349 76511
72 92710
269 2973
434 45152
261 32464
33 76020
188 68748
436 25895
331 61310
29 69329
364 25195
187 39411
270 30019
69 53502
63 76655
113 90541
498 4572
310 85469
74 21286
246 13058
17 7777
492 66159
385 47696
74 1483
419 26751
256 41221
19 20482
56 84105
442 13633
461 80790
260 94449
76 94299
286 3183
350 76846
64 82557
44 43535
248 27714
385 48960
14 89431
211 85955
266 79264
118 51820
141 23858
376 29241
364 24535
23 1930
231 66779
278 2520
67 94777
396 33043
1 35838
436 27742
453 43614
456 16190
52 96243
6 54816
486 87287
454 72165
121 28699
437 3567
276 82725
331 46261
48 40279
478 587
459 92130
169 529
424 87762
419 7680
132 81992
357 96950
432 95256
51 39452
205 39026
235 96425
219 18762
81 96786
2 98580
177 88920
264 83035
408 93620
77 53803
196 81670
57 59670
99 76192
54 26956
101 84688
403 93838
422 54877
446 99559
64 62854
179 18511
423 39340
459 90431
278 29855
498 45059
173 72056
461 94273
465 90132
89 22050
30 80335
162 75629
154 46343
128 86325
492 98029
474 22624
290 95030
14 6629
423 15875
434 68642
229 75289
422 27203
272 6566
368 3186
485 24917
419 96244
180 7891
124 44888
158 68612
448 11173
408 47773
115 43895
375 3496
39 50481
253 29109
491 53226
394 21793
341 10568
161 87592
4 91642
311 68625
355 52738
183 69776
180 97392
349 18433
489 29953
274 35514
227 49896
114 75685
358 58154
22 96472
215 51183
186 82331
158 97688
164 18570
459 21576
403 89155
445 12876
65 93295
339 48335
349 53112
213 82801
294 74568
9 9065
71 87676
391 29765
197 53446
492 18672
272 51791
465 4125
273 55477
33 69625
85 98510
174 81608
405 85983
148 27610
52 42950
71 93458
341 29104
198 4549
382 61364
363 75101
478 81318
288 97144
176 72544
54 65182
417 70679
44 64957
50 64589
376 42434
319 9594
467 52093
405 2367
116 70975
26 76309
8 39252
188 40064
25 54769
85 18950
286 8306
150 73927
145 60277
271 18454
490 13611
472 68310
305 39829
352 71682
436 18906
181 8421
30 42473
489 83716
189 1379
68 11205
453 19743
107 13160
135 59145
254 70600
423 91945
299 71172
142 79208
101 77573
473 55612
295 66768
451 41549
66 75515
275 13623
166 28509
140 23224
466 19782
308 28952
447 33900
178 71370
205 17929
495 44660
402 84805
60 71163
473 73294
222 27502
376 67939
209 18842
38 73966
14 80462
430 43773
238 58543
298 86010
276 64457
389 31365
487 17517
14 33938
53 48668
459 97259
177 16951
66 52778
278 80203
203 36949
153 412
424 61080
320 10831
392 10057
125 8542
313 18735
407 17952
494 73809
54 91573
37 8456
78 57358
462 30041
328 94903
326 69218
236 15304
273 83033
284 14487
181 34867
263 36913
460 53704
427 28661
398 8767
304 4266
332 13125
379 93796
371 88912
296 35437
163 89986
241 63577
444 85471
52 54134
17 31796
248 45160
339 52632
277 64378
478 56943
315 49510
61 61593
424 21851
345 50335
471 16475
54 35729
401 67383
126 64139
272 34073
68 16900
15 99960
23 59707
343 56784
208 15780
341 84203
143 85642
174 92065
458 5830
45 13244
169 33953
25 68310
452 60191
373 19584
476 57635
101 66647
475 29728
424 43039
39 94054
216 61179
227 43772
388 5434
66 84202
210 26458
246 78071
5 73519
474 2843
49 67615
440 58869
494 5907
192 92002
485 39614
24 75463
31 50480
154 7924
452 58829
436 39695
488 86285
247 49562
365 68607
164 34640
28 53648
370 3824
368 24768
103 74131
310 66729
54 41269
55 77087
195 15265
420 15916
474 97537
289 97714
52 26388
391 34102
170 63968
290 90326
248 86101
392 9182
416 74080
8 61466
436 69781
216 10857
259 94199
179 26306
432 2342
328 3095
53 35979
433 7708
466 1879
84 43242
244 89893
38 74764
394 24926
435 25561
184 31021
323 84706
395 91548
348 76971
38 54227
74 13067
483 32305
105 3952
35 50541
447 38473
34 56240
260 88290
136 73435
379 59271
335 53240
112 61712
466 6772
340 47271
216 29264
187 47851
327 77331
87 17380
385 89446
201 87295
378 17688
91 52666
296 90858
193 91307
346 45999
367 61460
150 30749
63 32462
463 54909
152 92307
31 35416
403 88221
202 68643
222 59979
201 39968
396 8913
16 31941
14 67164
89 28591
289 64721
358 51986
98 17000
51 99103
172 98422
106 76451
230 8740
289 63689
90 15309
367 16908
187 89788
152 97572
264 39309
212 31940
335 11857
112 3594
91 30577
349 93393
482 77955
419 80161
328 39970
179 19913
249 36338
49 30408
327 95521
399 94494
126 67065
32 31839
263 67043
130 46655
378 1943
5 37028
431 97943
218 78494
73 12759
92 82807
350 53862
446 24160
240 98494
387 28798
187 82228
325 88445
480 99530
471 18626
292 60919
443 50871
143 36225
328 95832
214 26689
465 74820
465 75173
312 99513
350 49866
136 36011
60 31595
132 4573
249 4011
109 5594
428 81888
32 29212
363 42280
174 71876
455 26521
234 70077
215 88040
18 59558
37 97487
466 34084
220 59202
116 94328
55 29630
286 85408
429 81476
300 34685
178 59703
343 77280
405 48846
135 53369
73 75012
122 59472
302 12494
166 67473
410 4054
99 11779
221 58872
418 44249
84 97916
391 49800
19 46562
185 46387
375 93216
237 29050
21 36406
442 50348
273 24603
312 21322
379 71259
20 39604
54 58254
153 41461
244 83457
123 26320
83 22002
255 90958
379 82050
200 63908
50 91843
220 99887
195 72087
232 42657
47 11925
464 88103
131 58687
488 9036
471 82757
462 45010
97 72131
301 20141
320 13949
168 21845
54 54343
365 57919
347 81377
442 54328
31 80593
472 57584
135 47115
27 17117
341 80450
146 25231
364 9854
181 62378
441 26708
14 30113
36 61001
172 39034
419 47903
88 84395
362 74597
391 43884
458 32424
298 35450
122 32355
39 75307
137 30902
459 81765
474 91610
51 20500
266 55278
137 6431
286 2926
38 84891
362 98049
150 81238
408 31761
453 98631
310 81678
58 1864
367 12230
247 82134
395 15714
482 59184
299 34300
50 59331
234 90740
307 82901
218 94188
398 54307
436 51413
262 38888
383 29502
74 2859
165 97174
276 66058
279 16631
384 75148
244 94776
411 21661
186 17699
132 36893
152 42862
195 11399
121 43481
488 93013
472 7168
408 60785
361 28077
57 21094
247 238
265 89787
412 33045
379 6578
283 9902
126 51424
55 16997
156 56993
273 6719
205 91282
93 74183
25 95898
78 85923
257 2901
466 71353
326 1482
94 31970
140 15049
480 20752
145 50123
416 19303
288 40367
494 79182
215 15482
227 518
481 8876
452 57148
252 74245
298 86846
456 70376
228 86801
150 77462
256 41418
482 34690
306 63863
73 87415
299 64796
220 41332
64 74404
380 14484
120 79809
243 32450
50 83000
293 55711
120 59952
405 84716
5 52753
64 64411
40 2448
193 57939
243 23353
148 23222
133 4587
386 82326
260 23621
298 80939
139 28331
80 44968
189 93187
337 53259
229 37180
124 54435
292 26089
436 28550
134 70853
383 10406
169 86712
224 14849
305 82177
454 42232
142 60840
44 54797
425 6711
395 80236
39 7722
470 92866
500 34079
197 63219
409 55732
90 85244
115 13753
371 1324
30 45984
75 58627
487 86857
417 52438
390 3638
299 95763
397 95314
240 57362
43 66376
150 87495
357 53198
89 17882
425 29649
415 67945
206 54176
33 56302
93 52514
36 77410
187 93214
266 26274
381 22169
9 73195
18 89211
371 79065
89 94219
381 947
317 46230
59 10547
158 63997
73 92017
363 93693
154 53485
90 3423
20 43180
42 59455
177 93448
98 68477
309 81247
295 99869
165 26628
141 96570
25 39450
246 10650
451 41288
22 48422
38 85853
218 58705
53 52948
346 12211
453 39273
151 32456
226 36203
29 45480
283 59886
13 60172
25 35537
116 29572
300 35716
450 62023
166 69444
309 62936
86 37108
80 50787
338 93313
424 12147
305 37685
2 30903
286 80869
474 1844
151 34353
306 43761
391 24901
337 33011
497 97651
277 2882
295 62322
169 97187
131 75859
227 55134
97 3565
316 51194
447 23431
111 34454
4 45834
494 76636
274 75688
101 19681
456 26844
240 63029
100 92436
409 81560
350 48190
340 65649
451 19164
413 78380
311 92940
86 59242
115 32364
143 65156
400 28039
408 89131
335 41913
438 30469
214 93244
454 92177
121 24596
428 588
331 92658
169 63029
377 29867
206 5721
482 55958
327 17022
146 87324
401 99290
170 1290
44 71638
314 9126
393 71199
15 59586
321 78296
417 92402
45 72155
230 89529
484 97048
177 59477
392 79935
17 96794
446 90572
43 24163
225 62297
279 3730
222 77898
395 888
219 22250
198 10531
379 61152
175 8812
432 2171
300 7791
290 60729
332 39766
309 17305
401 13346
323 27854
374 26216
131 94297
162 10850
39 78047
347 91615
343 78681
56 12653
479 93529
251 32575
218 35591
392 70654
490 32403
53 18865
60 88319
251 47617
114 93225
143 99930
108 20729
171 54051
398 89681
389 68719
9 20869
196 48914
474 54716
66 12797
481 43861
414 48787
440 75690
32 30227
129 15998
148 23534
107 1862
455 64781
402 19557
494 13881
275 46788
113 75531
33 11122
233 58179
215 61351
159 72078
259 4719
203 29252
264 96628
149 54767
445 72529
403 52011
247 18124
369 89392
272 14525
160 21744
434 4809
55 2842
372 29804
186 54498
238 87664
70 57845
419 89612
258 22243
282 89924
272 60387
195 8641
77 58656
89 21059
397 60457
279 11302
160 89274
168 63268
344 21693
185 70307
168 7821
155 27642
91 97756
338 15784
71 45893
167 33907
438 93537
371 98201
36 87167
346 80066
43 48294
449 71477
78 46176
8 6992
431 27933
336 80226
289 66650
58 48762
474 4772
347 11799
486 75948
366 56052
34 23814
337 26403
74 28688
72 70832
468 39597
316 33487
82 41929
338 75031
260 25368
290 85723
248 66483
152 45010
48 73786
498 63813
151 96091
411 98544
420 28757
170 67114
150 59685
213 62757
83 4685
82 24453
313 70093
422 83300
339 72024
409 70537
477 59200
28 52791
232 79932
179 72680
163 13137
87 56086
21 43500
204 3833
84 5765
56 3802
316 94106
171 55107
346 81825
321 69165
241 43996
299 62512
500 14751
298 29944
362 87015
498 19498
205 83064
461 38098
48 85103
137 10441
429 81222
490 53267
347 48772
301 45829
449 37919
178 15758
289 94251
239 73113
462 12721
499 17921
379 7996
176 74035
177 47151
389 75432
269 81943
37 41032
172 70459
485 98622
477 83103
490 76264
198 53387
441 58766
55 66101
10 64631
174 59208
481 2284
441 1622
24 86302
156 21849
7 41340
432 18313
190 98877
105 91146
15 68074
68 72460
133 68472
410 57934
430 20844
280 19268
66 53589
364 99348
422 91717
26 48086
206 52094
113 50123
179 97780
426 27668
398 3619
132 98281
71 9589
191 67407
339 97040
76 64894
30 99836
210 57560
393 62772
297 40917
25 76825
293 75047
83 57569
448 86264
430 54150
377 90905
356 30822
334 33880
253 20290
79 38246
318 56320
48 3970
328 16714
495 4534
10 8687
71 30736
327 94015
127 61018
290 70812
357 32029
31 37925
175 8710
204 96753
409 26916
406 51502
14 1077
96 19216
226 90178
468 5469
438 36289
402 53643
220 69841
411 37272
187 66425
434 40139
284 81223
118 61900
356 61998
179 73594
123 84940
9 98668
322 32959
188 11154
159 53221
398 50931
224 78082
256 43551
203 77341
396 75756
181 68086
294 99186
66 70065
176 15722
18 51438
216 15457
336 33559
26 42517
73 13846
39 73966
142 39199
143 59378
423 99252
120 6255
101 87041
45 34553
269 64268
355 65182
378 20067
108 81084
403 21798
271 60061
114 18154
133 85233
39 84651
31 34756
223 81197
326 12261
185 61203
450 23815
464 86964
483 20648
195 62875
15 71764
360 3595
150 82096
462 44361
476 97661
355 29867
459 2486
194 30385
286 64748
338 21935
415 15861
25 3887
174 55160
58 5856
56 88520
224 31088
225 34480
293 9394
130 31538
343 31125
464 93685
462 43484
431 96462
496 86904
3 59977
360 61731
230 49949
148 50863
481 47883
427 62828
123 10703
403 75116
65 54183
268 11511
340 87987
239 46616
189 7301
496 22439
121 44509
60 40901
431 24431
308 44985
192 53570
124 76548
150 31525
389 29509
388 10590
320 91543
376 79203
241 60864
397 93609
417 78503
461 74549
91 38140
133 83278
75 31608
288 86917
274 3102
240 11556
315 37268
497 53681
174 18271
259 96862
432 89956
256 79309
500 411
304 79259
301 87934
328 80624
413 19555
456 55672
51 75125
324 20333
66 85543
222 94040
80 74673
498 6047
73 744
449 91212
473 68623
103 70046
73 46608
446 19902
483 91967
40 33839
225 8703
44 31088
494 76219
146 15658
269 51417
439 49705
48 14003
238 3466
482 59893
485 97280
485 6040
313 48907
389 44111
289 10231
203 24056
435 86626
227 31192
175 50752
203 52669
95 18087
282 50205
5 84831
430 24615
16 42679
193 32899
311 76267
64 93739
500 36498
263 45518
43 94127
6 99565
228 40555
380 63472
433 18525
219 45390
29 84131
49 78827
418 49783
113 2361
500 35150
27 66583
12 97347
156 42982
46 31991
287 88733
27 30148
399 46887
411 18651
291 31165
372 49604
376 70481
326 21157
470 83399
217 13015
432 54426
350 12100
27 63660
206 16679
163 19271
418 18166
382 60816
41 31076
475 53679
117 60331
48 12404
114 37734
200 67174
57 87358
94 29756
103 59355
160 99308
467 16064
105 41561
339 10176
340 32192
160 26964
314 6410
462 57166
120 18926
125 18006
27 31132
166 99792
6 18783
202 93480
448 93404
310 91706
391 18164
66 78264
342 4685
115 32302
115 43866
308 44542
189 41984
300 52285
232 85720
95 29396
153 65480
21 32899
354 64543
54 96034
256 76339
280 63809
196 95048
435 44612
252 98169
356 55607
500 94965
267 68375
183 39889
489 43907
374 92554
455 83076
428 4924
325 86702
489 58379
232 71301
46 57429
312 40741
75 9416
347 8487
397 28108
36 70700
408 19901
144 84622
18 59478
89 39766
174 53128
402 47850
82 94831
200 89410
6 98317
84 11939
191 97467
255 79621
396 48702
376 53645
384 10235
478 17346
470 92117
3 23539
40 826
426 69019
253 66413
2 12279
187 60823
385 57898
381 43343
210 21938
210 80377
491 78293
48 21767
276 73464
118 47268
238 17259
98 9877
221 36823
276 23272
26 8313
357 13341
186 48546
153 79349
140 58205
478 29311
387 97333
103 34186
378 90499
270 86639
298 79409
1 87723
500 46335
157 50001
129 58093
282 63038
76 52356
24 96263
379 74615
210 43251
346 3829
42 70624
342 43793
270 6673
207 86374
42 79890
483 2684
31 67083
201 90140
9 38464
279 4594
155 43329
296 10547
466 59947
242 31583
1 92848
390 90212
400 44355
203 88443
28 96474
11 81832
316 97370
173 21987
168 71693
108 24585
372 57143
327 75499
485 34819
171 79292
161 5077
148 2950
330 26041
420 35911
120 99358
310 40329
312 13526
348 15922
185 42902
262 99610
350 99212
157 71366
270 32015
289 86354
414 26248
195 31859
91 17614
80 97046
498 12538
464 36369
418 73181
60 54283
30 56465
96 70096
276 43408
474 48697
39 3195
117 68571
369 76043
70 74158
222 57217
226 64637
431 24269
318 33514
168 17473
51 73998
151 83606
180 41034
82 38606
202 81720
393 4390
411 62644
370 84700
50 10183
27 16884
437 51097
443 18150
316 19810
289 43785
439 48394
244 79468
244 13153
182 71545
410 58791
461 25817
347 71767
184 49409
207 90725
431 59439
134 67060
487 64139
330 19706
323 43572
263 92084
342 75148
94 64710
18 61973
331 67334
431 54780
154 85517
250 95268
285 38082
222 52881
345 95248
302 31828
184 28126
429 16060
110 64462
361 89475
333 59789
105 955
255 82353
451 36379
292 2575
494 67483
281 39895
209 12809
318 70553
422 74511
169 53213
36 83152
449 382
161 47784
439 82839
429 97121
205 81487
162 18514
342 29405
150 98907
472 32393
80 99726
334 34354
6 22861
5 35935
32 18104
71 63058
444 48894
328 72756
280 88665
363 93763
288 53574
51 68273
177 10421
72 71296
287 22641
433 90040
235 87363
357 27084
338 60188
167 84611
116 77833
276 67333
346 48165
125 85015
21 49969
370 96407
48 96737
376 14855
447 11808
83 96599
478 38251
149 54566
253 80941
274 92688
84 65829
186 21161
331 57501
351 64476
182 82002
332 60550
192 61051
354 8014
379 84266
471 30650
458 34679
418 43032
92 18823
148 60921
498 19693
166 23820
292 74551
216 97649
416 16814
324 65952
377 98904
77 40810
390 65960
361 27742
301 50700
396 41450
472 14166
206 66388
95 57200
132 86475
36 21400
364 95067
490 32450
252 80829
351 61276
135 70198
138 1605
113 44128
386 25121
230 3922
432 22611
303 96181
153 65635
384 2703
161 95381
491 62797
465 92527
448 97420
459 69236
3 26142
89 83359
229 52532
157 9200
159 80867
184 85964
61 40784
258 36220
392 48341
63 86390
161 38858
186 62352
280 6766
28 16386
286 72679
310 31006
295 33112
452 23015
45 78625
107 52132
327 74417
92 39997
287 53877
214 44124
48 81323
240 93494
148 48715
256 63969
120 15505
230 96068
387 77372
43 81931
146 55481
338 38269
287 25476
38 20102
442 93952
438 70797
358 38995
320 58199
274 52004
487 51469
246 48558
481 29219
157 69745
405 88875
302 58374
234 2558
131 92789
50 3536
403 57075
300 45237
206 64528
227 33729
208 85673
105 27679
242 37019
16 75697
105 13933
300 32870
301 33841
383 60049
103 70517
348 89828
451 459
237 39000
238 19333
177 43267
157 62076
90 41755
345 24154
411 26613
309 32770
160 2989
163 97270
257 34995
143 59119
231 32448
94 22848
172 58750
481 79714
293 56902
43 7327
15 51375
54 4911
475 93145
467 37235
176 12657
6 15890
426 10886
459 1820
293 77595
303 72107
130 40228
244 39112
346 68438
112 79235
256 79121
358 99739
460 85294
342 34
211 95801
140 61898
420 85889
477 10491
498 32839
329 48929
247 89657
394 55217
414 37315
495 64503
362 4498
139 74216
217 12840
168 60555
463 14971
280 39751
336 15207
183 75880
225 40108
430 65498
384 82532
62 43547
383 40889
303 8950
449 28492
142 86620
37 60508
203 11660
397 48853
315 2921
204 90607
171 94914
180 24821
428 83397
197 77073
277 70558
324 96777
169 39783
457 96425
410 79575
174 29844
478 50655
250 18694
486 28918
238 96025
53 87450
439 11539
454 88900
50 53980
215 68925
279 56136
227 4000
271 23723
42 40893
142 31031
159 357
45 49515
177 80355
197 74317
342 10834
18 43465
477 94518
45 98575
126 94260
183 17343
181 28258
455 10142
247 60532
324 93446
469 35452
9 4783
51 48668
483 70837
245 83087
398 75153
446 27527
5 96662
460 51968
333 83822
485 1602
386 73656
453 80324
106 96747
397 84019
251 55773
18 28409
238 56303
261 24992
223 64112
89 51506
410 85376
179 29378
325 17017
133 9075
123 53622
298 17926
487 1416
195 25972
342 24464
238 65803
441 9691
330 72180
113 85187
113 10060
17 17732
74 27431
76 51084
19 88201
284 77251
339 24786
263 40099
409 30479
26 29978
452 79073
481 11425
477 53114
345 6712
408 37265
150 93912
107 69909
221 31405
477 69070
156 36431
368 18232
120 66473
261 44998
270 96813
270 16854
239 36161
211 43855
219 97231
434 2847
471 75229
13 48370
354 80379
244 18052
460 62435
167 51007
198 20301
381 25734
492 93549
128 2628
27 55885
262 60921
259 14852
100 34187
82 3391
85 62229
3 65069
415 5387
36 17674
234 18831
97 43298
455 362
463 66849
179 61088
321 80357
130 72980
374 38107
440 36910
125 46248
199 83688
324 38420
455 24285
274 76903
200 64107
9 34785
99 87440
284 64065
90 88361
210 25550
428 58283
81 71909
194 56187
336 42835
276 4342
481 89094
348 78517
204 51537
370 63968
50 93342
83 27800
211 70335
319 53770
117 58910
410 45484
311 57199
19 38293
251 21169
416 60337
19 51336
447 99627
376 89119
112 80020
10 87399
68 43215
349 11676
132 21172
344 56686
4 34699
165 14526
257 39577
54 9575
300 5702
71 69771
204 82186
309 36939
339 16745
164 8446
366 43250
291 64140
165 40358
439 16200
404 44113
43 96318
488 29029
235 34001
202 37286
172 79618
247 5830
1 79117
247 36559
453 13694
362 23177
35 60038
478 32933
489 90273
487 15636
114 35292
142 54113
332 52680
346 46899
147 72940
142 40903
472 80657
477 12175
358 49633
380 18533
244 84320
312 43994
77 69872
253 64616
118 16714
384 76788
132 56622
154 18279
116 542
327 90490
153 63836
451 77550
222 75168
253 44030
221 42724
383 72341
57 67926
131 53428
68 83678
93 75297
234 83047
267 20198
252 8567
164 94101
418 65512
449 6067
462 31210
75 56275
498 47074
227 35384
358 22
72 96419
296 62171
81 42087
366 61897
480 77162
419 48625
380 20821
314 42654
212 86529
142 25736
138 89076
316 42001
37 99143
117 89955
395 39978
93 77870
100 67766
189 86165
253 11913
426 15796
318 41659
47 47973
332 43972
263 92320
115 46294
488 39607
293 61449
82 48456
30 18561
338 86038
142 55657
35 50668
198 17604
316 8176
27 55211
68 10875
465 80974
433 71531
189 93993
170 651
412 11117
129 85256
478 48019
177 55341
272 3829
421 30579
83 6772
155 38614
370 55702
322 78388
227 80661
164 20573
3 99337
133 91651
5 67286
387 40610
328 38487
108 16013
110 29517
134 18263
421 32906
146 4128
250 23936
165 22864
405 82193
194 68444
270 72131
155 74245
271 76151
104 60945
312 76631
486 88052
493 98888
41 47855
40 42591
114 801
56 60623
42 5320
351 28121
285 53007
489 70698
76 57933
479 74449
144 86535
369 46732
436 20678
464 46140
391 79792
97 77518
128 4707
288 66273
120 96391
370 28797
100 45789
447 91145
52 42964
348 21352
316 47892
382 42092
487 81737
370 30008
87 25145
459 52446
427 29528
159 12095
153 28572
194 28774
45 3056
221 31782
312 88009
181 27240
113 45703
49 80070
431 26342
156 49277
105 38351
408 54540
21 12249
12 93633
425 5146
283 92877
437 12288
279 50350
455 10871
199 75250
438 17602
465 39310
272 71786
233 74693
212 59858
271 81569
388 54646
57 73719
412 6878
167 75740
281 20345
418 52522
355 66772
162 24743
4 86776
219 55233
119 59217
211 13865
249 74160
438 51134
359 65867
109 16562
490 38523
129 21164
366 9108
233 60704
384 72417
471 19112
248 48717
491 99920
287 53610
65 8491
430 96778
480 19358
45 99535
242 71702
93 10941
261 43184
451 53788
194 45207
466 12741
205 61306
1 81799
334 56396
54 3503
26 76363
49 78314
310 94914
315 59992
71 9531
323 66410
396 16758
92 46960
320 30607
365 77257
214 48384
232 86768
79 98280
112 42420
343 23542
31 87826
44 33139
476 82046
385 90781
406 60508
332 18373
407 50883
117 46930
22 9422
277 74500
358 71052
400 44559
101 87161
247 91158
197 41936
286 89355
174 15974
91 37951
222 33428
2 21518
288 62483
27 99628
482 12660
72 11492
174 48511
168 75120
405 79224
424 138
7 53507
437 93444
237 8741
140 73481
231 41270
297 35399
438 22531
361 92813
220 79248
161 18368
470 21097
384 3837
445 66960
409 91991
166 29429
358 2960
296 7330
6 16234
442 58199
16 49800
151 78002
302 91520
488 16297
35 99002
426 76653
377 95571
261 72047
84 35418
14 46034
252 99344
385 70777
303 14354
256 52070
97 90382
350 25442
195 5174
237 17331
20 52579
405 32506
327 12988
166 33566
3 34136
186 2081
321 4683
332 54005
66 17193
327 60330
98 54943
293 10934
306 90839
441 58619
123 41194
21 35707
481 86312
264 46536
345 29128
25 46926
359 86128
78 36459
293 21404
174 11662
222 86987
271 43820
287 56667
281 21825
426 77861
101 89486
118 15329
111 24289
332 6214
97 41702
197 22004
458 62831
126 19981
147 84044
363 18479
165 51130
460 30436
165 16135
35 3986
267 42400
128 29764
460 66189
43 29171
292 92311
18 9412
176 88322
476 13679
29 45452
39 20542
311 33946
171 41826
43 57054
105 21757
14 24705
117 28841
251 76111
360 70660
349 58311
66 40192
206 3207
93 78318
162 38643
1 49348
426 9786
10 57929
409 91654
285 14224
119 97703
451 84343
181 93810
233 46796
282 44470
470 15024
360 41708
460 49963
140 61153
3 44516
374 62966
224 18289
234 51107
183 15290
498 51336
430 22795
297 57721
84 90727
262 3641
391 29296
146 19844
230 54185
418 22125
364 45380
235 64047
303 19827
64 49683
477 31250
156 17177
119 62760
332 20178
117 93698
341 5378
391 28154
205 49093
163 21297
281 56513
45 99240
114 42634
170 34755
452 84977
381 39200
448 67415
201 13654
296 70489
349 54080
145 88972
70 69471
268 56407
105 72542
338 10358
454 90885
31 30219
94 79359
224 5600
74 99908
260 16784
350 47220
291 33942
403 69493
34 58819
433 90472
101 94290
217 17477
461 44612
141 12813
414 10037
335 56982
330 59098
29 66117
256 60853
4 16399
294 34237
97 46070
224 22961
219 27566
335 48022
459 22300
254 64768
423 49169
344 58016
54 55971
408 66150
82 51531
292 51661
375 93745
126 7380
205 36642
311 33554
2 45886
223 17789
213 95245
450 13602
220 18017
270 38660
439 26850
90 28742
143 87563
316 66848
452 57311
140 58825
15 1047
343 57184
20 65589
249 22271
185 47153
384 21511
2 96271
203 55859
339 67514
295 41223
17 61974
17 41437
349 86880
223 62920
395 6261
338 89088
221 17196
274 79846
462 88437
366 27695
119 65067
184 24199
417 41374
114 20892
16 37543
24 79641
466 51308
299 64369
110 5022
3 80343
21 87919
147 96743
481 18825
152 21832
337 80729
333 22912
471 29518
253 58329
270 55997
232 72873
431 44023
250 10240
360 7985
395 82183
341 52354
2 28702
430 29148
177 52460
484 98958
491 85495
139 25983
46 71358
285 55704
302 79525
253 80258
407 23434
265 93232
187 7439
93 25397
386 63148
98 81671
243 40730
16 81659
98 15593
428 1460
273 48385
175 94686
38 13351
285 7962
424 58088
143 37916
190 5661
217 66622
54 94797
100 18374
322 22997
297 36102
127 24314
361 82449
254 20668
411 55505
81 12853
189 78773
148 74503
304 67042
401 44583
251 41383
366 29508
199 37706
155 82874
274 83669
201 64447
87 35662
9 74361
268 10920
347 90892
69 37722
171 27047
294 45370
196 189
8 66193
79 45459
445 43809
225 29739
160 20701
102 91854
301 65516
335 37695
199 85671
401 69368
105 66247
223 64166
116 41139
340 24420
409 48587
382 79875
175 84468
452 76814
325 59301
377 83540
122 20208
448 63384
55 60669
310 43779
253 80113
391 40372
389 3498
281 29234
402 7939
390 53103
342 27823
343 58937
297 55134
80 79562
472 75457
373 56763
63 53823
220 55473
436 13364
88 67342
138 22610
203 28044
346 18469
77 60146
162 1742
444 79316
445 4421
45 62986
112 58923
169 2569
309 1325
238 59360
422 60594
74 75321
102 22035
192 12800
168 71004
426 30653
246 28405
196 43961
464 31965
163 49525
187 47187
450 34021
474 94640
445 17837
92 64030
430 26098
196 53057
54 13703
187 30917
18 92508
21 61700
127 56101
169 35838
332 87499
269 58850
76 66082
94 11912
258 95971
206 72420
115 79291
117 2006
299 65250
387 71959
337 12270
442 67851
430 7500
29 86987
142 37106
277 54637
479 41672
107 91813
172 42667
264 69099
371 63126
429 96127
396 21101
57 76844
284 80492
177 67663
198 92900
175 47664
141 49181
422 88329
124 12658
24 87352
248 16676
160 92792
154 79969
97 40073
83 93865
345 44810
234 66112
102 63126
162 45633
357 43072
117 98905
46 68809
90 11829
314 16827
19 49939
165 82296
252 34023
192 2275
66 24434
259 28106
353 28505
484 48361
311 15708
59 84595
287 60990
100 81333
334 84949
48 37677
273 49020
156 50075
249 58534
208 7556
426 93788
57 52812
361 11199
460 52843
290 59889
85 56425
230 23835
357 15852
325 7109
416 21494
238 92663
248 54401
327 96239
152 42536
438 98884
205 44232
226 24237
253 53802
150 21177
23 53699
156 67844
352 2269
496 26329
70 51236
95 79250
499 12239
196 11159
46 63214
302 34768
118 65080
364 18399
369 60408
328 59895
135 27676
69 55040
424 52001
117 7382
82 96033
175 73755
212 61969
30 25191
388 25384
96 19898
426 26406
316 36241
35 46142
349 74145
195 40545
104 23970
143 56127
302 92019
240 18251
436 56653
70 70965
97 43170
237 9619
4 10785
264 42394
2 70162
233 93272
60 81940
310 87662
348 15229
283 83817
287 23278
14 64948
90 31103
194 73778
453 41263
428 9496
273 47298
373 1557
451 44304
289 36767
395 38049
358 53824
31 40117
415 45800
77 36541
262 4088
368 10417
222 32468
439 59947
150 20168
45 3214
44 5371
207 27050
126 30439
458 60514
357 91651
366 81584
25 59037
223 31581
443 29237
96 78754
267 41737
367 24985
53 17248
303 70800
240 82128
475 71492
67 14990
24 31294
134 36400
422 38279
83 42714
311 7933
302 36752
450 86758
236 94134
446 7367
490 7252
137 88495
399 63155
98 18549
225 61230
315 55330
80 61489
475 68175
152 10417
253 7308
408 40339
415 7907
450 65653
356 93670
424 44110
398 64733
215 1485
49 42225
254 99357
154 66036
163 46049
245 75278
175 63439
324 88242
217 32133
385 49846
214 58021
120 55904
304 8044
427 17208
211 71471
316 80207
154 77829
475 71542
244 68040
157 26944
492 7071
190 80077
352 50734
259 29044
435 54697
369 93916
303 42762
204 8268
460 75377
77 76485
59 48754
29 99519
156 33756
379 16045
364 27765
206 72553
168 67321
208 95350
380 73016
377 41131
56 56071
314 54531
254 64697
378 39401
207 33334
61 5301
70 30435
159 48645
312 19281
197 66159
434 27455
69 78719
173 26689
289 59721
165 60176
385 32648
67 60000
10 94166
100 13714
95 72876
407 93368
275 22770
383 25197
396 42231
62 69721
402 58104
79 22310
227 82255
113 75434
105 36625
357 25730
239 17996
485 75531
243 58918
435 85976
445 83095
434 50550
223 28231
26 54734
12 71804
443 621
89 47856
238 94022
391 98543
295 52953
410 847
76 71844
479 70874
204 60875
156 49105
221 69672
326 28081
151 50796
246 73576
303 26045
9 52007
441 43926
350 7767
147 99469
77 24872
175 42763
322 10762
52 74205
250 74596
474 59527
146 9129
109 488
181 82252
311 21947
283 59827
207 62523
289 41585
102 16876
354 57683
190 84214
17 9392
330 84265
32 44518
147 34980
479 68395
458 93551
391 70394
492 63256
343 65789
45 14978
294 71645
357 69471
227 20734
90 89241
268 7780
11 10180
135 54467
39 66032
92 58809
324 67684
290 38964
173 71996
465 77300
264 93643
290 25398
400 19903
91 75602
197 68599
455 15430
335 74885
492 74528
143 16190
292 6548
286 91319
91 67928
472 71120
11 87709
337 54751
47 97398
319 43710
440 12350
215 18782
87 92490
312 3036
429 38636
191 5748
350 66423
497 2008
263 31856
351 14235
460 59656
293 57106
63 1322
144 50866
358 75087
216 49128
41 38888
499 8370
37 21662
356 60030
414 19690
189 36903
242 37758
281 40891
288 80220
79 38052
335 44906
353 95058
76 84573
405 47937
336 74541
276 96424
99 25207
246 67351
317 78854
203 77667
153 35426
217 64144
373 26439
140 94792
376 50625
444 18561
240 83755
51 95094
316 89706
221 25625
27 78004
234 85120
116 81856
291 89116
240 66782
360 49932
38 79038
384 37482
86 90120
225 42024
478 25670
60 60713
116 52648
487 21571
91 52574
78 5976
110 11802
213 36191
255 97944
322 88493
68 71787
328 80448
490 34097
196 93917
457 65022
60 72236
66 2661
347 84153
182 77213
218 27513
199 92640
226 98040
334 56502
64 83627
284 15103
303 95005
495 60443
458 58141
12 55972
123 80083
283 39890
241 34367
360 98661
379 61065
54 32215
335 6662
414 83599
384 63402
109 12402
48 48402
443 89679
7 20118
53 14032
426 26158
180 24855
404 98529
83 56004
292 85283
157 10956
474 42181
256 44948
478 74217
91 39855
280 71588
425 60067
263 64504
249 94390
221 91675
284 40332
436 35599
18 4552
148 97572
81 98730
98 37776
443 22163
79 34149
481 59106
359 61747
251 69553
275 18632
101 25824
491 18445
441 23405
217 60647
334 17248
24 64058
278 37431
222 76383
65 7664
70 83176
100 36327
66 59977
463 67532
127 18913
388 21559
300 77439
14 59152
275 9763
139 49445
247 51499
402 14730
451 98782
57 20062
290 53889
471 6002
241 99813
404 96522
420 21253
72 77761
365 75592
404 36788
103 7897
94 89756
432 92202
211 94389
480 11843
208 84656
484 79536
414 62032
304 29261
412 97197
429 51304
185 3429
420 70393
44 17098
489 12528
414 31337
24 82911
451 96502
312 68663
46 34332
307 3969
256 28061
363 96931
101 58245
428 54193
147 37223
380 42010
73 39649
318 15723
393 93081
83 28527
431 41062
16 29600
263 12475
158 25656
383 58387
304 39343
387 29592
340 23516
3 88881
475 93392
336 65664
117 37231
131 71400
486 75210
209 69160
332 37087
373 57715
250 89783
162 49309
410 93810
26 9866
456 50865
448 88606
136 49902
186 16061
304 62421
192 36815
164 44701
127 48511
105 88253
7 51190
494 71478
14 13788
466 19969
230 38408
240 64690
427 43433
161 81073
491 25891
214 46940
44 47692
355 96584
318 21346
6 93577
402 2736
349 74513
311 33693
311 77980
477 61510
216 61994
405 60320
33 3374
355 2401
25 25039
96 73573
370 38024
52 14806
249 13123
438 11378
425 93274
75 46080
252 40622
414 89757
367 89848
302 9026
305 10193
150 43068
264 94692
169 41433
291 32057
316 16296
429 64602
223 94224
305 80126
432 75902
491 5730
450 15355
278 37313
359 51746
76 53364
234 70757
340 4704
162 1666
197 77690
209 36609
276 95504
498 87866
213 15601
144 48066
291 8079
60 36426
488 38667
239 25943
233 36769
446 91051
200 34563
368 85915
217 5414
227 69199
180 1050
411 78739
166 95759
250 74623
372 29108
327 22062
499 37362
343 1464
482 21255
330 73452
483 62015
211 98831
422 45265
412 6747
184 49083
459 19472
310 71056
60 38843
335 27895
97 10372
378 61281
256 9423
57 47375
216 23614
295 30127
444 43857
463 14622
363 91059
151 20418
54 3572
230 98977
497 88934
286 67475
127 76644
294 72277
237 10847
461 89717
167 88647
242 7900
255 40779
282 58308
320 68914
417 48702
249 86605
209 71841
447 64765
46 29679
454 87553
288 31037
268 33773
92 23977
280 13228
39 32745
101 89087
41 31109
433 45079
383 84129
319 64003
330 5351
413 32527
274 32802
222 24497
260 99401
24 12251
404 43208
84 32110
472 30609
17 2162
491 99050
209 20329
386 21230
325 38271
335 35062
95 59197
249 33621
415 21667
205 16800
235 35016
248 81043
229 79739
463 8572
193 47753
249 51084
113 77006
57 41410
151 78961
286 92133
99 43563
428 86061
334 40456
250 41824
391 96026
318 89872
378 35536
139 34495
160 52490
284 11958
429 68115
114 33013
35 20720
145 2972
80 9014
403 79134
135 67772
316 33527
219 70638
77 82390
366 12298
86 29385
276 45535
448 34342
478 7688
159 23500
447 70990
168 40384
39 6620
52 41577
442 7077
495 99461
157 30725
291 19630
434 1251
427 60270
151 84777
72 4739
200 866
71 40490
237 12869
444 59115
256 43793
193 51880
177 78162
277 59166
159 13822
70 17838
398 72009
87 39093
136 95141
458 95109
131 34010
332 62218
218 19312
468 25825
15 12450
376 88936
158 31533
292 95342
353 43121
116 79130
447 96429
466 84263
349 80382
414 1315
91 3829
192 59091
440 10436
366 33391
194 40103
240 15788
255 3368
310 99473
339 19945
97 52829
28 84464
154 44598
364 28338
497 35748
122 59280
91 2700
493 91842
317 39095
420 98461
267 31775
13 82701
22 88342
442 2318
270 24714
186 19591
212 83271
353 67080
369 10049
432 6135
150 84465
386 826
418 83737
434 9005
463 40070
426 79606
118 88940
361 48511
34 65549
398 70093
380 52869
88 19564
418 1495
456 10079
403 48020
498 8319
377 65731
252 6777
96 73593
476 85397
356 48896
354 45016
335 54531
41 93140
432 54760
433 52790
433 49011
143 61515
226 69809
73 16180
404 80220
46 97014
75 64007
388 33109
220 47223
17 39756
303 37755
413 5622
446 91223
442 86907
241 19244
490 83495
424 68564
417 36234
452 66893
45 35579
54 49778
440 81802
322 76784
314 53868
490 35479
176 36623
316 59061
266 16421
248 14194
245 80360
207 30224
54 73842
273 76603
157 49209
164 20589
255 34849
467 76709
417 60953
156 24669
114 88886
438 46079
25 91362
148 52230
85 58939
443 23948
435 12731
285 44209
179 22466
244 28568
336 25697
171 47424
451 33099
198 2477
376 40688
304 37920
21 43296
420 39282
417 1279
346 67993
182 22637
273 96156
135 32887
376 75309
155 39305
130 92897
377 41794
84 73541
74 31366
255 81546
137 88175
459 99319
258 7523
377 27866
283 86799
218 16361
498 51215
322 1911
118 14509
82 45585
213 59141
18 54417
19 19380
351 44854
294 81529
370 88146
37 44099
368 11397
437 19487
44 3175
207 40167
276 79155
371 4727
412 49656
302 78757
269 29623
162 28054
144 45437
69 31175
317 27048
361 48477
480 80119
410 5032
455 22489
495 681
269 10756
205 83505
273 30235
392 90729
489 43268
165 56422
336 20094
500 6856
420 24759
208 4114
20 95429
482 53002
480 95550
142 15025
4 69591
451 23489
93 45316
490 12422
79 89267
166 70972
144 25637
394 6492
212 89888
157 12240
351 90226
150 45384
390 48446
238 94460
306 88903
449 70648
151 97658
121 42189
419 47357
96 78445
412 30096
422 87459
286 64496
318 94227
378 67821
280 37765
256 61130
494 76862
94 28637
60 24727
99 34409
305 81501
433 40310
237 63598
335 44353
145 11630
228 36240
93 33028
293 40576
411 44145
499 92333
298 1822
287 5909
36 71267
25 68903
415 10378
13 57143
48 76923
77 52618
255 74777
409 83549
301 94592
425 79883
174 46305
407 85448
399 21507
450 21632
265 29059
348 80005
468 91684
313 82391
378 39435
402 60724
97 68196
183 97610
268 82542
17 23503
126 91853
53 49581
134 63031
155 81541
397 49154
408 2594
111 3400
128 46792
87 40235
212 28028
330 75109
173 4691
188 82979
92 92529
499 8419
368 73633
306 89387
3 83056
71 82306
425 88135
269 95706
163 21136
251 89018
86 61714
492 76629
474 20643
113 70956
215 58203
185 99785
403 36531
24 88617
105 28646
348 15587
203 1649
47 36492
414 27181
316 82321
465 20755
346 64778
318 60437
359 73584
405 55310
286 26334
231 11880
305 47953
48 81327
260 82486
472 99639
76 89197
82 72485
465 31447
193 90730
77 12085
441 61358
358 60387
236 27792
444 23587
315 45176
365 94802
101 39942
143 71532
247 93305
70 91784
170 81318
43 41971
151 21949
489 32302
14 30120
352 2781
320 15829
493 21943
485 64999
36 99361
131 52531
22 8481
101 96865
471 96500
128 89709
426 41399
258 48635
388 87593
78 48253
208 8767
301 75244
181 57494
376 44078
66 49765
68 93034
242 24462
253 21608
218 55398
11 27477
118 71964
96 35246
312 322
120 27383
395 28427
495 12246
173 89829
399 75745
365 99063
303 53453
478 21019
37 11420
154 40541
165 19773
484 64295
312 46732
391 56669
398 16076
24 91760
492 32039
8 76477
499 12141
168 50253
463 27065
175 96110
496 36612
135 3257
24 75597
420 36692
408 22331
420 92111
355 35603
26 94666
402 64137
83 22528
399 21161
495 1324
172 39873
125 84582
337 47764
235 68111
332 35389
475 71968
46 17856
149 23478
353 91588
467 38201
492 10725
331 49756
5 29442
304 45226
295 38617
49 80523
141 29784
485 34796
177 97137
261 83690
133 7975
489 58552
374 59189
220 55545
372 42370
175 83832
167 46331
134 65990
17 9466
327 68364
402 44664
437 18102
99 72131
178 62669
96 26508
230 32917
165 30653
226 12472
152 66336
325 76222
385 33607
90 33419
85 36406
384 3808
12 26514
237 77309
492 17614
463 91617
67 70181
491 39588
424 235
421 81054
203 58251
212 27305
61 93054
84 72924
209 49041
159 69927
69 15660
92 8927
358 43611
285 77195
447 83279
460 37881
106 76350
9 60095
387 33513
126 18153
80 1500
441 52511
159 7781
422 88980
411 82064
335 61608
323 9165
58 45164
393 43537
499 27376
385 51057
19 37810
335 97285
73 69549
261 57913
125 45623
410 16928
460 17796
212 97045
254 79036
483 47503
28 60357
384 56689
259 20424
487 96059
223 95144
161 51801
64 54246
258 87080
236 90199
156 85253
247 84622
315 16945
150 3725
11 93136
440 86422
225 37055
496 32745
278 81623
85 31279
387 49507
301 72620
95 58782
131 40395
276 47325
85 34638
342 16034
374 34855
494 23615
473 72772
145 51492
109 67465
74 32781
347 63418
415 22038
282 20095
53 70272
346 96026
44 35620
109 59101
112 35491
461 61260
226 96523
149 55311
343 45986
63 39947
476 73321
295 27669
421 98668
103 20644
35 34110
417 19591
58 41148
385 55785
214 91732
124 29104
398 22082
90 44832
169 92756
213 12928
111 76715
307 510
254 10698
184 62885
490 77251
466 20156
284 93736
23 6583
388 99119
78 55353
251 18444
334 44334
54 92280
266 47110
133 87162
459 92721
405 23169
14 3920
54 97598
23 73540
442 65302
459 68051
44 20928
203 38135
265 90834
370 50704
95 63003
183 25229
193 85497
124 41180
276 42397
104 32222
85 41862
146 76524
253 89459
341 57183
27 75953
42 11145
490 55473
73 32269
196 49915
364 81422
16 16749
241 1849
269 88614
96 23261
441 39195
271 85377
203 77987
409 3926
49 16891
420 81474
147 7654
443 50477
66 22425
441 14961
326 91910
200 67336
188 59681
398 24038
57 6580
391 69803
340 74678
233 88021
212 22519
26 43558
12 4248
318 76728
193 34030
483 37924
124 27104
311 26883
162 53832
286 49728
198 81461
421 25232
462 93508
228 35820
30 69100
288 94081
339 81131
258 13794
81 51054
162 45054
10 24126
185 43436
53 58438
492 67984
460 18447
170 48427
22 63779
150 50201
433 19882
371 99459
490 81743
14 39426
500 80943
243 42660
429 9370
349 46174
460 49886
333 49977
168 56192
135 49546
172 50477
177 37481
185 30749
382 37457
463 7045
336 20791
148 63947
82 12433
423 31005
59 12399
382 45953
469 52808
325 80355
64 89671
301 45441
96 30313
370 65471
206 3952
13 27917
244 64537
415 92718
268 76268
308 43922
449 80042
153 23974
325 83806
122 83474
384 24660
209 25301
232 48844
65 28125
156 56016
15 67660
101 51280
477 15540
124 66574
246 94864
365 93195
295 36848
357 96178
57 31073
90 73573
348 23137
453 32769
158 81481
383 30229
282 98232
345 19863
446 72590
391 71584
50 68572
150 88338
262 23491
385 10193
100 43227
488 63928
179 81103
76 75277
417 48093
37 38538
38 58679
336 84009
222 28293
409 72645
383 10521
94 33853
109 16180
62 33876
457 27654
232 21802
55 74875
289 6130
387 46968
165 40059
331 62923
207 44075
368 89780
172 9538
237 71110
64 69744
279 2060
380 30209
131 36682
313 84103
194 13983
20 73384
188 97830
244 20814
318 19644
144 92585
292 52472
378 78015
244 86249
441 25926
93 69811
136 60252
389 44698
93 95178
83 86956
290 70776
253 443
471 56099
324 61736
386 99732
303 9861
358 51225
155 17945
125 13076
306 75928
317 99747
404 80554
111 35698
109 22895
491 88110
293 47029
298 9272
63 95365
24 44715
461 94802
22 8142
98 43061
297 12921
193 11405
57 40052
419 40878
260 19021
205 74195
372 41811
39 3057
76 77997
54 42678
491 65799
227 18390
112 66538
101 44992
184 3334
127 24913
47 20410
68 35753
228 29981
158 72795
116 46961
348 6892
135 7947
287 35180
359 88031
481 52233
139 90198
285 7242
53 98017
364 80024
468 85031
203 16988
191 8439
174 46428
165 11481
415 89884
87 69893
185 54560
320 45372
166 87365
164 56128
346 35951
397 79763
137 14347
133 97545
276 11714
387 77755
249 57741
38 86980
478 39576
24 88375
126 47695
104 90549
69 37211
228 14526
267 7926
392 36569
53 3233
449 82639
7 46338
135 41570
43 40566
268 43385
429 74294
262 56331
125 70638
349 18670
240 31668
219 57431
267 63528
426 61142
438 28806
97 39547
226 81571
16 66729
84 21180
471 55718
172 80077
355 77055
491 6765
357 93679
209 6368
317 45696
44 33498
428 6022
159 89669
74 12875
252 5074
153 47066
38 49276
300 81860
387 79970
426 85352
156 91224
420 76790
424 49510
314 64875
172 71121
379 91333
310 68013
192 88218
106 19255
233 84387
75 32525
144 2085
84 64926
439 25341
485 42352
199 52716
233 95943
88 98198
11 42663
70 52165
454 92128
163 93851
59 99201
126 3357
98 44593
173 98275
73 28404
264 57205
120 41300
165 79767
396 75453
370 3175
201 86299
166 8218
380 9969
319 12963
225 95424
85 83548
421 2379
70 70551
25 36537
492 69184
430 95244
99 86472
243 69725
168 11357
42 71208
19 29586
439 79167
362 31390
455 62157
175 98428
175 78866
70 60870
2 75988
224 23602
294 21840
442 59235
112 14144
344 13093
476 62997
42 2710
414 34568
263 41166
391 37207
272 32955
49 55755
489 72730
86 96184
413 54435
221 65939
149 48855
294 2443
137 43566
361 85960
83 2682
147 12444
210 83900
88 83499
320 96306
114 78994
465 34072
121 34261
218 11356
465 81379
270 71427
311 65627
380 78416
284 70652
295 54894
376 27932
49 52418
84 65309
440 40900
485 55718
224 71456
283 99951
156 6740
123 88650
176 18004
433 55411
9 66493
42 91559
13 96946
300 62856
11 68353
165 4771
20 27911
43 11239
333 69320
96 74251
139 25008
202 15275
469 67061
191 27971
245 2610
248 53967
483 14047
436 69897
37 38249
278 7505
325 13283
160 2634
174 19602
177 97479
360 19005
137 42366
411 67878
67 56539
408 88713
426 7055
212 94896
32 27410
467 42711
356 82701
446 23117
310 8222
65 33750
138 18996
171 67076
221 17051
9 25073
212 79710
354 94585
471 70024
78 89477
194 40011
274 44322
256 11427
497 87377
499 54435
378 16442
369 85022
124 24627
206 71102
129 57393
60 46592
160 32294
109 24001
407 78218
265 21767
445 39672
310 14434
217 46147
97 58062
25 74980
228 70536
441 6246
418 49960
477 97198
372 95951
246 28456
160 79124
5 8583
269 32728
2 46082
133 94181
115 25991
407 6608
387 79237
257 71915
172 45474
414 55469
425 55741
465 19675
340 13582
161 38495
337 74068
407 25746
313 70988
339 40231
312 72947
67 49938
360 51522
227 9189
367 42211
451 34436
129 55202
248 56845
384 85715
242 73458
486 19512
256 1269
42 25391
36 81165
183 16813
100 35085
324 20564
132 4219
210 68509
264 62313
94 15634
55 50226
16 47477
155 36955
221 93829
46 27944
10 8196
413 99839
362 45141
255 89246
88 26976
138 20544
34 63705
86 88613
475 16168
472 56956
438 94748
481 38560
18 11411
37 7263
432 68105
52 62424
8 58134
28 69502
307 31712
385 74100
246 38289
223 85185
86 27992
291 18298
454 77832
275 71080
69 29027
2 661
437 21419
285 66208
385 76813
380 62448
372 98678
321 25825
287 44442
48 82971
167 93843
210 99492
405 91558
155 23182
476 58265
427 61196
338 48181
225 21358
283 33830
243 59702
169 1220
475 2247
310 6647
105 4109
210 55699
298 43332
498 99364
471 17575
494 11110
92 54591
495 76949
178 70818
238 31073
246 70786
267 24740
219 79459
363 44060
271 70751
251 78612
239 83774
2 85311
287 97369
107 65174
83 11620
313 32015
364 37354
361 36950
191 23690
223 41877
237 33771
18 81581
198 76434
251 22746
270 40491
346 24172
247 34583
285 72863
73 3641
411 24708
177 34039
294 78200
210 27874
213 57749
215 94396
91 61140
119 13218
218 16577
431 44022
125 74462
92 71008
7 70988
82 6549
338 39882
274 76626
36 95030
385 57015
109 95041
483 16517
140 11343
236 39464
213 20263
443 93956
137 13782
374 26456
242 46023
123 98691
135 33701
499 97151
41 58718
301 5968
429 7908
219 67426
15 72003
237 21857
448 15514
180 71304
378 29202
213 77204
402 21584
307 91087
441 38469
413 15842
464 5522
89 25325
63 50899
186 73363
159 45926
467 37455
415 21695
186 8234
403 73348
266 80892
104 88257
73 16706
466 89571
187 13231
226 41503
385 57174
128 63267
295 91913
422 56008
18 37383
291 40852
198 86750
370 68033
385 21930
488 40452
223 75597
181 10757
260 82597
271 31666
441 56880
86 16654
447 85584
482 5204
94 12475
380 93876
291 38519
454 42517
339 18578
154 53029
454 28981
475 82086
233 79162
284 91963
397 56326
363 835
201 713
127 20844
183 1331
95 73687
412 18953
225 38548
223 43768
91 82676
495 21500
329 72889
98 79032
397 22769
82 2317
370 14101
276 75261
185 40408
396 72575
467 82834
426 98404
34 61923
32 99186
3 44322
394 23021
450 9476
204 67700
86 67931
112 33059
5 31140
257 70503
429 37982
393 91464
478 6712
388 88987
389 23413
463 49336
275 17341
322 80054
392 50780
482 10510
420 90819
404 76822
161 63764
144 42406
331 90516
147 54926
167 14746
225 40603
257 5250
107 74415
474 12533
442 74142
210 69280
87 51077
495 77752
77 77809
360 7619
14 19368
191 38534
46 2497
295 9039
218 86086
315 70740
119 43654
169 30176
220 12599
273 97013
400 15966
491 25642
229 8065
220 99287
266 55768
370 91634
166 85580
431 85084
199 30210
86 71725
276 739
182 53740
495 98460
289 21457
388 96935
78 79570
327 27591
279 84697
322 4394
244 69678
201 84893
98 59923
297 40899
53 43731
82 20987
495 45513
448 91546
174 96834
229 93228
30 99276
473 73333
145 46546
261 52163
281 54348
466 3088
401 28509
175 61568
145 11473
58 78946
201 41766
159 91705
394 86010
231 38162
405 77206
270 63627
162 44788
405 71319
138 62833
174 44143
481 67311
443 91989
101 95611
35 64126
137 27202
293 97930
448 55654
430 5020
287 63535
399 60955
14 59010
493 94487
440 42046
408 71271
146 45844
352 8850
384 62578
447 68585
216 12263
229 82213
316 75010
14 25933
381 11004
164 10579
207 63101
286 1740
170 22811
402 54260
96 32682
260 33799
72 67226
481 71358
84 7330
225 81194
188 99978
465 95841
190 35812
473 61153
52 17049
303 7202
461 89476
471 54874
187 98316
409 29458
258 78100
207 72049
376 75478
348 4201
355 11151
237 66813
123 94975
211 65266
497 6914
275 59395
393 35543
193 41154
117 62120
146 26025
327 69448
251 52388
323 14871
64 50009
54 69956
193 61859
5 3397
139 6541
336 53230
316 67122
135 41509
171 60059
76 72341
258 42327
411 80758
32 42316
497 93640
191 47386
170 69935
111 77448
279 73133
340 87460
92 57507
216 68465
115 81561
51 28882
315 35221
174 17255
34 23662
340 29295
180 38823
376 43882
126 89266
437 77847
315 83242
184 87267
474 48217
114 66570
66 7893
215 68131
489 35941
124 25515
17 37879
34 30876
494 28129
273 30250
18 65430
54 25061
92 86032
429 33659
498 43903
416 23697
115 16001
394 44014
114 95230
40 71945
208 52593
88 55090
362 82921
265 29005
425 81961
492 27622
172 19564
158 24309
149 95588
228 79897
376 91872
234 14583
431 77523
152 3662
220 47172
404 64367
266 54708
418 58109
477 85725
34 75388
285 28838
26 52982
143 68166
241 3195
472 16554
245 71986
12 22997
362 71374
76 81279
157 21427
408 45613
34 80715
219 12973
174 30959
18 45279
297 61961
452 23777
381 52612
268 65161
466 1856
406 60564
216 42231
154 4940
368 28667
296 97238
111 53469
255 85427
410 67623
465 17811
472 14145
113 75267
3 24763
209 13836
143 94231
144 79171
369 44034
145 26254
405 11609
274 66337
189 28998
338 8346
340 72321
32 40069
260 91497
154 72678
400 2371
234 43590
59 50672
468 55711
367 87974
210 65820
94 6011
71 26940
289 83021
297 78207
180 67443
227 82875
223 70290
67 73342
332 5709
9 67997
315 8418
10 65628
357 80784
14 94780
209 37704
311 59264
410 11531
379 25110
215 72383
462 273
45 57147
106 39933
389 82084
401 65442
459 9433
282 7220
304 25311
188 5903
57 98599
362 20506
14 19094
265 47894
460 7469
126 35762
179 51511
285 74170
464 96548
230 46092
5 1689
36 44027
340 16536
38 80775
39 95233
268 81478
448 10764
368 78269
261 34327
150 67565
336 78063
414 24763
137 3551
26 52859
50 60963
34 87697
71 31046
338 16999
195 31247
435 93794
469 45658
175 22426
180 69696
288 26443
238 62451
173 72201
358 71867
5 34834
458 64176
378 45208
462 16063
307 62403
151 31374
255 84310
385 202
327 33340
357 22149
212 49171
367 80343
343 74264
389 2271
199 28744
479 42031
426 28449
153 52677
348 10921
388 4400
67 89322
421 6295
437 88326
80 91488
142 6228
23 84948
499 88425
21 96817
239 81802
251 1752
294 60034
122 66518
134 91232
70 6406
204 55502
201 26092
253 38404
142 13648
82 89473
354 87881
18 99523
211 74557
164 60610
180 25747
3 91060
251 92464
104 243
219 70753
479 49509
206 42975
111 71424
31 23689
93 25381
349 22608
93 67947
483 57469
401 52805
178 23510
216 28570
430 83421
408 96559
193 87922
324 4978
74 27654
187 52758
479 29141
299 96956
76 95630
399 84058
14 59928
130 15259
73 50264
246 20370
426 5078
429 76598
218 10932
431 71387
309 86930
282 44559
120 95415
285 63454
155 18646
490 55659
487 17232
140 99096
333 99840
473 14983
282 30973
165 9035
341 77822
333 67535
500 96842
145 11761
136 70219
343 36766
280 51996
498 94926
257 14393
275 90864
229 90313
247 40428
499 27892
387 25863
161 85755
419 5861
307 25130
268 87356
269 8273
193 92453
136 34913
214 17451
366 86695
140 76882
410 68442
459 93360
284 86811
96 23803
235 85552
151 57485
42 79317
202 17664
142 36650
120 31671
388 33785
396 37387
79 66802
139 40543
34 10238
149 57102
116 14782
260 66955
230 75775
480 51939
485 96193
85 75348
34 28903
332 33187
380 56247
427 17541
257 80027
36 59161
141 90717
390 78040
485 77460
164 66988
217 7156
236 74732
163 66973
293 40567
286 65134
414 52891
179 902
365 55885
488 13091
168 11186
64 32179
223 83397
236 26912
212 14954
254 33553
298 18175
252 46785
170 51583
489 57161
97 57958
156 82984
317 90064
199 10879
199 76181
62 14903
111 93522
330 62424
452 17632
358 69135
60 87141
217 33347
13 40370
78 18498
323 24447
306 57803
231 57669
49 55062
306 60321
314 97512
392 30296
359 90855
449 32449
445 23192
423 54708
282 1491
106 81294
446 23719
63 83049
273 61343
61 33274
365 98424
220 2911
401 71976
321 96381
186 5754
259 10352
65 17577
181 10564
283 53883
365 72771
325 55556
426 34963
70 57818
447 8685
491 87857
274 68858
242 92169
115 83388
210 39044
290 40594
305 69228
320 52556
346 22561
407 89029
4 41374
209 97428
401 77611
145 67611
371 15287
333 63380
495 73233
118 38382
421 34113
355 62310
274 48556
190 20636
410 72410
12 45665
298 15208
135 89962
90 25082
127 36232
216 97545
174 15090
248 50956
214 78535
494 64475
367 32637
35 4618
459 60468
444 36918
496 82236
237 16151
121 94799
71 57455
373 72829
35 55738
375 52619
157 1149
117 96881
214 72194
137 232
10 629
199 27722
131 65993
4 9985
164 27521
424 20284
202 16002
465 55948
423 58720
214 58068
470 39975
182 83531
68 49402
14 19428
259 76716
398 59878
205 32061
332 9369
277 28004
312 64422
54 96263
395 11598
62 40048
8 67001
301 15390
349 8521
315 99137
366 61330
282 26411
186 62688
129 99599
221 5248
66 63369
305 22589
465 58019
174 92045
107 28708
31 19981
212 72764
296 16714
257 64590
279 6785
415 2025
305 24641
382 58691
383 70951
167 69646
331 95459
218 43237
355 58174
32 96891
486 39674
126 769
78 55035
252 41016
331 77442
360 42231
426 87995
281 4435
247 99074
404 33727
232 25850
174 28673
255 81666
487 74567
232 54395
257 11970
40 10028
103 34143
103 82243
59 37718
336 72391
105 52671
384 31382
433 42403
314 97236
312 45265
410 32155
83 34889
133 59110
243 78333
351 38189
272 45810
213 58361
251 3060
83 73363
372 55286
423 3316
172 23383
20 70385
475 38952
404 8592
199 42949
78 9342
411 93965
309 44502
265 21291
192 78898
154 64079
224 80652
420 29217
141 26663
159 47110
260 29574
465 1611
158 89296
356 62889
12 78521
184 89454
9 26034
109 33022
16 95257
318 22737
87 72389
61 76544
197 30458
232 17930
289 87876
160 10666
404 54601
200 78685
223 82045
66 4467
191 34313
147 70554
178 72301
82 62790
237 31444
156 54485
193 22451
163 12745
93 74369
447 61491
151 19120
483 33793
402 65460
374 164
305 36286
239 98031
83 47373
440 78329
182 80620
160 70885
184 44945
173 96305
481 87126
139 53046
10 31478
423 32449
147 61071
497 81214
450 70662
74 22930
450 49327
63 64921
262 46689
480 33018
355 39382
481 99105
489 18004
68 87244
199 9725
222 59753
194 68374
366 52501
458 11995
41 34012
345 21109
276 61443
306 34850
472 46233
491 75942
173 62830
111 20585
264 43501
349 49241
198 12132
123 43216
154 75401
124 36933
183 61412
447 17622
391 27504
338 59779
357 7045
295 60758
296 58237
470 26291
233 48497
109 73099
26 44195
87 17521
353 73872
162 30928
485 36270
185 72642
438 82576
154 3930
304 13385
245 72036
116 39749
131 75197
202 43725
104 74187
216 56055
446 34456
161 21567
167 85337
483 90075
395 98102
346 15983
215 56783
187 88528
84 47736
462 89146
474 64697
429 16433
349 78836
414 50052
148 14167
176 31786
272 29194
455 91408
341 67681
463 63627
442 48558
314 76848
276 59308
115 4338
99 47307
67 39247
165 60969
484 49877
105 50909
29 54461
6 52087
179 45090
453 53643
127 39631
398 61511
474 79375
191 76453
104 2603
384 32093
241 64719
437 12229
395 95629
15 31522
213 33106
436 61000
446 40450
202 82468
196 4421
112 65108
66 42521
125 80142
18 7434
475 87288
467 52178
441 40030
249 30886
174 4624
16 44448
375 97884
325 73840
413 19428
65 83583
317 50688
256 46411
373 66674
330 94415
198 18829
205 65422
69 4622
250 7634
37 38375
20 40927
368 68542
160 17645
81 63492
407 73540
64 31922
166 98446
141 44531
61 46731
453 76122
41 35447
73 27036
75 89004
241 4554
490 60666
123 59235
200 85450
5 67785
446 98001
254 20467
83 403
53 8802
410 60582
404 43823
465 43709
207 67132
46 54915
11 3397
390 30242
443 8962
173 60567
147 85590
291 2541
468 79172
462 86368
469 6712
406 55891
1 52420
455 87975
2 41405
95 11337
387 54124
178 32460
235 56169
324 57576
212 93945
50 67945
153 85693
320 13896
473 61445
97 32758
338 43738
27 46043
210 74775
499 54471
141 77597
91 86246
405 79691
15 22913
133 49522
83 24762
175 81379
465 64863
286 47568
324 29892
116 98181
77 3576
65 2231
274 65566
70 78236
378 79733
79 45240
10 47485
190 56554
447 71469
69 70761
230 33007
156 12897
190 77479
441 34424
146 3310
438 11974
208 16051
282 72616
459 89410
209 45396
110 65334
219 24161
239 61090
385 96238
497 31277
128 41154
174 99922
376 13758
246 86158
122 99822
238 42833
210 20849
34 36588
314 58345
390 84574
281 39100
209 70442
401 2142
426 6112
326 11461
357 16429
301 15237
385 95626
313 54998
348 20436
353 79262
304 35705
260 11259
485 16879
60 82611
380 53718
324 10871
214 63864
306 93476
247 50269
109 75908
36 14539
264 17659
429 4963
209 65237
432 91768
439 21242
484 90608
361 2922
15 52719
188 85014
412 62159
401 58004
441 96333
41 18711
27 36464
479 41821
169 3569
269 30662
213 98055
219 79368
390 98601
263 59570
111 63700
495 18438
435 97499
171 18149
179 86530
428 97556
283 76175
474 92141
117 3026
299 77824
12 71119
13 85636
210 61423
408 58791
87 83474
53 49499
148 58605
140 72449
141 84837
168 88836
395 18175
310 26835
435 59184
433 39372
165 58394
9 72305
277 31293
143 95911
214 58449
22 8995
218 10372
446 54240
103 67627
384 58165
297 31980
87 20280
234 71555
334 97351
149 45251
287 725
115 37519
9 95569
221 70012
355 89511
44 80717
35 24150
359 59679
260 61801
32 61620
393 55781
180 67491
104 81471
51 38012
368 39179
345 90168
235 70724
200 55595
8 98180
211 1382
437 83131
120 58838
370 39148
319 26448
345 38768
84 98426
405 25722
277 46438
55 30065
378 26949
272 36611
460 97205
237 58599
362 73600
157 84903
347 80234
86 37563
114 82699
36 49841
312 89381
309 68108
314 85042
339 75894
76 763
385 71198
360 319
166 85258
320 58297
297 88279
483 8411
412 42434
33 81152
145 35052
179 50144
299 27265
128 14142
350 19770
18 43165
87 7940
474 47711
105 24699
203 1972
215 72775
187 38874
340 39590
451 22687
369 73859
278 98490
58 72537
134 85526
57 29447
186 8824
170 76718
317 45346
301 28069
246 53669
39 64616
53 24933
214 27555
157 29192
332 69230
52 36682
469 335
217 36237
457 61652
215 52222
402 98020
303 70179
312 74438
329 83875
198 32867
500 99737
448 78012
210 81997
199 99429
128 32519
447 89808
92 75229
434 54340
394 24879
159 2713
10 36760
16 56556
397 44122
76 63126
288 27922
105 33601
428 90146
491 4469
436 64492
419 20148
94 70184
81 54641
266 22435
150 25945
445 70102
191 38442
80 76490
473 12226
222 30785
62 43819
342 2563
330 59624
454 38762
344 99965
53 16283
465 74010
326 12687
88 14168
287 77106
305 16555
203 99011
369 1923
280 57937
363 23054
298 3794
35 68396
405 16478
202 87755
363 79207
415 69633
416 66542
113 25535
104 17502
78 54473
477 52739
281 14545
247 82828
269 6470
346 80626
401 94543
107 63280
454 70660
91 20768
168 49029
310 97638
484 535
57 22988
223 55641
393 82841
454 22632
14 80924
304 23001
177 15908
124 49040
154 96619
8 19165
71 17331
83 68040
435 91345
323 84117
255 89850
108 99489
353 82024
240 33923
372 2319
28 42557
453 42389
313 92489
361 5603
277 10179
245 41584
250 36872
5 98848
410 64935
429 84369
34 22374
39 40319
454 86322
490 53051
410 39602
449 8614
417 94092
6 3173
349 94990
288 10121
404 16215
226 69281
458 36776
457 86514
368 75396
109 41289
478 78445
204 86029
134 35084
310 29095
215 69984
460 24733
144 63319
54 7862
478 84431
297 38511
313 20004
45 13681
344 63888
171 8168
72 460
216 80437
21 42159
380 4716
409 34518
205 88485
423 79957
446 57324
253 98998
68 25868
474 27769
404 50663
5 16787
346 61313
36 3938
428 13106
482 92006
213 79408
490 29859
91 35060
206 55294
205 58695
188 30680
397 22655
220 90590
76 70692
460 15059
201 52246
55 50982
226 80612
451 1940
331 91342
447 87215
396 25447
45 288
287 58161
109 53403
364 49142
408 39201
355 27374
498 81778
374 70542
385 80476
425 70384
371 21208
412 89191
160 78091
280 26615
73 98440
442 58323
163 63032
478 40407
442 66733
481 87300
18 4522
276 58359
146 67098
203 42295
315 9030
463 14125
65 9711
464 91633
23 75703
167 82915
478 99011
413 1426
290 52503
307 33506
301 16809
108 17033
98 42009
382 87778
356 86856
462 84757
116 41637
127 71067
334 41138
470 72768
364 20033
197 1096
445 70210
275 28975
432 40461
106 67703
371 10448
314 96921
353 81734
483 2523
364 66675
19 76976
319 94395
53 53637
197 68327
259 30438
80 80441
457 77915
55 80291
92 28214
220 26853
484 27473
107 69161
150 74188
446 78586
34 7531
38 19151
330 17756
408 73750
194 18346
478 53769
418 25142
122 18310
475 31575
395 46683
306 42289
159 19586
447 15351
473 32547
240 7411
229 93726
27 20782
347 978
60 89527
416 95806
297 41477
197 74632
7 51345
166 4680
283 83180
241 72103
411 55068
56 80780
197 79669
54 53203
348 42139
274 42518
143 50589
110 90305
135 56627
438 67023
386 46771
459 29553
22 31703
200 66490
86 18151
181 39516
386 44146
471 25078
186 54047
45 37946
294 2481
293 25646
21 82150
76 45522
185 34251
78 37952
349 76047
235 66313
292 32987
225 10921
7 97115
387 82728
83 65682
120 9546
456 21265
206 9984
55 33984
91 25708
145 53182
155 6932
434 83379
248 82273
267 56425
165 47383
136 10623
16 92622
446 432
144 20845
142 57762
387 47146
173 16641
149 38305
154 64140
463 74459
63 50564
401 39670
16 89800
73 14403
182 28041
325 55010
382 29684
193 87688
424 87034
207 22140
72 78227
293 68914
324 54043
98 80567
187 2346
74 88960
224 13712
365 80675
297 83403
360 40792
233 49089
124 82770
118 43914
392 17998
479 6211
220 36792
196 30699
221 15519
93 34321
54 7438
299 45009
42 66516
34 95040
211 58936
52 10472
141 49831
305 28632
285 47339
81 23445
466 28565
41 18574
263 64157
450 74716
471 18000
180 76404
296 7680
309 30933
461 22493
444 35642
148 85365
310 38725
456 41227
100 57631
280 78441
358 16963
14 72353
297 4501
297 59491
371 15579
112 18724
186 12229
288 22555
341 59884
198 23111
499 84572
71 14977
5 79979
50 36139
96 76221
481 54942
297 97981
192 59907
120 60748
353 22133
125 40537
34 15943
414 22898
327 37446
11 5133
77 18199
44 15692
476 60368
295 270
74 70421
283 47670
57 73781
410 80714
241 45891
140 29851
355 33367
110 91052
335 52027
212 47089
452 23022
379 94154
3 37830
56 15883
331 16074
235 45882
216 99681
121 77648
499 82737
102 71445
139 6385
287 79176
152 32056
493 24949
251 90778
385 29754
135 4172
6 5276
