7000
301 41552
425 33967
14 11130
127 68662
429 17485
29 30133
364 39117
7 58231
96 79926
313 48746
237 75860
435 42592
208 67867
19 47668
332 65564
188 32895
159 38551
374 33038
106 48244
1 33991
359 766
408 41076
327 73318
212 22076
194 11102
83 72850
79 1623
176 5003
246 41493
136 34795
385 61031
94 4597
285 72296
441 31251
89 64529
100 62396
249 68434
298 16586
286 55629
112 35370
4 27586
424 56131
217 51012
347 20294
439 21018
258 7234
323 53281
132 76265
130 79106
91 38502
168 59359
411 78946
395 12809
148 9150
186 78758
391 38013
222 29826
154 46437
333 58798
145 38194
15 60754
135 56597
265 28938
11 36494
28 62592
427 47294
201 32690
385 29097
403 38600
298 6632
236 41217
166 29852
226 25122
395 12197
251 13316
151 7845
179 7197
207 52208
162 40416
23 55322
428 69175
176 67521
92 48261
402 60787
95 61850
298 62689
269 34542
349 16325
427 72754
196 67966
69 69342
149 26849
106 56360
428 54079
77 59873
68 61875
108 39598
303 27321
150 73259
364 5532
81 66739
259 21989
411 72355
140 63981
7 53959
146 21002
189 72016
103 44350
74 40270
369 58769
384 10148
89 21297
158 54221
408 45848
334 11422
93 77977
21 2079
410 17019
102 52254
345 46018
443 58116
275 324
424 46536
334 58477
130 73771
9 64593
355 54672
201 7080
68 18678
297 53579
420 23879
162 62406
214 40981
43 35644
420 35090
186 61754
414 46790
411 38727
382 79217
95 68273
156 21659
416 18208
339 21819
112 44895
310 15668
225 10835
420 60427
20 58354
318 53425
236 51518
304 62830
129 65556
250 78934
391 8095
354 66854
360 73039
200 78777
237 61125
398 27786
172 34938
34 76891
190 38525
115 41024
279 75314
46 21251
278 20909
243 70262
271 76742
335 18977
98 38358
124 1294
383 7450
431 28423
7 46706
321 25840
64 68417
409 77810
393 64201
18 29407
272 21550
63 22845
116 44706
321 66583
124 65643
18 37472
406 18531
230 65072
429 61238
160 68109
294 66562
389 38883
107 74456
367 19696
351 64404
195 27873
21 34960
111 54510
116 79175
76 63916
207 35613
76 63215
24 27147
350 27164
352 25883
169 11560
80 21615
48 4220
65 15861
148 31639
238 17758
86 32284
236 71040
298 50267
252 2337
325 58489
56 35813
337 73988
44 34719
88 54469
241 28245
342 71922
409 68683
208 22413
233 16865
281 20117
134 26868
40 28133
96 59282
280 56319
155 57693
401 29658
165 22366
65 48159
418 9678
162 10430
399 34273
220 79727
238 75921
86 1836
169 53568
93 34217
157 7163
180 30426
362 2416
18 38284
140 24959
428 53326
292 61236
123 26707
97 15506
69 48652
244 59229
356 39714
446 41644
423 24749
127 11699
410 59249
332 44442
364 7850
79 71108
41 26403
287 7108
243 29172
231 76107
362 3636
326 37768
101 61507
300 37790
330 5614
71 9643
383 47930
388 28203
357 51006
408 37000
72 39778
293 47557
376 65126
432 23859
132 15968
162 36980
130 21094
4 78247
233 75365
164 15320
16 31741
184 39930
28 59172
75 65299
296 39687
220 56173
435 61802
62 16249
135 56289
344 31479
301 43296
100 73603
153 7876
400 39838
279 33670
263 24798
30 60223
55 1831
211 12912
408 38231
387 62258
294 31852
248 9255
108 49288
108 78279
282 50856
138 72792
33 14278
338 38571
417 35924
271 22151
55 79991
160 47400
414 52490
174 73751
225 38793
176 24025
246 4946
27 73694
442 9133
200 48568
218 38257
269 38076
86 4387
60 25170
110 67705
363 34993
310 34405
332 63805
135 26968
105 68893
323 28292
325 20140
209 14607
234 31294
327 46718
39 44374
152 16067
370 45477
246 31065
303 76199
437 23025
189 13887
37 64473
153 2580
152 67945
256 67302
439 17352
326 22617
273 71312
252 75108
45 40464
350 15936
139 50655
384 74351
447 65227
373 39282
105 78720
247 15888
60 7740
27 62991
405 26444
45 39050
49 1217
340 16178
409 55383
200 9072
154 60977
365 73239
95 21210
409 57732
443 62411
273 52204
156 12534
362 48219
423 39470
164 41047
107 28011
98 4699
185 6146
333 67630
450 54959
404 76983
163 2642
249 20986
445 58465
363 70936
224 7996
415 77699
332 14599
320 6765
412 45609
419 22074
222 69207
146 79859
376 76113
356 64562
310 45996
70 3103
1 50003
137 1931
234 39271
3 77099
229 716
201 75246
24 73403
248 74387
313 57384
253 13153
427 19942
21 27955
251 44608
117 74951
325 6534
339 14096
184 30738
326 12375
46 16699
406 24304
75 27121
275 41516
93 42268
232 51332
380 73509
216 35246
62 49742
44 28962
212 66877
118 50753
220 8163
408 76566
29 17793
423 67511
169 59199
112 35687
256 42749
147 31954
379 35747
140 10034
168 44881
138 62664
155 78420
332 53541
447 40774
354 10043
441 77327
269 12493
419 17152
247 3968
72 61011
65 12100
283 50112
13 57694
204 22272
372 21170
172 66179
38 67967
238 53803
305 75603
265 24741
2 20213
372 60407
168 63592
439 67822
412 12572
448 72282
320 75507
415 50810
254 63753
49 16921
316 44404
42 39897
195 26638
29 19098
449 33040
47 15777
95 32634
405 47884
280 21416
306 31419
43 9955
125 51619
358 63565
396 16929
57 11693
421 53661
266 39985
70 44752
259 70065
26 4802
375 25826
425 69983
177 65966
262 47311
14 76936
427 44085
55 41407
113 34703
125 2604
430 30068
390 54935
164 54275
87 30774
219 62068
168 29366
126 23695
118 10157
345 40320
408 25516
363 3959
336 5741
446 63073
416 10264
301 43009
306 64746
140 62314
125 75039
237 66026
343 9786
277 28862
283 54233
51 6799
54 20472
76 46928
332 10274
63 54956
194 48704
184 17289
364 72244
404 16581
231 69088
274 51229
41 35325
300 57928
317 63922
57 6461
9 6210
351 79662
271 14136
333 38403
2 20014
204 15671
61 27478
387 22817
308 19085
94 39763
106 76482
196 31764
415 55859
413 62781
351 23854
316 26347
376 34662
53 78841
220 58355
377 40418
367 57760
143 40366
346 72506
141 23029
134 54909
147 70903
219 65697
288 55422
429 18789
155 32465
1 27552
238 69845
284 17097
308 1481
411 43789
185 49131
263 44456
215 40373
185 4270
305 41884
308 1880
292 64769
270 64819
114 58851
209 46848
199 16912
295 16963
75 8436
284 24048
46 19777
62 23180
398 73083
27 30689
364 41221
394 448
328 21583
406 18059
214 10981
95 36980
58 77917
262 51115
179 771
443 481
146 50153
179 77389
282 19274
421 15591
269 12466
349 33035
312 35415
2 12592
116 63745
30 21245
199 9843
351 27400
437 20339
262 75493
43 62904
315 65590
264 79773
95 36582
1 12166
144 73763
342 21360
325 37717
30 31677
426 41246
20 143
94 55559
357 50974
28 13677
227 30915
160 64998
15 46263
174 43548
311 65325
313 38608
135 58794
113 39953
105 63152
375 15577
302 5380
174 51258
52 45166
119 57104
101 59042
96 25067
263 18533
105 62362
151 30876
364 7375
157 3184
373 70492
64 28154
49 15306
415 51917
261 13036
92 47917
132 61474
114 29416
377 21599
16 52596
420 9068
409 46819
155 44200
85 226
440 11200
351 38188
51 74949
122 76222
136 66118
239 13914
375 52009
446 37523
159 36741
30 22914
417 75248
418 54609
385 23865
381 57431
244 34943
436 19877
160 15600
121 9377
60 25705
318 40726
205 36725
217 57156
56 18914
198 57
106 75907
338 1801
224 7704
405 4798
89 34090
101 3564
227 79078
360 11613
6 75876
182 57750
231 7504
55 28909
127 58960
110 78328
434 46094
288 23658
333 79455
306 36096
302 9538
372 67835
294 53035
125 16137
7 71464
175 38329
214 23872
129 55116
390 28011
11 55635
386 40028
322 26610
57 19968
153 38219
324 17825
105 20770
417 77639
376 40567
363 58628
295 17918
148 72223
348 53408
392 59255
117 48008
161 76004
245 52511
144 16125
57 7093
190 72551
293 2307
332 17040
347 73076
255 2572
331 8836
49 61820
146 11421
160 10153
296 58048
108 78236
247 51105
439 59675
274 31732
228 7224
114 30984
120 45698
39 5815
398 60836
92 73519
431 67291
403 22788
8 12450
172 79416
374 21866
157 67329
35 7712
386 14133
95 34837
104 38843
141 32389
392 60175
181 35145
120 10821
190 37571
359 43387
258 64702
265 41029
77 64668
442 65584
109 5731
45 3617
435 79531
133 48576
214 38085
205 69235
107 78826
123 27044
86 29125
372 55307
442 10983
437 7553
325 23292
134 34876
92 7140
73 50356
11 52299
99 11895
249 13356
402 41294
63 10964
107 56855
366 22729
419 3911
414 26570
257 69749
183 27093
202 33369
342 53629
270 75703
151 75186
319 22622
92 43132
268 75058
217 41037
303 23769
307 72740
35 46666
109 76841
417 18789
206 15712
196 14470
380 23574
225 65706
159 38665
411 20887
36 39170
90 64312
155 18881
296 3291
371 42235
137 24559
237 51018
214 66239
240 19053
138 3470
443 76653
415 58780
47 383
134 31386
335 26941
260 69037
87 57079
112 33243
389 53879
242 20989
129 73165
142 59512
245 32294
50 16168
7 30511
354 30861
38 68052
247 49061
122 51358
189 16980
104 47272
116 65405
88 10549
196 29647
306 13139
242 31634
285 60722
161 32293
402 22482
450 22004
70 33471
91 32753
149 6816
133 61328
166 65186
210 75375
161 65534
127 12321
190 24798
111 6978
74 67799
412 69192
177 43986
155 20446
280 58175
450 47535
67 17481
408 18856
63 71606
412 69198
410 41238
17 8245
136 13406
35 44612
283 14557
35 32701
50 18835
249 7043
202 925
364 6468
73 19222
252 75442
144 64798
278 79794
222 38157
387 67514
16 27874
440 43271
384 35397
209 37374
437 56315
67 61767
192 19083
426 35319
392 17851
40 37805
362 38182
366 19614
144 3797
443 19541
395 55032
421 31062
34 40430
114 46166
426 64027
143 61395
149 436
220 46203
167 79093
71 61337
30 21660
186 79817
20 55430
306 55500
293 29505
55 55625
40 56466
6 34688
25 61728
373 4609
83 1463
152 23042
440 20542
428 8838
244 16061
308 52358
440 21332
191 21120
21 31400
52 16989
298 50299
445 72022
139 31022
299 5944
380 12639
139 23145
364 3424
425 40337
222 31364
393 44894
416 32138
211 57399
170 70998
443 18675
329 49334
443 15165
358 69605
106 29454
3 75606
285 32970
443 68756
323 76157
300 38454
8 37948
231 43854
75 63262
398 72925
234 76490
382 68038
306 39927
11 51692
189 12648
31 41862
178 53066
393 14939
138 28854
156 5412
214 74251
311 70999
169 19960
250 5512
363 49907
151 67801
231 64181
178 52117
385 4176
272 76824
49 56155
141 37203
3 55179
118 44233
414 51308
430 45433
16 55849
304 50131
431 71042
430 58361
168 71378
320 75135
177 3368
384 29547
303 53332
230 48886
137 29476
329 8898
216 32207
236 3843
388 27886
350 78090
366 27520
248 69871
343 20811
211 19998
185 65239
277 55905
102 23069
307 25528
270 9890
191 23361
309 24222
206 75482
348 25202
211 40577
1 63860
280 70572
294 12050
387 63654
382 49573
114 62876
116 20379
382 36883
310 13213
291 77971
44 16932
286 21210
261 55254
434 61820
393 78980
149 74792
353 55185
258 53849
208 33984
175 62635
45 17045
83 22894
401 2764
8 73512
274 52916
423 52073
204 25353
370 79942
269 5449
339 20912
415 10226
99 61696
118 11171
269 60647
40 65038
377 63116
175 56629
298 38238
207 77775
332 65329
77 62206
379 35318
372 1430
323 61686
27 64137
380 4332
149 38552
356 17611
344 3736
228 57569
220 17315
129 47520
351 61979
91 41942
54 58081
250 6081
363 61170
247 50564
228 40098
195 19587
184 68458
29 63909
286 62982
194 56248
208 10593
63 13302
150 9237
305 59711
95 4997
170 29323
301 24697
174 1368
208 78768
207 58062
62 59229
373 71411
90 30608
252 75251
274 60459
196 4996
333 24831
400 55622
209 16946
169 20415
251 16999
293 77455
250 29124
299 27805
231 22317
343 1840
286 43659
426 79030
231 74964
73 57748
135 59908
204 56399
104 53417
34 38950
243 76524
153 4765
398 72556
213 67715
261 26315
365 63759
147 34715
253 16614
322 36994
100 64576
148 6486
30 47011
438 55404
54 19542
333 26246
412 11388
294 4110
177 59550
427 48189
136 60371
6 66599
23 38611
410 53708
186 47584
241 8436
30 15655
382 15086
161 14868
304 40437
352 25270
146 31457
272 5661
317 30895
34 70972
444 11763
62 21483
373 23759
228 10728
205 31765
240 37023
144 68299
42 21106
283 47424
335 29697
219 75789
250 58306
110 46504
296 68375
163 50680
364 34750
29 47364
376 23443
110 46101
98 21091
10 1097
394 72999
321 37904
158 37266
104 20642
273 29717
232 58142
330 41091
59 78028
71 39483
154 21886
430 62623
203 1998
203 15504
50 56138
273 16469
23 11306
172 35760
316 28737
123 67964
302 12471
379 68514
295 47110
109 22712
154 10188
114 62726
385 32253
109 55843
367 54216
91 73572
315 71104
132 53477
437 61836
126 59766
446 7657
230 25814
337 66117
155 4305
120 52985
115 5284
268 41224
257 10826
146 71799
243 75079
411 65818
327 191
52 14681
2 46443
191 26653
28 26433
253 21782
197 59011
65 36111
140 2274
54 71341
30 53859
219 34651
6 9220
429 52300
152 55522
253 9290
241 31268
118 34006
105 3252
433 2005
426 22661
450 69571
46 60697
258 78432
206 15105
228 31303
327 43314
235 34887
42 76166
19 74204
214 41034
316 49304
69 20420
161 2860
401 32173
323 36327
30 70725
184 4200
54 22903
37 76867
102 1918
174 25249
129 54338
15 15547
402 17098
443 2053
404 15210
231 77174
436 58015
169 51576
239 29819
448 17461
263 19858
59 2106
432 76107
103 45367
149 28165
50 31035
414 25005
31 3073
442 40378
170 17465
9 23084
394 4273
283 58200
184 56274
318 54557
447 12144
131 37874
339 62332
25 3934
66 59321
407 50625
151 75502
385 20039
61 36289
148 66873
30 64984
284 13139
355 9153
260 19215
385 34517
64 34599
401 35453
445 52838
171 37469
258 69103
127 51507
436 57090
348 73311
93 27417
103 46001
141 31006
349 52288
273 64349
399 2016
235 79576
147 5623
69 59583
260 8588
418 22660
186 23368
6 65868
111 20824
215 18805
351 50134
120 14728
247 6996
94 44917
183 5091
384 77965
213 1411
332 42415
72 3961
404 13155
326 12164
422 19771
62 3693
324 19611
191 42078
310 2392
426 50532
38 48779
177 42521
69 27392
447 23840
112 68594
111 77543
303 32621
147 48848
414 15381
155 15780
213 37190
37 7587
168 45761
114 15863
61 77399
418 35813
239 1524
66 13423
354 44509
32 4676
205 16317
283 11299
96 60891
441 13480
239 76811
254 34517
167 65008
210 50314
7 22994
77 18154
92 38848
172 65002
10 4978
224 60084
398 61118
272 33255
432 47341
374 63312
312 60515
152 29945
263 14644
338 53938
287 79109
203 2184
119 20675
362 63485
37 49584
324 37708
300 59828
90 44519
432 47660
254 37312
450 16854
235 61704
365 25055
112 5375
423 46663
17 43060
386 55121
229 6864
74 76312
208 52195
112 18567
322 74655
287 7014
449 41575
232 31852
190 54102
79 64356
150 11141
351 62598
419 3983
375 21664
275 17545
332 17658
99 47434
289 52034
293 12112
90 45773
435 28220
416 25527
371 58806
208 18074
206 44128
275 76635
149 45610
79 42980
162 62477
114 62966
325 43545
74 22020
146 71281
303 16620
390 36016
350 36325
262 37429
1 4712
344 57116
81 66812
65 60281
408 35528
149 7111
206 54816
338 24536
333 4570
224 23954
11 43249
349 17763
368 8164
219 41964
392 76905
287 62419
306 9620
23 12463
398 35738
230 30295
29 66655
148 63567
254 47945
5 49424
299 13519
84 73326
13 10582
247 74269
136 33748
376 41235
306 25402
330 68920
59 73962
140 30119
61 49703
100 56961
445 70683
203 56977
156 49280
244 78797
3 6484
45 46151
286 73526
339 63877
50 48796
319 61988
155 46158
98 49838
372 40762
53 39977
406 47552
25 50881
440 62804
177 41327
444 54725
402 18619
60 38580
194 41349
72 32915
149 18656
359 60389
138 70938
205 79404
336 32599
261 54161
124 64641
176 75303
101 49311
43 55283
122 52555
260 26828
343 47040
89 8502
82 10217
288 73366
121 32114
103 26621
85 63475
231 31177
15 42878
251 4414
269 49968
104 37864
120 12753
1 63311
408 49010
397 75430
341 70025
176 56375
271 66139
257 40602
382 6745
254 64672
329 51206
52 18842
194 60870
394 36833
212 52499
118 76890
67 11230
26 20323
218 33863
104 51810
45 76463
227 11521
58 17542
133 72009
322 55203
355 18698
224 1434
286 76839
268 32245
30 57638
316 16920
82 33250
187 36515
364 66405
423 43967
199 77604
423 51149
13 30027
397 56642
397 46079
412 46044
235 24184
417 21731
437 18493
82 16031
424 36172
155 79775
3 35304
230 29058
170 40525
435 3988
330 38030
169 46170
369 25895
448 8672
358 51465
301 73948
336 54856
178 27158
38 36749
380 6302
219 55792
354 58187
4 34021
279 60632
52 52340
282 63550
253 8991
197 30356
109 71702
214 51381
306 31027
225 43748
91 35456
181 33160
387 57700
420 14852
55 34771
296 55089
203 76591
316 26793
286 35285
21 1781
334 65803
45 72928
177 17085
450 54897
13 25014
340 31820
104 3749
147 17995
282 36955
77 50219
61 73269
3 49947
218 19517
381 29744
188 34980
99 16706
249 43198
369 62716
236 65692
147 53771
397 24688
325 6195
151 78415
385 59978
97 25174
404 29732
15 60959
45 48560
384 69992
323 26737
260 33261
244 32994
283 66066
94 66272
247 64819
58 799
141 21896
305 44418
197 24777
80 11299
262 42333
37 27466
405 15331
419 30723
184 51750
125 58278
270 76920
332 54728
248 66271
216 56265
374 73420
450 39464
352 9071
14 1750
207 40019
440 60704
49 11857
87 68509
449 33292
83 19039
238 13151
86 18424
409 65451
174 6576
210 23168
42 32540
103 37424
244 42562
352 72524
110 22443
253 2232
339 76019
119 2124
426 53641
441 67967
277 70635
246 49531
217 73744
443 14046
165 21027
336 75854
268 79366
105 44714
86 60279
160 29053
246 55054
193 11793
181 7155
305 926
202 56352
323 27331
329 49612
219 15311
341 54256
141 63376
275 7113
25 60816
146 71694
340 43558
267 11473
257 13371
15 2663
304 44771
121 25138
337 11106
300 55082
282 56110
151 45863
440 8166
411 64504
372 4591
138 65724
15 52787
170 28258
75 73437
215 26332
141 49509
159 56169
295 73137
30 1049
49 36090
83 77259
366 10037
137 67529
361 75286
361 77704
168 42400
231 25892
225 48252
380 15608
35 34217
330 24885
446 50484
302 70248
412 70621
188 74315
102 17022
107 21323
41 21712
92 74931
6 7639
202 5629
61 14015
309 67339
409 43115
316 35344
182 45379
275 7745
328 6387
122 28566
391 77072
450 66443
108 68928
406 26300
394 59639
218 28973
14 76781
122 12766
184 46813
56 51863
297 64290
45 42746
230 5290
133 38979
106 37470
360 7498
294 13975
61 19727
266 33479
187 21899
150 76942
278 66785
356 74851
241 12387
19 55340
400 13650
228 76081
35 8987
116 68869
46 41868
17 54992
161 56245
437 3522
117 61214
447 61978
193 3108
261 27659
201 20868
372 1805
328 41746
410 40908
278 56843
247 25402
437 16580
141 67775
124 29409
63 67607
444 45118
352 48698
24 58730
97 60461
240 13576
272 10452
407 58778
60 1383
52 44214
227 15196
357 24352
268 69328
92 52660
47 45329
264 20518
59 49771
287 2676
381 27852
268 56652
372 32355
120 31156
450 73826
440 63761
361 40772
393 41409
296 41215
283 49252
51 42003
326 6644
166 58729
427 16394
404 41734
22 41571
303 59079
364 37074
161 13271
182 2692
97 59305
81 9431
356 39345
178 73509
143 50644
192 22857
360 67733
7 73228
431 52991
137 63714
202 51564
22 261
135 2754
291 74474
56 39403
243 66041
381 930
197 3403
383 45790
207 18094
405 58089
167 16542
441 30565
159 49704
27 55212
219 20481
1 54302
388 4695
183 25374
329 23711
11 49555
435 10381
28 61729
404 67695
290 43514
304 42575
4 30339
123 32052
82 70439
295 79699
292 73277
441 47310
25 58015
238 70134
440 22421
307 24798
36 16726
178 19634
277 48703
16 68748
416 36
397 40166
401 28062
8 44797
412 69903
144 55295
204 22685
413 48594
183 6147
258 34123
24 28152
421 8759
133 39723
219 26176
207 62014
25 30920
430 25998
414 3812
37 913
188 56521
287 40822
140 59265
384 40052
16 8984
356 19535
73 57461
141 66779
367 6674
396 10373
293 7535
416 54201
318 25546
234 75622
371 66731
372 58292
352 27000
49 28086
248 76988
310 55341
301 9681
166 56086
55 26094
416 14898
369 29569
218 28652
298 39283
189 42755
388 16457
276 1573
197 12292
108 22621
415 6382
191 26428
31 1133
181 46337
223 2894
94 12598
5 65715
146 71190
119 42989
138 2351
26 67679
450 30118
14 9452
429 46152
132 37750
267 67337
269 66040
288 63932
227 24315
378 37470
315 53863
431 24957
350 16205
439 63844
33 76262
270 77182
138 7966
61 1012
34 13256
24 30753
110 39244
154 62094
418 63353
412 55329
102 71972
195 25997
216 66393
91 3252
318 18893
117 79944
146 76629
94 19235
31 78002
316 39049
284 38347
365 69272
168 55198
150 36291
45 52563
2 12742
201 32349
96 1240
7 57320
58 53271
9 56859
181 12046
94 41821
37 56893
447 17395
21 15013
227 28241
442 48312
265 76544
48 20755
388 40420
110 76439
310 4180
223 54920
308 28426
90 20738
2 66533
62 42868
432 79411
109 62508
278 59637
360 45284
121 7883
348 31027
165 44571
242 27751
360 76160
68 34502
387 72320
428 21369
138 59743
168 43037
314 44292
232 17734
128 59564
315 74360
133 24336
304 33415
383 50361
94 17958
413 79786
378 71300
176 54935
81 41665
342 44427
139 68469
141 6348
443 47065
51 53801
67 38192
76 8684
270 15873
19 66154
273 78652
150 35412
356 40660
243 60611
263 37604
232 75880
42 30049
349 22162
28 31721
63 16145
237 71901
49 62505
148 29566
366 21305
428 17126
68 35128
399 54447
170 68566
194 18505
171 72444
87 67919
22 15846
155 25985
4 21917
56 47739
221 38679
101 14341
355 35767
248 61805
184 47338
267 4210
150 71453
199 41745
425 13921
341 15814
293 10511
341 64080
367 40673
94 11494
84 31413
20 46488
44 45048
66 9101
153 69434
17 45770
84 32271
354 27202
4 23670
202 42401
11 72973
16 30791
235 74150
67 71708
392 74444
255 28541
291 69382
196 5751
354 51502
340 65747
175 64832
268 17470
439 38785
135 57929
399 63571
88 58856
139 45127
103 17329
95 13379
385 57006
206 73425
256 42016
274 10775
300 63899
417 8167
423 77821
123 53444
377 63404
97 47475
178 20733
199 42363
224 12637
164 4971
12 69267
140 44340
135 16860
42 58506
45 31015
439 33157
293 69140
212 79499
237 6157
261 50531
392 43946
267 54315
411 46272
231 1940
28 16615
137 37978
152 74120
410 58749
35 61842
375 34354
193 38088
328 44247
166 79843
12 24025
209 33032
267 53640
386 46761
297 57034
442 42924
93 33510
236 56681
204 76707
300 66368
385 49879
61 27667
334 70591
62 13074
37 62779
313 58156
271 33960
126 23644
298 29630
190 76592
251 35644
145 14114
327 18965
52 22509
227 32165
16 26495
284 23386
114 26076
423 10714
388 78524
30 42534
16 45316
148 63268
276 33879
57 58387
188 43970
14 66704
249 12588
108 49512
138 77127
227 56273
350 35372
88 18605
220 6722
54 35612
422 54704
379 2245
232 35068
285 966
244 38193
94 41236
212 869
95 2991
121 56235
99 24177
354 27536
324 29934
179 76994
369 56826
230 63044
74 21552
423 31396
251 42401
21 4610
318 22719
317 12471
169 25621
101 66554
37 1066
191 21835
364 32670
69 6666
39 43045
20 7863
336 18553
251 79488
88 39323
229 38440
426 67797
424 11726
224 738
391 77875
301 58078
28 22569
244 58074
125 73143
365 55514
97 14289
131 8108
73 32831
79 52639
159 54698
120 75291
387 55519
211 33384
106 67553
196 17391
308 64754
386 40513
377 65511
92 26206
410 37039
193 5286
173 35128
90 43948
160 57974
322 56392
348 3021
118 7477
417 60231
17 37896
241 35934
292 23393
124 28735
333 69361
270 25654
369 78243
14 46849
61 38145
157 9927
92 32968
304 34847
231 33127
327 64801
449 30979
365 34598
388 53419
97 72372
66 68673
418 10068
93 45362
149 52364
288 36278
352 72648
125 19762
317 17874
78 79529
408 42822
388 24520
94 62786
242 40622
228 20585
360 380
139 56346
244 43416
375 78847
188 583
344 55915
416 7554
79 54996
205 25968
172 61410
412 32937
222 16320
99 35057
345 57645
447 71503
419 79045
83 59271
110 47724
376 56583
313 22023
160 29703
429 74072
241 67463
241 43967
254 1266
223 45257
28 11175
428 68981
423 72475
2 64570
428 17278
173 13111
364 56055
150 21620
48 48259
441 52558
410 65317
229 31578
220 55486
122 14059
377 71387
205 21429
28 58661
25 23625
50 47963
303 63058
318 74214
321 10869
32 8878
327 6303
377 32938
366 2297
397 13171
216 64500
372 62649
29 14175
102 4868
112 37846
146 53374
144 72396
178 63725
388 21067
432 54797
254 35453
343 64879
388 58387
441 12404
326 9210
439 45862
406 63642
119 21728
92 1681
409 5102
420 31412
340 5793
427 5675
316 29781
258 46499
400 76465
311 50583
98 51775
128 76240
406 2322
297 45669
160 50834
264 51134
299 73651
252 28149
377 66165
305 21958
155 3473
202 48373
51 49504
237 10507
196 30531
220 20889
132 67130
409 36474
385 21608
37 9642
109 27387
65 2459
290 72364
270 32641
111 55481
322 10756
39 7320
328 7675
445 17278
380 70565
187 67203
188 4558
171 65896
101 29056
353 20390
29 52978
184 20628
21 33373
183 43357
207 3532
39 32663
70 29761
111 57657
132 75725
161 52112
426 62717
320 13429
49 63028
95 51172
327 31770
2 64818
112 37035
348 78259
300 70626
173 3246
412 7447
215 21629
51 2583
312 52193
212 11307
81 48391
169 51142
225 52183
11 46077
371 39607
202 21812
450 11725
262 20368
278 39321
445 8275
146 9117
212 49567
168 4327
368 25544
188 62848
156 70927
111 76720
223 14754
352 42013
333 15145
383 36639
286 42503
326 4921
268 24666
293 77582
81 11904
135 60457
406 68112
137 20312
145 69488
309 50529
165 30176
70 32653
136 33693
116 21525
266 77147
301 59247
37 38272
137 12509
105 26984
44 32082
412 52902
392 41053
44 68262
283 34728
304 39135
222 72361
280 32792
79 34029
345 56447
74 40866
68 3617
437 15733
344 18501
103 22136
63 34545
450 13720
26 43883
405 42517
172 52276
133 41066
105 16929
127 55314
113 30329
381 55234
29 813
90 43007
138 29876
247 34348
227 74325
201 46799
92 37700
2 52809
322 21443
156 62577
183 8530
272 66167
102 20361
74 58013
4 22159
430 39639
197 24852
138 16070
10 57358
253 23723
316 36822
39 57011
400 13245
120 51843
307 38726
3 65609
221 36416
39 9057
155 33567
213 25399
332 72606
128 10032
247 45195
325 77491
110 14676
440 67215
437 62664
425 38008
202 17393
92 75074
289 54995
8 32209
239 75578
260 55410
109 13512
32 12261
4 3906
413 37020
207 77032
147 70184
137 28804
376 68447
140 15696
242 69235
155 73847
41 22655
314 25091
2 55486
354 19344
301 25419
272 38799
375 43870
298 58687
344 30620
428 21031
449 78819
244 45156
238 49077
31 18651
193 24658
127 29244
124 7240
401 53813
153 51669
328 28217
297 40394
14 64051
65 1716
174 9613
136 45805
66 3980
168 29817
320 45171
436 42303
163 16546
276 46589
123 20055
17 75691
353 18340
238 35035
413 27964
63 63724
68 60112
394 69575
123 33777
171 26531
210 53782
450 6680
174 70228
6 19040
133 66579
239 42931
10 38127
410 33952
132 65698
111 79476
428 38558
57 10653
305 58936
377 66070
290 1818
172 9467
230 41588
255 46259
97 54531
394 13657
157 50898
112 75996
160 73553
50 56118
265 12864
286 54903
173 63428
330 66271
133 16904
241 61037
5 59558
165 34532
183 12105
38 10026
182 9033
372 78239
11 43505
427 4115
277 72115
361 45268
210 55268
169 39045
257 41377
356 2954
165 12032
216 48735
42 76468
272 75200
256 76486
108 45263
131 55698
12 5981
102 70916
428 50770
53 39542
286 32300
357 55623
352 43511
33 25406
377 22596
448 32297
434 70072
208 38038
26 12559
244 22631
153 46209
449 49316
65 71839
41 44793
198 8758
145 17254
184 31893
191 19256
79 33263
298 1550
102 56404
131 30825
114 21002
202 54071
68 43280
312 8927
145 48546
222 77915
151 71677
398 24088
243 22729
54 12474
113 74944
75 64846
215 68311
163 7176
14 17867
251 57289
179 6798
30 77290
407 30147
141 65615
371 24175
324 11916
27 22144
335 18769
283 45481
150 1088
351 31765
25 36219
370 35115
163 43955
193 46598
349 66312
245 3416
430 28237
21 28133
7 45545
40 59522
348 6055
442 7509
397 69813
293 31563
222 53188
291 61984
37 20457
212 40919
201 6384
3 41619
137 26070
444 52933
115 17297
352 76830
411 74921
52 30850
293 8415
226 61556
108 11224
412 74302
245 2959
222 18781
414 54484
48 17917
361 56135
191 44240
344 51187
50 2902
26 12244
266 70038
330 7762
241 70649
201 62131
159 76952
75 43980
384 65053
427 47729
424 77420
195 1015
129 44422
123 36635
206 19021
368 78568
382 54231
307 28998
228 77776
268 65909
296 55184
415 2519
49 52374
379 67620
185 67039
64 52110
313 60979
327 41012
229 35824
52 64664
206 38866
260 79641
237 54472
208 19698
423 44588
359 21041
24 36940
239 18249
119 42833
394 24818
352 547
182 24169
74 79188
349 67617
43 6071
46 78442
35 3971
408 5777
116 46873
406 47170
237 23689
4 48935
95 53356
355 57407
232 65305
192 72247
258 28275
256 67352
255 20659
14 40094
162 30554
196 4318
16 35644
72 4367
191 37816
410 32282
147 54088
235 35208
287 76917
68 50359
186 9793
200 26518
167 54874
177 14090
86 73954
399 42855
444 74818
57 67749
226 17275
177 27953
406 20977
22 69457
243 30167
346 7761
237 16656
145 57956
132 71579
9 40467
384 13665
375 77928
225 78956
408 49958
131 39457
61 18278
195 71341
294 15195
306 53483
76 63601
241 23704
47 46152
254 52295
311 74932
31 13430
317 77411
375 53141
211 76834
404 2523
142 2619
375 32047
188 1032
135 48465
132 46193
379 47835
375 60735
54 9083
428 19449
26 29670
349 639
115 13496
76 64975
394 27793
32 34250
219 34972
165 34897
393 65949
105 21519
317 9427
247 13546
198 27224
168 78533
51 55741
331 53272
343 16061
70 72480
264 26145
409 30515
102 51005
318 51540
303 14430
293 25140
42 58308
132 50400
186 72611
129 28625
184 18091
365 3013
405 43267
285 1055
388 34112
47 75870
330 56229
375 62829
320 26840
215 27256
307 67174
355 10272
22 54085
332 60416
272 12733
278 60518
31 29160
350 26318
119 58232
138 4054
392 38335
172 9377
314 72580
114 12465
28 5815
393 31490
15 33673
314 60242
2 17656
262 23397
21 62115
405 34006
187 67401
134 21169
366 76190
1 29640
95 67335
280 25654
409 30479
36 48221
416 66461
137 40127
117 71800
28 20374
149 8448
433 5379
154 40365
135 11471
320 62705
234 18538
255 22211
7 26300
179 60832
101 26136
370 59928
446 4683
301 50561
212 28792
70 68088
387 24984
239 9141
350 59364
64 6509
364 76528
87 7578
2 65614
222 252
32 24603
385 55093
345 70507
103 4610
239 35015
382 55276
226 70505
112 37215
198 15031
128 30758
20 76922
17 34624
135 53895
29 71915
354 34536
62 64116
240 20265
18 55370
207 41899
212 26126
429 4230
212 31321
310 42588
112 42845
108 44829
328 7247
406 28713
255 22562
328 74418
279 54281
111 21223
97 29355
235 12259
168 19101
28 16800
68 16561
266 3465
216 45430
123 34864
5 49757
27 72472
220 46766
134 48649
37 78340
161 42820
83 60205
322 72282
395 62212
178 63008
275 44835
70 5577
411 9112
341 9333
167 66619
271 54559
57 10345
1 21200
449 16558
8 73453
188 20978
438 40372
229 66556
179 28838
41 57069
342 25947
314 43945
32 53448
246 71500
54 203
68 77785
388 76386
368 17790
105 11450
395 12655
277 78206
390 4554
221 5734
154 50460
170 1860
124 37301
44 73927
174 34981
174 10779
147 14053
106 65456
85 15503
262 44374
193 7355
86 32328
147 61131
255 31228
309 39692
438 36984
86 67289
102 55673
178 25695
154 28786
45 39744
334 65656
418 31726
320 53886
413 26181
212 78774
163 26484
438 57232
433 46947
85 3235
364 56100
264 22038
446 15667
42 61244
134 11687
128 16143
241 46355
293 22381
363 14849
261 40083
18 60860
129 59250
406 41711
147 75270
49 13
170 75317
428 17169
227 11740
219 13833
52 1397
424 50831
209 50605
313 12250
312 35104
78 14009
16 49974
416 57544
443 40843
178 66544
188 76974
227 11356
150 28615
1 15276
9 24751
193 72009
22 53809
54 69368
423 32252
123 53113
432 5260
345 63902
22 45381
32 32809
121 47257
28 5815
18 2719
19 79289
373 58157
10 58378
83 45209
64 7905
249 73229
220 59985
171 41228
396 14779
176 8167
249 56284
392 51062
135 17954
380 39069
140 268
339 68904
317 23237
56 9121
117 20
390 74971
361 67906
64 43065
6 26583
322 72080
297 76971
147 6959
24 71915
212 77241
19 47531
216 71577
273 49202
410 53235
394 33112
445 26963
212 71355
242 67746
302 22490
61 27640
216 40351
358 13350
74 67551
234 76954
55 35318
236 54209
218 8801
81 71094
48 38891
109 28913
418 39939
339 36863
438 14331
170 9756
391 22408
308 57924
385 29028
361 36722
433 26879
57 55223
329 28422
235 5486
399 63549
131 79952
100 15869
332 679
166 9263
27 25443
26 14037
31 14711
376 79307
24 53874
359 63804
95 61165
217 18984
407 278
178 20645
144 70939
83 19034
425 24462
106 60349
374 5130
146 18815
132 62252
62 48913
229 36066
281 6803
366 396
124 38479
123 19201
79 35824
248 36425
274 64656
71 36752
420 69810
326 38756
275 42057
160 942
326 47434
21 68375
50 67556
120 43165
172 24107
20 22341
401 38708
316 5765
103 48130
18 78981
343 51371
432 70551
11 70370
178 21384
176 39709
404 57481
264 44448
341 34529
229 46067
312 69462
18 41639
322 74189
383 40630
336 50514
285 13924
196 76614
430 29623
94 71290
450 70900
354 74037
125 20165
240 20656
400 56574
147 73400
228 28678
270 37398
345 53074
205 57919
232 18633
290 5711
151 16705
3 37936
126 51496
398 16166
287 24196
353 45365
146 29374
231 8560
346 12493
263 78572
107 25427
289 61268
212 51499
268 22478
151 43320
393 62184
123 62897
437 26725
293 7321
158 41795
325 58106
439 55035
20 66963
86 25608
301 72863
411 21031
448 16509
365 62344
226 29092
41 78251
300 24712
361 9329
117 75998
257 68726
182 42151
184 479
407 46596
56 13722
220 50476
368 29892
121 7534
434 16388
170 74831
411 72582
85 76075
232 50144
135 18948
436 36805
189 75727
377 15475
148 17385
243 12030
220 20379
108 25457
162 11982
412 28493
288 54823
450 69240
412 35049
273 47188
263 22283
376 65347
142 63284
223 63580
338 5056
129 6655
371 62442
135 70451
41 77788
356 51659
316 29354
421 56837
239 66922
330 6793
282 21142
315 52058
5 70379
306 59194
171 5453
100 52607
35 75303
280 6570
415 20419
299 57887
297 42302
297 49652
441 37526
122 74773
143 39806
325 39708
198 26600
164 55694
181 52865
344 15679
260 75480
15 35622
230 51135
79 9368
50 53502
422 47174
35 12255
331 12454
295 2773
29 54858
142 19606
171 60726
113 31031
403 29524
283 25698
436 62906
148 23965
266 73881
257 16635
289 77656
207 20422
72 64824
9 19529
191 11327
323 37164
433 18638
177 17931
68 41676
352 60695
153 70456
431 14150
87 55296
407 66469
169 53584
19 26047
162 61214
67 3366
313 24842
250 15753
16 6521
390 74207
262 52611
307 31340
389 1364
141 62433
338 51613
113 10983
428 57756
379 65190
284 50452
65 19416
68 67543
396 69796
100 15437
338 51111
14 68127
66 32030
272 17149
252 25380
325 24387
256 30906
244 38632
177 40298
171 53438
23 58553
322 47821
21 65449
155 11959
229 78702
210 47747
439 12865
27 61930
65 6482
88 15556
374 43842
170 50719
118 8918
289 65809
56 63586
284 11286
194 68759
105 43747
341 8229
154 50367
55 32011
333 66786
272 47164
167 42059
378 74525
15 4170
203 52272
120 18251
308 38364
102 7181
428 57389
94 40517
374 72536
82 3265
124 76792
350 4786
314 44678
117 34117
206 58076
57 33129
316 77539
127 5120
236 15631
131 28130
303 50450
182 23109
338 62028
148 62841
356 42511
212 67629
243 36389
75 60050
202 22666
97 7524
383 77810
206 10768
141 12484
280 41124
426 57128
128 68147
314 72604
157 36032
13 5641
28 61410
260 33914
69 43041
164 20093
13 52973
186 19231
232 13779
13 28735
426 46495
403 38077
17 67934
205 30124
118 76778
242 18901
104 48977
211 9721
364 35597
222 53312
323 23521
311 30818
315 42324
360 33633
268 12689
165 4762
246 19131
279 73945
119 43900
168 43362
272 58948
136 27197
17 60545
30 35174
427 16955
22 76260
289 22507
397 26001
54 10125
210 70725
83 62623
446 56662
9 32964
27 37633
266 39884
170 30206
406 18670
86 45504
194 12066
177 10724
258 53261
242 60595
21 69654
205 26530
280 45574
256 53277
34 14130
354 8243
373 32024
67 24404
176 77433
246 33861
242 5433
168 51677
17 30546
5 23340
425 1602
50 29106
215 48824
265 21440
216 49522
170 78267
287 20046
194 37509
76 72522
265 205
430 64738
307 20460
129 73150
201 72560
10 37840
276 20048
230 20183
141 52398
269 9147
413 14813
260 49470
418 53999
383 74116
280 63905
252 48588
271 44666
433 7710
18 67147
73 32478
56 55579
309 4792
166 71856
190 28958
101 10390
153 57354
392 12490
138 57539
7 30219
349 26304
18 24263
402 33240
295 76500
285 72848
137 23775
139 63395
369 58005
89 28892
191 11849
424 58899
202 68154
305 32999
145 33019
397 68461
357 10868
420 78433
419 15162
421 50506
300 29799
103 74461
357 18230
358 9325
165 75668
384 31412
294 26473
232 31132
35 41244
190 12386
354 67774
112 30321
295 12923
39 16430
28 37471
13 25529
157 16047
175 744
314 13135
262 18647
82 39776
150 13880
46 24978
132 8223
347 47498
422 59438
257 38499
358 3385
123 23519
205 72545
387 27768
299 31911
442 49338
143 50378
5 5634
199 62020
358 55416
54 43101
416 34974
135 71302
84 62471
60 9285
411 605
19 78608
49 14742
265 17911
262 35654
86 47035
301 16786
244 19954
332 41857
342 32186
22 6236
63 39434
126 32419
100 25800
297 61133
55 68718
66 68605
201 11889
5 68191
439 53509
159 76209
192 58323
25 11317
223 12519
229 20646
164 11402
103 14458
445 4149
310 58219
353 1576
246 737
149 59573
287 8335
126 71314
113 26379
131 13341
216 56164
433 29864
138 49949
100 33070
396 51328
97 37618
23 75325
105 21443
375 38757
18 45235
27 33059
108 27470
63 65052
273 11614
229 20480
38 66789
97 37833
445 46215
3 2406
317 70713
443 65511
229 16285
50 6692
266 42687
155 50048
266 76734
221 69616
94 1479
376 2253
287 37680
216 20237
203 16584
201 23584
409 67625
377 10602
363 37150
392 62094
118 32587
57 43806
282 69736
41 34111
424 79809
161 51112
190 59987
190 33596
6 205
292 45555
232 46575
298 45629
384 72062
362 59371
147 63187
222 4284
113 8779
147 38459
395 9067
398 50155
164 53247
402 17469
189 56428
406 1409
84 72484
244 50215
35 55127
446 72400
18 47534
6 65087
57 29255
75 17043
359 77605
110 63555
149 22538
50 8600
450 30358
194 22159
307 20459
203 10418
252 39672
371 54120
443 5560
282 72912
380 20739
282 75782
85 51366
424 65917
357 35257
36 18120
73 48224
397 47488
163 57163
201 42235
123 29880
347 13053
371 26662
429 42650
275 1135
421 48364
329 14794
21 26131
279 56016
371 17563
113 59045
370 57400
272 69679
155 62773
322 38567
327 66804
440 67117
126 65638
253 62124
12 35709
335 53574
417 13835
155 35427
389 58305
437 47945
174 79029
7 43464
167 32016
344 26147
383 79399
37 6125
245 21849
96 66
61 74538
389 60202
292 65909
395 11669
328 3293
310 12785
80 10175
133 17685
134 36970
262 55722
87 14875
288 15449
164 26417
410 6443
140 59146
441 19884
27 45008
273 17970
210 74322
48 60440
293 48949
270 33768
231 73809
91 2748
236 1299
162 942
346 67342
176 54161
137 7602
158 40974
26 25846
110 27239
284 46082
167 73941
11 46329
224 49850
425 8805
324 9052
356 56652
102 25262
127 32613
412 30172
419 40623
254 18077
50 32849
382 60361
284 38618
343 4553
436 3013
250 48052
405 661
94 70452
44 25174
229 11068
326 2896
279 72837
103 46886
351 16936
41 69907
272 34531
189 13490
192 47755
200 42590
118 78032
264 14936
385 48390
59 52274
137 52209
369 69156
155 67
320 56793
274 57502
46 57481
177 29612
382 40339
126 57818
411 39420
296 3699
376 74429
101 67755
97 71470
189 6817
202 44263
341 51737
324 43060
147 47311
221 73605
448 803
264 45907
264 40357
438 9773
156 43147
182 23143
199 22943
315 46822
344 68331
83 64516
402 62691
110 27217
220 63038
255 29256
344 31878
90 2472
369 35301
342 6056
227 20416
342 6225
125 54070
235 36249
214 75601
238 44840
247 46547
358 497
382 35107
169 50296
305 78689
381 61126
54 43335
258 18661
261 70941
189 33374
413 4813
335 70415
423 14199
35 56779
239 62484
98 11271
369 14670
283 74513
445 16186
448 22388
83 13860
367 8798
265 70860
90 42056
337 65818
3 75691
12 61926
259 6317
256 3893
340 29091
138 939
223 17890
450 49587
443 20215
262 66198
197 41060
278 6666
297 51190
203 11249
162 5577
340 41477
297 48979
324 19545
152 15827
179 41554
58 57286
372 65719
281 70680
337 23037
332 1106
122 4822
170 28493
236 65574
119 75562
295 64754
126 20710
292 4415
108 30969
93 57320
403 30151
241 15943
398 38491
324 17362
410 244
427 75104
402 55207
257 66465
437 36190
236 72732
165 67735
436 61466
299 54314
101 55008
424 34438
114 66236
149 76718
14 42269
6 60845
372 14657
279 5008
116 13159
66 26015
395 56343
246 35065
345 5337
327 43702
70 75571
197 40738
322 6982
37 23179
164 35840
392 20027
55 56852
66 38606
242 9743
77 11538
74 72924
359 47189
401 49187
93 75121
145 65539
351 35346
444 64396
1 58442
304 41885
293 41569
428 62855
132 48680
384 77769
300 25976
53 66944
376 12194
408 60599
273 10628
28 8718
305 47272
414 7341
350 29401
75 52553
398 74541
433 6211
189 40102
176 9595
60 61115
127 75277
420 49983
62 72862
95 28009
38 55741
338 50318
274 10839
134 18655
297 31721
324 72544
343 877
84 7494
335 34276
248 60489
290 71086
19 3589
396 33514
380 21631
89 59052
38 50174
262 6250
257 73794
322 3632
73 54650
272 69816
387 39911
52 10147
141 17188
371 18636
396 23124
245 41765
279 30180
287 68275
205 46778
158 58825
81 53658
136 37747
381 5139
130 63002
82 15158
166 1104
258 42216
136 27059
274 3775
396 60838
68 34085
237 38998
205 25446
218 52099
313 37928
172 22563
397 76884
326 20470
412 74561
68 55861
339 46732
130 45454
388 16620
10 26328
244 79911
60 7377
386 11097
33 49993
433 30695
34 34076
87 35074
332 30811
251 46419
328 31636
144 30177
341 40979
248 23736
112 35112
71 26605
417 14849
93 52453
94 71397
254 14174
386 78176
277 23782
441 65049
152 47853
198 33952
444 687
73 5850
150 52622
228 16341
13 28686
182 27278
239 74541
377 48837
89 14582
146 35028
212 24239
132 30753
196 65489
330 34106
448 67856
28 64127
114 74659
119 20002
145 1611
42 55183
386 65522
84 33672
49 65404
237 23589
331 78696
416 78647
86 22473
289 23920
265 69304
63 54957
17 73122
309 42460
11 19522
123 23489
99 60120
43 75488
278 23986
150 14687
90 63264
422 75319
18 49569
103 1516
444 5435
18 60520
354 13667
414 33824
16 6840
372 78754
9 17481
386 31502
408 22329
381 56025
413 65682
146 10974
80 67562
378 36458
208 23635
20 65183
187 17503
172 2280
395 38775
288 51650
385 71088
171 61367
257 58557
140 40344
173 38444
48 70943
98 2692
432 18035
390 667
285 40551
261 62805
183 2203
127 23637
227 43642
91 57533
186 78693
32 65015
414 38400
44 70486
315 47232
238 65317
437 22847
82 62154
437 13652
286 70429
177 65565
146 5207
450 75295
189 3848
353 28031
27 17366
7 36224
111 30699
238 24277
172 60093
21 19537
182 74848
89 33118
151 69446
300 53854
18 38043
1 22176
177 11057
280 34147
227 19061
26 23826
345 8315
373 21733
32 24095
324 3904
121 65544
103 34150
398 39523
162 50425
319 43302
431 37593
325 31358
254 45686
402 45716
226 44345
157 50458
101 34453
87 58978
284 54468
323 6111
120 57239
382 45262
16 8871
438 76780
414 38487
438 19844
126 6434
188 4338
366 32304
77 12263
170 62811
65 78962
243 45949
106 2256
132 37981
205 49837
78 55250
10 38254
263 36550
380 63469
148 56403
345 48233
298 33795
345 4832
274 53295
336 37561
104 63858
119 20218
433 49616
247 24411
446 39077
40 19043
15 77896
67 3270
22 67429
379 51493
211 69061
207 3421
216 32836
228 49673
199 4542
381 55958
254 21215
125 16323
145 45957
190 57819
319 59286
249 51187
244 76145
116 59319
237 19892
226 77703
195 38425
392 32543
126 63681
182 59475
215 70075
313 65912
322 3659
278 46116
425 23933
287 48738
361 68280
159 58443
295 67087
196 68018
373 35780
265 2402
305 25349
411 74918
16 35653
400 34265
64 66106
423 51673
276 50456
300 60095
324 34789
11 70072
173 67915
450 66668
374 32961
180 52739
170 46771
124 56380
173 25734
143 68107
341 74411
67 8597
326 13996
197 10201
339 54747
414 37100
246 35047
233 23187
199 27865
216 2831
176 38091
341 4672
405 21410
433 49198
127 2129
136 47064
433 60347
249 45367
22 52299
377 52981
135 53129
396 40397
226 27222
139 45354
123 29658
220 36826
326 34615
186 41985
202 34245
60 20047
87 63205
62 63289
295 34112
24 17956
29 59509
190 65701
78 68645
76 63290
299 15067
341 2829
443 26162
264 64025
276 54088
177 27134
313 5416
189 20829
393 44277
362 6197
258 70039
8 39160
133 26302
268 32611
53 59060
45 57447
49 36535
260 3627
337 37208
239 63051
310 14712
161 46690
396 75009
32 7226
271 54017
256 70489
336 67079
258 29266
365 41916
100 31843
105 27945
422 3206
274 12709
395 41237
279 78532
84 9276
97 30381
96 76207
269 34759
350 33479
400 69438
22 67917
109 34028
437 37033
34 48625
139 45306
36 64137
106 22863
273 11969
387 46866
32 56027
56 71425
180 66531
444 26290
358 7618
298 55269
142 9109
288 33179
72 43136
99 1050
44 38862
349 8262
342 42476
331 51863
341 70508
391 79540
328 3731
410 50402
93 45785
412 14191
114 40960
298 45667
151 58450
168 15692
444 42669
418 46238
207 4473
94 32195
172 2225
261 36863
6 31169
66 21736
425 20307
297 67700
284 76447
175 47650
151 20403
324 41525
266 71663
266 19724
123 7744
391 16721
25 33526
403 65662
225 77699
62 7778
368 74511
317 42908
402 9890
288 65922
176 16774
3 70623
126 40553
267 14745
158 11297
321 14692
393 29825
291 38591
319 69465
393 77279
17 15919
45 57970
372 44546
62 59470
22 55509
321 24863
368 73373
389 39778
202 15957
234 3348
279 79319
173 50928
153 22330
96 66399
28 70784
330 65175
438 49502
11 22243
22 55128
277 2044
441 14067
314 45957
78 22161
221 57902
229 59525
253 10834
167 50516
315 68918
128 75224
340 3041
400 30501
366 12430
161 6641
128 73962
392 47404
127 23538
412 30289
98 43462
382 22512
279 52734
259 24107
134 9687
271 61320
119 53457
60 53523
210 75838
428 67111
46 13139
417 20481
65 17501
398 73201
81 72547
258 27786
407 58286
49 42786
205 31098
169 50372
352 70114
184 13751
325 40669
415 78791
347 12048
35 30763
216 33248
216 18685
45 42189
210 6959
69 79110
206 71280
282 66383
20 65549
269 78394
407 7974
36 3428
246 63713
389 882
66 48811
361 19520
43 38453
449 73555
54 70034
346 49207
96 62006
410 52352
51 34810
6 62599
179 76293
7 74211
319 8653
166 22703
160 44182
407 649
132 69183
337 19453
346 50760
366 3201
322 18681
296 35113
309 49587
418 70185
178 31503
367 67783
348 8854
110 40754
177 79726
76 4790
264 1802
257 25935
151 6421
359 29265
364 42982
312 60320
1 111
403 11516
241 51957
197 44930
355 79433
269 61142
416 7557
198 33578
427 61330
241 67125
344 26684
230 32860
235 61762
431 33350
386 72502
198 53523
377 35285
22 54976
325 41860
342 4599
17 52054
106 19804
394 40175
197 42119
49 28017
266 68258
100 51534
120 23354
373 4585
378 724
307 65047
397 12540
151 50114
412 3806
172 71124
398 54282
168 63077
77 79141
426 75395
382 41930
48 28328
123 46793
322 70499
108 15236
389 4857
151 74286
159 12463
28 14917
127 18325
313 45836
374 48127
99 61988
97 67125
207 72240
268 45884
202 39253
220 25542
210 38413
180 32249
125 75970
57 71958
419 32949
177 68354
199 61450
249 73063
372 1403
245 6724
41 5574
300 65142
301 40009
433 19473
285 74008
252 36606
414 17360
15 13271
325 48909
99 72660
149 19611
366 62225
138 36917
28 77628
309 43874
434 48059
219 71884
245 9410
137 70001
88 73197
260 71265
303 54897
28 33780
401 39895
298 32788
449 46769
70 67654
376 67680
396 37751
359 3991
404 72087
388 31194
190 32708
143 47579
243 12695
251 78608
165 38175
115 66092
236 30644
70 77011
402 61389
429 69461
345 19446
5 58261
255 77460
276 65885
405 20905
197 56104
4 57759
387 21503
290 20012
172 4651
382 13748
246 17504
224 43307
251 39348
392 57809
342 53310
366 64532
197 43536
294 42576
143 30388
30 31510
317 46216
11 62023
262 28089
190 68491
78 58844
363 5136
66 52145
247 45167
99 2226
93 39869
67 57855
436 14009
115 29814
352 60544
263 45693
379 33756
199 68736
28 55210
242 20463
256 71222
430 15023
118 1775
246 21693
441 55943
132 25913
189 10665
300 59709
161 11360
74 56761
449 2262
3 70480
353 58723
379 32627
404 49113
293 32663
5 51978
26 67085
343 43256
441 6291
223 1473
78 42528
217 22285
445 3303
365 57785
336 70162
235 41240
294 14110
176 38606
23 21901
397 37808
209 3350
169 68214
336 38763
149 71783
228 18788
204 78612
48 32340
164 11962
191 11956
109 26663
430 27340
29 65177
25 41326
75 16611
323 22011
383 33086
325 43894
24 64873
129 56080
282 46105
95 23891
138 50854
341 3960
20 14978
195 62866
104 60892
305 32912
272 39180
321 79793
82 40041
99 38137
387 60623
36 47222
43 49510
428 56709
334 53634
18 52753
135 19092
427 52764
15 32932
431 53815
124 66620
169 14942
218 76487
381 38289
1 23698
233 25305
442 2307
48 28741
58 47396
421 53902
126 4387
210 4871
222 20760
199 76936
399 37908
385 26368
171 75147
422 76878
187 63372
35 49373
220 60946
226 51892
174 14884
70 70308
379 68425
314 968
145 16533
441 40974
318 77076
199 7168
83 64277
412 53943
72 56985
194 34016
62 59664
202 8527
375 34993
170 58458
153 27479
260 14363
446 39566
170 41062
103 18065
368 44595
311 14405
295 49524
294 50183
174 50870
196 27801
38 21400
296 51109
286 79910
134 25906
330 62308
318 4066
56 54032
115 17945
138 47491
95 62785
235 78486
311 47575
269 4796
177 15531
84 10567
235 52244
91 79866
403 3071
419 46233
336 10188
87 52406
144 33772
176 64524
122 28834
254 65105
77 13477
233 26181
293 36046
297 46604
274 8568
443 38965
274 67476
5 25623
89 25864
374 72826
141 19505
129 17128
433 32167
136 45027
298 48189
244 47213
375 20750
359 32774
172 33476
137 42120
237 66330
231 32347
423 56979
287 41205
408 7515
196 22403
251 49831
150 23098
441 42316
72 62346
217 69684
283 9736
333 75793
178 13396
372 58998
156 35391
393 31000
118 50580
292 54719
410 38458
193 25572
301 26352
73 1761
77 57193
383 9890
345 70778
54 36508
382 16083
43 56771
29 63239
47 7765
136 69552
388 65679
435 5911
48 29713
214 73011
77 15296
121 28560
92 79675
27 29874
266 58281
133 71593
118 53933
373 1003
283 18910
319 18932
42 74548
147 28322
347 11379
51 68309
170 61989
17 25110
79 39768
73 64780
108 8530
346 6850
166 38368
126 2281
323 51852
242 46210
108 378
230 70134
358 40562
54 19200
122 63640
88 39919
267 39394
273 61656
91 15948
176 46129
430 24303
170 23147
65 40774
295 56556
217 37235
134 20915
238 7999
375 38680
407 6110
116 23040
55 17741
164 73576
136 75895
237 29
81 72452
366 59104
299 13124
408 4272
40 11171
183 12233
395 19974
224 39601
265 1109
125 35725
407 40814
197 18611
368 35282
450 51427
152 74973
388 37554
284 79006
49 41741
309 50969
220 49290
440 56988
32 78660
321 25343
46 67117
36 32594
434 9169
87 36574
255 32826
253 23984
343 79075
28 37825
174 71286
433 34325
256 4045
316 5664
404 32638
99 45067
153 50458
335 42593
390 56770
12 31363
86 53035
114 45875
323 47124
180 2580
121 38666
328 30603
280 61216
96 18038
254 77991
382 67123
234 56048
406 66031
169 24534
241 20503
337 23312
355 19034
390 20755
242 57753
206 72456
380 36449
4 34632
183 36202
395 29291
97 42156
199 44538
104 7537
2 42359
29 33954
380 18380
7 78228
62 16857
450 65041
418 39121
75 45863
426 7918
145 65495
323 78695
181 55237
61 33480
317 28645
371 37999
253 15651
274 59366
220 24667
220 50071
287 32306
449 33852
267 34512
18 57203
146 13704
314 58403
188 76267
137 51245
436 41672
58 93
120 39416
365 32104
235 56425
131 77142
400 79807
189 41463
202 50293
324 59204
10 76882
146 40617
344 46532
346 58639
357 54730
118 72936
187 58991
296 33161
167 38662
66 79997
385 29869
3 70185
306 35200
366 25095
348 47032
446 61273
4 39305
144 2801
193 67844
36 3945
359 20202
36 12034
283 44354
124 11762
107 77338
392 60938
312 13714
349 40165
176 76523
432 36763
302 30078
268 55393
124 6849
312 38946
197 36831
92 2992
395 8222
304 68023
386 63584
91 41098
150 70063
326 26575
298 51165
330 71682
306 70032
15 60604
235 73105
72 8753
327 53375
171 147
275 3055
118 51095
98 2999
158 27997
294 2769
203 15881
314 65453
256 79367
61 28354
374 23538
117 28103
10 34108
117 6532
294 34664
353 38414
19 78400
398 5709
20 48522
347 9971
13 45378
298 9232
353 23337
442 14405
174 33625
303 36890
15 27565
302 71462
43 8120
258 48402
261 2340
8 50293
391 61933
116 16692
195 21859
431 77387
168 48960
333 18635
438 54985
157 74467
127 5946
353 58868
240 56503
61 52484
140 31727
67 15838
40 40726
408 46846
204 61572
301 7322
425 62972
134 2278
340 16527
347 30422
350 71987
7 20898
340 67778
376 40359
76 33780
360 29026
62 74604
224 76981
117 37338
54 67996
100 57985
110 571
382 56750
291 41299
438 6446
425 62598
381 33423
230 62316
435 14543
436 13032
33 42238
400 11966
94 58278
166 17685
356 9524
277 70408
187 1156
332 14986
69 61119
123 5947
285 12465
119 20140
59 74593
55 17377
296 46092
76 68497
39 69670
398 43527
161 48384
420 68959
262 18095
191 79213
233 49729
435 41943
399 9372
44 59908
348 75819
103 47116
123 10538
30 232
446 54983
228 10541
155 72853
302 38952
435 31987
179 48256
36 399
13 35440
399 39748
131 34454
336 7840
94 60414
151 30253
120 48504
74 74861
393 72207
266 62761
302 29080
47 38411
330 10034
340 72055
312 59350
194 35551
201 10282
344 2624
269 16661
196 53008
397 42745
188 61369
433 73907
200 66641
292 7649
197 10385
16 71941
405 1953
271 75743
268 77148
256 64902
38 28130
211 27111
367 61638
231 55845
74 60779
16 9674
312 4080
22 57232
4 71605
69 13421
38 17708
44 23499
79 845
364 58611
350 31405
158 56247
29 72886
108 59142
152 40965
76 60710
229 58067
234 74982
212 74092
185 33616
223 67135
86 73774
112 71750
136 10215
369 36757
85 274
159 47952
68 42107
56 57591
1 65382
259 49420
249 50975
131 73542
355 34534
298 42278
272 50906
359 61299
102 8860
450 53530
11 43371
275 65885
440 71029
141 50399
216 79026
441 14973
37 54155
113 52878
332 32807
245 53790
396 18918
368 62645
257 77534
224 29138
382 11334
336 30071
261 22719
392 28202
426 9314
87 6664
147 91
66 7597
8 77763
246 15788
265 74329
147 75043
400 30062
357 31803
228 19647
380 25952
14 15289
19 7284
9 43379
303 7137
368 34156
303 47592
375 54612
344 2654
296 48893
397 65524
393 37339
303 69421
297 22918
10 8124
268 68546
398 76356
220 19439
135 72837
49 19569
356 71066
367 12396
217 77906
135 41740
212 65051
39 52616
279 54935
291 68792
209 31656
161 17390
75 65352
121 16440
389 11611
145 37877
320 21566
323 30775
83 15013
404 18695
55 35680
48 50784
412 34743
408 17255
54 45860
69 60588
123 69835
113 61725
380 36320
213 24531
221 46432
365 20915
255 53909
73 23654
131 35759
190 63091
137 2771
58 43235
20 69934
38 12245
444 51151
39 69050
7 68260
87 64555
246 44347
207 14601
185 61982
165 32219
323 29069
367 26948
316 54391
358 13011
271 12891
25 74466
311 76116
73 77179
97 53814
121 79376
392 53846
209 76469
165 33863
380 2314
312 34145
202 7637
70 1946
219 5618
335 13221
414 6896
246 3857
175 43098
84 18722
209 57453
242 3835
369 2353
394 22495
17 19392
304 14249
148 21052
252 33012
128 24129
278 26853
166 36810
3 42912
200 7809
166 25015
57 20140
357 76014
133 25429
166 24748
413 17117
433 49525
1 23915
64 43875
153 70845
171 51602
69 16373
66 60713
324 21118
76 35034
301 57384
397 45453
212 77511
12 53424
20 2139
7 68877
145 33287
214 36373
177 61538
199 52120
348 56342
252 48408
128 48033
245 29108
127 2919
344 74186
134 39854
226 68783
379 18456
354 32081
2 59944
348 2952
356 71166
390 8455
166 23173
29 50120
132 10340
417 63680
200 36655
193 1730
224 43139
366 3206
53 59722
40 30153
168 57763
316 74552
122 27107
58 67701
227 40372
267 10404
432 37656
361 60551
383 13454
166 25813
301 61867
120 1296
360 24653
202 17123
105 34315
3 29982
3 61872
414 6327
307 57489
199 51023
180 24405
158 5940
200 61436
146 48487
342 2518
185 37924
3 58018
279 363
257 75094
394 57080
162 67810
244 35018
273 52802
210 48479
92 59025
87 46938
189 44155
405 39367
192 32917
112 5005
119 42510
26 75640
127 39202
157 20477
86 14470
334 45333
232 29130
282 65675
198 25397
381 43629
144 56001
227 21651
253 57056
42 9196
222 66211
449 37205
168 37498
9 66442
187 52863
166 36537
260 46576
110 51431
392 71182
167 58275
307 67213
150 68484
420 21889
153 3647
237 18791
390 6965
278 4087
358 26906
232 20861
55 2763
54 65535
275 52112
283 55785
292 77630
65 78197
345 29723
295 11921
29 77266
114 77782
233 39131
329 15200
390 77892
262 25864
262 61736
318 25397
400 19646
249 11895
24 43272
353 8230
243 63904
417 59044
238 64216
214 11114
276 3809
341 67577
263 46486
421 17597
160 9147
16 37506
205 57779
220 50223
123 60792
109 67206
197 63160
120 58717
138 62083
284 73918
47 16319
210 42832
370 72440
159 46830
35 55955
378 31823
18 19244
153 58332
407 7868
258 33669
98 69645
21 70183
361 35604
329 61776
213 12142
439 36893
149 34266
172 34626
92 76465
398 54549
135 14852
307 46326
88 25254
7 74305
299 49788
176 23583
111 38637
250 980
35 780
387 29018
354 44741
249 39763
376 38157
66 43040
430 29136
61 2252
330 33747
98 49812
204 22495
71 73147
73 65102
138 53930
60 71215
213 5019
395 26554
94 21366
214 19853
62 75434
411 79421
176 62333
214 75362
59 55010
252 16233
313 62329
124 5698
414 72420
196 63190
42 28192
315 47041
188 32028
247 7566
45 67237
101 6441
406 58563
274 29427
310 19471
351 38294
186 44011
172 54576
363 72582
215 51351
14 27077
219 38055
325 26398
348 53599
99 49450
210 61583
69 3185
336 55751
280 1531
155 51204
38 51584
254 78475
5 24226
279 48858
303 70190
125 59720
347 37021
269 79080
269 50333
28 34916
73 7014
387 33345
362 19126
422 41635
33 10594
76 2825
382 23941
301 3092
398 19614
233 47623
79 11419
166 73355
131 39228
61 68995
148 68426
149 30074
103 63437
262 57751
196 14484
51 33641
191 15790
29 13380
355 72500
244 34715
125 17269
112 30955
167 77161
95 56561
311 20836
6 31648
23 34060
266 31504
81 73978
173 27943
299 67574
51 66794
286 27415
42 67008
431 30934
150 78836
368 43489
355 45057
8 63678
89 37422
340 50733
135 10942
427 42899
81 62651
83 21719
163 44884
230 29418
33 33836
421 25078
298 9072
253 66797
328 23227
281 39306
112 6816
81 23459
436 10670
400 79778
122 79127
204 48325
418 66047
292 47986
63 35652
430 24395
373 1061
183 66636
425 14140
402 76631
148 25507
40 27509
339 11167
328 25539
441 4391
54 32822
51 70530
256 18767
15 3438
328 24260
396 21210
33 3000
233 69615
98 36061
447 69275
412 7461
58 70584
336 31470
148 70634
355 10804
390 47254
163 72637
363 10169
168 17709
290 8955
8 44636
225 54701
192 24075
99 582
404 70884
413 47345
415 73492
329 78412
283 8441
219 8550
217 48291
39 4674
401 57369
349 68011
75 16249
91 27212
223 28996
255 62621
285 5348
371 56281
104 55078
320 15412
218 11846
370 65498
97 47331
306 60636
90 76547
17 35223
280 54155
311 77473
119 77870
361 17874
335 71436
161 67685
34 39600
213 78966
391 76599
380 70385
155 39395
247 60728
295 56990
190 1495
139 55348
187 35914
345 1141
103 32884
385 9829
370 67252
50 73865
197 8513
113 74986
424 57014
181 53360
86 68583
8 21666
54 66143
218 60790
251 68347
309 66440
385 68186
162 45464
422 23628
1 7852
353 72145
315 68349
40 4955
270 12686
275 42255
84 10448
72 13615
87 29994
360 17333
44 48751
436 4195
202 69598
233 14586
225 45271
359 43707
65 38029
94 57165
43 36800
336 46374
143 56495
140 37860
449 38744
308 34573
412 74274
98 9633
276 77014
332 77530
80 34968
439 63786
98 36098
48 54100
182 70546
131 43675
180 41713
287 10278
39 29088
27 31292
85 53235
422 52398
261 2642
44 25870
186 22831
443 77748
22 15622
75 19504
327 4497
273 32003
385 24262
224 57461
90 66168
228 47201
182 4359
341 75294
240 15229
12 54481
23 15422
58 34143
48 53941
33 4075
3 33948
85 68070
396 32397
407 69140
278 62132
319 41381
378 59893
230 1882
211 44987
296 44889
282 17689
84 73364
8 41923
152 35581
270 47595
190 44744
49 29077
278 78739
34 58785
276 29940
167 71416
368 2918
216 39905
437 56455
10 35933
351 70154
396 69155
293 78134
79 26830
48 27215
218 27166
97 37810
50 6265
68 14645
21 71126
319 3783
397 53898
184 46101
102 34762
77 55657
227 4439
433 13986
61 38551
211 39634
407 75087
236 42940
414 16613
79 29478
89 64647
83 29935
2 38836
197 33405
123 25243
55 50010
382 74777
43 22791
160 44200
96 22424
387 14419
256 6953
252 33079
100 2127
307 21333
244 64195
397 3738
188 42852
75 61819
266 31051
156 17662
440 55479
226 49149
298 9831
427 22457
276 34529
211 8550
139 46570
240 9586
101 47931
115 63786
305 46140
428 33946
28 31907
146 77052
326 39458
359 1926
383 5952
324 35425
168 71674
328 18111
138 23044
359 62254
441 79171
174 25459
358 19721
408 7671
425 34226
250 49253
259 8637
81 74011
418 69174
371 41845
124 19926
133 14929
175 5828
32 25965
80 38628
63 28492
202 58465
392 59906
37 78626
107 67049
56 74658
396 69963
432 32726
16 36905
69 63461
411 55950
7 10416
398 50742
286 57293
377 27784
168 54023
202 12936
5 34711
279 71750
266 46041
179 41252
16 55391
443 20160
137 36878
213 32870
167 49674
169 64327
402 64320
55 14931
14 24745
443 3910
300 41058
11 73444
351 9181
414 39031
294 51498
254 63169
238 3158
443 64514
194 31205
155 1224
222 53742
412 1469
335 29446
396 33772
117 73512
61 14937
114 18539
230 78026
360 32133
332 17704
132 78733
29 13304
348 13150
208 65410
332 28414
362 7931
349 67913
408 27992
203 9498
276 72627
162 65139
408 73646
68 6697
285 68576
166 8874
58 48678
62 78130
334 57315
8 18802
267 57617
224 23820
3 73481
425 70556
431 33497
160 60687
413 20110
143 68989
306 958
251 55935
359 72263
269 52531
431 13443
382 18634
227 75705
22 66904
63 30755
264 12157
445 69899
330 56586
322 51365
349 29910
400 17548
446 42570
402 16887
30 12018
189 35018
298 21507
222 137
81 43397
294 71789
386 56952
262 5126
182 8214
350 17674
284 17666
384 64492
416 20613
258 32059
28 73550
443 7563
449 36621
259 32414
272 30097
299 16316
178 39024
229 24047
50 68503
88 33547
184 68421
186 78407
224 44348
115 57857
449 26396
439 62100
260 3998
123 47792
110 23069
199 59111
217 46806
156 55653
207 55373
334 31759
23 33494
182 57491
186 13629
103 142
394 19365
105 2232
290 37938
377 74788
202 51485
224 23703
400 6972
382 60782
400 57527
442 15273
396 74681
88 40636
153 213
433 48272
232 910
90 72888
227 14965
17 55892
171 76600
283 4216
274 60422
414 26906
1 54625
13 16451
175 64699
199 47682
418 32869
237 39528
45 59428
447 10561
131 38878
448 74787
364 41114
358 44071
208 58066
22 26233
329 2195
44 22362
272 43135
82 1364
208 4644
160 48836
418 57712
31 51809
338 2290
32 15147
279 61737
143 25744
345 12727
314 151
50 50932
380 10565
20 29424
157 7216
266 23161
81 26144
97 8206
214 59641
298 53531
83 67497
320 19042
253 32761
266 32034
430 38372
280 17104
78 35761
287 32579
431 67526
73 18702
133 26429
441 31483
383 36464
370 61278
327 41588
450 51296
348 14331
293 74133
125 68658
329 58442
2 53743
133 1927
158 9486
202 74270
170 20779
60 54771
169 75975
435 54723
127 29323
69 52363
143 34415
15 18197
416 56797
174 22165
128 14737
69 71911
169 57237
124 72798
108 189
219 55083
171 45005
315 33698
435 24852
175 16893
97 60822
307 31719
108 15247
432 19141
162 44972
449 4396
152 53387
320 51538
209 20355
131 46328
95 56884
154 15854
115 25564
34 54691
229 46167
89 65786
411 78388
206 17422
83 56589
79 52915
252 46535
58 67027
224 12142
75 26579
112 25282
34 59718
122 53538
9 26090
345 74268
319 77012
255 54982
9 77010
244 13228
240 59731
349 55566
232 71658
358 6030
281 30140
289 55089
178 55802
261 25215
28 60650
14 52461
444 562
294 13283
397 10608
175 2377
435 71125
371 68408
64 14380
5 36280
360 26925
355 73478
36 69514
5 76794
139 70488
43 9373
100 10359
170 40389
139 73144
365 34421
122 66871
271 42574
321 1073
131 46730
259 28435
175 23091
102 45321
92 31080
281 69595
110 79845
219 34941
157 74990
280 45461
199 33571
313 43170
97 23043
388 14047
344 77921
359 18485
375 4553
289 23165
219 58075
290 65105
28 14391
195 60625
181 6043
445 24477
219 65749
244 283
320 32034
302 31220
41 73828
232 31931
142 24978
296 60667
338 19789
205 48829
76 4747
386 51712
41 45616
132 39818
106 69045
382 35000
383 14848
157 28247
89 37564
137 28555
119 43208
15 16005
204 72488
169 2642
203 4759
355 25200
398 63689
297 37865
115 51578
117 4649
108 63947
371 78959
214 70007
322 59317
95 50189
134 11060
269 55960
287 50424
358 55511
240 58326
8 66306
13 5204
364 36716
302 54536
124 38846
109 17869
442 43235
141 70757
68 57191
59 7239
450 53391
191 49996
250 115
428 45137
326 36726
153 5607
249 57391
403 35847
201 44410
415 54448
395 30206
80 76952
154 12748
399 54443
438 28485
204 74419
174 33902
38 74344
327 452
375 6639
414 28326
391 40097
243 18153
33 7386
165 30287
358 4206
39 64668
138 66343
170 40937
427 25917
206 49855
130 60665
76 39571
265 73867
94 9364
39 20842
232 73521
142 7889
159 7617
17 35032
116 3654
254 32498
364 68213
267 49053
181 36506
86 28901
152 75083
57 24345
79 38828
210 57545
103 41203
446 43171
88 43973
125 53525
387 5393
378 37970
51 53238
274 9963
263 79850
44 70700
304 66735
32 59296
428 76840
346 56012
265 32288
296 17811
139 62828
50 66243
125 45759
115 38732
324 38909
238 52581
196 59943
432 16890
224 42364
2 31951
311 58632
131 64017
378 23372
368 68496
12 53916
257 8209
250 56149
220 29847
199 76607
324 30718
400 19900
154 62418
47 31323
450 68283
15 43496
124 26829
116 16282
396 40135
376 78949
427 8312
87 54427
180 53939
223 20467
443 3932
399 20892
48 32910
213 74097
254 38322
170 9455
1 69635
207 54962
354 21536
145 38818
350 29030
161 21717
401 59892
287 20554
325 34079
265 50459
235 59361
185 2407
144 48151
168 2805
400 76617
303 34662
130 19147
251 38438
174 78496
370 68628
173 12139
23 47214
405 42188
140 31743
426 19893
396 17023
404 72141
15 3832
248 18169
56 25052
15 36546
6 67849
3 28375
338 62773
429 48803
421 12077
40 33182
235 60821
30 59630
289 72058
255 35994
430 62071
99 33135
142 21397
125 57405
143 7680
254 31564
148 20606
298 17860
138 72511
11 28820
450 5489
267 39659
104 2439
424 59903
260 47649
278 10450
414 40862
443 26757
53 2673
448 9284
165 8543
34 62615
303 62573
156 17988
371 72136
177 30812
360 66830
160 26886
408 50219
375 34670
329 6947
187 13939
79 63712
268 43866
149 41025
352 6551
103 7254
305 51553
114 10873
90 14835
67 22154
77 37202
302 9753
400 6400
399 14160
378 42883
391 13434
163 70489
29 1516
279 58777
344 53597
242 68267
376 61338
81 16454
448 879
248 53251
85 71415
300 13023
356 30527
348 70653
119 10713
120 77705
163 37040
264 74815
52 77357
436 59682
438 4179
411 21637
172 70733
26 39175
267 25680
382 6544
436 52864
159 52298
440 21638
317 7141
7 40311
69 19783
205 29647
305 36481
31 65326
229 52492
411 65552
212 15625
127 45735
81 73426
357 78950
109 33504
326 19716
379 8460
297 20522
294 35221
22 75036
281 73026
209 56820
96 10202
50 44137
211 12105
284 27040
19 51904
374 44784
433 39893
183 72280
50 71804
382 42578
31 23934
130 15628
228 69624
290 36489
377 38407
205 54807
149 20009
49 60653
153 70497
144 75890
238 40604
20 48076
286 36652
369 78174
301 54695
54 64235
340 30985
387 42895
402 12371
430 9523
44 67593
249 72041
276 24980
72 66356
49 58198
81 2595
2 63398
149 47344
427 2363
65 10890
446 47086
40 29231
120 44805
280 44709
16 48625
403 27336
404 45070
61 29134
289 64780
15 58204
367 45485
88 44302
217 13612
77 23955
140 32764
265 5802
244 529
375 5246
352 30425
176 39035
281 64443
441 76478
205 42502
174 71652
222 35620
348 4814
146 20552
142 19266
48 68556
97 2411
325 36414
63 55997
312 75570
406 16824
433 1869
416 49429
135 21789
260 16851
8 54805
250 24244
390 25569
324 15914
169 38882
157 37398
374 11125
26 42908
212 27551
303 73652
162 29823
224 38348
105 68206
180 16195
98 61518
148 8301
61 59178
239 14174
185 40938
290 40646
32 73032
275 32063
221 34594
160 27923
299 43139
340 67819
100 40963
182 60425
376 35053
316 69479
117 65592
380 40631
380 33403
444 74823
6 10121
182 49381
13 48915
242 14869
127 63556
343 79677
190 50512
428 16207
115 10645
21 73074
111 44251
57 40655
339 31668
425 18893
151 67447
364 47388
143 6136
102 52957
216 35892
395 15144
183 5219
176 17778
354 21096
114 53606
404 20909
308 19668
238 15354
402 61040
100 18844
394 58952
204 73557
137 28119
178 65980
449 52175
439 24241
289 12897
285 55778
142 59756
367 19032
447 13687
163 53409
445 35762
211 55095
297 8069
163 69670
97 1823
55 2
327 65449
239 55765
259 30112
308 51727
122 70225
336 42441
317 72781
45 62981
69 65176
300 45819
361 30792
246 51429
426 45829
174 21217
394 11776
289 77862
9 17122
328 29620
193 63730
154 58725
363 21602
161 2570
345 68317
285 42613
220 7808
284 75758
326 27545
261 16624
52 3023
447 28803
88 10993
257 46672
360 42841
55 60564
406 8876
81 37267
10 10292
3 65073
191 55232
154 54252
175 59880
96 32168
92 16627
240 60336
252 45235
343 8329
435 65442
395 11777
428 79182
419 25918
152 56449
201 6557
381 46736
427 43273
286 14891
154 21507
432 69859
226 10970
164 53593
266 53133
344 80000
67 66712
72 67206
449 61647
380 64149
46 32640
119 28357
251 69899
294 48661
90 68419
420 67434
20 57505
212 44970
54 43134
211 643
131 71902
164 32571
300 72619
79 2250
406 79598
300 61551
265 6455
298 68268
82 24798
315 61614
271 1066
247 284
171 67882
42 11656
19 64252
109 23437
422 35615
299 67620
375 4234
388 64359
379 26023
248 71089
42 50809
52 12554
222 36255
302 63851
154 51293
254 16251
288 21397
97 9068
292 58060
347 2476
320 52758
25 13593
77 34594
251 666
190 55512
443 78912
405 46536
327 23185
47 46142
450 6454
201 825
176 31164
396 64858
264 47685
121 57283
159 7783
95 41131
39 19199
113 14649
106 54856
281 48458
196 5049
252 17080
37 49303
424 44992
291 60448
363 44107
279 69524
174 22986
62 53890
158 11721
9 29961
443 30391
148 25652
267 37436
419 36929
285 64984
79 58517
161 64974
103 56270
416 53181
376 64145
252 56159
438 31527
438 75029
87 22527
306 3670
15 10630
380 19508
408 37623
184 32735
305 29400
326 32715
248 79346
54 70794
363 77068
439 61570
261 61337
353 42164
221 71249
51 28904
336 8384
368 30164
231 21563
425 4200
367 10464
342 77619
254 67805
437 25070
447 4951
276 9840
442 12692
7 41805
226 64804
61 68746
144 40482
17 31090
192 6304
440 76694
383 69915
99 47804
368 30343
305 56135
313 57525
153 21916
446 12498
409 66727
17 54955
381 18684
443 38336
50 44280
364 27765
115 35040
387 38306
218 61462
154 66288
13 34440
382 5381
444 9919
178 50060
