4000
204 11729
191 40845
229 19936
239 24082
152 63735
164 43892
148 26118
75 16086
306 27345
239 54391
14 29685
60 55236
225 30648
264 14837
178 48296
20 29224
333 8426
235 42740
155 51837
201 23097
220 21522
293 47130
73 37959
24 24284
101 46962
288 11539
331 49123
305 1842
44 47422
216 55305
248 54097
74 5653
226 47539
308 31448
215 12955
338 36719
186 19772
80 67538
23 13513
59 67424
347 18557
294 56342
118 58217
193 42901
198 62655
311 43285
119 63430
350 5302
207 14856
145 53819
229 51033
69 40554
73 2958
4 63621
271 23668
313 43310
256 52522
16 66935
174 13770
273 4780
194 43401
244 2512
108 20833
218 26538
278 43351
256 47803
290 988
262 3230
274 3364
150 17771
241 36493
321 57236
212 44833
101 55146
75 57750
7 17740
258 51555
49 36263
221 2917
345 24463
74 16248
104 52274
131 39815
307 69606
55 23020
2 20514
313 52876
261 8904
109 32367
338 42626
63 6959
32 52613
258 13425
208 60088
57 26121
252 57851
265 2601
340 8695
290 39663
155 39056
186 1037
158 58709
54 11634
161 31912
332 13870
125 42151
46 6881
291 29658
288 60906
217 47141
199 63338
28 22350
15 17654
10 29455
273 36576
199 52926
248 48577
347 17343
295 8443
143 66712
321 21753
196 41658
130 9854
20 58761
197 54768
37 14792
311 60055
101 9498
148 29593
344 19736
5 40141
323 49638
234 23257
60 14346
196 56585
312 3177
72 21993
121 13173
17 63057
299 23894
164 23191
299 38965
181 55650
165 44402
154 51764
9 14894
258 19914
201 31488
196 43268
95 4707
270 8016
343 59200
218 18699
199 51867
164 45314
192 31430
113 33431
132 67978
280 33795
15 55425
301 19581
36 66194
229 25282
68 44133
6 35277
66 11567
345 53254
350 50189
84 6152
217 63279
195 69338
166 1625
291 43666
14 4034
110 29402
155 65110
298 20858
207 32708
121 52488
241 22431
229 48425
280 56402
27 40739
29 23830
54 62926
189 2579
152 20984
202 48831
43 25415
323 1940
58 65940
118 39052
204 15798
12 40166
286 47199
254 33313
204 5864
218 14370
347 20986
231 44669
99 1601
320 15513
228 47634
56 16272
117 61846
300 183
51 39270
77 64379
209 25727
228 50408
20 41942
349 65781
3 66536
318 16745
190 23186
255 14974
337 11502
282 59814
170 34192
345 50119
229 58944
169 58780
266 5629
300 1354
241 49033
192 41183
345 17053
193 68036
264 3042
139 46871
48 18924
251 32058
314 47109
129 33994
38 53574
38 38810
113 35954
167 63974
274 881
73 14134
197 69808
330 15080
153 44855
103 64412
198 18589
127 57836
283 2057
134 36373
271 45097
311 454
281 61633
65 17765
338 31834
4 12812
260 48494
233 28519
155 56236
132 57081
330 31220
313 12042
168 43
106 30418
15 21200
62 21513
245 695
254 41970
126 35550
162 44679
89 4759
136 43239
220 7096
253 28867
14 18148
25 28822
308 9622
233 34512
140 62084
305 32920
200 37443
27 67933
157 61530
268 68497
67 26915
235 22949
66 24554
163 41552
179 40159
61 55241
49 68196
309 12722
218 68296
220 18005
214 20626
151 36240
310 58654
244 24759
89 42080
196 30789
52 9393
61 46552
222 39799
289 4743
86 35563
115 18482
102 8771
23 47650
277 28152
251 20573
139 9825
4 68884
110 7739
156 9678
313 59770
118 48805
301 7888
235 11856
282 28094
50 29113
31 24757
211 57908
99 16447
206 44871
17 43909
266 32114
90 12286
332 10475
100 34467
120 17235
13 65566
116 29035
23 33296
305 49122
132 40789
229 42604
162 39139
174 57673
223 45114
271 37175
112 9043
177 65469
165 46000
238 26005
122 31542
115 16184
10 5072
139 32932
187 67209
142 62697
244 48454
76 37796
12 32177
83 47295
191 15176
3 35080
161 12736
189 51081
247 68783
57 23402
7 12247
182 40867
177 37357
294 69754
199 53088
303 39324
43 5751
290 41887
87 36220
245 55394
195 21477
319 15435
315 44204
223 7204
310 28626
291 32120
114 64278
212 28221
96 6204
153 16690
158 46990
242 15373
65 20686
216 22668
338 3785
236 40538
19 57938
330 18959
202 60608
77 25557
86 59631
226 62854
151 68895
245 4609
57 33453
89 67264
122 54396
65 51104
208 44405
116 40104
2 12433
252 57086
262 10348
64 11010
106 53727
287 27706
326 32756
16 45808
214 19006
98 17715
125 28421
210 65895
59 68394
84 13631
330 10246
26 49542
12 35956
220 1584
92 47965
165 18062
214 36665
226 37268
5 16569
333 25393
342 62481
235 61135
325 18158
12 53662
237 21897
350 26184
239 13820
228 56907
35 49145
228 34674
109 13264
104 60463
185 11745
79 33364
259 61827
293 63834
6 15942
78 30108
341 40490
87 61148
326 47996
230 33859
221 59417
257 7000
160 3568
17 52903
97 16996
62 24687
53 62071
80 20905
282 48367
275 69057
294 36188
326 672
154 56929
211 22197
246 12169
292 51703
293 60950
44 15544
44 69010
100 37114
170 69942
37 45344
122 13682
197 38466
191 39392
321 40314
35 12408
288 48818
222 41381
258 39959
104 40476
123 21295
333 27170
194 30856
155 65017
217 63653
332 36567
69 929
285 52452
153 54676
275 17509
187 52223
335 16391
322 53875
223 22795
147 37734
82 35628
92 65867
284 7529
125 18113
45 21373
248 39846
292 38402
309 27003
343 42602
209 49606
92 5172
8 4780
24 15306
59 558
277 37097
196 19416
15 27945
201 51584
78 17809
27 69148
325 29647
350 42040
23 6397
85 5575
264 28103
315 15719
150 29250
157 41655
57 22435
291 18949
134 50264
173 22570
93 15878
140 2420
161 34894
85 53398
301 27398
51 18310
207 61133
260 5719
134 5199
155 41272
348 34217
210 18583
313 18241
102 12265
48 29172
311 2364
198 66030
221 32728
183 67538
213 21949
196 62884
200 33507
6 30790
171 5184
272 2004
86 52243
209 15125
55 54442
16 31967
123 11335
130 1820
321 34542
201 37801
211 55734
104 69450
182 46262
243 36430
146 50715
27 69668
102 2094
52 39548
171 62421
219 59964
293 41252
284 39610
203 22147
8 49347
19 44071
313 34076
35 7605
124 8637
255 49865
314 69809
224 21472
262 5948
223 49613
307 34247
122 35968
80 14853
131 57144
342 66897
237 39243
322 52719
92 2977
45 53306
129 56782
128 49762
192 26237
283 29629
71 6217
270 33726
73 8427
258 16063
211 19442
289 38734
281 64137
343 61523
336 35845
229 30105
71 40148
63 19527
288 61452
60 16364
181 42424
52 5845
10 38933
42 44156
303 35421
83 36945
151 46055
283 26455
225 41110
268 43801
303 41829
28 68010
159 20378
341 40990
323 13772
279 7570
220 21905
14 29856
160 3773
54 55048
233 57765
302 27603
279 56080
36 21743
270 13051
70 68659
3 31365
57 42985
99 45866
79 8962
18 59911
28 19688
72 23745
232 63109
117 258
298 66404
251 24907
308 65725
185 20710
274 15184
105 28841
140 13842
146 35281
125 47614
148 47891
302 23713
113 46611
101 10894
196 17585
211 22739
113 18823
191 34964
216 38688
184 51816
187 48521
262 32748
310 16781
89 44078
11 55099
218 56754
210 56087
219 16310
88 14706
270 23659
156 61541
29 13709
237 52706
84 52954
317 43140
118 68981
94 5373
233 24274
93 23183
165 32648
306 23342
222 29350
260 8764
144 56153
268 23505
101 200
235 17071
348 23156
349 59575
7 6164
204 9032
52 8794
299 43157
227 7751
243 38371
321 42460
67 15999
267 4846
256 1091
44 32612
294 7559
123 60018
88 9726
273 16042
144 32667
322 27567
341 53165
221 27875
42 49002
52 14513
33 7504
331 12330
115 55917
83 48472
327 67116
130 50422
186 59896
327 43510
225 8197
18 57483
333 65186
162 40185
237 67378
170 19699
209 43729
175 55520
195 30988
149 49430
261 54296
86 61569
3 732
64 41597
155 44115
181 61249
114 34317
186 26482
78 54631
161 33476
90 38350
275 3450
249 20752
109 58388
126 49519
88 49264
11 1214
7 38415
124 45990
200 29378
77 61223
94 68844
170 16030
72 66134
197 50894
341 36745
319 488
118 37392
347 30143
274 1307
348 25114
177 10819
198 47126
336 52172
201 22522
200 55579
42 4073
263 33352
67 53149
192 56393
269 57757
166 6681
183 68977
116 5171
103 31599
306 18383
127 32392
58 46631
346 45625
105 32533
317 40456
191 44185
334 2926
280 12203
33 7131
70 35687
116 22342
80 63864
53 6199
256 43033
251 46890
200 20369
250 12098
81 54819
173 6213
79 16376
125 56861
224 63699
111 64898
185 10633
292 32781
14 23968
302 17483
107 7224
176 33624
244 23130
306 64965
189 36035
230 63638
163 68989
26 59921
121 34263
331 42812
349 44187
95 447
240 12558
216 68588
11 58051
93 61254
114 23825
59 46607
68 18735
47 359
152 12421
341 54241
247 20027
190 43482
21 58484
249 60713
295 50636
89 29258
248 29295
269 63818
256 15987
257 16485
2 8337
121 27361
221 42953
114 55541
330 47346
67 24806
117 23984
47 16977
80 8856
83 11639
272 15011
169 32741
114 4960
154 60678
112 8105
72 43816
129 52087
264 7727
132 24592
201 42275
276 11769
195 40121
68 2817
335 27140
218 8214
198 27993
182 65937
64 49829
26 17358
257 40253
159 53410
231 66484
37 12508
264 9718
197 13036
173 19514
1 10538
228 42781
212 36295
336 2031
169 68598
31 45520
141 7820
350 63752
155 58381
161 11983
141 52226
67 41207
19 47415
272 61658
94 4531
73 33815
183 17382
110 35554
13 50839
216 10609
270 69124
240 18437
311 65025
331 60354
8 21570
307 56206
279 52812
292 68456
305 21272
317 42044
256 55492
277 60833
210 37896
299 52308
10 22498
223 20728
274 67993
168 66753
348 8241
245 14881
115 68073
69 9591
315 61778
240 32383
226 19326
1 15484
350 18647
261 2660
269 1545
334 62092
158 46949
184 34863
158 42626
197 67655
319 62782
72 7968
40 32924
183 1205
132 61843
56 3254
209 832
44 9406
72 45199
240 62713
153 21157
38 7502
285 988
335 14789
14 46760
107 33919
40 35620
62 26357
304 2805
155 60811
217 25901
112 30015
152 61581
49 50234
348 7352
333 44778
134 460
284 49064
73 46777
52 6292
104 62280
206 19965
290 44833
338 3650
205 56470
296 39371
46 3158
83 47393
199 18260
120 51133
307 49280
64 60049
347 39838
61 37149
51 60161
222 65938
38 6435
52 5802
11 38349
164 3619
265 8578
319 10910
325 29477
46 42312
193 40177
344 10226
295 63508
253 7102
230 11200
226 21535
250 31483
98 68642
59 67599
31 15649
69 66808
25 26353
48 61925
270 63747
236 61842
167 44290
181 14021
124 12494
315 4634
273 35313
203 55677
334 62596
149 9359
94 7048
90 56738
326 18016
21 38339
15 29341
244 39151
270 27522
4 25365
62 7481
15 27602
28 64042
58 69974
91 9539
253 40714
333 45321
259 53182
58 65329
23 57556
271 5306
138 40817
270 15235
39 14544
222 30351
68 49801
76 39385
17 49106
84 36334
18 36890
301 33945
241 66695
150 51356
225 6979
237 27076
83 54738
344 55829
99 51420
54 41730
200 42019
114 177
303 68244
305 45429
278 62626
237 33777
181 7910
85 47852
285 49791
51 1972
186 64731
42 9027
276 30170
12 21984
296 55255
113 15738
337 19581
124 36814
325 59898
131 4605
124 29314
194 3252
180 69654
236 23404
267 49640
238 56798
50 34183
191 30513
250 36639
82 11336
145 62269
281 56974
291 8173
109 64691
244 33940
296 24362
43 40499
219 49167
106 36664
305 36411
22 11665
308 67103
64 14526
249 39966
12 24212
126 57033
246 58518
123 3300
334 45803
47 42669
341 40526
310 50925
17 60849
294 50016
128 39825
34 20830
55 65504
244 41968
276 15527
176 23001
345 45675
243 53121
234 57463
85 46998
14 46384
248 2410
252 48083
65 63237
180 33709
146 1357
103 38145
223 56938
190 60842
266 53211
194 24679
274 68051
44 1419
257 66467
130 40697
170 56132
87 54950
12 35748
144 43798
330 58998
298 63751
20 24456
304 43778
255 37945
35 53802
292 35447
39 67710
119 24243
184 1886
4 67199
146 18164
254 52778
153 55417
147 41374
88 25349
97 60463
156 3045
266 51901
182 56484
117 47641
267 63323
325 25162
18 14333
151 35002
56 45772
238 45151
305 49439
199 13185
300 19304
163 49099
336 50875
213 32565
163 22748
318 25157
243 26394
155 9440
113 46273
282 26021
265 32842
192 35416
155 58305
279 44919
306 33718
35 21451
43 37759
17 48890
326 18802
141 64996
291 28972
309 20328
177 56037
149 54911
345 17127
307 8023
212 68367
23 23494
207 10827
249 55386
125 372
92 56389
36 45069
313 33324
300 14618
321 55252
336 64368
133 52397
293 14047
228 58739
39 44453
252 45786
232 269
200 34527
293 34103
57 52095
294 22317
346 67509
146 25149
294 45560
331 45885
141 55791
195 2278
229 45969
316 43702
323 12490
318 2723
130 31326
162 68691
109 5453
325 2787
1 56701
79 19124
144 21180
163 23034
259 29448
310 27887
174 64314
296 21841
130 56776
92 18102
14 49582
343 21575
198 46292
212 32649
155 31683
131 7847
219 11027
241 69790
150 55643
193 59871
282 60916
102 26690
101 1258
244 69917
350 46657
311 9572
253 6567
90 46433
128 19935
63 27618
139 25368
304 60423
178 6729
233 16855
225 63749
94 29200
323 54560
155 68329
144 39658
202 3939
225 34110
186 60469
7 28359
263 42146
26 64103
157 66881
145 9354
255 44045
279 53065
135 51016
93 2990
308 66431
96 53539
183 46098
51 56637
124 51723
41 14691
294 4811
141 17048
225 15208
133 69866
54 40576
209 25912
170 45267
110 38719
320 20892
260 48788
203 32335
186 1703
31 18801
35 55976
306 37935
262 43182
319 24006
133 44028
131 38651
280 17051
263 31036
304 37769
10 9644
114 67739
136 28653
132 53297
156 55293
336 48495
309 56019
268 21083
79 21134
54 15887
271 47812
301 11391
297 51534
195 3214
191 23189
125 53476
309 26293
152 36787
43 38133
227 58969
25 65127
71 2230
78 469
330 59457
144 31526
223 49605
327 60080
94 64048
37 16141
91 3719
320 38298
106 26831
55 8950
11 17145
147 54814
181 12748
57 57247
219 4367
109 68766
141 10038
59 16920
342 41592
90 55153
245 38553
48 49714
308 14301
292 61290
304 45318
58 42269
332 30466
224 28469
269 32501
89 28910
336 48438
86 36192
307 17559
34 15501
272 5879
274 54114
14 1837
95 10820
340 50123
307 38011
55 58266
210 7216
286 59322
326 862
9 30503
113 4778
135 20687
289 6046
182 31710
318 7847
67 14105
153 48742
201 37691
42 45953
152 66174
43 32320
153 47827
141 22164
11 14618
322 39547
38 51106
89 21908
12 58162
271 848
317 53706
211 28628
61 45919
112 59171
341 2092
253 53477
323 44845
32 19317
219 2179
150 11393
70 16363
18 36689
24 11051
273 2191
220 56036
16 23691
44 28771
181 25655
111 32959
73 43460
249 53296
71 8067
193 47411
227 29142
300 1776
27 11779
137 52494
51 25175
179 57457
316 53636
179 31679
52 20065
78 68871
230 69880
332 56692
159 22694
311 10999
1 14575
154 19981
42 37844
205 4880
260 18552
275 61319
205 69942
259 33551
37 57388
98 31762
111 95
308 50177
36 39113
174 15987
169 24935
343 65273
9 9495
227 23828
197 33866
76 20993
234 2103
70 64493
32 32053
92 19965
324 53066
340 67574
205 12986
48 39443
171 790
159 69343
347 66799
88 36765
185 27674
301 34316
51 1238
165 47224
304 64897
230 38506
129 53478
156 44190
110 63719
158 11115
2 60885
294 27105
126 50705
154 31569
97 11560
137 8315
14 47306
274 49745
105 32121
238 49763
42 32857
2 11094
189 21019
280 31847
140 55451
193 17192
235 60976
11 13430
234 38312
283 69143
278 4342
24 54832
295 29723
254 46430
199 39593
330 62952
307 11962
139 17254
195 2178
144 6913
112 20156
26 18212
134 15404
148 12026
193 58453
55 36671
131 22681
67 38610
152 54937
186 18208
211 5067
44 64477
309 39089
182 56417
311 68973
111 53535
290 65841
129 43039
8 50408
65 33706
281 39515
207 59885
194 68186
75 37124
147 55026
207 52139
134 60555
296 69204
152 38518
107 59863
323 41671
255 14939
220 39934
55 52382
344 21100
306 17613
339 35591
257 26157
277 6693
223 57133
211 204
232 65031
185 50032
214 65363
163 56055
100 15527
329 62290
230 34729
309 13208
341 3490
60 28930
287 1247
293 6885
243 61220
321 25025
319 32596
205 69786
56 35761
346 16033
45 40469
237 7999
193 14165
40 58330
76 33163
244 47558
199 36873
80 31780
147 45044
42 12906
318 20629
165 56455
199 6556
171 26547
232 814
69 66680
62 40307
189 41977
223 69451
25 15849
189 20871
158 6321
309 63616
59 19401
143 42988
13 46626
103 33631
99 38671
286 50408
123 9053
127 4604
255 69839
197 18673
217 57478
297 53209
90 59055
109 10337
87 15312
168 61338
229 24142
252 44021
104 26603
232 57599
283 45897
349 36039
58 61034
247 2121
157 14902
157 59536
81 47118
119 24324
30 58793
45 16655
23 11383
246 6661
58 69471
50 15642
109 56557
43 41981
282 20285
54 65049
45 11800
139 42243
21 25900
252 49257
213 49439
72 62059
66 66706
17 55822
201 44934
229 19772
176 21996
215 19237
135 15248
247 54901
17 64363
287 50071
182 40616
251 16988
86 54044
236 35520
272 65986
46 54146
265 66952
236 34752
129 25464
249 8241
275 36259
248 9861
269 2880
171 37823
46 21980
61 51958
240 46795
273 45237
332 42613
288 8406
197 23601
95 2813
228 424
152 11138
252 2424
206 10758
333 42788
39 16133
29 40781
53 37600
261 64713
63 57811
163 69599
304 44745
61 25265
303 43904
32 67347
187 39515
116 25001
139 54119
238 54567
168 15440
337 30384
313 66623
223 27133
7 24950
333 69180
177 61043
261 38543
165 1420
126 7301
262 3584
42 14268
220 4256
321 15092
9 51182
295 63038
102 58413
141 39375
249 13665
162 9000
80 34279
315 31625
219 41727
169 40668
86 43971
244 47166
256 63641
183 12941
174 54227
42 25803
148 9446
83 64894
252 25024
44 11734
277 25829
226 24568
196 56731
45 37715
64 30510
156 33793
193 10324
178 66866
42 14695
133 20412
14 24969
105 63567
182 26402
196 48512
79 19499
5 27588
145 53757
11 21645
63 45217
33 50928
115 40231
74 65160
281 36219
317 50381
231 171
295 16001
256 8136
51 47004
320 56925
2 57980
80 64623
38 65192
10 31226
305 67672
165 22698
164 53213
312 35052
157 27051
69 34047
2 3962
199 49947
6 18779
282 20018
146 57011
90 37230
294 37414
339 26317
281 24872
242 45364
304 43970
140 21015
247 4532
131 32278
152 2992
269 20818
290 38297
97 1705
293 40832
87 12268
282 8694
327 64760
12 69081
314 57487
297 32867
214 26434
12 17978
38 58665
252 26835
147 58091
292 24318
277 56907
59 47937
65 18294
131 69412
244 22450
159 11254
293 32418
179 29663
155 65751
192 21320
259 64130
158 44741
86 27488
45 10084
119 26076
135 31987
60 60069
160 66540
159 43681
343 49171
265 13711
233 61292
180 9342
159 30681
163 68479
316 6670
154 22228
75 22441
19 12466
241 47927
83 600
103 60848
215 12697
169 36436
48 35177
252 38310
15 23614
282 21722
246 22074
322 26796
71 68079
21 64578
292 21574
111 34425
215 56935
137 24909
129 30783
191 11112
272 39035
152 54253
213 68772
264 51483
64 11792
337 58402
187 37932
34 14316
37 16384
49 38713
32 28715
310 4615
4 61614
139 68398
340 48021
120 31893
7 58505
92 65835
48 2522
252 35193
278 53041
306 526
319 9941
315 30349
278 58368
114 33990
61 59826
179 32317
161 64422
93 30170
277 28870
224 52654
133 59815
84 57062
148 48903
82 8558
301 36044
297 18418
207 56917
239 26939
43 40531
173 44624
163 53152
318 4219
101 48525
340 359
230 3026
93 42708
207 54610
186 7497
67 35770
166 58082
223 32081
229 3294
33 16672
335 68546
192 66150
100 62215
22 21354
58 52396
248 12045
252 11492
35 21513
118 12065
297 37677
332 53566
183 69314
107 25649
334 37069
179 55476
196 40789
319 28387
31 55239
204 6514
57 5445
242 60022
160 44431
86 42955
267 47542
248 62061
68 62361
99 31314
107 40360
250 42977
213 19518
171 44907
232 13242
220 18882
279 8308
282 56900
26 21600
114 19168
328 65824
197 53757
259 24901
107 34400
276 8233
44 36420
246 28412
177 5990
6 44397
66 60412
79 39452
17 18581
184 22605
74 16294
294 33802
274 67275
232 69932
74 34781
321 19571
289 22437
65 69591
37 4184
343 28014
311 17152
267 50964
217 40989
249 7859
326 48631
106 25123
210 33873
106 32489
317 44919
25 10618
274 39824
127 50757
323 48627
34 67502
277 46244
103 48670
24 46854
321 20125
154 47158
240 24832
219 6086
279 42160
187 59590
120 10896
340 24001
84 50843
284 26999
44 69225
92 29091
138 6580
130 26948
293 11407
176 23841
163 41687
287 47169
84 46914
8 15813
349 42408
45 51328
338 29461
145 58617
13 12447
341 20854
124 67491
72 56283
47 29596
166 42925
78 65731
253 54990
309 26554
156 35058
198 41421
308 56361
146 36204
332 40535
161 51217
170 39919
266 16695
175 45986
168 30991
117 50791
229 1163
168 7252
36 32464
81 31812
36 23784
96 49074
176 35845
324 38128
139 3734
334 63074
253 24239
182 25516
276 28942
166 56942
151 21290
222 67835
5 64050
81 44860
146 21315
330 24903
143 22263
280 42506
173 36354
56 35404
44 33317
83 59969
174 24873
19 50079
318 65120
227 36620
5 57543
52 52789
192 16386
159 66260
152 66625
335 2803
123 59555
210 61584
121 55428
345 35616
246 19179
297 42294
62 29496
169 57902
306 16119
129 55732
264 60365
261 32574
44 62959
282 30644
100 34380
150 32594
13 28805
107 55131
110 42629
160 47519
24 24850
15 25538
173 9121
122 17169
80 44902
154 55479
39 20604
185 37573
19 35617
81 17779
151 55612
75 9301
70 37579
39 33093
18 13001
173 55027
284 11041
293 52594
211 49925
220 11227
209 43308
348 39135
147 53870
74 42464
336 15108
79 23139
30 3335
307 43318
112 41995
258 58559
23 10896
278 62426
276 69586
182 66385
159 16636
315 12726
182 59087
218 16289
246 28585
290 3163
72 63602
19 56489
75 44865
95 56357
190 16643
246 59977
263 23056
107 20864
226 69923
169 6086
212 28198
96 30545
131 28342
123 22982
292 17044
319 46796
100 51846
72 44253
287 50653
193 22326
282 61160
317 34901
75 52134
341 8144
303 26854
298 57390
296 60089
48 38285
302 29025
239 38599
258 60440
183 62794
165 54456
167 28015
58 10776
70 2940
279 32358
173 50832
57 53053
53 41898
342 52587
281 20419
95 13271
153 12059
26 67239
292 66414
109 24581
267 59553
150 66219
17 1634
334 4740
52 42107
345 619
63 35322
59 2729
45 64393
268 28953
11 54180
28 3223
273 60051
75 54248
43 12297
325 21610
24 33737
254 29731
316 13723
320 30603
253 60590
204 3507
245 60337
320 24391
92 17846
133 61131
268 55483
61 13352
315 63587
218 18376
3 11543
278 23618
152 38006
197 9778
89 58142
129 25302
214 34194
163 66190
128 49913
55 47175
325 55476
97 63719
302 6099
1 40410
327 13073
338 15355
348 47052
307 64769
283 32742
180 55241
114 39988
335 10735
104 55506
189 57926
54 5066
90 36552
128 16730
187 9873
261 15407
87 366
238 40584
10 47772
170 53047
123 17898
142 25391
271 58138
153 22171
296 39052
194 33843
51 7399
159 59835
312 58144
231 50364
115 24195
45 592
39 1672
237 36324
69 56144
300 37217
84 53657
288 54315
58 23083
249 17971
238 128
226 62741
349 22174
117 42467
70 40188
349 36572
62 5376
200 30286
97 60502
90 55336
220 39543
27 65805
34 20095
273 56960
82 56564
295 53066
215 155
112 47054
1 61882
222 50717
330 48307
282 21340
164 8966
69 61471
58 4353
169 62289
86 53698
29 56177
94 42647
338 34456
148 66507
237 4250
49 3474
294 44033
231 61320
120 52833
214 39992
268 17835
101 69192
150 48514
38 58451
3 40326
177 60452
326 7142
259 42880
307 64249
116 37154
65 66455
135 53307
345 2796
318 45654
238 38387
130 58642
33 4607
229 2349
42 59148
231 21991
161 58785
305 41066
243 68288
197 6228
336 4904
234 28879
350 49988
65 69731
138 9848
181 24145
174 53609
251 13969
227 28542
346 19900
34 54769
55 43169
125 27294
73 69081
158 64706
16 19996
194 9947
251 62208
249 47013
331 66714
285 39094
306 57296
214 43807
152 28304
208 30956
64 3675
292 56281
212 27463
181 58503
286 51294
174 13963
349 15578
310 40711
282 16764
28 810
298 34336
123 15763
76 49032
13 26907
279 9460
145 32996
288 66832
122 65829
178 64562
218 58525
54 56779
232 14122
339 5814
102 5387
131 20306
124 10572
325 53050
328 58228
5 19108
74 17270
113 39018
276 39901
4 13221
325 32417
164 3237
28 29260
21 67750
84 15316
212 16886
76 5311
274 22460
35 48831
70 46449
294 47456
5 54763
41 28355
215 33723
22 31118
119 58770
347 65422
136 52857
231 25754
282 49563
250 17303
152 4077
143 54007
232 47265
341 8293
71 57754
8 26403
166 33186
89 8988
197 66225
55 59665
24 7328
82 8515
99 61242
185 11725
307 53482
179 28721
290 26339
98 35777
186 33801
237 5958
17 47792
55 20502
132 33637
333 43581
165 24964
167 68708
87 16316
8 40126
84 57010
136 37752
107 42297
278 52844
271 60226
211 9359
92 58351
38 33785
293 22549
138 44407
203 51082
49 10005
329 52595
140 62533
50 63304
177 36690
227 69682
98 6484
145 788
269 69058
169 7881
116 69059
76 54580
130 64306
151 13804
338 15368
166 50519
261 58210
198 323
96 268
120 13265
293 8334
88 53411
34 64238
223 64513
38 39888
244 17680
48 21913
65 14711
119 64693
140 63828
306 51757
309 68611
17 67018
87 43571
159 18222
113 28983
59 37032
22 44747
307 8993
161 4735
190 14720
89 51218
320 69460
52 64653
337 36732
210 19181
273 34540
212 32172
154 17122
290 775
6 1055
323 4683
293 22160
334 57298
103 69513
254 34044
230 66829
19 50385
248 48940
323 15878
178 50363
211 45330
285 6675
326 11584
135 33631
14 14591
119 27521
274 65917
122 57189
328 57614
192 28767
255 64654
16 28569
52 21040
308 35951
239 60783
240 44400
9 18089
301 1573
200 36431
162 49461
64 1760
55 40787
114 15637
261 745
330 37082
9 15316
306 57453
8 9496
164 5275
61 34422
226 54152
278 45471
292 16962
25 25910
294 7838
50 20465
300 43866
350 19402
23 667
252 45554
117 25219
94 60314
267 28375
9 58998
288 32788
174 41019
128 41349
178 69422
304 36494
107 66935
37 59109
273 63823
260 49669
71 54514
252 4708
5 28971
221 41717
72 11368
175 12775
214 33317
125 22580
35 1166
230 18111
254 2878
196 56933
338 66737
207 49673
33 24641
68 33318
103 39663
91 1815
285 65737
14 17789
86 43148
315 65434
319 47373
317 66369
312 19714
253 28852
7 64657
296 32078
155 52362
168 21556
80 49350
39 15273
155 460
11 1428
158 22462
40 43129
252 29950
317 38392
134 42421
282 12204
196 66873
131 2824
70 41181
340 41430
124 68669
30 33647
292 23805
230 35419
188 13758
57 20914
11 54636
139 18746
80 5493
21 23662
112 23583
161 26271
258 41008
114 18158
283 11267
337 38786
120 32906
183 19789
193 57205
199 44217
325 23676
75 29914
339 66100
137 23788
301 28336
204 23832
194 26902
71 19588
68 52330
223 590
316 8572
210 12377
327 59932
237 9616
342 36354
259 55813
282 13226
243 53776
269 5858
113 62035
312 63149
146 9621
142 39741
314 61653
254 153
93 1565
86 34881
241 43555
225 36792
187 15904
327 3965
251 16202
144 28345
199 20444
290 13490
327 22105
123 16992
114 27881
238 45901
156 56456
113 34487
226 47022
104 60881
4 43519
294 12807
113 55841
313 52378
81 39735
270 40552
284 58983
227 37051
272 31821
30 1569
239 15612
255 36261
87 37208
64 5918
116 41372
266 55590
294 10329
46 11513
295 34968
84 10792
281 2407
54 4508
237 27338
66 47818
329 49803
292 63941
315 8170
68 7065
115 61963
17 39670
191 53871
44 10967
30 49226
115 69784
48 12172
278 12293
285 25598
196 64504
210 61603
278 31075
238 68336
57 32291
8 25002
271 40468
72 46154
118 27073
291 62444
253 10293
300 21782
156 46365
209 69280
57 63314
28 55303
166 68915
106 49925
82 19172
249 46039
77 60918
192 64232
162 69742
110 44318
14 49090
14 23032
80 16275
309 3986
299 18880
168 55174
151 46192
99 65871
229 17566
26 53933
90 6324
337 14996
202 17801
215 38072
82 37039
138 16152
48 62588
250 58029
111 64417
271 23150
230 11812
54 7419
120 3641
148 40531
138 38837
110 43271
288 20414
5 26051
272 20955
319 51879
311 8604
79 48962
206 49275
106 14240
47 22636
198 56960
60 36300
32 29165
289 68750
102 26196
329 37763
186 35304
1 14911
231 49266
17 34100
102 47120
188 8086
79 69676
294 40483
263 15011
274 31769
21 57311
32 53857
11 55204
64 30918
66 6097
233 27510
35 3190
86 61959
261 32715
14 5045
243 28946
88 23747
118 22082
213 50689
233 18844
236 51958
223 5404
266 60611
38 37191
55 59516
42 24581
305 20346
249 30781
151 8744
53 48280
154 1228
35 47009
181 38490
333 5880
260 3992
19 3669
76 29998
253 32268
3 22539
66 24183
293 20023
96 27644
127 185
346 54002
192 63899
46 44036
171 15672
156 24965
47 19303
297 1139
127 17637
237 68942
23 57102
35 36659
91 50034
9 37834
73 5731
336 66667
59 41316
276 65433
319 39938
111 48551
155 7632
174 23010
170 14623
222 5741
254 57420
323 16304
246 40266
221 56433
254 68326
202 53687
333 26584
185 54876
205 24885
319 59501
179 10909
149 28424
267 25120
306 2032
208 21645
154 36040
268 27069
224 47032
84 52946
15 25012
73 10572
299 22444
208 34923
156 64925
262 62413
153 28788
221 61351
218 37962
189 6119
307 47966
307 55086
164 52681
40 26968
55 36284
278 23413
202 38760
331 12004
33 65064
21 32713
203 55252
145 1327
211 7520
188 54357
220 2067
8 68644
53 51701
309 11937
251 32222
236 2541
46 54263
3 21604
91 42592
173 50993
106 21501
306 50275
309 61279
175 23151
103 51249
82 54145
300 53026
161 36410
208 32682
107 40836
267 11390
343 21406
105 34635
19 23570
172 29154
325 36809
110 10815
337 27553
295 41445
38 41796
16 66643
215 15080
216 43174
318 37979
289 62550
40 42290
268 34177
153 53774
245 13883
203 58500
75 1869
141 63036
322 25406
298 16140
295 31171
228 58037
137 26809
306 431
247 4595
227 786
324 17234
106 28451
239 34542
204 35240
23 28443
253 62648
189 68593
337 1710
201 33786
316 58750
273 58896
280 67283
332 51934
31 6263
84 24416
259 12643
344 67627
229 32796
265 18295
101 9532
19 20011
189 2231
265 18283
70 44721
308 60174
42 46651
221 16525
128 65840
125 13305
247 63073
345 69184
19 987
26 55941
104 37276
254 26628
295 7985
217 21504
334 23505
199 21767
55 47295
5 11061
200 42881
216 13044
283 50069
92 30158
71 55229
98 24002
151 20861
146 58281
166 67387
64 29067
324 45073
118 69409
17 48425
114 63760
214 42796
16 17901
37 52971
147 40560
317 16277
174 6549
349 13229
322 57442
317 6731
118 12597
241 44008
40 66806
92 44896
151 1651
194 61023
158 52846
138 66251
261 16437
27 38139
222 52099
260 59127
246 25432
255 39422
292 13857
66 34914
237 23296
197 28919
95 5650
102 55647
186 49708
119 46224
49 43740
239 19001
65 27374
118 62423
28 26474
122 47371
50 35125
239 13761
210 6829
250 48807
236 3541
221 38739
35 60514
105 4942
263 23204
49 50080
78 59289
337 68094
265 34232
314 60354
20 48732
61 30457
87 802
166 8390
184 46452
343 20056
221 61255
332 39508
312 34234
9 43742
187 24158
125 39759
18 39945
267 44871
33 13454
305 22453
28 27686
277 17140
240 17814
135 9547
284 21
271 62264
220 68852
260 7096
165 23942
312 29661
17 19955
227 54284
170 49303
340 50846
198 23027
255 57920
234 51899
249 32081
279 51336
285 53095
137 60944
168 16007
178 65203
111 10313
75 8761
289 10892
105 16876
336 56357
31 61534
249 20125
224 42907
215 15376
290 55921
327 38821
270 15968
90 59732
284 48739
282 17772
264 24543
214 242
188 64551
107 51538
20 53256
168 54797
38 69281
227 49759
241 48637
311 49232
65 30010
170 32768
334 28381
106 23625
306 65541
48 16321
280 55742
66 1428
58 59684
136 29586
132 57395
303 6227
36 50229
219 12783
151 66335
282 37363
52 50334
90 11180
221 66147
178 39193
317 62889
17 48888
46 34732
289 37521
172 21293
346 42856
133 45404
230 66499
253 31691
66 1784
192 592
196 19918
83 31071
219 68720
73 31470
282 1347
219 32168
237 64233
151 33151
239 64017
321 40199
78 65075
166 5040
320 19465
120 52422
204 58101
258 46782
87 26265
121 56367
85 69674
124 49903
255 37276
15 42697
286 26076
139 29699
123 67329
7 43330
311 28324
170 17950
335 9481
279 43995
288 6761
268 39496
213 59322
347 68705
272 34240
172 52902
102 8172
97 13296
279 22228
68 55265
213 7420
118 10757
131 16128
343 16901
155 200
294 42601
22 54845
114 45599
112 41224
139 12228
72 4888
179 65817
121 38658
110 8818
76 50126
204 62812
150 42524
319 39615
168 20973
331 43741
273 1392
260 11632
10 30893
66 29140
328 12120
131 47400
14 39048
350 17540
34 30675
19 50851
200 61095
281 51413
205 59086
97 43487
341 58949
221 23256
188 8527
14 28975
221 42733
129 18803
344 67866
269 589
296 33775
143 36189
93 33430
178 68712
170 19805
187 28068
348 47987
222 52073
87 18824
110 41559
99 64142
142 54508
178 50928
24 60129
286 37659
138 5569
247 47447
3 54170
97 45554
213 50272
178 10551
271 2397
115 66541
268 49909
110 50608
38 11940
101 29121
1 25168
97 56071
277 68490
24 51072
307 33175
74 51586
295 59600
267 61262
185 61334
8 37802
252 23099
233 68395
78 59661
178 20848
321 32006
311 47821
287 4548
259 53392
155 21992
65 14332
40 32915
155 62874
109 22119
270 13648
2 57000
239 49368
32 18296
247 13510
143 32149
286 1572
73 19513
254 47611
322 39386
122 57545
248 42493
192 49984
152 11908
150 56344
313 61865
214 53739
209 33073
268 42684
31 36688
305 57557
183 67071
43 28580
316 18875
264 33795
235 53274
232 23013
52 9797
155 64253
114 64130
275 49630
281 49223
143 49092
155 46476
277 35563
238 14378
217 23059
112 8961
169 9114
298 66578
294 42593
235 49635
323 22955
235 11093
13 43198
212 52232
343 17766
40 68049
44 54994
185 23957
258 33421
144 31883
258 29403
275 20489
198 11740
209 60003
118 10256
187 25579
49 49086
203 55641
347 33047
248 40936
285 13717
23 21497
273 1024
2 26906
328 8856
239 21790
339 6347
311 18756
39 10186
348 39150
284 3208
232 61558
252 46059
154 61376
241 56141
82 30331
45 43672
105 452
145 13420
71 18354
193 8034
279 31
298 3278
6 68127
57 5581
194 44919
49 63035
31 7651
227 38358
109 8306
343 12625
303 46957
68 24107
216 7321
15 61560
29 14479
265 8017
75 33781
239 56236
344 41439
292 5372
197 39328
310 47107
129 55061
124 838
178 57136
51 31125
70 20900
69 63031
318 27656
277 58163
10 16494
328 39010
5 36202
103 1091
108 9139
344 11639
178 1255
141 4989
130 12165
233 27033
149 39891
314 51586
103 15935
152 12335
210 66430
151 39092
266 14838
4 60318
156 8932
191 51120
347 14267
331 30878
93 62924
54 27893
13 37400
345 54567
311 18973
47 26345
45 69381
307 8330
258 5474
305 27817
24 39029
63 28630
281 66208
57 42189
157 24502
189 32400
286 58746
42 22818
4 13610
257 45900
243 2692
294 35351
1 67777
146 10141
121 52736
310 63715
26 38756
260 68992
106 37846
59 43110
218 19915
48 55470
258 61490
246 59702
159 58482
43 40476
101 49936
302 61145
95 51958
228 58339
249 24510
209 51526
267 52468
334 5120
95 12346
244 499
109 27637
316 69400
134 5770
166 41078
299 21144
116 67242
80 25497
281 46237
291 4203
220 27039
9 29489
19 38608
220 29855
171 2808
117 18033
259 21350
235 34771
160 44403
78 63608
305 66138
109 48535
264 63822
147 64344
47 13917
297 6094
350 34793
200 48758
300 7682
325 37668
191 47996
143 6919
18 6115
42 63984
139 15326
64 41113
227 40931
53 5742
33 57262
145 36683
20 6900
210 7141
125 28283
121 21756
162 27380
320 29111
311 33505
305 43611
219 718
210 66094
155 32929
39 32324
304 61133
168 65443
232 56138
233 28756
200 44010
97 14461
274 12746
17 3083
196 18401
210 34653
239 52510
235 7556
11 11896
44 31001
230 55979
326 53354
223 32792
110 21774
66 13982
196 25034
101 34989
74 55546
257 12844
27 61634
124 12143
111 11964
300 59851
304 4111
233 69611
147 20273
135 60768
257 25474
233 64030
317 10181
40 16397
258 8988
312 28866
94 23247
54 28401
177 16269
37 65794
171 27795
211 16683
321 7508
89 57510
259 55627
79 42348
202 67562
294 14733
10 35752
2 46170
140 19132
127 42615
83 51342
348 55774
116 34188
244 7778
42 61088
316 10817
296 27367
211 40887
218 11800
182 54991
280 38870
98 26740
174 68193
148 53368
282 54896
335 62295
289 69914
209 50525
31 9666
49 35284
50 50088
303 46720
3 1638
230 77
95 32755
259 16717
180 17529
155 30887
247 63863
332 53544
37 48509
86 56153
52 2736
235 11578
306 38951
168 6940
265 15436
167 34969
341 39193
163 36658
77 20580
286 19032
244 27579
163 67860
23 34167
147 62302
127 31220
104 18227
346 63414
132 7140
99 49087
209 45469
228 19418
325 11184
98 15012
168 28197
310 13905
49 18805
137 23111
152 33163
210 8981
232 29660
342 38028
43 20483
199 33152
88 64440
13 67272
179 50248
94 19703
239 21480
129 35403
141 42552
18 54822
311 60713
133 24648
303 33017
162 64294
83 8454
5 61332
197 56007
200 50140
141 44248
92 19599
35 44745
17 42295
73 8302
175 40881
109 56546
104 4722
177 43118
142 14585
218 7188
249 21881
77 54985
143 10190
212 23999
75 40048
130 4944
128 7731
190 32055
305 49329
76 48917
333 41064
296 39732
55 16448
95 6233
185 50680
69 18585
34 31245
200 37825
89 41793
241 21262
299 5530
329 53585
279 20733
280 26718
271 33090
116 40559
292 40389
41 749
159 21393
109 25656
161 49788
189 42308
179 12466
120 21256
235 66145
156 19561
144 39612
67 5781
201 63580
293 32778
79 9753
64 9018
183 11242
59 46591
274 61649
242 67133
34 35951
191 34981
96 45998
306 45669
1 67669
243 5902
30 6845
108 4871
348 14587
318 35521
170 28312
25 13752
55 2322
169 16640
309 64145
25 37956
196 58047
235 46169
306 51917
227 36293
347 59139
233 22049
165 3769
198 34769
159 52448
173 38042
63 57165
96 7036
134 48985
192 16940
187 50651
58 6641
232 38297
209 35062
2 47708
230 37985
96 57744
71 62039
305 33988
337 38693
350 26226
299 23062
274 4353
138 22591
34 62495
87 26874
272 13631
289 8988
279 28146
40 44196
64 19934
320 33531
217 13289
233 20605
92 47011
211 28859
108 36635
341 67193
125 56256
124 48973
170 38408
137 5455
184 7622
137 58521
119 19814
87 37225
198 48099
290 38534
120 10398
52 64553
85 21652
86 14020
194 10718
267 45921
255 10167
123 10105
317 35971
46 2068
70 21575
325 47522
250 21434
38 56684
327 27494
143 47274
340 28128
211 30109
116 10191
55 52556
164 45673
291 68625
136 55982
183 26567
123 46276
164 23502
183 3741
109 22284
95 35773
65 28045
34 63360
229 27578
67 58880
52 39818
234 52512
138 40571
146 30361
306 48026
210 21196
24 55
196 25800
54 8395
339 52871
289 11577
227 959
151 31077
103 10239
289 6492
329 62237
315 69906
269 40569
268 3678
168 37193
32 27966
129 24753
91 52101
119 31171
9 27456
6 50732
350 69672
286 19015
97 21454
109 58384
17 33340
110 46558
58 35481
139 35520
180 49883
313 47253
337 19469
341 45647
132 6421
280 15349
195 25402
325 23505
11 14388
126 61788
169 15973
58 57872
215 60703
94 8661
32 58187
290 2836
34 62896
106 66465
101 33610
170 55788
36 20828
350 50926
140 68478
83 58497
176 37432
33 57579
104 7542
160 19157
238 23640
251 47228
288 41636
22 48887
180 47956
339 17408
284 48645
329 22676
296 56477
62 4899
305 36816
192 4655
83 17692
339 55267
156 37747
271 38601
243 64411
262 28003
232 40036
265 57647
154 54511
27 796
240 30437
282 39516
242 1721
146 60608
207 25913
292 27265
125 55605
226 47075
139 37474
323 53141
152 39145
85 49672
313 2211
178 31768
99 62063
189 5693
68 10434
176 37524
94 56970
300 23031
22 25699
160 53256
51 31007
83 48163
252 44793
62 64352
200 52870
152 9795
107 45341
55 35975
174 51011
321 33558
78 49287
118 65641
253 33547
287 64011
130 28903
201 51205
91 28375
140 46288
146 56127
71 37473
23 44160
194 11523
64 11016
107 33120
313 29156
195 4405
57 30464
320 25831
228 36124
108 21295
74 14911
297 26021
345 8090
173 61077
237 14758
266 3331
253 40061
54 56134
234 15467
240 49747
53 50415
150 17998
314 63343
124 3319
191 11559
169 45454
279 18813
144 24261
298 55580
327 51033
111 57110
323 9612
198 3936
314 66030
23 48265
78 20404
159 53539
200 35098
163 24361
225 35605
342 31757
244 3487
89 54664
219 13603
39 28458
27 27802
44 48483
7 8213
14 45279
281 15802
127 45840
341 41634
167 25957
91 56214
310 59180
30 37043
128 44528
268 33519
346 51272
39 32622
26 44919
193 49142
318 14553
109 18515
305 64478
89 30823
329 30532
349 47039
153 38443
189 26148
100 10520
35 6951
219 10074
344 55743
339 61536
288 19744
131 24596
119 35425
161 50099
43 25184
208 16017
40 20150
171 8773
38 26876
69 42144
282 28806
283 24991
272 35969
110 24189
66 61253
209 8186
190 14495
1 52917
148 7177
338 28349
7 43138
325 47521
204 42669
214 9932
185 51234
48 48377
210 8039
215 11800
46 54363
8 9843
106 34827
274 17638
156 20836
243 61011
283 50509
293 4283
218 25221
246 46986
83 32224
186 69693
166 43883
269 1258
6 6054
222 43093
229 49053
314 30060
125 50004
336 52418
251 52555
97 59839
308 49459
310 7092
315 51889
178 61834
129 14934
167 41142
136 4912
22 48593
218 4886
16 2335
269 16792
