5000
295 4918
210 68179
350 21473
112 69609
216 34905
212 55619
389 5018
373 43637
73 21919
388 60870
237 41407
322 49735
28 59876
36 20834
279 17608
294 35956
177 9469
262 40766
52 31925
100 28141
170 13251
121 14636
37 37903
109 22865
360 11116
158 68099
395 3218
80 59516
27 20484
40 27357
72 35801
224 6009
229 37507
247 57887
91 10835
158 36524
326 28989
283 45729
86 15066
313 32165
368 24120
22 29728
315 28795
52 10454
275 44655
137 44238
345 12198
287 32142
241 34142
325 29826
211 63086
316 63662
203 37236
91 6218
249 58430
235 26326
193 64238
315 66401
396 42630
77 37550
213 41037
375 63079
221 60152
20 12128
119 33244
144 26293
157 39065
272 68632
105 47202
7 8589
141 16894
322 5585
76 17718
205 53376
334 62156
395 52462
16 45887
227 45226
113 65486
77 15615
198 42895
89 63857
231 2908
393 55670
48 55703
273 20912
18 15895
206 55804
351 30436
77 8529
65 42070
367 57221
388 7650
28 18563
247 1550
28 17408
95 63245
367 39457
115 19468
151 9592
113 60455
393 48440
120 55828
208 44249
188 17889
105 21587
374 33522
200 60170
177 66301
273 49106
222 65988
64 45455
64 65144
291 65400
17 15445
90 42819
75 61788
109 55727
144 48613
102 50700
242 15206
387 69676
28 23026
198 22594
215 64003
85 61021
374 52351
298 5512
59 19491
179 17353
175 48663
163 2728
14 68912
127 18772
24 57617
370 18506
66 49584
186 2318
243 61733
281 4130
199 40526
69 53837
175 26262
376 28294
79 8831
113 36877
367 14003
321 1742
314 36945
254 37668
162 33606
276 65629
235 55946
31 69615
91 5086
50 61800
400 11752
387 14690
154 27557
220 52326
252 25338
268 27941
96 4621
20 68937
80 42534
395 53079
318 4615
106 49456
316 25207
32 21831
277 69025
272 66512
130 45755
62 52909
6 47393
357 7252
227 10606
276 40831
114 55402
236 28751
303 47826
292 64895
138 64929
70 65727
56 20798
63 6301
80 41556
371 32743
238 22880
310 12114
35 49523
308 32666
195 34789
362 68226
149 46933
106 5050
215 22233
251 45600
248 60879
247 47245
348 6945
219 8081
284 37751
11 67141
243 44920
235 2582
81 2885
135 25446
12 7662
332 30956
58 53896
189 11002
72 28107
79 62516
215 14186
253 3791
106 52493
101 5249
281 17437
328 28220
209 28502
318 11451
305 6767
368 33913
142 27683
12 61701
32 26880
101 38452
115 8173
145 59826
135 29913
217 18711
129 39224
203 57329
248 61967
11 37639
200 8932
366 8048
34 19561
110 5469
10 3678
26 7774
167 3334
307 48324
359 54985
63 63155
185 18080
89 65505
65 11193
367 1445
167 25833
51 57632
200 39326
75 16740
308 48333
210 58437
238 2285
356 9837
160 1284
5 68746
52 4033
123 15734
92 12801
79 47720
266 60186
32 67327
217 55925
33 32622
194 11472
358 32594
39 18705
90 52461
221 68819
284 39243
186 57228
93 6600
11 62136
356 54888
48 25249
267 52169
125 7811
367 22100
299 46534
115 27611
293 55516
302 9977
332 69766
152 58085
164 458
161 67400
181 52704
314 18522
330 54240
234 17565
341 59334
235 44419
297 28299
331 61772
286 5496
299 25207
33 26964
147 62684
226 19905
363 4003
244 41024
227 11621
1 62395
397 2465
3 13443
110 40139
347 23461
353 9465
286 49541
131 56239
259 824
216 22974
7 47982
261 29867
345 12675
4 9489
158 54182
99 66609
206 36888
229 58457
69 18956
111 62326
83 53562
332 52877
365 25221
282 437
265 42918
346 6
214 47593
52 62555
258 40184
353 20994
273 19711
256 21169
317 42887
385 50735
321 25897
13 48682
348 28790
44 55930
292 30264
61 39799
65 52758
114 20354
254 15940
129 69902
171 5780
180 22254
238 3297
26 954
301 6193
52 34113
117 40912
360 37225
71 16025
50 20474
37 17400
94 24796
41 3512
303 140
15 55765
267 25700
134 4341
124 7499
323 45791
241 33076
174 22759
395 20809
355 59866
81 33260
18 66239
108 67991
399 26223
28 64577
131 37658
129 33617
233 4766
34 57088
274 39418
122 14506
322 15323
389 3931
369 47641
120 65638
346 54736
39 46504
319 3543
12 60330
291 42232
199 50360
94 62830
312 3190
365 6432
71 56361
400 64936
284 42921
90 56459
215 44349
164 51801
186 33787
91 18823
170 32580
349 15395
225 52486
112 42048
31 58527
379 24792
101 3114
106 46442
376 14170
334 18911
84 59569
379 65634
310 36262
105 19546
337 53585
276 31339
186 42905
204 36654
268 13541
6 4141
5 8599
280 52678
358 51327
161 54768
135 4511
286 36019
81 30377
102 55393
211 40500
240 17578
269 30018
311 43886
232 2900
349 7543
108 64027
133 7902
200 15142
231 63000
397 11760
352 46342
227 49854
176 13527
292 1103
154 21424
12 24955
215 952
127 17901
243 39936
130 26951
159 32177
257 29510
269 9577
264 33959
375 37859
106 30859
73 57421
205 10676
322 11644
347 32462
55 42757
243 30981
16 7116
6 59653
57 38528
75 7712
354 55242
75 2218
127 4495
245 1430
57 50
123 856
123 3682
180 50398
214 2105
248 26694
269 52110
167 62754
106 56660
306 36371
55 18670
352 25852
118 47882
154 53052
106 17955
64 15262
347 1676
386 46925
342 25100
168 65781
347 8834
154 48030
173 62978
392 67790
293 40002
132 26758
255 2915
19 7742
395 46059
79 57208
398 27526
328 15349
63 69998
302 57784
171 63092
313 9294
33 9647
322 5740
22 29350
199 44849
33 59226
186 51911
48 3988
66 332
114 29843
89 60800
124 44448
125 54184
164 1902
400 47857
184 24456
103 58650
360 17924
110 65210
200 41754
242 11447
255 37519
38 51483
123 14240
351 69997
218 37763
40 37327
82 48856
15 9641
331 8913
326 15660
79 58046
51 27268
177 52228
384 56778
115 22360
363 37296
46 3451
359 42105
142 3084
330 20914
116 5627
61 63105
146 22736
319 7729
322 61638
226 46569
160 62681
204 58192
299 59452
263 16372
392 24462
146 69912
94 20207
350 36945
251 36386
257 15198
302 13660
103 52178
203 5678
12 22062
91 14568
131 28352
297 17960
34 68558
342 54645
52 19003
69 35767
5 34539
96 46358
73 24332
129 49840
358 4059
154 62258
342 40115
62 22982
70 42161
117 21623
345 53414
44 37171
134 24179
226 50237
101 22616
92 10316
390 23159
179 12118
106 38708
241 6544
88 14074
135 30572
90 11910
249 69977
253 5357
256 44530
69 39725
216 61729
326 19424
224 62226
188 6484
333 43048
340 67301
263 1048
353 38197
217 11448
40 21241
309 51019
323 6646
398 11634
338 44687
333 52943
118 13206
61 57889
276 20106
47 44535
184 68556
182 43742
383 44481
108 58578
172 61707
59 31164
356 22883
373 1801
386 37621
141 44357
132 27482
139 4123
268 60130
380 48564
159 13359
47 718
233 36604
201 40853
24 25357
34 29011
269 68314
22 35104
350 61485
134 57984
54 4867
212 62371
323 49547
234 28152
215 881
387 25746
184 6695
224 65450
384 16559
69 54905
222 54802
282 18849
19 21506
347 48387
389 67884
216 25867
79 69662
373 35267
303 51727
330 66332
104 36947
148 15862
318 52785
355 62481
236 49712
203 3606
241 42199
259 46116
254 17798
248 10223
9 56263
267 3486
222 20341
383 43334
89 53748
140 37791
125 39237
47 47188
145 47440
103 60002
157 24009
313 10250
81 21877
301 8260
174 27709
399 21146
363 15014
207 45328
210 47434
226 5638
368 69019
335 36277
200 47013
226 40817
145 52263
220 62513
259 22441
385 1474
142 5037
297 36619
340 40518
15 14950
202 31835
181 8269
379 50974
254 68953
388 18013
99 39425
41 30439
335 56844
222 69348
307 19477
383 35721
242 57923
281 4734
341 21610
239 60464
89 25684
198 63302
348 17749
201 22984
196 29150
230 6365
200 4497
302 29728
309 16361
137 13265
186 49657
48 2374
12 4416
17 54394
19 24571
367 10339
171 22761
191 52644
277 33414
268 56591
227 56945
4 35090
271 12846
9 59306
340 21160
193 66859
35 33464
390 57582
240 61601
343 67816
195 5920
116 30868
199 34814
70 701
62 33670
277 38483
379 47461
320 33540
375 65996
105 11404
237 24153
326 36517
221 52430
321 36147
221 53345
297 7476
227 26046
367 40379
220 30305
378 49211
281 17963
275 39563
77 59716
217 36449
32 22853
78 32469
350 17332
297 69750
57 19732
114 40485
323 57731
217 1642
37 17063
319 52041
91 46798
251 26243
293 42679
310 45774
23 27017
80 42218
298 26844
345 26228
169 27124
152 12742
5 16903
296 38371
130 45657
390 5759
152 69562
4 8968
274 49241
57 11514
242 26717
255 17271
283 3916
211 48350
182 12955
265 33794
142 45522
277 42258
147 67870
387 57753
107 17224
224 2677
268 47273
31 67848
179 33499
309 35115
273 32544
157 47230
280 751
100 57710
275 50146
222 56249
123 28952
16 968
35 4364
19 11416
189 50565
168 1035
338 34705
94 69975
221 8782
238 3044
113 13727
32 66
303 36739
370 64285
113 9768
24 39916
306 10156
263 36383
307 22131
185 60281
248 13760
140 5907
312 39106
163 55871
17 67645
228 19858
370 20289
8 64695
399 14038
62 12435
144 58136
40 45332
82 4065
76 69153
293 63652
148 43616
124 46961
318 57749
64 44783
109 55564
125 49094
375 25274
132 61554
277 31067
56 25379
374 52957
97 33831
236 57669
331 14167
142 32322
104 50085
228 22137
122 51018
318 37592
313 20132
109 29028
19 50148
104 15664
119 36998
136 66824
298 69608
156 68191
99 29653
359 6393
398 22627
13 45049
252 17749
121 4369
144 63313
154 3651
20 22028
82 47039
258 38319
261 67231
28 54248
240 62119
389 36485
159 3395
198 64935
262 1667
186 28467
121 44841
225 27803
132 59957
160 62675
276 50476
272 43656
347 2134
27 13938
305 48791
242 57994
365 35663
26 64856
176 12932
106 59703
282 53502
287 18316
179 14371
104 18263
116 19240
42 8509
235 1490
61 10817
395 28061
173 16419
233 60386
26 12347
288 29107
56 3734
286 16324
32 24362
212 25776
77 23965
90 38180
352 13056
57 46653
268 48897
111 50496
187 30961
63 21823
167 37162
158 5499
258 38280
152 54131
111 36229
120 20901
374 31386
19 27755
196 31093
190 18391
105 56481
83 23163
24 47505
305 19968
362 47648
361 5467
348 57074
49 28434
332 67138
101 15898
128 7838
257 52468
255 9683
264 33115
389 3391
32 43062
115 25432
3 67993
173 54110
256 30194
315 64608
344 61213
233 57011
17 23746
359 5424
135 33323
25 28154
86 48355
296 64494
1 44837
223 62074
302 14317
207 42191
136 60209
396 59936
124 7366
253 612
396 30357
272 54164
399 4666
291 28205
350 75
44 12677
57 35317
226 29939
144 8296
82 4142
298 15748
316 23448
274 62427
307 44760
197 12315
112 69395
5 31401
399 36418
169 34052
289 41986
139 45613
296 4512
297 23251
14 10310
84 54028
63 14733
36 31924
138 40193
209 15736
84 4269
27 5902
37 41744
180 45644
169 54681
257 19805
176 18857
61 31787
142 25444
22 31881
299 13446
205 20175
373 63616
170 64942
121 19662
342 44772
382 58244
95 69282
298 25111
328 49021
171 19808
214 27346
336 35530
52 10076
156 41548
176 41850
394 29374
316 19516
164 66469
30 28421
250 66562
128 64884
385 28651
144 1090
209 10833
81 62630
391 51759
377 67344
81 23348
225 47869
84 9072
104 2883
329 6478
384 56882
300 15285
207 36155
108 38127
95 61660
126 64523
62 24382
154 29327
272 21657
331 7347
88 28937
35 40313
50 35369
150 3890
173 32109
394 37555
329 66867
45 40210
349 5280
367 42580
275 53216
180 29525
394 60886
19 34699
371 20716
42 60572
53 773
247 2760
121 65702
208 7986
207 11816
28 69372
183 62280
168 36549
184 4376
388 29380
349 24189
147 1740
51 69615
158 28114
348 69458
129 68248
303 41246
364 5923
390 65355
340 35217
302 56569
224 57291
155 37175
220 16668
369 54297
89 18040
396 60133
155 47804
121 9529
218 31112
74 11747
386 40536
86 60820
35 6884
55 29151
1 25867
267 15889
276 12664
179 5974
233 57571
55 62349
384 53757
64 45479
29 42829
12 4430
231 46475
206 62773
284 5119
379 16069
346 60130
126 15598
391 64743
85 39672
218 40734
257 5378
176 471
378 4174
392 49761
73 62268
327 12702
317 50512
246 23175
294 38095
95 35128
141 68207
83 19025
138 18568
86 30110
268 51906
1 37640
357 9063
208 19060
75 63566
386 25513
40 32162
188 14233
234 24342
5 67714
4 49186
43 27175
124 32858
125 12520
299 27519
239 64329
64 51942
186 4907
77 23525
361 57319
248 14143
268 62544
108 37203
89 39595
117 94
38 27911
200 14373
305 16209
56 23456
328 33982
98 44304
17 57161
162 37280
211 20373
139 18926
363 20432
259 43215
136 37750
37 69056
159 34847
158 23589
72 12167
288 4380
160 68096
34 36376
165 23634
365 16681
188 7451
145 13353
142 44814
14 68249
102 26100
156 59938
117 32663
371 36039
303 24930
163 29001
28 323
270 16466
248 15761
297 53032
227 64315
158 16506
289 7932
237 8815
266 51400
198 42401
251 3346
321 63840
36 33976
215 66306
264 30368
246 29381
177 36858
209 14122
25 65073
109 65330
194 18269
341 66002
46 30760
118 29097
328 6323
308 46182
73 41567
132 16322
324 20453
144 68176
219 42385
118 27955
359 29048
345 29938
292 8210
206 17453
66 31307
400 52759
325 25153
13 27439
246 19239
327 22401
288 4249
20 56913
340 12506
318 34264
54 4475
243 42240
174 58605
54 57609
72 19222
365 9492
227 42702
81 6031
197 34216
113 17250
22 13691
271 4908
161 46327
97 28283
39 46454
193 41196
187 22124
46 63966
246 36321
25 23443
69 31903
169 13931
358 21032
359 63209
239 14198
162 51975
263 38265
236 47260
27 23306
267 41662
186 55899
394 52332
185 1595
358 52143
240 65180
33 1677
267 36039
82 68841
250 54501
2 63204
82 63196
224 46721
281 53738
303 65527
254 36079
3 49517
159 31948
280 5247
256 8575
331 27755
139 30235
14 51593
283 11588
104 3190
48 32755
163 51179
206 37254
252 48564
109 34229
151 16579
90 5688
216 18611
325 7458
395 65325
289 59125
29 52582
343 6169
272 4658
164 53669
108 31333
246 3251
152 42332
3 46914
85 43564
306 47748
212 60205
304 18016
202 43312
204 63011
83 41633
379 38183
108 52818
277 13570
280 21971
6 32440
124 18520
46 4567
211 4796
1 3209
123 9747
232 60435
230 50507
254 42834
10 52201
4 39218
273 20624
382 36277
121 45029
84 12858
261 5952
33 43021
218 33026
7 13210
20 60052
265 55533
127 34990
207 8279
253 44506
342 66770
182 3160
126 20177
164 56035
170 8344
51 62644
211 65371
327 10465
166 61855
22 50848
97 64242
377 69948
10 17563
127 36250
328 935
234 56628
136 50664
384 69439
377 27250
380 68580
80 11196
234 22976
229 35786
175 48678
196 40544
350 32078
365 38431
180 23944
100 63480
189 56190
274 32900
364 57084
226 45067
328 67970
197 67503
313 26035
351 66255
223 54242
247 3201
171 38919
59 62764
52 59949
26 62112
228 54963
72 47711
152 10816
285 11805
132 19553
6 55081
108 67333
322 25810
364 37845
391 20328
209 45451
187 13044
221 51913
251 13632
71 24548
56 24984
329 46180
276 38151
369 21723
249 2146
192 9037
131 31052
382 19331
129 15522
388 39017
8 38358
400 22052
224 20369
36 43219
357 42361
280 10060
183 23180
100 35728
266 27330
374 8432
55 14327
146 11656
249 306
77 69576
97 61516
321 53984
195 30121
140 44875
374 21877
209 17077
232 2249
261 42110
279 37671
51 42320
25 52276
201 11043
358 10073
153 21463
105 57656
297 61688
178 23826
35 65533
22 69286
310 69367
110 34644
3 37232
308 41558
112 31161
185 66288
216 63342
114 31052
153 19077
198 66274
373 50317
113 19476
258 35944
213 7874
251 64378
243 15950
396 13790
374 66865
169 33454
265 42840
72 7304
220 19999
387 18252
83 6765
391 9662
119 36470
23 30248
243 21326
137 15763
104 13698
104 55528
282 18249
176 9877
240 32846
70 2054
88 23286
45 21005
384 39204
162 11669
286 65120
145 39757
122 39250
222 43117
319 57764
189 41423
157 69687
10 1395
377 14262
306 12174
348 6320
199 43958
400 8014
256 25323
150 35820
263 62306
115 5501
313 49256
350 35389
42 16490
163 40954
334 59313
99 34928
353 49555
130 4141
128 54109
104 1796
302 47291
321 31972
48 36055
93 39496
17 63830
256 23413
350 63964
19 69009
187 36692
225 40869
237 35244
395 53025
30 22419
324 28736
188 8731
294 63752
138 54475
219 62723
221 15192
357 64922
224 39418
199 21960
145 22161
89 63651
34 31288
104 42238
185 34333
371 12317
96 64997
192 55430
197 19268
389 28516
123 53838
127 38527
199 40550
302 9723
36 64436
359 56644
336 16139
353 67903
173 12138
104 45984
241 18877
285 48427
375 68750
164 63051
219 62490
21 52263
145 50568
300 48423
399 40403
73 61358
190 9615
224 59822
205 59307
314 39025
46 43295
258 33321
376 12296
72 28422
179 45718
50 43771
223 38850
374 573
189 28529
354 35135
372 31498
20 43938
205 53091
82 21458
8 69573
4 57421
181 8111
340 40506
59 18583
229 47178
213 16817
185 47370
320 67687
121 26108
334 890
385 31762
54 69662
98 45667
113 7088
158 50198
223 18650
175 51100
192 841
112 46187
380 23926
35 4529
220 67604
281 3047
238 43374
381 4991
372 25979
186 3252
69 68875
16 59910
11 47176
131 32285
100 4242
204 60667
369 43891
38 28114
394 27855
1 65352
56 13459
67 62403
217 51533
338 49138
128 34521
364 53654
194 18479
367 38385
282 54631
1 36566
133 36247
313 17645
167 28541
4 26958
53 28999
50 26710
73 5471
390 42272
337 19304
297 64873
240 19307
231 13993
364 9687
320 15206
94 60557
121 52055
373 31620
377 28176
163 28674
60 12488
333 18910
227 56999
144 6054
306 68515
119 44753
337 64859
374 13829
139 46825
227 31842
370 29848
199 17180
73 51858
305 36540
73 61967
339 54300
205 37819
323 54724
262 19766
396 52984
135 30536
202 8859
26 61705
273 51630
393 29339
247 61894
293 21637
277 30069
3 21475
331 37965
266 17721
233 6531
167 34538
342 6515
250 9890
45 38672
166 9931
106 6171
20 60093
258 26198
352 15906
297 58982
26 40595
169 54016
54 66985
18 45789
13 30884
308 30913
11 52245
358 68855
127 33487
195 7926
382 3338
312 1065
143 15076
343 37562
176 57434
359 4520
352 7519
18 46609
227 40915
182 16768
273 45373
36 61327
231 23478
20 29373
309 46382
303 21460
191 56069
307 38413
76 26124
98 49210
185 1807
132 34884
151 13181
336 30074
281 52858
247 65467
39 55683
122 550
61 4866
287 53389
365 59157
96 22264
185 31791
91 55902
330 51806
19 20220
300 35471
221 16272
223 22642
324 43497
344 54597
182 3221
29 68701
21 29695
93 24685
183 10976
358 51476
102 34771
205 41353
96 67535
393 52540
104 22265
232 3744
83 52293
297 16873
109 919
400 16671
178 51831
245 46153
165 14308
117 35847
92 50546
192 5617
177 37300
89 48624
99 34838
282 53382
3 50704
157 30100
359 49894
339 59241
27 4396
1 26401
315 56351
94 34725
154 32734
279 37374
174 10353
395 11992
258 58751
207 3180
2 49796
251 53597
307 66463
43 66142
88 5449
288 30512
142 42436
300 20609
273 68375
297 25397
149 49771
226 15895
254 13070
24 41385
55 413
399 66447
159 1368
78 5674
88 32132
355 14797
87 32393
109 28720
54 46891
256 25544
165 3910
20 268
132 6328
294 32454
347 66207
38 51237
83 34701
7 10765
170 16871
3 16114
146 55668
260 16397
50 65078
155 41866
228 69239
285 43564
166 10288
305 52136
121 9106
340 11659
357 49667
277 13281
163 61956
329 13521
257 56216
24 3686
354 51884
110 31424
187 31725
315 22567
375 4098
84 63684
180 9595
271 59382
180 35296
235 50838
365 32030
389 16979
377 45538
100 5766
342 68536
239 34144
311 29483
17 26491
369 6688
12 523
47 13696
67 51980
127 42880
271 9471
19 50646
267 66618
97 4897
71 3862
3 25791
201 68197
88 51924
167 67007
225 50311
126 41962
181 7665
318 68352
13 29885
316 33750
376 411
367 19088
152 530
340 58972
227 41314
394 68808
116 31612
166 24630
23 58281
128 58226
384 9756
180 2751
341 53251
82 67024
80 4889
94 12304
94 25057
257 17194
2 15487
310 9115
274 57467
398 41648
361 5040
93 19684
100 56448
122 35423
373 4997
323 58070
243 16676
359 5862
296 38864
58 9424
273 39853
356 46957
97 40890
114 19788
239 58299
132 20774
84 40508
157 31237
14 21296
310 37946
223 5887
107 16955
142 6013
141 59882
309 14984
286 35449
193 52130
169 32871
246 12284
199 43902
153 58301
90 6224
291 13568
134 55927
293 63282
371 44687
366 36090
381 6396
38 67260
164 64688
167 638
204 39596
399 54926
398 19058
32 4501
85 14944
224 64983
210 29902
201 55887
249 36298
201 52892
177 27559
275 60995
152 40966
300 50710
13 31454
367 18051
100 56043
266 52056
293 3526
47 55853
13 17847
372 36226
155 62594
211 68755
213 806
378 66866
241 39921
108 43193
364 66904
207 38645
182 27062
124 69075
260 45501
290 40072
269 63165
211 41715
350 48120
261 37098
166 50244
147 48303
74 2743
9 11024
66 17402
347 20641
361 3995
127 29339
17 32482
318 31469
270 39582
168 21840
118 55980
365 56341
40 25905
196 21966
289 12365
231 41902
152 37798
69 63259
4 46128
223 14435
400 502
204 2305
382 15341
198 14320
289 35282
106 25066
193 63327
43 22883
123 12246
80 31109
318 39367
2 34187
32 12232
78 66419
183 60780
345 29763
288 13442
375 54120
59 23096
195 36338
269 64211
26 58694
125 41516
64 27614
375 34521
201 47196
397 64803
289 7945
112 24501
357 17648
299 12896
136 26651
137 54590
15 17266
314 20809
229 57677
194 12617
391 44147
378 35619
25 64638
333 21751
16 6788
172 6314
134 57609
27 24181
377 69052
129 42694
235 37641
124 10013
228 3330
266 17755
76 67795
193 60093
242 53342
200 42693
71 17257
76 59819
275 739
205 18950
143 22448
190 3443
122 18316
344 64480
341 19242
327 62642
182 52233
59 23258
72 68545
217 18420
265 13778
184 4092
139 40846
340 10311
212 32094
367 19401
14 33179
362 45784
104 14980
96 49217
339 53675
300 60360
198 56628
398 10309
314 48434
346 67191
142 1839
233 54311
116 31154
118 26546
34 54272
322 45889
99 24810
48 9454
180 33965
90 51214
183 47773
186 54075
35 26232
338 9507
289 64305
149 22651
288 4481
363 63752
291 69091
353 44577
110 66802
6 54903
300 33270
127 51467
92 46627
68 37918
16 13752
130 68906
381 29320
87 13317
285 9877
136 56414
240 35115
334 59675
86 16686
293 13799
391 64800
316 18178
299 33364
136 19527
226 20856
192 29919
366 14409
242 7780
260 3706
333 11589
383 22540
21 59191
364 46981
195 53435
47 59519
274 36004
109 35351
355 387
31 8777
233 646
182 46736
62 62102
1 17698
300 35817
185 54899
357 18062
85 51003
347 65160
230 13690
393 42090
221 58670
120 57074
272 17835
219 1566
361 16762
36 30309
390 50461
124 18568
138 3968
223 59458
122 51663
93 1314
241 56370
315 28002
285 32000
192 710
112 22483
168 10495
192 8266
180 16391
7 41002
344 11263
68 12314
252 39537
200 59904
124 1053
329 32070
295 45083
259 67897
260 59875
386 2008
312 59327
185 22990
305 58231
190 22083
191 44896
299 59820
165 45480
47 5522
189 39315
123 63085
113 6300
262 64342
147 43482
25 10406
326 39995
371 23033
130 62603
311 41848
228 48758
361 4775
251 48988
340 69346
76 42736
119 6854
207 56299
212 22214
400 42761
143 12829
367 11200
197 41659
337 14985
354 62610
269 31720
362 67029
175 16483
337 4550
216 69451
179 39919
28 35952
301 27515
291 40130
337 65622
328 33685
22 64486
157 18631
6 64254
181 66083
367 13571
89 49647
258 21683
68 18936
87 62634
54 56695
38 37672
101 69490
240 31828
103 37186
132 21263
186 49404
362 2165
188 43233
316 22436
51 66191
72 16219
358 45343
224 69116
114 5512
249 21699
118 21302
31 40925
135 41685
336 31949
317 19329
268 21931
308 62846
12 16335
60 16349
40 61575
122 35478
367 67107
53 62928
210 48419
185 53215
377 69052
279 21867
269 29848
371 62436
365 39980
20 64756
106 67401
392 66361
170 26337
78 55437
184 20580
362 48867
338 33563
309 22430
202 27157
138 36976
199 7565
265 65456
321 27976
376 30076
247 56581
125 51491
124 48648
69 2673
262 49868
65 20891
142 10155
83 26324
372 45111
118 41486
184 25172
19 59536
81 17519
349 35993
169 56225
390 25253
143 65550
279 24012
292 1726
252 30823
63 13300
37 915
74 45493
278 69461
50 38131
296 49055
170 231
54 33058
73 55846
225 15011
87 60150
45 8320
4 29365
226 32162
370 19635
251 63333
278 62838
106 22592
170 66427
98 1554
110 43843
348 13841
258 41226
355 5293
190 15793
7 19407
394 27901
286 23641
374 32029
270 44340
228 7358
164 49240
217 59317
321 3922
128 46453
135 27934
151 31396
320 4804
319 2204
8 46164
256 23546
238 26994
99 40566
7 5832
166 39534
187 7618
12 23225
214 34037
218 12454
40 9222
171 64457
70 38362
333 60312
119 69580
81 35029
71 29703
79 16616
135 21900
240 24276
122 36491
35 40143
202 36478
281 64445
290 51773
296 55110
65 18511
331 31913
221 68915
160 35153
158 58197
329 35447
47 34762
204 11391
64 18222
259 20322
167 37788
189 25587
362 5428
107 28072
310 66446
371 64978
76 66854
129 54393
158 1374
97 15443
23 52007
22 17884
32 67394
246 14432
91 1039
139 22934
12 59502
308 12433
299 61714
290 47801
244 9335
332 34918
55 27988
363 50405
217 18849
239 48310
224 52537
24 14573
27 39763
157 49156
104 13700
249 45101
395 67117
313 43039
174 46128
303 48990
43 57955
178 44648
372 42308
187 13820
204 33323
42 12527
27 59642
239 7170
78 21842
226 46044
53 6615
187 37741
51 613
314 55040
273 69634
369 36828
188 28372
21 25003
338 55454
113 7613
25 21417
178 29689
328 41130
252 23447
331 69311
323 61282
164 28550
3 52690
213 28448
57 49097
358 9305
248 69643
229 7778
229 52188
81 30587
283 59372
335 35117
88 12287
181 1322
238 8775
178 443
178 65147
148 33428
96 48845
95 62963
198 12524
125 47057
52 9109
360 47029
115 23321
226 52397
299 58353
334 10297
59 40219
68 44513
53 31673
209 15385
47 44776
181 58521
67 26751
307 63563
287 11517
180 59964
166 60585
244 26828
238 43858
52 18511
288 32145
166 6922
123 41935
4 8336
161 41029
186 6877
200 35981
87 61268
90 26800
64 47257
86 29874
141 48241
77 52025
58 35265
150 15383
151 5638
42 39258
216 63634
216 18402
358 20255
34 27379
348 63366
255 25898
11 8939
183 52101
358 8784
266 31023
151 33428
137 38245
136 16015
187 21130
91 59386
250 8026
51 25932
163 64759
104 27704
393 6098
215 7590
83 54805
352 3439
153 58036
22 27175
299 31532
2 27237
203 27947
208 63247
270 46926
113 9229
382 30678
183 7872
267 16234
252 21661
293 50169
396 36182
4 2605
374 51837
273 27391
287 32581
394 27593
159 35247
321 46693
209 48069
173 3234
279 66515
56 5346
229 23259
96 37968
145 16995
247 26034
329 7212
194 49577
93 31026
29 54601
289 40114
38 6523
140 3633
109 28721
60 28368
203 63663
255 5728
312 49996
123 48713
210 35188
264 36501
221 10190
368 14543
366 38390
150 27005
319 44470
140 42895
351 1747
139 45209
222 66078
127 54103
341 31440
329 67468
268 33506
43 41432
66 28570
399 25048
25 10982
33 49218
215 17302
304 17535
134 55149
145 52520
373 59089
188 64452
21 64698
332 44108
108 36862
259 56422
150 37560
340 65795
111 31523
312 47130
74 25977
218 32330
29 60259
219 56798
211 35707
207 36373
184 9950
269 12902
241 41213
18 44826
65 22210
127 13731
389 88
343 8048
233 63774
130 44100
320 548
221 64722
97 13494
71 60536
4 11526
230 35304
137 43670
48 27261
273 41560
306 40628
307 59271
12 48875
249 40006
275 51300
96 35965
334 45783
156 40445
73 22273
337 28935
277 34199
363 55716
182 20211
247 19955
148 33330
104 14269
330 49655
275 47015
362 60429
211 58960
216 3816
165 37820
138 60019
301 49345
366 15705
191 47606
388 69816
231 32385
160 65661
194 26324
361 23346
163 45074
44 22559
175 22562
170 29364
145 5662
54 12423
55 12751
248 11300
3 26712
269 26233
27 45146
292 3582
233 15593
386 35319
123 62486
367 56080
324 3575
215 43016
57 28397
379 55330
213 13985
13 61670
102 50483
359 53546
14 27721
197 16596
51 31632
38 2943
383 521
318 3752
321 34261
343 24516
10 10174
140 33376
208 29075
333 58225
175 39670
206 22844
163 58143
135 37735
319 39392
294 9706
233 27917
8 67933
59 61228
132 44629
100 20288
336 28175
261 15968
121 69336
21 30799
336 26951
45 51799
8 16982
284 26204
233 15017
276 15080
320 5536
188 40562
44 49710
44 24589
2 63261
36 65438
346 62806
21 62427
336 32497
150 688
245 15995
241 23872
123 49959
371 63815
364 46372
127 15321
371 55301
284 48721
17 62574
211 30201
26 22568
162 67601
22 50697
251 67880
113 47283
53 51228
298 60418
106 39236
39 41738
23 24011
352 2201
144 26236
336 51741
153 27138
88 64915
334 11221
139 5095
268 43346
195 55034
294 38463
10 31579
385 6973
337 33959
376 42137
381 30961
201 21357
85 20516
53 41879
54 51485
148 64767
351 52305
47 42661
22 39299
52 25149
257 67154
6 67841
349 28314
170 13175
154 37216
235 34425
236 36847
247 12607
252 1920
288 36874
277 49091
76 58369
56 23883
85 15982
41 38471
362 34043
32 50990
172 17684
40 34303
1 1623
339 54675
20 33863
52 36015
339 36911
324 13473
160 54952
382 1936
161 35829
210 53201
113 9707
198 32016
236 29939
144 67881
342 24303
270 17058
197 54600
238 50449
114 43252
70 46735
300 18254
173 30245
134 66274
48 49044
388 62212
350 25133
305 15503
300 68764
124 28456
82 8243
230 14906
348 69134
6 55163
122 35711
53 10352
384 2314
35 33018
279 45781
288 2870
347 25547
67 59118
107 20262
103 40943
251 37167
153 38232
181 32668
107 18569
180 41982
36 24526
215 51604
366 7017
68 35285
134 34443
83 4947
336 53835
79 7499
64 32157
312 55485
66 15671
324 25187
19 31572
121 46584
6 6762
148 49429
96 54800
22 67604
12 54522
338 24
343 69657
320 42239
69 3218
332 51530
347 68670
104 2331
51 13748
246 26611
283 44468
335 29831
325 38765
175 41229
281 64428
134 23036
175 12152
248 37993
69 59131
174 23593
303 42678
371 42400
370 68932
168 65476
216 64070
337 18653
224 61671
5 20810
138 40836
226 7168
191 34773
39 30891
263 41185
312 36337
273 8296
45 14455
335 64447
259 6535
55 51897
394 64207
195 8473
261 32332
194 12888
109 69364
277 50030
159 59226
322 57049
345 26030
260 69958
193 63002
90 14858
254 65975
36 13899
124 50192
25 25075
93 1178
115 8827
19 15608
33 17456
391 9967
372 27274
148 49751
291 54112
365 52395
103 49745
275 45882
111 18713
224 61898
334 57856
207 8504
216 4856
321 16427
137 6218
249 33219
221 43266
1 4163
9 37928
372 25186
305 7376
65 43893
63 53349
110 11224
307 6817
115 16142
269 14134
283 64758
324 35031
22 31111
115 62314
330 24196
87 28906
189 45137
179 9197
108 11600
268 8004
215 16165
300 61298
323 27873
211 21834
295 64154
146 8806
128 57601
62 65506
317 48783
371 16383
259 24972
62 22812
122 29437
82 44626
334 46507
180 4640
111 31626
383 9909
369 18358
17 61267
141 67403
395 57248
302 26804
277 66555
21 31346
216 32860
245 44580
34 59310
312 11321
358 1420
169 28418
90 59195
119 41994
87 52479
296 26737
124 17232
196 66548
154 55205
37 58250
265 17335
350 52355
306 49318
353 48504
324 47785
103 20307
176 14940
157 64847
268 16595
209 4352
260 56273
201 63297
260 31698
92 38274
63 13589
86 43729
139 68874
56 25936
194 32635
358 42258
211 341
392 23845
63 54092
42 4628
316 6186
140 46702
182 869
130 5405
137 33065
149 35579
216 39099
288 35405
26 63840
20 40653
375 53355
325 258
271 16890
138 39009
339 69021
337 38672
314 451
24 23357
157 66305
341 5252
268 51604
400 10362
87 744
339 44746
149 9744
129 6166
385 43687
364 29838
216 51029
29 36763
188 36612
161 44115
292 40976
246 58805
362 23105
257 1274
92 61876
187 52855
43 9687
304 8704
239 29257
63 69546
304 41409
381 31896
367 62669
2 38646
27 44448
314 8894
76 23214
293 40127
108 17588
231 57904
41 52455
265 12187
132 39607
134 38000
341 56375
239 17362
5 5417
279 43767
370 68379
168 44874
79 64000
284 21099
145 54287
213 58094
3 26767
214 62287
275 64390
23 44125
131 48272
261 40332
57 10797
399 24987
207 16801
394 32834
243 36049
319 39754
56 54342
184 53658
68 8376
278 3301
368 23242
190 48649
139 61463
23 27052
263 62550
157 59936
362 32056
321 18041
14 5205
263 14208
226 14065
55 57220
87 48967
221 68718
387 51108
233 1187
146 24773
95 14886
16 9309
23 54715
16 69464
143 995
24 38235
292 65614
178 37659
125 13779
253 7552
400 22124
74 8851
283 35691
272 19430
236 7882
137 34162
297 17448
274 4683
73 38264
78 13437
121 44233
291 67714
41 27792
188 46373
124 47609
278 61379
11 2117
387 40049
370 57677
202 54183
49 41592
85 31937
141 32956
257 17683
285 42192
322 1169
317 31811
92 35062
350 43662
283 7102
180 8615
172 3437
311 50557
337 58326
307 62391
370 57848
104 66428
86 16436
26 6162
174 13044
289 40621
251 47085
91 69036
274 20355
309 34383
255 50563
246 15627
95 60296
100 28609
277 43131
301 17395
278 27750
351 34108
157 16914
112 16457
376 62681
343 31559
105 42468
273 31789
181 2750
253 3506
152 8996
129 28049
320 18148
19 67610
62 11096
272 34668
360 6373
312 4484
265 65426
127 50290
191 53349
366 13914
204 39925
225 63559
246 56242
183 57403
87 53865
53 21195
382 4308
274 65009
107 41876
12 65813
23 64557
82 28526
106 6013
56 43534
35 58865
391 30909
4 63710
90 6508
244 67763
130 15361
379 53692
226 68731
57 48690
323 68084
95 13050
130 21737
115 39248
205 41096
257 47016
218 14457
293 43011
112 19430
162 32509
76 68712
351 40358
61 48339
180 3657
57 1505
193 2121
326 54826
215 6837
81 30327
333 63306
10 52415
141 657
261 2652
52 12170
43 5789
389 7810
56 24232
199 56903
123 53604
322 15053
152 66905
150 59304
361 35282
293 11566
185 35257
84 6446
328 26596
190 8790
282 5113
176 56067
359 2289
206 37755
268 51892
396 58421
57 63062
310 13060
145 63957
169 2014
270 53930
200 28911
122 54616
8 45791
391 51845
228 56408
39 16219
137 44596
197 2475
27 21606
26 27571
223 31098
121 6749
255 9716
68 28148
233 39965
4 26026
96 50714
245 1876
265 48492
39 18757
15 34615
334 29451
224 8978
35 24729
174 41225
34 53061
239 48930
202 56574
301 63172
63 5741
230 8974
251 54555
45 12164
153 35127
264 14436
313 51820
336 1919
79 10883
276 53897
147 52050
70 20660
290 48506
268 28103
44 35338
352 52496
180 25191
353 20450
35 58289
336 7874
102 31557
356 52594
123 41631
70 31123
248 22098
325 42268
180 29305
35 11571
76 5898
7 34631
287 44948
89 31372
370 66277
9 12978
125 40008
88 39515
268 50003
157 31783
287 1928
225 69037
27 62890
324 38028
71 60788
150 13423
271 58898
398 29914
100 15440
375 12791
186 58199
366 31482
376 14222
229 28932
396 25210
131 52992
5 542
114 12180
199 19503
255 43144
26 47102
270 37127
235 21314
307 13482
298 48722
218 60984
90 13503
368 15498
244 29876
296 14080
373 28459
7 55040
203 59192
151 17363
268 29835
296 56018
351 23489
139 11196
289 61475
245 41520
113 49091
18 47986
388 35110
304 67505
82 63296
223 28501
199 23747
87 43178
83 67525
34 58138
10 58112
366 8615
69 25140
189 24523
95 66706
261 15256
281 28978
352 28435
279 57586
60 2046
161 48211
204 61424
162 40658
86 48448
108 44693
355 41514
386 65945
82 35823
316 26227
293 64129
327 56403
82 56412
211 865
291 21399
147 51829
70 21805
65 39882
398 13418
7 26382
49 50363
294 20346
216 42861
147 38834
178 35891
325 21192
145 16880
313 1286
380 66215
350 65710
379 18543
185 29435
94 44095
146 9269
86 18178
309 28260
217 41780
386 4708
291 10887
349 27867
192 7219
15 52307
227 13316
243 55340
99 35314
282 13546
264 28392
40 19809
370 24363
244 6217
370 30315
380 511
239 601
335 39870
195 17448
177 6098
11 55493
218 21126
251 65296
343 12999
23 28777
135 12766
315 45174
112 35498
324 27903
312 2638
196 62998
140 31225
82 25965
173 36804
376 39554
381 25564
308 34647
246 27478
359 38364
180 21217
345 971
150 29690
163 3899
33 38469
371 43881
269 19122
172 31039
102 60562
307 28337
252 26107
339 57785
387 26552
249 16650
116 41966
73 6401
282 57744
136 28457
6 63454
128 3466
12 9452
111 21429
83 23118
8 5162
41 9921
272 67060
349 21518
34 8407
18 26432
252 7881
387 581
32 49420
122 31228
308 28371
199 40581
370 62942
192 13185
201 32155
235 65417
266 17959
357 32979
43 60577
302 24383
263 37738
27 3673
236 31582
19 8512
252 31298
242 47927
46 36525
138 62027
378 26012
269 65727
32 54446
83 46983
33 33870
58 48571
115 27484
65 49390
2 60771
397 1382
154 27648
4 28436
382 61300
260 52771
228 36540
301 62294
23 49181
51 49453
36 19908
333 22123
61 8457
361 25160
41 54530
150 59701
81 45638
392 41343
69 56550
135 37039
277 10334
128 12015
152 35926
242 68821
265 53163
275 60969
229 51396
41 64570
62 53191
369 36592
155 69036
59 32772
182 40305
92 23144
44 54670
331 69562
49 50637
36 55806
217 57153
56 16111
96 9249
11 15416
3 8614
21 19578
21 12885
274 44299
347 44436
50 47929
208 20885
185 39521
114 52277
192 18630
194 56631
18 68902
120 30699
144 34373
365 20804
205 68858
31 45569
195 63648
1 44222
140 14894
264 13387
218 37416
319 64596
256 67095
388 48722
102 29282
121 64065
9 7729
116 49984
104 58109
255 24450
9 10493
376 54735
274 8317
2 49572
128 24074
194 22837
307 43325
36 40316
272 47101
308 8740
254 3074
21 18314
137 4282
301 11769
274 11990
6 45570
109 30102
94 60660
306 31036
40 45617
173 60674
266 33828
254 5880
221 3041
9 55416
161 4246
151 43348
246 9166
163 14987
387 12990
206 39569
354 34183
347 12623
18 55073
340 8879
228 20686
35 34650
239 21409
250 69941
76 22058
187 15518
395 66462
33 14426
348 34240
278 31838
246 49660
90 62006
164 43024
146 14866
259 27190
214 16527
261 9221
34 37607
97 16619
199 69449
289 44178
199 68818
82 21019
76 24114
39 43323
18 15725
215 5199
136 13799
251 55829
147 58255
193 37790
90 45317
315 43813
315 13220
304 69925
293 41081
346 38483
364 66229
87 42652
25 6736
344 22538
103 23227
133 27116
359 62393
295 59798
236 60547
76 5137
15 18435
311 51669
397 53093
237 30667
212 36759
57 27201
138 41929
105 26995
247 58604
126 69653
309 41924
80 28082
119 38569
296 26222
399 8499
21 65427
22 27420
311 62816
184 63667
231 18361
213 50799
269 41436
146 55883
344 4317
326 62564
346 60043
285 7867
249 15608
264 36254
303 65496
315 29872
202 65974
190 9519
157 44259
316 3575
270 31280
311 250
54 66182
322 11196
388 14717
262 5131
10 65739
366 6939
254 42365
331 29747
203 37211
80 9602
109 32224
87 19040
72 21561
26 55748
274 8191
187 15914
325 520
220 28905
174 14950
376 426
400 56904
88 33698
145 650
159 40410
156 43781
47 34703
222 22443
113 57147
329 32677
113 3483
340 16417
79 53024
56 38498
368 53814
37 11396
298 49973
27 40983
348 38490
114 66327
340 42541
162 23730
103 29911
347 35390
348 33683
47 33169
257 61528
227 69190
261 31429
305 6632
60 26209
201 68993
175 49911
187 27935
57 27369
175 61693
106 26348
270 5954
104 40538
310 15068
153 34824
169 64506
298 12231
175 53085
332 34870
160 58221
290 59198
10 52220
148 6230
289 46482
223 44519
90 39419
146 29101
287 34312
242 1202
318 34701
391 66150
314 12250
29 12785
392 18565
148 35438
83 29375
337 43493
217 22500
59 21556
92 49025
46 65125
82 7016
395 46424
389 2165
22 59985
163 38291
310 36603
239 50843
297 11277
95 28491
222 46872
44 34546
89 9754
53 59731
210 68160
12 66850
118 26139
343 21619
181 48150
384 52622
290 2571
86 61830
279 62513
26 68410
366 54150
2 59812
121 26255
282 46332
378 55182
222 50665
27 9413
257 38300
136 8079
57 11809
112 21922
65 5530
377 51510
357 19118
153 16538
266 1089
284 63754
100 38898
165 65306
77 16009
53 4901
52 68169
70 20560
332 68175
51 59595
329 1954
205 49273
87 11979
280 33233
307 42835
123 51290
271 46261
244 16532
258 53449
306 17388
150 8398
265 61442
72 68998
145 1254
219 31848
279 3425
118 32332
251 43381
354 67149
16 59540
381 13062
112 60702
169 36344
85 4088
61 56524
96 14969
307 44777
134 50881
57 26764
366 48758
129 63373
133 38766
112 51897
170 15777
18 36048
146 60582
196 4924
213 40575
41 26153
79 39147
230 60405
336 44385
342 57946
77 65951
103 8970
316 8685
251 50567
316 58358
88 31875
331 24105
168 57371
381 51471
249 26060
156 20378
302 23442
387 12241
348 29647
97 15654
126 69181
396 46040
322 47735
396 7552
362 8754
60 8081
268 62171
332 8947
243 28895
162 25328
379 15107
260 21651
264 17488
143 60138
352 43969
356 4589
220 44052
101 10366
139 33327
348 60226
31 31290
325 29525
302 5828
143 24430
259 60064
255 30982
218 14371
253 56105
8 12531
357 14863
352 63460
87 24929
63 65855
119 30340
33 17341
238 24714
233 42226
167 69522
94 26268
291 8572
216 40671
390 64120
391 30591
296 26552
316 1365
196 50416
254 64119
220 37269
343 34623
3 63158
20 10571
321 39926
121 20653
259 27840
122 53019
329 25096
83 51859
86 802
241 7770
243 11188
246 54712
349 22661
329 44220
98 55350
68 12380
200 7460
277 28329
6 38336
381 42118
56 25695
260 43964
351 8504
339 19705
367 44151
312 15617
288 27088
69 58134
126 8245
210 48811
265 18495
278 59485
342 25982
178 63650
299 30345
39 40501
326 59545
203 65119
71 19953
120 9390
82 69278
348 699
287 12448
154 53101
233 69519
247 6166
290 68950
62 58161
301 51080
29 20148
130 47683
6 51549
270 12301
95 39700
353 62997
50 1136
398 39102
382 33676
206 21574
115 27942
189 9205
42 35801
108 6038
283 10260
381 35488
309 56599
154 63517
394 60436
63 22986
352 34671
155 55277
386 51192
83 3400
156 60166
159 51169
290 21564
363 59860
74 53541
71 45520
381 8009
167 58595
75 11079
20 36059
4 21414
121 3765
367 6967
295 52589
295 39577
305 57115
40 44544
81 56286
359 62093
49 60490
343 39852
131 19486
21 15078
202 65154
333 45881
46 44764
243 60608
140 60895
123 29634
180 59382
305 53694
313 39072
290 39661
260 37142
112 11200
97 66416
322 28339
208 45394
34 14844
54 69967
237 69080
58 55822
39 33016
265 33021
196 16290
338 29634
368 5379
202 56658
280 42661
280 51559
399 29984
266 54080
250 33184
79 46608
292 10774
267 16838
202 65735
327 43354
144 15083
110 664
43 43498
305 12058
357 60016
148 47951
76 36395
14 30702
67 27895
253 16783
175 10012
335 15595
251 59762
298 18875
165 13924
21 66438
95 21288
189 41726
350 57645
146 19137
382 19641
215 16620
269 57804
37 65162
108 18998
280 31837
321 5774
49 44973
375 14729
114 29758
348 10401
293 30145
66 14760
214 59491
15 66242
340 36613
158 47739
116 69999
59 54405
189 19618
170 52746
13 60724
289 16842
387 45713
89 42367
83 49948
369 20801
86 9514
395 1047
7 66327
126 26220
263 44199
162 54530
185 35470
55 17928
263 10400
78 6719
219 41703
14 57398
343 56391
64 61
30 358
147 42625
232 41637
202 29241
98 64770
377 69133
251 57844
156 30730
328 69097
111 43870
370 16450
279 63338
387 62864
328 50300
252 20747
172 50989
385 63147
179 8738
43 50055
301 26907
6 36986
306 46579
1 52794
378 22095
241 59332
262 56526
46 54843
389 3496
355 1396
367 42496
194 42894
62 14354
270 6782
271 53130
192 53153
166 38673
147 19231
152 5866
296 18309
383 22855
242 18721
89 4362
347 52280
264 35353
317 56137
308 33876
186 1034
341 61313
293 25868
169 8461
326 1161
292 67521
266 27385
235 58173
96 67074
232 5252
29 46670
217 27090
89 1046
321 18731
384 63527
134 31591
371 28535
161 41271
148 19943
1 42438
125 18747
7 57874
201 67503
187 41754
25 16527
311 34466
193 22754
295 1274
345 37846
127 24355
285 48685
53 35530
77 3598
258 18152
93 40094
5 54208
309 23372
304 1218
50 44717
9 10231
244 42990
26 48070
95 9144
34 66627
234 14015
34 4270
354 58055
337 51894
72 63105
8 14132
351 39054
295 37758
79 66189
126 59960
165 36031
308 2932
192 31338
100 8476
21 18388
378 27148
284 37001
331 69948
1 46754
59 44288
260 7277
164 67396
26 51948
293 28723
362 34457
129 15584
320 23610
396 10509
269 62153
114 60695
325 49688
80 62347
80 17597
184 32483
217 21427
1 59662
274 26189
261 61067
366 35025
130 29069
374 8580
57 58799
277 39243
354 28976
236 57542
118 26188
398 9304
355 8990
244 26019
315 4298
75 10708
277 24388
177 11337
283 17371
236 60644
315 40712
275 54004
135 49069
291 33278
164 45469
107 16592
190 56995
176 31977
243 14770
154 17321
211 17984
53 61041
87 19135
2 45561
103 44445
99 8022
338 57640
258 7411
218 1770
90 3788
388 62
332 4928
269 67750
140 69181
400 51991
146 32467
289 63719
297 62007
261 40275
387 69084
232 58230
35 30063
294 12717
226 32550
162 18185
315 48149
194 11914
254 58869
240 43805
129 37673
171 17594
330 48735
228 37608
118 11321
273 63807
22 8786
78 18880
77 38753
183 39932
115 41520
399 35710
84 13889
44 19482
242 34036
89 7026
399 61696
178 38894
388 3369
363 6860
301 12083
154 50772
122 23822
89 56805
271 40916
309 38432
277 60634
209 27122
263 64871
292 45238
390 7497
198 2222
134 62473
263 1338
79 57911
201 5018
124 45201
321 51633
111 69374
345 64724
283 58333
337 5719
249 68476
57 767
356 62681
105 47961
60 32432
378 28088
103 24246
298 69475
187 36293
299 29289
197 57812
276 22017
294 31624
111 63247
384 23364
122 19126
334 22307
70 24210
9 56920
91 63516
339 17603
226 55913
33 44521
153 29497
152 65388
371 34285
391 29873
229 41641
302 11172
10 52326
303 28742
336 60194
4 6046
201 47292
136 17356
314 16968
60 20654
399 3848
212 66794
22 1689
327 7310
384 29657
243 53939
179 8575
167 54523
282 17904
167 13855
275 44031
283 7158
160 64064
224 66157
87 69172
166 7905
242 30963
304 53033
224 59278
7 58934
226 69272
343 69220
14 35304
321 56740
240 31835
184 35154
340 23128
212 47540
381 49151
1 58829
225 52969
48 14775
330 55407
341 20249
183 42547
376 44191
249 21830
181 1580
391 16382
300 2309
91 9109
82 20533
290 41101
13 40190
335 9051
92 21797
296 21979
381 34273
392 51987
100 26150
108 17689
331 24420
150 49380
124 33949
125 59830
41 61828
314 17117
389 33472
125 20985
9 36259
342 57442
208 17057
157 12017
58 2565
298 12366
188 24777
221 42022
159 26524
104 56907
269 18676
80 63717
71 39035
320 5516
146 47077
341 43627
149 67475
35 53788
173 31237
78 14683
377 51711
194 22101
94 3835
188 5454
52 53335
399 62942
358 30508
272 37761
199 5275
74 52241
248 42384
379 62267
291 37005
357 45282
3 65925
205 69305
249 44360
127 40089
104 17570
169 34355
218 52827
44 5237
25 30927
398 52800
311 11520
138 66202
343 63448
302 46051
289 43065
124 68624
274 67953
250 48756
394 9804
210 33154
124 57204
34 52350
129 21750
77 45841
54 27243
217 7802
393 18368
351 11071
95 58538
254 62484
241 29569
56 63772
315 39857
35 37576
92 17181
9 33711
281 31562
345 46756
42 29373
100 53455
267 45525
209 40093
156 39557
217 52588
321 66295
27 8148
67 57499
10 62960
13 29339
282 14921
224 32811
150 21030
319 11749
141 50048
68 30750
320 16409
202 25933
6 59184
192 47179
217 50039
140 11149
278 53313
133 769
272 52310
40 40837
270 21069
53 15082
24 48797
79 4895
46 5281
287 20015
258 46174
1 63586
297 58885
246 47943
93 53954
176 67277
158 64360
393 60363
316 51612
93 22795
143 9439
155 316
32 28847
152 52851
61 23860
124 28305
264 54049
147 64925
297 52427
285 46710
263 69699
142 14643
19 30810
302 8378
78 58482
91 44239
301 16793
178 21369
220 20282
218 14764
249 15121
233 45290
196 22997
397 22301
262 37134
133 57217
231 42470
36 32841
70 742
325 43894
164 19193
34 13816
121 66550
299 10840
302 4937
117 39720
146 8975
216 29539
294 37088
145 14926
160 55490
126 40063
139 13915
340 36418
229 62933
316 5496
64 26152
322 16510
242 55471
85 26375
357 40963
58 61333
296 29020
265 14986
396 67791
253 31635
136 67584
56 13452
373 2747
286 69433
114 50992
229 60447
321 37125
283 52244
232 36229
176 5988
242 36681
328 13269
395 31652
26 62970
104 666
260 45355
188 21115
148 44263
132 43585
240 10151
236 69658
207 9148
343 34721
174 27815
332 19848
349 48074
3 9493
239 44562
92 40470
333 30189
217 21652
179 55467
335 15222
161 39953
72 15139
108 41681
180 47328
27 19811
227 17455
170 62826
397 22717
202 18745
186 19216
239 10896
26 56132
209 4669
239 3863
252 64152
238 19826
32 42614
162 22028
129 9521
120 47991
343 7102
68 66239
79 52581
347 15113
345 5850
326 17717
377 68334
38 54458
54 30890
170 33983
125 30992
202 2046
239 65985
80 16479
207 59548
42 8028
21 27535
154 6817
222 12960
134 19506
153 19970
40 8105
187 2560
30 2389
173 55924
219 56078
217 67966
148 46065
32 663
36 69394
118 4491
121 61427
100 59696
389 63619
182 57252
126 32859
91 23960
334 30774
376 36124
196 60961
276 51686
241 12366
109 64656
235 274
322 388
78 23200
391 23944
262 41799
373 59894
150 55361
23 54306
356 20087
237 46160
58 16266
301 29174
199 11899
221 27271
284 27661
171 67506
208 59606
245 30222
284 26779
241 69690
143 41436
358 10231
236 37214
273 46458
183 42741
337 19223
347 34227
331 59794
375 16238
295 31621
316 3434
322 24603
209 36168
154 185
320 17348
52 41317
182 67668
9 69990
39 37899
324 46076
55 22419
278 46904
226 54999
131 57185
245 3686
19 8297
210 2480
242 22188
144 17658
399 15341
9 7303
289 31561
266 43531
205 52016
311 34607
353 22928
101 63987
77 45895
125 37478
276 31326
63 24530
320 64748
157 29035
139 17279
12 66936
167 22944
391 41094
374 9062
124 17104
18 12825
236 63087
7 62899
175 19043
149 31243
30 67219
271 21219
71 45710
126 56774
93 64400
126 47390
358 57230
159 58056
11 21317
245 33787
154 36415
41 52
39 65198
22 24060
231 63403
317 60593
196 25138
386 32379
77 13793
365 43098
323 18023
154 42850
60 19583
88 19203
35 39251
109 38092
38 16572
113 44474
263 9254
399 33990
204 40684
184 31212
144 63276
159 60494
271 27742
157 16005
157 13770
303 9354
112 69046
211 22942
129 19716
303 47277
224 46350
154 46695
29 10833
289 20763
31 31914
115 6824
336 36812
149 22369
303 2307
399 8481
381 61295
205 5739
241 63888
159 45781
181 58455
362 23903
38 66594
68 45473
263 30268
332 41008
159 52531
80 29164
358 57038
148 46665
316 14227
274 12812
82 4459
261 44731
191 17343
204 12033
221 46569
62 5711
266 34059
192 10462
183 13883
288 56515
60 2811
142 19390
385 16365
349 45723
86 69525
278 25700
189 66433
166 49629
299 58755
379 49701
107 39054
171 49103
282 25126
365 46905
300 29246
317 46884
326 6378
45 13821
290 29602
255 48948
14 2170
108 2198
29 50331
336 25178
340 27636
347 8634
334 41276
257 15536
41 63035
43 47426
134 21730
244 21681
109 3305
269 44363
23 14896
234 36119
323 31704
82 8058
177 39323
387 30215
218 62261
140 58531
294 31199
65 39391
292 21195
154 21530
70 56337
244 26043
50 43699
79 41053
226 24086
238 35690
309 17833
26 69285
108 58019
368 49163
285 65114
398 4029
116 51421
394 44147
269 60284
315 8872
75 49189
334 29740
324 64119
34 32280
50 41807
188 67237
52 48076
132 49608
187 1810
118 66392
62 3314
194 47597
134 49704
348 35679
243 16476
397 431
181 23588
80 48652
259 14469
6 25113
184 17125
371 45901
96 59171
366 37054
112 1592
261 25576
364 23065
374 14293
334 24384
