100
15 15 23663
15 15 16601
15 15 18987
15 15 29808
15 15 9504
15 15 15874
15 15 1593
15 15 31214
15 15 27377
15 15 24567
15 15 25448
15 15 16762
15 15 32321
15 15 21093
15 15 18496
15 15 6860
15 15 9727
15 15 24148
15 15 16440
15 15 28622
15 15 16247
15 15 23213
15 15 14890
15 15 22854
15 15 4203
15 15 1530
15 15 2819
15 15 26294
15 15 32614
15 15 11630
15 15 2239
15 15 7552
15 15 9805
15 15 17701
15 15 20885
15 15 29518
15 15 29495
15 15 21932
15 15 4974
15 15 18353
15 15 19326
15 15 25284
15 15 26524
15 15 8457
15 15 25879
15 15 12131
15 15 5833
15 15 12452
15 15 18974
15 15 764
15 15 22829
15 15 25130
15 15 15029
15 15 21504
15 15 26373
15 15 31288
15 15 24847
15 15 31653
15 15 27968
15 15 2123
15 15 3016
15 15 22246
15 15 14971
15 15 12256
15 15 25208
15 15 30923
15 15 14383
15 15 3289
15 15 18567
15 15 20970
15 15 1065
15 15 14115
15 15 25155
15 15 28974
15 15 15931
15 15 10646
15 15 28719
15 15 16855
15 15 24114
15 15 4124
15 15 29854
15 15 27330
15 15 9735
15 15 16662
15 15 22401
15 15 13035
15 15 1114
15 15 26107
15 15 31870
15 15 3888
15 15 31515
15 15 5954
15 15 32578
15 15 15704
15 15 24203
15 15 28547
15 15 2583
15 15 4179
15 15 99
15 15 23001
