100
7 9 366
9 8 1419
8 7 886
9 7 2196
7 8 1895
8 9 3506
8 8 1801
9 9 1851
1 9 52
9 8 1612
1 9 20
9 1 54
7 7 95
8 7 2895
8 9 4614
9 9 2446
9 1 68
7 7 2024
9 1 43
7 7 788
8 7 1701
1 9 25
8 8 3220
8 8 806
7 8 1229
7 7 1726
7 7 92
9 9 2700
1 9 71
9 9 785
7 7 449
7 8 1402
9 7 2210
7 7 950
9 1 13
9 8 2068
1 9 73
7 7 1913
1 9 3
8 7 2544
8 8 139
7 7 2026
8 8 1141
7 8 2986
8 7 1499
9 8 4866
7 8 2356
1 9 69
1 9 22
7 8 1273
9 9 2581
9 7 657
7 7 771
9 9 6295
9 1 30
8 9 503
9 1 8
9 8 33
9 8 3744
9 1 16
9 9 6066
8 7 1027
7 8 2027
1 9 35
1 9 57
7 8 3050
9 8 4834
8 7 2481
7 9 1741
7 7 1298
7 8 1907
7 8 1395
8 7 1290
8 9 3809
7 7 212
8 9 2584
7 7 589
7 9 1166
8 7 154
1 9 15
7 9 512
1 9 9
7 9 2842
9 9 6511
7 8 288
7 8 17
7 9 1554
8 7 2577
9 7 2827
8 8 755
9 1 13
8 7 2223
9 1 65
8 8 2504
9 1 8
1 9 26
7 9 1254
7 7 1148
7 7 881
1 9 23
