100
15 7 5410
4 10 1452
3 1 7
2 1 4
6 11 397
13 8 6924
6 6 1166
6 6 647
14 14 5666
10 12 9789
2 1 1
6 5 605
9 1 64
3 9 44
14 5 1206
1 11 8
3 15 1590
9 12 9006
10 15 4352
10 11 527
6 3 305
9 1 36
15 11 12515
11 3 998
15 13 22819
2 11 119
12 13 613
5 3 160
6 12 1609
9 3 204
8 10 4298
7 11 1757
5 1 22
14 15 4469
6 13 2327
10 3 14
4 8 5
11 1 62
1 6 17
2 7 1
11 5 1103
15 7 4177
9 12 2383
7 6 485
5 12 1412
7 13 1983
15 8 13373
2 9 267
9 14 3435
6 8 807
15 9 4863
4 4 26
10 13 5822
8 15 11889
9 12 982
11 2 363
3 4 88
15 1 4
1 13 81
15 3 873
13 13 22013
7 10 3220
6 5 591
4 7 533
4 9 379
3 6 13
5 14 4179
12 2 221
7 5 359
13 9 5393
14 12 18369
1 8 56
8 2 217
2 2 2
1 10 80
4 1 1
4 7 361
1 1 1
15 14 2711
1 2 3
7 15 252
2 3 26
8 7 1355
10 2 108
1 8 13
7 10 974
11 15 5729
9 13 1648
4 4 223
4 10 1546
5 7 908
13 12 18004
11 5 1759
10 12 10097
1 7 45
12 14 9731
1 1 1
14 10 658
14 3 738
1 1 1
