100
2 9 290
8 7 874
8 9 1670
9 8 4040
8 9 4087
9 2 109
7 9 355
9 8 1778
9 2 173
9 2 111
9 8 3211
7 8 1276
9 8 4683
7 9 507
9 2 199
8 9 4269
9 2 76
9 8 2854
9 7 2707
9 8 748
9 7 3591
7 9 19
9 8 3629
9 2 129
9 7 2725
2 9 222
7 8 1609
9 2 7
9 7 811
7 8 2593
9 2 156
8 8 574
9 9 6027
9 2 236
9 2 132
9 7 3030
9 7 430
8 7 22
7 9 802
7 8 2452
7 7 1673
2 9 54
8 8 3989
8 9 1192
8 8 3210
9 8 2159
8 9 4814
9 2 159
9 2 281
8 7 2948
7 7 1936
8 9 4031
9 8 4768
9 2 17
9 2 157
8 8 3902
8 9 840
9 2 75
7 7 45
9 8 1369
7 8 2165
9 8 4570
7 9 2200
7 8 344
9 9 1116
7 9 1832
9 7 3468
7 9 3809
8 8 2036
2 9 158
7 9 230
7 8 3055
9 2 169
2 9 36
9 8 1379
8 9 416
9 9 4111
9 9 731
9 7 306
9 9 3708
8 7 2977
2 9 323
9 2 283
8 9 284
2 9 44
8 9 617
8 7 2240
9 9 6560
9 9 5765
9 7 2960
9 9 3886
9 8 560
7 8 2045
8 9 2801
9 8 4771
9 2 59
7 7 1799
8 9 2084
7 8 2066
2 9 304
