100
6 6 77
6 7 41
6 8 614
6 9 191
6 10 3053
6 11 574
6 12 2302
6 13 324
6 14 913
6 15 2544
7 6 837
7 7 1277
7 8 1238
7 9 839
7 10 2019
7 11 1549
7 12 6913
7 13 2067
7 14 2885
7 15 5181
8 6 1974
8 7 91
8 8 174
8 9 5021
8 10 4616
8 11 4879
8 12 4948
8 13 2667
8 14 4514
8 15 6842
9 6 1064
9 7 980
9 8 2629
9 9 4386
9 10 4932
9 11 3075
9 12 7603
9 13 8772
9 14 3680
9 15 7889
10 6 1307
10 7 1690
10 8 4615
10 9 93
10 10 1734
10 11 438
10 12 3775
10 13 9147
10 14 4498
10 15 19971
11 6 3243
11 7 324
11 8 2636
11 9 7961
11 10 9652
11 11 1232
11 12 14756
11 13 5124
11 14 3414
11 15 20753
12 6 2731
12 7 398
12 8 1181
12 9 7688
12 10 9024
12 11 2973
12 12 10411
12 13 22926
12 14 20284
12 15 24931
13 6 3516
13 7 4504
13 8 2906
13 9 3134
13 10 175
13 11 4199
13 12 10523
13 13 17440
13 14 17415
13 15 32030
14 6 4536
14 7 8
14 8 11294
14 9 2222
14 10 1401
14 11 7214
14 12 26888
14 13 25434
14 14 22135
14 15 19989
15 6 3975
15 7 7042
15 8 8029
15 9 2793
15 10 1021
15 11 19789
15 12 23716
15 13 4601
15 14 6239
15 15 24752
