100
4 4 205
4 5 322
4 6 469
4 7 138
4 8 866
4 9 1159
4 10 1054
4 11 855
4 12 261
4 13 1051
5 4 2
5 5 148
5 6 669
5 7 295
5 8 1269
5 9 539
5 10 1891
5 11 2314
5 12 49
5 13 397
6 4 35
6 5 661
6 6 107
6 7 708
6 8 220
6 9 161
6 10 1064
6 11 685
6 12 4464
6 13 5251
7 4 352
7 5 176
7 6 128
7 7 1338
7 8 1122
7 9 2884
7 10 4154
7 11 3622
7 12 6904
7 13 1779
8 4 885
8 5 1533
8 6 1579
8 7 2813
8 8 1119
8 9 3236
8 10 4554
8 11 4267
8 12 8828
8 13 157
9 4 88
9 5 524
9 6 1046
9 7 872
9 8 148
9 9 4909
9 10 6659
9 11 8019
9 12 76
9 13 619
10 4 282
10 5 1543
10 6 2148
10 7 975
10 8 1505
10 9 1198
10 10 9316
10 11 8418
10 12 5715
10 13 5573
11 4 1232
11 5 199
11 6 2822
11 7 538
11 8 2796
11 9 9342
11 10 2347
11 11 7929
11 12 11167
11 13 8744
12 4 784
12 5 1154
12 6 3607
12 7 6293
12 8 9189
12 9 8106
12 10 2574
12 11 3516
12 12 4559
12 13 5697
13 4 2156
13 5 1421
13 6 3150
13 7 360
13 8 7693
13 9 3236
13 10 14242
13 11 10678
13 12 13379
13 13 19436
