100
1 9 65
1 9 56
1 9 3
1 10 42
1 10 33
1 10 35
1 11 118
1 11 86
1 11 19
2 9 96
2 9 263
2 9 316
2 10 303
2 10 152
2 10 193
2 11 284
2 11 110
2 11 429
3 9 2
3 9 637
3 9 1
3 10 599
3 10 448
3 10 353
3 11 1083
3 11 361
3 11 325
4 9 365
4 9 1246
4 9 267
4 10 965
4 10 326
4 10 660
4 11 478
4 11 1156
4 11 1445
5 9 217
5 9 1460
5 9 1430
5 10 1490
5 10 551
5 10 1473
5 11 2978
5 11 2614
5 11 974
6 9 577
6 9 2458
6 9 1903
6 10 1422
6 10 3155
6 10 2132
6 11 2024
6 11 3440
6 11 3770
7 9 2143
7 9 1450
7 9 545
7 10 1931
7 10 1997
7 10 1976
7 11 4133
7 11 2819
7 11 787
8 9 1341
8 9 3099
8 9 3986
8 10 936
8 10 1126
8 10 2588
8 11 5980
8 11 295
8 11 5394
9 9 309
9 9 579
9 9 5272
9 10 92
9 10 3257
9 10 4726
9 11 1589
9 11 8662
9 11 8487
10 9 4739
10 9 7126
10 9 6520
10 10 316
10 10 9715
10 10 7060
10 11 7659
10 11 2361
10 11 2463
11 9 51
11 9 7752
11 9 2414
11 10 9479
11 10 235
11 10 11334
11 11 13792
11 11 2303
11 11 1601
11 11 4326
