100
2 2 6
2 3 7
2 4 40
2 5 43
2 6 103
2 7 77
2 8 45
2 9 263
2 10 269
2 11 397
3 2 24
3 3 3
3 4 57
3 5 62
3 6 48
3 7 273
3 8 229
3 9 336
3 10 638
3 11 315
4 2 16
4 3 95
4 4 179
4 5 385
4 6 72
4 7 64
4 8 210
4 9 617
4 10 1084
4 11 313
5 2 69
5 3 171
5 4 114
5 5 105
5 6 496
5 7 811
5 8 215
5 9 633
5 10 826
5 11 462
6 2 21
6 3 283
6 4 12
6 5 101
6 6 1258
6 7 1044
6 8 248
6 9 1466
6 10 359
6 11 1786
7 2 146
7 3 130
7 4 693
7 5 455
7 6 669
7 7 114
7 8 527
7 9 1914
7 10 4872
7 11 3514
8 2 204
8 3 226
8 4 1022
8 5 253
8 6 2235
8 7 1792
8 8 3235
8 9 151
8 10 6037
8 11 5693
9 2 135
9 3 473
9 4 1245
9 5 1247
9 6 1309
9 7 1327
9 8 4395
9 9 2719
9 10 7237
9 11 7656
10 2 249
10 3 327
10 4 190
10 5 847
10 6 1949
10 7 351
10 8 5191
10 9 633
10 10 4441
10 11 5642
11 2 287
11 3 477
11 4 1007
11 5 1608
11 6 4118
11 7 185
11 8 377
11 9 5925
11 10 1001
11 11 13499
