100
1 13 127
1 13 164
1 13 64
1 13 145
1 13 3
1 13 12
1 13 28
1 13 114
1 13 59
1 13 142
13 1 100
13 1 23
13 1 39
13 1 73
13 1 24
13 1 154
13 1 128
13 1 93
13 1 102
13 1 136
2 13 59
2 13 659
2 13 520
2 13 135
2 13 305
2 13 372
2 13 71
2 13 143
2 13 99
2 13 434
13 2 439
13 2 395
13 2 560
13 2 248
13 2 305
13 2 308
13 2 289
13 2 188
13 2 653
13 2 113
11 13 6495
11 11 1017
13 12 6843
13 12 3310
12 13 8025
13 13 24040
11 11 5994
12 12 18312
12 12 10864
12 11 2065
11 11 2434
11 12 12394
13 13 27204
12 12 11607
11 12 6098
11 11 3266
13 13 15551
13 12 1078
11 11 5483
13 13 18452
12 11 14886
11 13 6464
13 13 13278
11 11 8310
11 12 16004
13 13 4151
11 12 12540
12 11 8078
12 13 3395
12 13 8288
13 11 2419
12 11 12388
11 13 5228
12 12 9207
11 13 7874
13 11 14127
13 12 12081
11 13 5308
11 11 3160
11 12 16213
12 11 3815
12 11 14025
13 12 2481
13 11 7697
12 11 4009
11 12 718
11 12 11772
12 13 7431
13 11 10265
12 13 5194
13 11 6700
12 13 11669
13 13 28411
13 13 26160
13 13 15929
11 12 10234
11 11 444
12 11 9302
12 12 5981
11 12 10700
