100
11 11 3940
11 11 3761
11 11 9600
11 11 8348
11 11 1705
11 11 730
11 11 8284
11 11 2019
11 11 10813
11 11 8063
11 11 11573
11 11 13762
11 11 8758
11 11 1375
11 11 10322
11 11 340
11 11 12720
11 11 11859
11 11 4016
11 11 11450
11 11 13977
11 11 4713
11 11 762
11 11 5244
11 11 8327
11 11 753
11 11 7935
11 11 64
11 11 955
11 11 11892
11 11 3952
11 11 3210
11 11 10892
11 11 8504
11 11 8896
11 11 11277
11 11 9247
11 11 404
11 11 8809
11 11 482
11 10 7611
11 10 11387
11 10 8009
11 10 6992
11 10 7211
11 10 11250
11 10 2222
11 10 5566
11 10 3606
11 10 9069
11 10 3396
11 10 11068
11 10 5932
11 10 3958
11 10 1427
11 10 4159
11 10 7198
11 10 4405
11 10 10573
11 10 5152
10 11 925
10 11 2884
10 11 2482
10 11 8103
10 11 7993
10 11 1472
10 11 2377
10 11 7631
10 11 8335
10 11 4344
10 11 5198
10 11 3807
10 11 7538
10 11 4850
10 11 3893
10 11 2237
10 11 338
10 11 7567
10 11 12039
10 11 6589
10 10 7794
10 10 3102
10 10 9084
10 10 3104
10 10 4028
10 10 348
10 10 1436
10 10 9486
10 10 647
10 10 1123
7 8 922
7 8 2980
7 8 900
7 8 1048
7 8 1326
8 7 2474
8 7 1264
8 7 2141
8 7 2122
8 7 344
