100
9 9 3193
9 9 1785
9 9 6330
9 9 4242
9 10 5960
9 10 3604
9 10 5157
9 10 7691
9 11 3211
9 11 2288
9 11 8724
9 11 6147
9 12 5268
9 12 7796
9 12 11369
9 12 11020
9 13 1886
9 13 7349
9 13 1221
9 13 663
10 9 1422
10 9 3559
10 9 796
10 9 3504
10 10 3831
10 10 3340
10 10 2035
10 10 582
10 11 4274
10 11 1929
10 11 8475
10 11 1205
10 12 13130
10 12 12549
10 12 7775
10 12 6621
10 13 8680
10 13 1561
10 13 15544
10 13 5527
11 9 2985
11 9 7737
11 9 365
11 9 3811
11 10 6371
11 10 2927
11 10 8610
11 10 3666
11 11 2542
11 11 871
11 11 624
11 11 8648
11 12 429
11 12 2171
11 12 8960
11 12 1815
11 13 8994
11 13 3152
11 13 17355
11 13 886
12 9 5261
12 9 10676
12 9 9962
12 9 7259
12 10 544
12 10 10841
12 10 2087
12 10 6784
12 11 1820
12 11 8581
12 11 10605
12 11 22
12 12 11244
12 12 7948
12 12 15688
12 12 1516
12 13 23397
12 13 3708
12 13 21928
12 13 14593
13 9 5580
13 9 5783
13 9 2982
13 9 6622
13 10 16408
13 10 3334
13 10 4250
13 10 12025
13 11 4121
13 11 618
13 11 11852
13 11 10429
13 12 22811
13 12 10744
13 12 3673
13 12 4734
13 13 4005
13 13 25374
13 13 4312
13 13 13412
