149
9 33
1 2 90
1 3 14
1 6 2
1 7 24
1 8 65
1 9 1
2 3 19
2 4 10
2 5 12
2 6 58
2 7 44
2 8 83
2 9 76
3 4 1
3 5 58
3 6 82
3 7 73
3 8 43
3 9 55
4 5 15
4 6 8
4 7 47
4 8 54
4 9 52
5 6 96
5 7 23
5 8 17
5 9 53
6 8 77
6 9 10
7 8 51
7 9 70
8 9 59
6
3 5 6 7 8 9
10 40
1 2 61
1 3 24
1 4 59
1 5 88
1 6 12
1 7 35
1 8 59
2 3 30
2 4 56
2 5 19
2 6 68
2 7 72
2 8 25
2 9 1
2 10 97
3 4 55
3 5 60
3 6 63
3 7 56
3 8 13
3 9 44
4 5 38
4 6 51
4 8 84
4 9 85
4 10 61
5 6 57
5 7 94
5 8 78
5 10 83
6 7 63
6 8 44
6 9 39
6 10 22
7 8 86
7 9 94
7 10 14
8 9 78
8 10 33
9 10 2
7
3 4 5 6 7 8 9
10 37
1 2 42
1 3 24
1 4 2
1 5 75
1 6 52
1 7 51
1 8 62
1 9 10
1 10 16
2 4 68
2 5 93
2 6 27
2 9 91
2 10 79
3 4 75
3 5 86
3 6 16
3 7 39
3 9 34
3 10 89
4 5 77
4 6 69
4 7 81
4 9 60
4 10 16
5 6 65
5 8 16
5 9 1
6 7 30
6 9 27
6 10 45
7 8 45
7 9 91
7 10 68
8 9 33
8 10 70
9 10 65
6
2 3 5 6 7 9
12 59
1 2 91
1 3 42
1 4 84
1 6 42
1 7 22
1 8 29
1 9 79
1 10 96
1 11 69
1 12 9
2 3 78
2 5 51
2 6 35
2 7 82
2 9 41
2 10 62
2 11 36
3 4 44
3 5 48
3 6 97
3 7 89
3 8 29
3 9 53
3 10 25
3 11 47
3 12 14
4 5 49
4 6 24
4 7 31
4 8 29
4 9 83
4 10 39
4 11 78
4 12 35
5 7 68
5 8 33
5 9 59
5 10 39
5 11 21
5 12 53
6 7 3
6 8 93
6 9 95
6 10 53
6 11 15
6 12 87
7 9 68
7 10 61
7 11 62
7 12 68
8 9 87
8 10 14
8 11 11
8 12 70
9 10 63
9 11 29
9 12 8
10 11 13
11 12 50
9
2 4 5 6 7 9 10 11 12
9 36
1 2 69
1 3 96
1 4 77
1 5 63
1 6 7
1 7 12
1 8 86
1 9 56
2 3 91
2 4 23
2 5 10
2 6 72
2 7 14
2 8 7
2 9 60
3 4 21
3 5 22
3 6 38
3 7 95
3 8 75
3 9 79
4 5 6
4 6 82
4 7 77
4 8 53
4 9 11
5 6 57
5 7 48
5 8 7
5 9 82
6 7 62
6 8 5
6 9 32
7 8 52
7 9 45
8 9 87
5
2 3 4 7 8
8 28
1 2 63
1 3 23
1 4 35
1 5 38
1 6 71
1 7 89
1 8 80
2 3 53
2 4 90
2 5 65
2 6 94
2 7 64
2 8 4
3 4 76
3 5 21
3 6 31
3 7 41
3 8 51
4 5 79
4 6 23
4 7 3
4 8 69
5 6 17
5 7 90
5 8 99
6 7 99
6 8 46
7 8 70
5
2 3 5 7 8
16 83
1 2 8
1 4 63
1 7 40
1 8 52
1 11 10
1 12 24
1 13 33
1 14 4
1 15 78
1 16 8
2 3 27
2 4 4
2 5 12
2 6 49
2 7 43
2 8 92
2 9 71
2 11 5
2 13 21
2 15 41
3 4 59
3 5 34
3 6 10
3 7 22
3 9 40
3 10 68
3 11 78
3 13 41
3 14 46
3 16 46
4 5 52
4 6 59
4 8 40
4 9 19
4 11 76
4 14 76
4 15 76
5 6 40
5 7 72
5 8 74
5 9 62
5 10 45
5 11 96
5 13 60
5 14 1
5 16 60
6 8 8
6 9 3
6 12 84
6 14 35
6 15 5
6 16 82
7 10 2
7 11 92
7 12 25
7 13 90
7 14 2
7 15 88
7 16 94
8 11 88
8 12 39
8 13 61
8 14 30
8 16 50
9 10 98
9 14 25
9 15 2
9 16 74
10 11 9
10 12 16
10 13 62
10 14 59
10 15 3
11 12 89
11 13 8
11 14 56
11 16 12
12 14 2
13 15 28
13 16 93
14 15 51
14 16 69
15 16 57
11
2 4 5 6 7 8 9 10 11 14 16
15 84
1 2 60
1 3 47
1 4 57
1 5 83
1 7 3
1 9 54
1 10 54
1 11 74
1 12 73
1 13 93
1 14 25
2 3 92
2 4 86
2 5 34
2 6 44
2 8 63
2 9 24
2 10 44
2 11 16
2 12 68
2 13 78
2 15 41
3 6 14
3 7 43
3 8 78
3 9 41
3 10 12
3 12 94
3 15 20
4 5 87
4 8 58
4 9 67
4 10 58
4 11 48
4 12 33
4 13 87
4 14 25
4 15 11
5 7 69
5 8 54
5 9 78
5 10 25
5 12 35
5 15 67
6 7 99
6 8 24
6 9 24
6 10 62
6 11 69
6 12 96
6 13 60
6 14 25
6 15 79
7 8 51
7 9 78
7 10 18
7 11 51
7 12 10
7 13 7
7 14 81
7 15 87
8 9 55
8 10 45
8 12 81
8 13 44
8 14 49
8 15 38
9 10 14
9 11 44
9 12 30
9 13 23
9 14 28
9 15 21
10 11 32
10 12 81
10 14 86
10 15 47
11 13 82
11 15 72
12 14 43
12 15 23
13 14 61
13 15 68
14 15 92
9
2 3 4 6 8 9 10 12 15
15 89
1 2 46
1 4 44
1 5 87
1 6 78
1 7 7
1 8 14
1 9 9
1 11 33
1 12 66
1 13 32
1 14 16
2 3 14
2 4 30
2 5 81
2 6 51
2 7 3
2 8 40
2 9 46
2 10 31
2 11 62
2 12 18
2 13 58
2 14 50
2 15 23
3 4 91
3 5 86
3 6 17
3 7 70
3 8 40
3 9 29
3 11 17
3 12 94
3 13 55
3 14 24
3 15 55
4 6 32
4 7 5
4 8 27
4 10 91
4 12 71
4 13 97
4 14 22
5 7 22
5 8 99
5 9 20
5 10 55
5 11 94
5 12 39
5 13 14
5 14 48
6 7 94
6 8 38
6 9 53
6 10 48
6 11 19
6 12 29
6 13 88
6 14 57
6 15 7
7 8 78
7 9 26
7 10 24
7 11 91
7 12 29
7 14 57
7 15 58
8 9 52
8 10 48
8 12 2
8 13 97
8 14 69
8 15 91
9 11 48
9 12 78
9 13 15
9 14 37
9 15 67
10 11 85
10 12 45
10 13 23
10 14 75
10 15 2
11 12 17
11 13 37
12 14 70
12 15 78
13 14 98
13 15 47
14 15 6
8
3 5 6 7 10 11 13 15
12 64
1 2 39
1 3 57
1 4 8
1 5 79
1 6 24
1 7 3
1 8 34
1 9 35
1 10 74
1 11 57
2 3 10
2 4 97
2 5 71
2 6 66
2 7 46
2 8 76
2 9 84
2 10 74
2 11 48
2 12 54
3 4 96
3 5 86
3 6 74
3 7 73
3 8 44
3 9 69
3 10 18
3 11 66
3 12 57
4 5 87
4 6 14
4 7 90
4 8 60
4 9 31
4 10 5
4 11 84
4 12 27
5 6 9
5 7 67
5 8 16
5 9 54
5 10 22
5 11 85
5 12 71
6 7 71
6 8 53
6 9 79
6 11 48
6 12 72
7 8 96
7 9 92
7 10 20
7 11 71
7 12 72
8 9 17
8 10 89
8 11 46
8 12 28
9 10 41
9 11 60
9 12 48
10 11 45
10 12 32
11 12 23
7
2 3 4 5 7 10 12
13 73
1 2 88
1 3 35
1 4 30
1 5 74
1 6 86
1 7 89
1 8 36
1 9 65
1 10 86
1 11 61
1 12 3
1 13 42
2 3 94
2 4 38
2 5 76
2 6 23
2 7 28
2 8 16
2 9 45
2 10 17
2 11 38
2 12 76
2 13 82
3 4 24
3 5 55
3 6 71
3 8 30
3 9 76
3 11 27
3 13 56
4 5 31
4 6 51
4 7 88
4 8 50
4 9 16
4 10 24
4 11 70
4 12 54
5 6 59
5 7 14
5 8 50
5 9 5
5 10 77
5 11 78
5 12 46
5 13 93
6 7 81
6 8 72
6 9 95
6 10 46
6 11 94
6 12 45
6 13 29
7 8 29
7 9 26
7 10 1
7 11 25
7 12 86
7 13 94
8 9 78
8 10 6
8 11 68
8 12 58
8 13 85
9 10 78
9 11 77
9 12 53
9 13 4
10 11 78
10 12 78
10 13 50
11 12 32
12 13 68
9
2 4 5 6 7 8 9 10 13
7 3
2 7 31
3 5 12
3 6 59
5
2 4 5 6 7
5 4
1 3 1
1 5 85
2 3 7
4 5 27
2
2 3
4 4
1 3 75
1 4 59
2 3 62
2 4 37
1
3
8 5
1 2 96
1 5 25
3 4 72
3 5 20
5 8 38
6
2 4 5 6 7 8
4 3
1 2 31
1 3 57
2 3 54
2
3 4
4 4
1 2 18
1 4 18
2 3 83
3 4 96
2
2 3
4 6
1 2 14
1 3 29
1 4 45
2 3 24
2 4 52
3 4 39
2
2 4
5 5
1 3 72
1 4 43
1 5 31
2 4 75
3 5 90
4
2 3 4 5
2 1
1 2 68
1
2
5 7
1 2 45
1 3 62
1 4 46
1 5 53
2 3 71
2 4 97
2 5 20
4
2 3 4 5
5 7
1 2 49
1 3 26
1 5 13
2 5 53
3 4 51
3 5 51
4 5 75
4
2 3 4 5
2 1
1 2 22
1
2
2 1
1 2 67
1
2
2 1
1 2 95
1
2
5 7
1 3 68
1 4 29
1 5 58
2 3 100
2 5 52
3 4 11
4 5 27
3
2 3 4
6 10
1 3 57
1 4 15
1 5 32
2 3 46
2 4 48
2 6 55
3 6 20
4 5 33
4 6 79
5 6 4
4
3 4 5 6
3 3
1 2 29
1 3 75
2 3 16
1
2
5 9
1 2 15
1 3 6
1 4 63
2 3 21
2 4 36
2 5 13
3 4 1
3 5 49
4 5 61
3
2 4 5
5 10
1 2 96
1 3 11
1 4 36
1 5 94
2 3 29
2 4 89
2 5 32
3 4 95
3 5 25
4 5 26
3
3 4 5
6 12
1 2 41
1 3 13
1 4 17
1 5 95
1 6 39
2 3 55
2 4 44
2 6 73
3 4 92
3 6 50
4 5 32
4 6 91
2
2 5
5 9
1 2 21
1 3 55
1 4 80
1 5 33
2 3 86
2 5 91
3 4 84
3 5 96
4 5 84
4
2 3 4 5
8 17
1 2 65
1 4 75
1 6 48
1 7 67
2 3 24
2 5 73
3 4 70
3 5 99
3 6 30
3 7 90
4 6 26
4 8 44
5 6 69
5 7 69
5 8 34
6 7 30
6 8 63
6
2 3 4 5 6 7
5 10
1 2 94
1 3 44
1 4 63
1 5 17
2 3 46
2 4 82
2 5 45
3 4 28
3 5 78
4 5 9
3
2 3 4
6 12
1 2 38
1 3 83
1 4 65
1 5 57
2 3 56
2 4 38
2 5 100
2 6 75
3 4 98
3 5 56
4 6 37
5 6 2
2
4 6
7 15
1 2 38
1 3 55
1 4 71
1 5 71
1 6 20
1 7 98
2 3 37
2 4 50
2 6 92
2 7 59
3 4 95
3 5 92
4 5 64
4 6 70
5 6 22
3
3 4 7
4 6
1 2 30
1 3 81
1 4 21
2 3 11
2 4 73
3 4 94
3
2 3 4
6 13
1 2 52
1 3 14
1 4 53
1 5 51
1 6 5
2 3 15
2 4 63
2 5 22
3 4 86
3 5 58
4 5 2
4 6 85
5 6 75
3
2 3 4
8 14
1 2 98
1 3 39
1 4 88
2 4 40
2 5 17
2 6 16
2 7 100
2 8 65
3 6 30
3 8 84
4 6 45
4 7 83
5 7 5
7 8 38
4
4 5 6 7
6 12
1 2 63
1 3 92
1 4 22
1 6 86
2 3 85
2 4 96
2 5 17
2 6 25
3 4 88
3 5 1
3 6 71
5 6 5
3
2 3 5
3 3
1 2 55
1 3 100
2 3 71
2
2 3
8 21
1 2 59
1 3 49
1 4 30
1 7 18
1 8 94
2 3 45
2 4 7
2 5 16
2 6 64
2 7 98
3 4 13
3 5 77
3 6 33
3 7 32
3 8 66
4 5 100
4 6 19
4 8 97
5 6 79
5 7 50
7 8 3
5
3 4 5 7 8
2 1
1 2 51
1
2
8 20
1 2 31
1 3 78
1 4 36
1 6 91
1 7 75
1 8 23
2 3 88
2 4 33
2 7 71
3 4 79
3 5 9
3 6 83
3 7 21
4 5 69
4 6 18
4 8 40
5 6 36
5 7 39
6 7 19
6 8 27
4
3 4 5 8
7 18
1 2 83
1 3 24
1 4 52
1 5 100
1 6 68
2 3 98
2 4 45
2 5 17
2 6 24
2 7 95
3 6 33
3 7 35
4 5 23
4 6 44
4 7 98
5 6 84
5 7 6
6 7 92
3
3 6 7
6 15
1 2 1
1 3 69
1 4 50
1 5 26
1 6 12
2 3 89
2 4 40
2 5 100
2 6 100
3 4 12
3 5 24
3 6 44
4 5 95
4 6 10
5 6 69
4
2 3 4 5
3 3
1 2 94
1 3 61
2 3 67
2
2 3
2 1
1 2 28
1
2
7 19
1 2 1
1 3 87
1 4 84
1 5 68
1 7 42
2 3 63
2 4 63
2 5 86
2 6 62
2 7 82
3 4 13
3 5 77
3 6 36
3 7 100
4 5 48
4 6 95
4 7 32
5 6 95
5 7 53
4
3 5 6 7
2 1
1 2 23
1
2
4 6
1 2 67
1 3 59
1 4 74
2 3 23
2 4 81
3 4 61
3
2 3 4
5 10
1 2 66
1 3 35
1 4 15
1 5 66
2 3 34
2 4 19
2 5 25
3 4 77
3 5 9
4 5 4
3
3 4 5
3 3
1 2 28
1 3 93
2 3 97
2
2 3
6 13
1 3 58
1 5 23
1 6 91
2 3 65
2 4 44
2 5 41
2 6 33
3 4 6
3 5 52
3 6 66
4 5 65
4 6 72
5 6 52
2
2 3
2 1
1 2 2
1
2
8 20
1 3 61
1 4 36
1 8 18
2 4 14
2 5 74
2 7 34
2 8 5
3 4 78
3 5 27
3 6 90
3 7 9
3 8 34
4 5 1
4 6 26
4 8 15
5 6 27
5 7 30
6 7 21
6 8 24
7 8 36
5
2 3 5 6 8
4 6
1 2 59
1 3 38
1 4 75
2 3 29
2 4 1
3 4 48
3
2 3 4
6 3
2 4 97
3 6 73
4 6 73
4
2 3 5 6
2 1
1 2 45
1
2
4 4
1 3 78
1 4 39
2 4 91
3 4 41
3
2 3 4
3 2
1 2 89
2 3 20
1
2
8 8
1 3 67
1 6 11
2 5 21
2 7 54
3 4 89
4 8 65
5 6 86
5 8 51
4
2 4 6 8
2 1
1 2 45
1
2
3 3
1 2 6
1 3 24
2 3 23
2
2 3
4 4
1 4 65
2 3 26
2 4 90
3 4 91
3
2 3 4
2 1
1 2 56
1
2
7 10
1 2 10
1 4 86
1 7 80
2 3 45
2 6 16
3 4 44
3 7 66
4 5 63
4 6 56
4 7 24
4
3 4 5 6
5 7
1 2 66
1 4 100
2 3 47
2 4 74
2 5 78
3 5 70
4 5 82
3
2 3 4
4 6
1 2 48
1 3 69
1 4 46
2 3 6
2 4 91
3 4 100
2
2 4
2 1
1 2 37
1
2
2 1
1 2 85
1
2
6 10
1 2 26
1 3 97
1 5 18
1 6 36
2 4 68
2 5 85
2 6 48
3 4 15
4 6 19
5 6 72
2
4 5
3 3
1 2 45
1 3 69
2 3 85
2
2 3
4 6
1 2 32
1 3 22
1 4 30
2 3 89
2 4 67
3 4 3
1
3
7 13
1 2 35
1 3 45
1 6 35
1 7 45
2 3 52
2 5 10
2 7 26
3 4 2
3 6 51
3 7 8
4 7 18
5 7 53
6 7 81
2
2 6
7 11
1 2 93
1 3 64
1 5 26
2 4 79
3 4 63
3 5 70
3 7 64
4 6 70
5 6 48
5 7 60
6 7 27
4
4 5 6 7
8 15
1 4 83
1 5 32
1 6 47
1 7 41
1 8 27
2 3 98
2 4 17
2 5 43
2 6 18
3 4 74
3 6 97
3 8 5
4 5 91
4 7 57
7 8 7
2
5 7
6 10
1 2 66
1 3 32
1 4 17
1 6 46
2 5 37
2 6 89
3 4 12
4 5 55
4 6 45
5 6 2
4
2 3 5 6
6 11
1 2 40
1 3 22
1 5 67
1 6 78
2 3 34
2 4 78
3 4 92
3 5 39
3 6 13
4 5 44
5 6 4
5
2 3 4 5 6
4 6
1 2 10
1 3 99
1 4 13
2 3 2
2 4 9
3 4 8
2
3 4
6 11
1 2 32
1 4 97
1 5 92
1 6 30
2 4 19
2 5 20
3 4 51
3 6 92
4 5 82
4 6 44
5 6 73
3
4 5 6
4 6
1 2 9
1 3 32
1 4 37
2 3 20
2 4 92
3 4 7
2
2 3
3 3
1 2 42
1 3 56
2 3 47
2
2 3
3 3
1 2 15
1 3 1
2 3 15
2
2 3
5 10
1 2 85
1 3 25
1 4 92
1 5 79
2 3 95
2 4 79
2 5 42
3 4 83
3 5 42
4 5 17
2
2 4
4 6
1 2 18
1 3 75
1 4 98
2 3 71
2 4 14
3 4 66
1
2
8 19
1 2 41
1 3 100
1 4 39
1 5 65
1 6 50
1 7 70
1 8 82
2 4 93
2 6 33
2 7 19
3 4 22
3 5 70
3 8 39
4 5 22
4 7 53
5 6 19
5 7 57
6 8 60
7 8 26
7
2 3 4 5 6 7 8
8 21
1 2 5
1 3 13
1 4 92
1 5 56
1 6 62
1 7 46
1 8 50
2 3 45
2 4 54
2 5 47
2 7 19
2 8 72
3 5 65
3 6 17
3 7 58
4 5 67
4 7 92
4 8 41
5 7 47
5 8 24
6 8 55
6
3 4 5 6 7 8
6 15
1 2 81
1 3 93
1 4 74
1 5 32
1 6 90
2 3 60
2 4 62
2 5 22
2 6 64
3 4 81
3 5 93
3 6 16
4 5 63
4 6 48
5 6 60
5
2 3 4 5 6
5 9
1 3 84
1 4 68
1 5 38
2 3 19
2 4 16
2 5 94
3 4 36
3 5 45
4 5 49
1
3
4 6
1 2 85
1 3 17
1 4 96
2 3 90
2 4 3
3 4 83
3
2 3 4
8 18
1 2 18
1 4 99
1 5 59
1 7 29
1 8 8
2 3 32
2 6 65
2 7 96
2 8 41
3 4 28
3 5 65
3 8 5
4 5 46
5 6 51
5 7 22
5 8 7
6 7 45
7 8 19
4
2 4 5 7
7 18
1 2 95
1 3 67
1 4 47
1 5 97
1 6 4
2 3 45
2 4 26
2 5 39
2 6 35
2 7 40
3 4 35
3 5 36
3 6 77
3 7 98
4 6 55
4 7 43
5 6 74
6 7 5
5
2 3 4 6 7
4 6
1 2 75
1 3 54
1 4 17
2 3 1
2 4 70
3 4 19
2
3 4
8 20
1 2 5
1 3 19
1 5 67
1 6 71
1 7 3
1 8 36
2 6 82
2 7 8
2 8 21
3 4 11
3 5 16
3 8 36
4 5 80
4 6 26
4 8 41
5 6 86
5 7 14
6 7 66
6 8 72
7 8 44
5
2 3 5 6 8
2 1
1 2 20
1
2
6 14
1 2 68
1 3 55
1 4 19
1 5 89
1 6 30
2 3 6
2 4 65
2 5 25
2 6 7
3 4 99
3 6 6
4 5 52
4 6 59
5 6 24
4
2 3 4 5
7 18
1 2 48
1 3 38
1 4 72
1 5 34
1 6 66
1 7 55
2 3 50
2 4 28
2 5 57
2 7 100
3 4 57
3 5 35
4 5 37
4 6 83
4 7 94
5 6 60
5 7 9
6 7 92
2
2 5
5 9
1 2 48
1 3 29
1 5 94
2 3 94
2 4 62
2 5 65
3 4 64
3 5 98
4 5 32
3
2 3 5
5 10
1 2 51
1 3 100
1 4 4
1 5 24
2 3 76
2 4 48
2 5 26
3 4 14
3 5 3
4 5 28
2
4 5
3 3
1 2 1
1 3 52
2 3 48
1
3
5 10
1 2 74
1 3 70
1 4 51
1 5 39
2 3 10
2 4 24
2 5 49
3 4 36
3 5 8
4 5 15
3
2 4 5
4 6
1 2 75
1 3 64
1 4 96
2 3 86
2 4 63
3 4 9
3
2 3 4
7 2
1 3 60
3 6 33
6
2 3 4 5 6 7
3 3
1 2 66
1 3 84
2 3 62
2
2 3
8 5
1 5 23
1 8 48
2 4 3
5 8 24
6 8 81
4
3 4 6 7
8 5
1 4 100
2 4 93
3 6 7
6 8 64
7 8 17
5
2 4 5 7 8
7 8
1 2 94
1 7 41
2 4 30
3 4 22
3 7 30
4 6 22
4 7 40
5 7 96
3
2 5 6
5 6
1 2 63
1 3 1
1 4 17
1 5 76
2 4 1
3 4 43
1
5
5 6
1 2 24
1 5 35
2 3 31
2 4 19
3 4 88
4 5 95
3
2 4 5
7 10
1 2 26
1 4 68
1 7 8
2 4 48
2 6 17
2 7 93
3 4 39
3 6 8
5 6 6
5 7 16
4
2 3 5 7
4 6
1 2 94
1 3 74
1 4 73
2 3 32
2 4 13
3 4 87
3
2 3 4
6 7
1 2 80
1 4 4
2 3 74
2 4 69
3 4 56
3 5 47
3 6 71
4
2 3 4 5
3 3
1 2 11
1 3 41
2 3 3
1
3
5 6
1 3 88
1 5 26
2 4 99
2 5 56
3 4 52
3 5 45
3
2 4 5
6 10
1 2 100
1 3 48
1 6 95
2 4 82
2 5 49
2 6 91
3 5 8
3 6 3
4 6 50
5 6 42
3
3 5 6
3 3
1 2 7
1 3 52
2 3 72
2
2 3
8 15
1 2 25
1 3 3
1 7 82
2 3 4
2 6 21
3 4 37
3 6 55
3 7 20
3 8 37
4 8 14
5 6 56
5 8 41
6 7 71
6 8 18
7 8 62
7
2 3 4 5 6 7 8
6 10
1 2 14
1 3 27
1 4 69
2 3 25
2 4 81
2 6 82
3 4 10
3 6 89
4 5 53
5 6 87
1
4
3 3
1 2 96
1 3 72
2 3 65
1
3
4 5
1 2 39
1 4 8
2 3 21
2 4 35
3 4 30
2
2 3
6 9
1 2 96
1 3 47
1 4 57
2 3 38
2 4 60
2 6 7
3 5 1
3 6 87
4 5 59
2
2 3
4 5
1 2 27
1 3 52
1 4 14
2 4 35
3 4 16
2
2 3
7 14
1 4 72
1 7 22
2 3 42
2 5 87
2 6 72
3 4 54
3 5 64
3 6 98
3 7 81
4 6 6
4 7 95
5 6 23
5 7 46
6 7 99
4
3 4 6 7
5 8
1 2 70
1 3 26
1 4 86
1 5 89
2 4 54
2 5 14
3 4 82
3 5 65
2
3 5
4 6
1 2 74
1 3 9
1 4 22
2 3 94
2 4 99
3 4 86
2
2 4
7 17
1 2 54
1 3 60
1 4 15
1 6 3
2 3 39
2 4 30
2 5 89
2 6 17
2 7 100
3 4 54
3 5 92
3 6 29
3 7 88
4 6 27
5 6 5
5 7 41
6 7 56
2
3 4
2 1
1 2 41
1
2
6 10
1 2 30
1 4 70
1 5 29
1 6 28
2 3 98
3 4 30
3 6 57
4 5 5
4 6 52
5 6 33
2
5 6
5 9
1 2 61
1 3 13
1 4 47
1 5 44
2 3 61
2 4 10
2 5 96
3 4 15
3 5 64
2
3 4
5 8
1 3 70
1 5 43
2 3 28
2 4 21
2 5 93
3 4 57
3 5 29
4 5 98
3
2 3 4
8 19
1 2 44
1 3 87
1 4 82
1 5 28
1 6 23
1 7 20
1 8 87
2 3 12
2 4 15
2 6 39
2 7 14
2 8 57
3 6 79
4 5 100
4 6 91
5 6 69
5 7 87
5 8 3
6 7 17
5
3 4 6 7 8
3 3
1 2 80
1 3 77
2 3 81
1
3
5 9
1 3 64
1 4 81
1 5 35
2 3 24
2 4 22
2 5 11
3 4 92
3 5 31
4 5 16
4
2 3 4 5
5 9
1 2 11
1 3 28
1 5 63
2 3 15
2 4 61
2 5 91
3 4 80
3 5 63
4 5 27
4
2 3 4 5
6 14
1 2 34
1 3 85
1 5 30
1 6 19
2 3 14
2 4 33
2 5 89
2 6 9
3 4 68
3 5 48
3 6 46
4 5 90
4 6 71
5 6 33
3
4 5 6
7 15
1 4 98
1 5 59
1 6 90
1 7 66
2 3 36
2 4 13
2 7 93
3 5 55
3 6 42
3 7 14
4 5 52
4 7 31
5 6 47
5 7 69
6 7 83
2
4 5
4 6
1 2 23
1 3 91
1 4 59
2 3 86
2 4 5
3 4 7
2
2 3
7 18
1 2 84
1 3 24
1 4 5
1 6 31
1 7 38
2 3 42
2 4 41
2 5 18
2 6 27
2 7 73
3 4 79
3 6 99
3 7 27
4 5 16
4 6 29
4 7 20
5 7 23
6 7 16
4
2 3 4 7
4 6
1 2 71
1 3 40
1 4 98
2 3 48
2 4 87
3 4 84
3
2 3 4
4 6
1 2 18
1 3 70
1 4 56
2 3 39
2 4 57
3 4 39
1
3
7 20
1 2 2
1 3 48
1 4 28
1 5 58
1 7 62
2 3 83
2 4 65
2 5 62
2 6 35
2 7 71
3 4 1
3 5 73
3 6 46
3 7 97
4 5 1
4 6 53
4 7 22
5 6 55
5 7 1
6 7 16
4
2 4 5 7
5 9
1 2 24
1 3 18
1 4 5
1 5 28
2 3 91
2 4 40
2 5 83
3 4 61
4 5 41
3
2 3 4
6 13
1 2 57
1 3 79
1 4 11
1 5 46
1 6 25
2 3 45
2 4 72
2 5 61
3 5 3
3 6 60
4 5 83
4 6 40
5 6 41
3
4 5 6
5 10
1 2 65
1 3 58
1 4 4
1 5 10
2 3 43
2 4 71
2 5 43
3 4 63
3 5 1
4 5 52
3
2 3 5
8 22
1 2 53
1 3 95
1 4 56
1 5 56
1 6 85
1 7 63
1 8 73
2 3 92
2 4 79
2 6 4
2 7 39
3 4 86
3 5 62
3 6 93
3 7 94
3 8 81
4 7 72
4 8 69
5 6 92
6 7 37
6 8 10
7 8 55
5
2 3 4 7 8
6 14
1 2 98
1 3 27
1 4 1
1 5 65
2 3 83
2 4 60
2 5 87
2 6 91
3 4 21
3 5 96
3 6 37
4 5 55
4 6 8
5 6 79
4
2 3 4 5
4 6
1 2 38
1 3 72
1 4 83
2 3 76
2 4 54
3 4 100
3
2 3 4
3 3
1 2 64
1 3 91
2 3 59
1
3
