1000 412
368 322 302 803 693 705 584 161 571 836 704 829 806 882 671 6 360 862 452 345 844 526 694 136 346 177 342 719 225 447 22 476 63 58 750 291 744 528 147 337 30 777 937 958 770 367 868 107 608 94 796 782 559 260 794 879 1 577 978 641 902 766 280 207 47 724 506 16 811 69 404 310 361 742 615 984 471 167 908 84 944 663 465 142 463 353 720 216 695 959 574 896 717 845 630 309 499 525 437 515 488 758 120 948 304 103 116 70 860 983 318 722 38 117 348 56 299 198 954 28 672 683 706 888 114 833 456 173 714 374 113 293 569 604 826 349 244 3 990 652 37 210 516 673 709 736 275 945 785 454 470 51 80 960 462 952 146 377 504 426 162 625 405 206 877 164 344 637 175 192 273 856 849 591 587 857 900 13 626 292 357 890 897 662 441 566 126 498 449 878 165 271 258 123 919 392 226 11 242 494 428 962 729 688 700 863 52 190 241 418 963 283 274 905 876 49 573 692 556 636 287 602 841 606 813 767 600 8 646 708 973 181 68 964 723 288 236 235 502 760 732 272 979 88 531 482 208 539 202 892 530 446 647 393 153 570 634 212 145 231 327 765 276 514 787 651 29 203 899 524 106 957 545 725 191 481 585 99 497 534 419 4 661 500 797 124 281 416 930 67 529 696 807 77 286 313 93 414 469 355 394 550 395 677 399 771 166 459 277 943 245 934 87 808 159 985 563 773 907 847 27 792 269 298 699 741 612 568 330 376 425 567 624 334 898 642 697 522 716 953 622 183 188 830 680 788 215 174 352 658 370 798 308 740 815 776 613 312 670 996 112 284 865 389 386 134 98 790 18 15 682 388 297 995 314 406 895 150 427 433 823 684 616 509 493 402 949 201 870 129 975 799 185 761 57 268 678 455 507 639 31 110 972 311 921 354 204 20 43 935 980 75 
720 931 725
911 720 59
415 720 993
514 720 860
973 720 420
365 911 619
780 514 26
302 514 777
234 931 182
705 415 534
751 720 722
144 780 367
887 302 298
388 720 248
937 705 906
373 911 179
904 720 348
59 911 433
6 720 199
91 6 961
850 59 621
537 904 831
238 911 707
155 373 151
827 365 70
384 373 26
248 238 340
958 827 400
43 144 465
813 302 479
660 973 387
641 911 578
79 937 464
649 827 422
926 144 495
426 537 633
21 649 188
945 649 691
87 780 808
153 87 786
655 59 328
405 945 977
834 79 460
873 751 744
31 302 835
812 813 842
891 641 749
700 641 394
458 649 457
141 514 8
638 144 353
75 945 435
822 780 154
809 426 423
762 705 856
63 660 729
892 834 522
503 649 344
236 31 930
569 503 199
946 87 240
502 809 992
921 503 815
533 850 299
651 660 79
769 705 431
634 973 461
254 79 336
1000 59 848
301 926 114
784 79 365
402 769 973
362 238 54
133 502 649
68 827 510
32 362 668
683 141 40
90 892 378
729 503 785
363 402 68
492 21 146
895 402 724
468 75 419
764 946 712
865 31 965
839 641 573
430 1000 830
757 533 149
288 683 154
257 891 204
965 141 712
423 363 464
419 887 499
360 6 935
801 75 146
583 911 654
957 79 843
591 133 943
57 660 347
330 591 578
325 683 32
817 892 863
488 537 891
438 87 762
434 90 424
675 873 809
923 6 728
748 430 74
862 236 409
432 649 392
785 891 300
828 405 416
745 809 112
273 373 167
8 415 813
13 812 590
844 141 411
665 957 377
329 705 244
568 492 492
117 79 759
662 785 822
980 302 966
416 751 91
783 812 699
252 801 501
198 90 630
872 153 587
83 6 338
217 75 501
460 762 833
344 488 814
162 873 293
732 468 226
403 651 193
157 1000 658
187 931 655
505 6 326
183 236 819
38 980 283
435 921 823
966 83 37
544 13 200
857 13 806
23 79 897
654 8 536
10 591 872
672 153 487
71 75 470
582 926 851
140 8 98
148 514 221
286 405 976
913 273 959
471 57 125
165 140 825
561 492 142
290 430 33
476 301 826
168 87 122
398 980 70
910 362 961
726 488 144
639 649 420
463 21 30
196 958 643
482 700 463
336 31 548
760 236 346
768 248 154
621 973 173
622 155 765
513 468 545
444 958 80
550 769 5
620 757 991
883 550 663
947 59 415
712 8 546
241 13 667
856 931 965
132 252 859
26 966 776
961 533 416
555 513 293
600 43 830
93 430 468
697 234 560
453 241 286
777 438 27
209 432 447
260 801 740
335 260 390
283 651 867
323 561 191
421 812 620
695 783 795
713 872 939
565 651 741
180 1000 240
107 891 177
909 582 931
472 421 496
108 909 74
791 785 687
392 117 209
442 460 849
125 21 337
658 565 722
111 720 4
885 600 405
499 757 80
602 857 408
650 288 418
49 660 511
776 21 309
567 198 654
195 565 195
475 234 427
759 514 42
305 732 435
98 365 291
718 460 587
914 745 696
585 148 34
607 931 843
246 8 734
541 712 255
494 582 988
489 260 785
2 776 452
789 442 86
852 442 980
281 6 612
681 23 412
811 662 145
534 555 513
433 966 193
135 958 790
320 923 830
152 8 1000
711 891 888
213 59 401
112 388 992
767 777 855
599 476 391
450 329 918
15 759 212
876 91 779
990 384 734
214 873 282
74 38 167
849 622 275
816 453 322
447 654 728
249 980 934
580 260 891
529 505 666
372 405 149
636 876 547
77 90 394
19 966 5
836 140 171
308 10 663
874 302 740
506 236 834
60 1000 623
960 660 299
78 325 904
92 700 182
28 236 963
625 675 837
164 434 43
397 697 498
575 813 868
400 335 818
508 945 51
860 973 26
779 323 997
352 636 590
389 784 845
964 565 744
179 544 466
680 910 909
674 681 880
441 257 462
905 234 198
553 660 782
691 555 928
703 438 959
707 849 197
115 494 107
287 650 412
484 241 39
58 957 90
327 785 322
694 857 751
830 650 551
104 655 523
846 31 6
337 660 355
727 135 946
228 302 888
439 415 111
88 228 778
598 625 418
22 729 992
566 288 590
542 503 355
490 580 956
940 187 132
578 325 290
151 398 875
485 703 903
574 672 258
298 308 702
212 505 705
110 92 905
385 405 707
524 453 880
72 460 497
159 585 267
577 385 21
642 654 388
291 508 594
206 335 176
526 910 250
889 71 103
546 384 1000
956 705 402
927 569 815
451 514 52
150 217 746
509 506 404
199 660 238
808 494 251
407 362 517
606 91 617
44 236 340
725 780 492
917 885 207
178 940 660
978 856 556
424 779 8
970 254 741
643 783 509
454 199 322
230 583 753
799 811 54
858 87 763
275 966 585
653 712 557
370 363 102
100 249 444
406 91 381
27 700 535
223 964 340
977 438 623
556 889 842
417 454 662
933 15 548
771 451 107
259 49 355
136 21 908
664 694 573
677 575 93
576 372 531
802 533 9
841 748 652
796 453 677
661 327 864
517 947 557
742 791 968
455 649 306
82 583 651
963 529 593
516 430 468
190 23 706
820 513 706
359 841 726
588 745 848
418 212 994
219 439 310
666 246 988
985 846 863
590 60 268
859 813 422
345 75 237
226 320 666
752 252 436
498 720 673
326 672 504
687 165 612
942 856 538
268 442 616
536 839 127
527 887 485
127 141 395
205 712 906
866 850 753
557 15 264
906 49 264
491 785 901
312 703 432
184 489 612
692 956 838
495 727 884
277 403 740
3 345 694
880 471 92
955 327 75
908 961 134
269 187 925
367 223 712
427 705 981
496 38 734
172 159 749
270 990 898
624 148 134
773 287 869
412 252 277
374 643 55
262 91 170
690 494 284
800 90 25
89 576 648
314 337 988
376 973 412
181 958 977
548 508 616
775 385 648
119 590 235
832 172 280
149 178 730
996 555 634
146 58 917
70 822 501
86 711 424
737 692 404
884 742 297
528 421 213
12 365 277
507 83 476
280 60 568
334 643 975
938 725 108
994 433 539
899 135 201
318 516 647
425 911 343
276 223 663
609 26 888
807 872 420
477 883 305
481 720 906
558 524 42
782 834 234
959 416 76
586 91 409
39 489 82
716 388 161
659 374 907
698 638 430
788 970 288
408 376 476
339 88 41
34 152 399
253 384 429
890 10 74
282 534 545
369 566 212
997 421 728
739 290 897
867 339 860
61 643 573
929 569 76
193 305 70
733 938 294
637 133 82
663 942 719
255 111 758
163 152 457
915 527 768
814 675 900
137 752 32
480 426 89
379 680 307
630 707 666
95 370 72
864 933 542
925 150 503
473 447 844
991 282 69
673 325 37
20 408 237
826 874 431
616 980 548
121 556 247
605 57 148
871 281 998
161 19 460
835 482 832
879 732 389
603 193 345
511 61 768
614 430 985
304 432 414
900 61 786
851 585 128
962 605 231
123 162 89
222 718 463
501 498 968
838 477 554
722 178 362
169 405 131
279 178 127
979 406 999
699 550 412
631 492 661
987 79 753
532 108 150
989 536 508
48 548 479
381 561 46
855 827 925
646 31 508
804 246 264
51 433 273
930 541 315
116 135 682
833 379 42
462 133 866
210 496 533
633 599 470
483 26 149
347 389 468
250 513 717
968 961 664
383 273 675
589 636 991
300 359 262
608 123 120
143 716 457
525 962 783
552 83 257
154 767 668
986 963 188
486 453 107
386 501 707
114 852 181
774 476 450
170 148 111
33 720 389
969 994 514
160 590 229
128 91 891
792 654 338
972 643 995
332 665 307
467 388 114
592 298 829
220 591 487
685 555 361
349 836 884
35 608 513
746 665 72
208 913 683
843 586 20
702 2 198
924 288 370
741 801 405
753 388 578
267 873 347
41 128 423
701 241 182
218 77 18
520 190 806
239 997 829
831 28 296
317 654 291
245 675 270
341 663 654
310 498 537
194 700 361
902 250 130
657 677 760
331 104 645
671 157 180
42 663 199
738 683 371
197 164 393
518 814 79
595 74 221
185 34 598
126 694 601
845 454 490
142 858 786
348 789 657
36 855 179
65 107 832
166 485 494
295 312 196
632 226 722
696 705 961
810 403 598
949 621 559
156 71 893
920 268 713
825 234 130
571 980 376
182 491 293
644 970 543
710 91 895
704 940 24
139 198 346
581 607 800
523 905 93
272 915 102
579 839 663
717 822 713
343 603 273
487 879 155
120 140 41
265 741 632
404 687 844
147 220 732
715 913 796
231 10 44
941 488 218
735 120 379
560 712 718
235 942 160
138 405 517
124 917 422
714 802 522
461 359 829
457 219 976
881 236 7
129 135 302
848 454 685
47 499 468
617 773 682
122 516 173
189 534 184
758 529 870
251 526 98
436 768 614
80 287 410
227 966 150
678 460 12
837 673 603
313 553 835
922 3 482
449 472 483
296 917 83
538 439 550
67 262 129
240 991 458
936 929 129
731 418 755
934 417 57
211 149 237
519 956 763
948 752 645
944 552 329
315 528 481
744 808 547
512 713 20
805 219 823
522 83 863
390 703 201
413 345 205
73 712 212
939 936 509
353 124 775
510 423 381
842 985 403
118 880 300
130 674 764
829 39 257
414 938 254
863 453 347
103 239 170
242 468 809
256 251 825
452 827 643
420 887 808
734 152 760
316 245 660
299 336 729
823 955 632
897 183 982
464 323 165
14 841 312
371 506 394
540 511 542
409 160 844
285 838 652
175 650 927
554 133 688
688 653 101
333 760 71
266 392 767
786 255 625
932 924 906
328 91 232
448 20 91
668 483 382
907 589 551
64 218 207
232 956 68
284 832 324
176 360 812
54 156 346
898 827 683
101 607 515
545 328 990
45 199 307
719 816 46
366 219 574
593 8 406
350 695 112
18 831 721
861 480 933
382 816 328
888 899 906
988 638 75
261 137 27
306 47 357
456 783 367
52 164 173
225 897 441
233 839 154
62 222 496
307 126 558
626 541 681
221 541 407
531 808 147
167 189 962
870 985 355
564 72 753
847 864 242
869 139 646
679 180 676
46 168 8
340 288 865
723 845 78
693 240 217
394 90 513
410 3 228
357 352 551
469 714 385
563 946 413
559 348 328
186 529 661
131 454 200
918 703 641
645 972 333
174 418 654
992 558 357
387 310 780
25 675 674
747 370 181
351 934 429
730 581 476
770 989 313
102 491 985
756 764 725
597 317 490
105 153 862
40 726 843
547 464 853
562 546 65
66 426 212
479 442 307
755 526 759
652 730 482
570 300 609
684 172 675
853 164 28
204 931 11
797 930 309
271 471 690
443 867 39
629 163 419
145 273 407
572 51 403
244 332 528
292 182 120
97 60 128
615 227 60
30 614 171
81 796 178
610 947 470
709 190 928
466 713 494
763 688 877
998 433 154
224 834 141
919 865 262
623 760 779
635 723 138
772 779 878
459 184 43
411 466 927
682 957 544
201 238 938
886 344 175
584 170 723
894 585 201
216 801 947
358 552 211
818 939 555
971 267 71
928 336 216
94 977 930
396 937 471
69 569 607
761 212 211
401 833 508
974 143 630
134 153 139
428 341 908
504 622 493
399 483 462
203 77 802
431 865 77
778 691 323
342 603 84
743 336 963
984 359 435
192 44 411
612 266 586
821 857 118
99 639 755
311 684 173
96 388 396
950 760 811
7 886 811
493 778 371
543 146 66
200 253 881
338 179 677
53 945 878
951 694 761
247 382 952
901 688 728
999 505 137
109 35 538
85 796 191
628 240 502
207 963 348
375 776 417
981 623 135
656 128 894
604 349 963
297 458 928
803 895 334
627 527 140
393 413 988
754 51 441
229 353 837
429 196 660
17 774 140
596 260 999
640 396 562
422 217 851
263 313 179
993 699 142
706 841 671
736 814 814
16 338 179
794 333 999
613 484 737
535 487 569
943 404 61
303 687 701
806 867 938
983 851 209
587 885 285
474 683 435
29 126 647
728 584 75
618 27 409
798 88 347
324 439 963
611 748 867
594 922 837
445 205 256
670 297 882
896 552 709
676 427 410
916 14 677
530 291 719
258 133 759
967 844 570
954 247 563
5 404 614
177 807 621
55 965 846
294 665 528
647 387 467
84 603 988
982 848 48
289 582 394
361 252 9
793 434 943
293 492 873
237 384 760
274 523 932
824 365 798
787 63 988
601 453 130
465 311 544
319 895 578
158 407 897
470 618 203
1 973 623
912 897 522
708 270 292
903 977 974
497 845 343
878 873 832
877 26 660
395 925 367
893 78 241
953 114 525
355 319 436
202 260 669
854 389 267
868 599 673
515 570 572
188 712 687
689 275 855
724 313 220
368 762 577
278 615 740
446 670 554
882 636 272
478 174 809
790 455 473
648 39 990
765 780 476
321 648 872
976 207 207
521 183 65
380 801 811
819 834 174
766 131 82
875 89 499
309 134 707
935 295 815
4 452 763
840 739 764
264 18 102
440 622 426
686 349 7
391 789 811
50 686 900
215 973 90
995 652 558
781 51 664
11 568 999
173 562 143
750 663 981
721 142 411
539 11 14
815 600 214
749 315 372
322 294 75
551 566 339
354 905 749
243 431 224
619 287 249
500 217 381
573 168 248
549 555 98
364 630 546
669 506 190
9 631 216
740 496 999
113 536 592
76 595 118
191 399 814
667 819 918
437 983 809
171 897 566
37 861 548
346 309 405
952 449 62
377 31 678
24 326 804
795 165 156
106 39 333
356 605 440
378 458 727
975 919 544
56 71 792
