1000 432
187 992 965 949 358 862 316 951 158 543 111 309 166 300 998 646 851 637 734 412 578 218 569 195 867 191 834 278 297 642 442 45 203 817 178 941 98 401 246 387 54 879 197 608 328 323 217 781 233 37 4 703 786 72 788 405 50 872 322 519 394 335 57 314 344 972 74 157 967 662 991 53 985 421 822 920 546 876 970 332 680 897 65 415 950 84 164 557 549 983 492 845 669 26 501 978 755 752 636 56 8 160 849 146 496 82 202 21 461 654 354 29 324 397 969 370 266 106 123 601 379 433 249 161 1 239 919 538 707 620 507 52 491 865 260 994 836 423 929 254 945 403 934 226 708 893 754 418 241 535 425 131 112 130 911 705 503 373 330 775 553 807 35 46 440 152 291 531 351 587 900 378 114 522 69 223 159 568 292 634 32 874 438 598 584 268 224 228 457 959 282 999 848 449 567 342 818 163 877 504 534 419 727 736 964 692 284 413 748 108 713 764 468 506 562 168 364 339 478 854 744 362 939 369 815 843 953 728 395 225 485 261 92 447 251 244 34 497 119 988 913 404 182 576 561 719 243 302 954 512 544 426 982 500 49 142 907 712 208 616 83 499 427 864 725 702 968 67 909 975 9 313 102 681 175 331 281 881 532 914 706 198 64 958 529 952 871 400 148 465 892 724 479 904 524 841 839 767 73 372 722 186 110 613 787 103 293 150 599 139 62 109 633 264 632 974 740 437 345 966 392 856 816 731 165 766 878 758 238 765 796 96 515 682 739 652 688 586 545 693 124 410 563 117 666 337 780 299 791 267 287 894 729 279 122 1000 259 610 795 380 942 63 526 997 252 684 643 808 393 113 417 256 732 66 374 55 826 895 232 981 551 107 624 435 153 443 604 890 128 565 305 167 733 277 51 700 585 133 48 445 144 832 647 860 6 928 883 135 115 602 577 283 19 502 359 924 747 242 509 704 691 14 921 255 922 676 454 592 606 38 774 783 
746 250 610
830 746 212
726 830 760
373 726 419
160 373 663
9 160 857
108 9 134
570 108 424
521 570 409
421 521 182
216 421 713
137 216 45
719 137 539
671 719 876
154 671 232
262 154 834
13 262 853
186 13 975
343 186 653
969 343 994
769 969 692
147 769 49
804 147 473
761 804 872
198 761 652
625 198 401
703 625 992
483 703 22
280 483 568
680 280 957
523 680 969
427 523 320
623 427 801
211 623 445
754 211 337
356 754 932
774 356 806
5 774 698
144 5 152
328 144 12
610 328 155
628 610 375
736 628 460
805 736 824
531 805 173
82 531 391
713 82 485
234 713 565
893 234 332
903 893 727
551 903 897
872 551 675
223 872 898
418 223 781
789 418 416
75 789 958
674 75 179
928 674 450
607 928 802
894 607 90
158 894 573
271 158 404
142 271 512
57 142 453
107 57 171
351 107 543
645 351 49
321 645 159
882 321 676
78 882 452
632 78 606
299 632 765
502 299 761
467 502 858
886 467 808
199 886 775
692 199 432
506 692 597
511 506 120
927 511 782
624 927 674
448 624 468
437 448 231
853 437 610
898 853 451
444 898 743
773 444 639
181 773 691
755 181 819
69 755 817
779 69 994
765 779 399
652 765 864
185 652 578
291 185 425
550 291 747
456 550 935
851 456 888
679 851 936
261 679 637
848 261 539
891 848 288
696 891 720
983 696 666
43 983 932
725 43 15
710 725 869
973 710 451
195 973 316
559 195 758
904 559 609
312 904 885
662 312 566
777 662 701
122 777 800
721 122 865
27 721 280
678 27 718
485 678 822
564 485 81
887 564 827
98 887 622
159 98 862
74 159 484
30 74 416
56 30 440
795 56 325
390 795 316
176 390 646
855 176 643
333 855 174
336 333 30
126 336 449
504 126 764
705 504 934
335 705 354
833 335 12
157 833 239
392 157 123
166 392 676
111 166 314
34 111 994
200 34 177
766 200 697
306 766 497
21 306 546
946 21 277
121 946 542
925 121 33
339 925 347
50 339 933
920 50 558
500 920 868
571 500 834
797 571 303
345 797 690
114 345 766
143 114 341
276 143 506
212 276 158
163 212 567
831 163 45
907 831 3
965 907 578
566 965 414
501 566 907
455 501 904
991 455 54
256 991 752
294 256 1
386 294 578
586 386 9
524 586 474
600 524 658
168 600 262
740 168 628
161 740 435
787 161 596
476 787 236
461 476 714
970 461 149
289 970 501
653 289 316
486 653 443
301 486 14
347 301 428
596 347 278
466 596 793
376 466 706
499 376 97
756 499 785
402 756 627
993 402 67
167 993 880
915 167 495
637 915 720
76 637 75
987 76 666
151 987 735
132 151 342
832 132 9
945 832 317
26 945 146
861 26 980
659 861 99
240 659 261
404 240 985
857 404 204
693 857 451
403 693 58
391 403 15
865 391 957
208 865 861
994 208 212
684 994 68
436 684 872
643 436 744
282 643 692
793 282 577
471 793 841
424 471 50
307 424 453
976 307 123
950 976 193
854 950 921
357 854 243
959 357 322
169 959 402
128 169 488
790 128 387
54 790 513
997 54 986
899 997 350
65 899 515
800 65 803
290 800 619
104 290 518
242 104 779
130 242 451
772 130 842
873 772 26
791 873 684
941 791 316
422 941 583
843 422 656
947 843 672
871 947 267
770 871 868
877 770 874
603 877 227
581 603 594
233 581 850
778 233 641
372 778 544
182 372 231
55 182 912
919 55 314
119 919 775
758 119 220
695 758 70
135 695 572
905 135 877
986 905 775
191 986 265
414 191 448
860 414 468
686 860 821
845 686 463
528 845 850
254 528 45
809 254 443
808 809 541
576 808 47
884 576 3
131 884 213
410 131 407
355 410 815
812 355 770
53 812 906
955 53 577
127 955 469
298 127 712
293 298 784
222 293 107
317 222 109
646 317 970
533 646 268
214 533 266
555 214 606
112 555 426
936 112 293
811 936 909
802 811 200
300 802 640
23 300 738
374 23 420
308 374 383
475 308 359
4 475 840
375 4 784
63 375 936
353 63 890
829 353 264
138 829 959
634 138 275
732 634 622
798 732 73
850 798 983
60 850 106
474 60 857
938 474 730
556 938 261
292 556 161
760 292 67
268 760 970
949 268 638
484 949 575
666 484 492
15 666 612
95 15 317
701 95 724
960 701 694
428 960 941
202 428 302
935 202 803
548 935 805
922 548 904
259 922 740
587 259 410
614 587 916
515 614 868
73 515 590
286 73 711
737 286 306
718 737 596
231 718 334
155 231 413
733 155 461
814 733 863
42 814 597
178 42 88
70 178 909
931 70 393
33 931 537
635 33 758
241 635 597
129 241 42
650 129 433
51 650 718
236 51 101
408 236 86
238 408 19
14 238 77
667 14 923
441 667 700
225 441 443
363 225 838
699 363 731
820 699 155
435 820 935
992 435 889
977 992 948
990 977 442
723 990 392
385 723 832
940 385 445
545 940 174
613 545 796
458 613 502
948 458 985
794 948 617
908 794 506
842 908 881
209 842 599
572 209 841
525 572 909
937 525 706
329 937 612
526 329 487
411 526 757
939 411 707
187 939 645
957 187 729
988 957 138
933 988 176
400 933 928
597 400 635
29 597 490
888 29 784
712 888 938
316 712 121
916 316 533
702 916 126
636 702 38
326 636 696
816 326 439
870 816 515
489 870 924
828 489 110
453 828 591
706 453 294
149 706 433
296 149 502
605 296 541
31 605 559
269 31 62
213 269 392
982 213 1
782 982 632
984 782 971
71 984 89
281 71 841
344 281 501
492 344 437
731 492 335
173 731 867
742 173 710
384 742 909
639 384 712
897 639 572
164 897 610
924 164 875
496 924 652
676 496 488
25 676 758
902 25 851
615 902 903
681 615 948
382 681 695
962 382 751
388 962 803
694 388 551
568 694 644
46 568 893
237 46 214
311 237 664
279 311 751
728 279 826
283 728 120
704 283 252
482 704 30
606 482 607
401 606 536
239 401 423
469 239 85
218 469 715
44 218 71
102 44 749
631 102 470
265 631 842
879 265 661
745 879 89
440 745 612
183 440 149
331 183 810
660 331 798
813 660 908
367 813 825
295 367 96
749 295 173
354 749 636
247 354 860
370 247 31
165 370 398
677 165 585
419 677 997
567 419 817
601 567 177
274 601 652
952 274 116
415 952 80
430 415 295
460 430 804
62 460 2
100 62 44
539 100 973
554 539 234
171 554 418
246 171 393
980 246 450
263 980 961
124 263 248
215 124 344
685 215 177
540 685 573
707 540 600
852 707 341
655 852 889
900 655 261
470 900 482
1 470 442
217 1 570
397 217 628
744 397 189
334 744 857
37 334 506
569 37 788
697 569 922
889 697 975
658 889 818
626 658 404
462 626 315
264 462 240
708 264 579
818 708 732
573 818 715
729 573 197
574 729 236
668 574 445
451 668 639
876 451 669
61 876 216
926 61 23
519 926 958
488 519 227
201 488 940
310 201 69
669 310 461
544 669 204
228 544 767
413 228 220
956 413 653
682 956 940
690 682 637
243 690 908
978 243 761
180 978 26
302 180 301
522 302 566
815 522 155
420 815 648
145 420 825
547 145 479
177 547 503
196 177 319
803 196 437
757 803 299
442 757 314
491 442 875
964 491 156
380 964 542
16 380 636
221 16 19
487 221 952
11 487 439
394 11 348
24 394 301
672 24 753
835 672 934
87 835 890
361 87 111
535 361 96
883 535 55
542 883 179
371 542 656
434 371 532
106 434 351
325 106 832
362 325 728
205 362 861
188 205 870
150 188 729
133 150 165
257 133 175
863 257 606
901 863 688
776 901 719
641 776 560
288 641 331
94 288 216
40 94 863
379 40 181
878 379 604
518 878 896
140 518 12
389 140 914
10 389 865
604 10 642
224 604 925
337 224 498
497 337 21
452 497 978
83 452 686
866 83 358
513 866 910
449 513 515
538 449 253
81 538 992
529 81 11
716 529 819
722 716 372
278 722 155
253 278 829
656 253 986
759 656 916
446 759 883
235 446 769
578 235 575
170 578 823
762 170 755
297 762 60
105 297 612
711 105 471
96 711 263
285 96 200
972 285 299
558 972 126
153 558 478
89 153 135
409 89 305
826 409 829
996 826 485
670 996 213
117 670 506
432 117 537
834 432 688
360 834 642
190 360 357
799 190 994
839 799 953
110 839 736
210 110 601
527 210 350
52 527 198
665 52 443
494 665 352
8 494 662
751 8 399
477 751 743
125 477 27
971 125 463
934 971 717
602 934 662
32 602 7
588 32 612
868 588 89
141 868 993
227 141 422
342 227 130
101 342 372
134 101 182
618 134 416
416 618 500
537 416 834
103 537 948
921 103 956
771 921 488
532 771 805
683 532 443
874 683 18
577 874 441
750 577 87
942 750 703
621 942 683
553 621 503
377 553 432
322 377 655
510 322 491
473 510 692
583 473 441
912 583 96
20 912 69
781 20 687
315 781 495
663 315 648
17 663 447
189 17 799
764 189 853
68 764 368
612 68 232
743 612 704
783 743 979
885 783 121
846 885 64
720 846 330
38 720 867
206 38 386
546 206 431
426 546 811
817 426 854
84 817 680
825 84 817
561 825 521
633 561 338
464 633 40
381 464 799
609 381 117
503 609 415
881 503 977
148 881 681
118 148 964
714 118 698
203 714 886
341 203 956
738 341 992
654 738 257
459 654 474
979 459 598
318 979 606
184 318 713
579 184 732
557 579 930
174 557 513
913 174 268
35 913 469
2 35 648
313 2 775
156 313 175
869 156 480
780 869 267
97 780 226
856 97 27
858 856 130
19 858 154
495 19 994
332 495 617
80 332 666
724 80 79
463 724 465
741 463 292
179 741 402
387 179 748
642 387 432
753 642 130
136 753 190
66 136 336
479 66 856
844 479 523
258 844 469
245 258 828
175 245 979
906 175 333
575 906 518
12 575 642
447 12 899
530 447 559
7 530 389
490 7 416
967 490 123
752 967 317
536 752 742
399 536 961
917 399 974
785 917 940
589 785 208
478 589 741
640 478 452
914 640 574
303 914 830
369 303 347
923 369 500
365 923 95
689 365 794
314 689 60
648 314 950
232 648 433
507 232 651
849 507 17
592 849 208
72 592 701
700 72 137
594 700 655
847 594 156
323 847 115
431 323 486
472 431 354
393 472 960
823 393 596
41 823 679
767 41 624
480 767 494
412 480 590
966 412 635
493 966 936
563 493 669
338 563 24
320 338 203
86 320 67
93 86 320
801 93 127
172 801 731
974 172 353
249 974 157
77 249 208
88 77 120
438 88 759
598 438 672
207 598 38
450 207 395
252 450 808
516 252 425
49 516 550
985 49 853
244 985 73
739 244 747
366 739 730
36 366 579
788 36 585
193 788 703
595 193 939
630 595 548
481 630 841
350 481 608
454 350 330
836 454 719
109 836 545
352 109 216
807 352 368
691 807 347
152 691 699
657 152 388
146 657 397
944 146 362
622 944 779
580 622 587
226 580 902
99 226 61
619 99 607
229 619 117
220 229 114
930 220 342
468 930 140
457 468 633
837 457 952
248 837 402
810 248 458
439 810 423
383 439 49
28 383 837
6 28 712
508 6 423
520 508 803
18 520 843
90 18 714
734 90 482
792 734 305
709 792 44
620 709 66
445 620 432
929 445 181
649 929 743
517 649 982
819 517 209
498 819 311
255 498 274
120 255 1
406 120 392
675 406 803
194 675 401
58 194 371
309 58 868
582 309 334
64 582 669
867 64 373
735 867 873
425 735 441
417 425 975
918 417 656
67 918 456
821 67 217
549 821 557
197 549 806
688 197 26
512 688 453
304 512 52
305 304 668
514 305 802
951 514 322
277 951 144
260 277 477
219 260 347
396 219 253
22 396 135
92 22 106
875 92 7
599 875 463
890 599 740
730 890 553
509 730 619
963 509 421
664 963 867
786 664 132
593 786 111
1000 593 104
673 1000 112
661 673 564
864 661 938
727 864 601
954 727 637
953 954 133
272 953 717
590 272 346
562 590 523
348 562 867
47 348 471
204 47 114
552 204 609
591 552 669
796 591 481
822 796 391
775 822 419
840 775 914
251 840 979
273 251 264
364 273 445
768 364 273
505 768 535
48 505 251
911 48 360
398 911 133
230 398 67
395 230 853
651 395 523
116 651 49
139 116 93
162 139 568
275 162 126
862 275 464
423 862 531
123 423 674
748 123 627
45 748 896
85 45 376
585 85 820
266 585 79
880 266 592
465 880 630
975 465 823
715 975 279
763 715 303
892 763 872
405 892 558
717 405 454
359 717 207
968 359 558
859 968 16
433 859 462
358 433 531
267 358 143
644 267 276
543 644 453
747 543 668
584 747 218
407 584 83
827 407 146
981 827 58
319 981 430
806 319 376
647 806 728
998 647 985
999 998 875
687 999 19
340 687 58
429 340 730
841 429 200
784 841 990
324 784 823
79 324 604
995 79 823
378 995 743
192 378 777
534 192 394
958 534 85
91 958 72
629 91 392
932 629 350
627 932 230
115 627 659
895 115 157
270 895 934
824 270 553
113 824 642
910 113 667
327 910 247
541 327 999
638 541 446
617 638 616
59 617 408
909 59 34
368 909 678
349 368 957
896 349 200
565 896 876
284 565 115
560 284 986
698 560 497
961 698 93
838 961 713
346 838 150
39 346 687
330 39 122
616 330 385
611 616 685
3 611 844
989 3 602
443 989 685
943 443 939
287 943 798
608 287 890
