1000 484
477 202 130 808 626 972 363 305 236 730 943 945 893 556 619 111 615 158 348 274 248 296 187 950 685 694 521 935 700 147 649 81 52 940 928 541 720 64 530 155 82 478 285 788 251 733 301 238 598 654 373 234 495 420 390 866 5 905 727 246 610 511 676 23 451 464 679 779 728 60 736 827 635 226 269 266 453 195 647 627 146 529 77 446 426 810 327 813 618 687 85 175 278 257 302 188 319 791 536 709 743 967 961 624 920 96 686 651 455 678 109 258 672 381 705 237 434 462 132 770 310 587 281 667 504 971 492 49 794 395 392 842 771 13 565 389 358 250 824 334 262 386 432 983 919 31 283 620 21 595 768 789 393 463 123 47 488 366 650 287 981 840 439 732 947 260 341 775 253 483 843 349 509 641 112 501 567 50 798 600 307 987 759 870 106 128 993 867 976 872 655 66 826 804 388 633 58 401 194 36 311 94 20 696 427 914 657 553 394 704 880 263 753 78 894 745 219 80 851 640 664 622 594 957 812 543 965 638 422 837 493 986 723 170 925 766 357 984 243 653 479 369 433 398 436 735 284 411 76 316 339 171 323 858 994 589 185 593 564 428 402 494 507 150 684 279 400 996 949 412 975 571 639 300 833 544 514 460 107 904 223 115 206 731 580 546 864 154 186 954 39 192 42 456 53 178 239 785 974 765 136 717 670 777 903 497 282 755 937 360 293 176 799 117 895 268 212 662 99 913 211 637 933 244 441 197 917 142 838 291 846 927 946 6 756 845 938 601 277 137 992 343 695 377 707 161 329 108 578 716 966 876 179 583 145 459 470 144 537 746 68 100 817 787 839 414 447 314 292 168 152 230 88 481 486 139 844 548 552 121 932 184 892 632 351 484 294 630 71 438 988 761 859 934 882 491 772 338 67 354 210 337 303 749 884 942 510 35 774 822 198 991 125 312 869 56 829 10 611 569 792 852 499 701 83 342 391 3 834 554 275 780 715 461 153 200 90 898 385 939 465 182 326 861 196 173 380 603 550 259 542 572 566 471 865 286 1000 261 378 995 174 968 89 430 854 874 332 559 623 162 387 371 586 697 413 97 605 418 454 711 457 140 910 165 
596 66 277
686 66 405
541 66 888
547 66 796
175 66 370
26 66 654
742 66 992
787 66 245
536 66 355
164 66 501
928 66 632
555 66 825
761 66 365
356 66 758
687 66 9
494 66 719
858 66 487
354 66 85
802 66 895
748 66 604
689 66 586
820 66 165
139 66 579
324 66 868
606 66 160
466 66 991
489 66 745
552 66 114
147 66 2
167 66 929
565 66 588
803 66 266
739 66 418
518 66 21
602 66 694
383 66 333
34 66 912
363 66 275
396 66 508
839 66 589
542 66 555
513 66 9
408 66 392
83 66 145
330 66 926
135 66 298
612 66 529
653 66 994
974 66 750
390 66 613
203 66 425
209 66 647
252 66 873
446 66 297
314 66 406
564 66 903
264 66 185
120 66 429
598 66 51
866 66 486
639 66 272
263 66 820
643 66 79
574 66 873
224 66 102
569 66 504
754 66 798
728 66 117
134 66 905
903 66 270
984 66 791
320 66 196
78 66 957
55 66 188
938 66 398
590 66 266
998 66 708
823 66 838
713 66 987
675 66 343
834 66 288
313 66 294
274 66 499
519 66 382
661 66 607
58 66 757
882 66 925
122 66 374
474 66 597
968 66 149
874 66 863
231 66 126
559 66 224
35 66 578
516 66 73
76 66 110
859 66 952
636 66 945
457 66 202
741 66 411
36 66 214
812 66 702
470 66 147
162 66 348
609 66 287
453 66 204
464 66 569
5 66 155
640 66 464
722 66 849
376 66 855
130 66 542
213 66 660
961 66 104
769 66 683
197 66 439
616 66 548
624 66 459
269 66 431
144 66 48
792 66 983
403 66 592
582 66 515
997 66 987
102 66 354
4 66 371
987 66 881
1 66 465
714 66 1
100 66 205
221 66 433
705 66 985
549 66 494
655 66 260
409 66 95
579 66 371
577 66 985
428 66 539
366 66 121
429 66 53
585 66 434
308 66 35
980 66 821
283 66 23
177 66 371
124 66 561
819 66 307
179 66 722
778 66 481
296 66 938
10 66 974
915 66 582
840 66 332
850 66 45
372 66 873
106 66 292
647 66 181
865 66 368
3 66 799
715 66 777
399 66 920
764 66 462
326 66 924
249 66 341
336 66 194
143 66 863
426 66 906
441 66 714
392 66 597
14 66 984
625 66 871
183 66 169
695 66 649
230 66 492
933 66 253
70 66 801
818 66 261
916 66 499
504 66 297
237 66 105
645 66 750
537 66 195
360 66 977
681 66 520
861 66 743
364 66 36
12 66 471
276 66 539
957 66 482
94 66 592
77 66 803
361 66 7
246 66 254
895 66 203
797 66 633
214 66 720
222 66 250
599 66 823
879 66 998
795 66 713
185 66 536
192 66 643
373 66 1
690 66 981
444 66 165
483 66 477
805 66 271
305 66 13
856 66 113
544 66 830
970 66 183
140 66 426
456 66 418
488 66 389
607 66 152
983 66 222
306 66 254
405 66 710
773 66 839
611 66 422
445 66 360
174 66 836
939 66 621
550 66 467
216 66 722
628 66 228
801 66 121
151 66 98
824 66 389
566 66 917
735 66 306
847 66 824
922 66 932
860 66 397
514 66 760
780 66 937
562 66 296
303 66 709
310 66 675
420 66 147
836 66 583
253 66 472
281 66 92
398 66 567
228 66 110
509 66 376
358 66 659
731 66 704
771 66 545
822 66 986
955 66 944
966 66 375
844 66 872
219 66 979
91 66 894
434 66 589
386 66 221
815 66 882
828 66 316
800 66 490
936 66 363
416 66 312
154 66 214
371 66 854
381 66 17
108 66 205
691 66 460
275 66 455
561 66 911
693 66 69
223 66 250
452 66 115
796 66 737
469 66 427
412 66 448
233 66 374
765 66 473
327 66 172
570 66 802
279 66 101
727 66 169
701 66 96
75 66 978
868 66 100
65 66 634
69 66 669
401 66 12
317 66 461
673 66 215
109 66 52
991 66 675
907 66 578
359 66 717
758 66 640
292 66 786
650 66 501
424 66 199
709 66 572
256 66 14
668 66 525
243 66 604
925 66 900
6 66 458
644 66 876
62 66 276
649 66 6
917 66 42
503 66 200
155 66 644
50 66 258
473 66 941
952 66 134
87 66 854
913 66 817
97 66 573
312 66 805
521 66 517
63 66 410
941 66 48
910 66 986
391 66 415
300 66 707
864 66 556
423 66 80
945 66 715
841 66 461
672 66 70
440 66 275
443 66 757
304 66 312
113 66 932
898 66 269
781 66 63
532 66 170
479 66 980
341 66 816
149 66 315
271 66 66
377 66 500
960 66 596
33 66 319
808 66 737
158 66 580
138 66 180
674 66 967
626 66 4
86 66 121
946 66 364
528 66 721
294 66 403
814 66 827
492 66 958
115 66 333
265 66 589
481 66 848
986 66 989
187 66 948
350 66 960
208 66 330
347 66 881
621 66 611
193 66 555
389 66 559
24 66 917
52 66 928
195 66 79
282 66 17
125 66 901
594 66 140
943 66 6
953 66 509
620 66 924
506 66 449
438 66 946
449 66 975
659 66 428
344 66 517
367 66 521
95 66 382
16 66 992
726 66 631
892 66 79
402 66 83
905 66 55
478 66 962
597 66 292
74 66 40
880 66 961
318 66 497
926 66 88
307 66 47
316 66 839
707 66 394
697 66 437
397 66 304
427 66 598
322 66 398
843 66 988
432 66 143
885 66 452
680 66 607
30 66 306
259 66 357
517 66 742
785 66 778
285 66 148
772 66 62
211 66 265
854 66 151
694 66 848
378 66 948
529 66 336
573 66 727
487 66 726
909 66 306
332 66 542
634 66 398
720 66 648
759 66 987
703 66 692
648 66 233
723 66 653
497 66 611
763 66 788
161 66 306
460 66 476
967 66 710
189 66 711
410 66 697
976 66 416
511 66 688
352 66 213
88 66 821
832 66 222
948 66 701
13 66 347
437 66 539
486 66 231
831 66 762
220 66 354
631 66 462
250 66 242
937 66 11
247 66 549
315 66 744
353 66 633
969 66 894
374 66 802
210 66 376
842 66 335
699 66 840
638 66 149
589 66 53
786 66 928
342 66 471
39 66 258
906 66 258
107 66 666
57 66 80
8 66 930
171 66 306
9 66 579
56 66 962
995 66 511
126 66 222
696 66 323
98 66 723
47 66 307
774 66 292
73 66 83
422 66 673
484 66 318
46 66 146
510 66 966
37 66 827
633 66 519
152 66 907
617 66 943
417 66 537
593 66 109
838 66 345
27 66 347
654 66 353
897 66 966
190 66 877
235 66 112
743 66 916
788 66 895
811 66 267
975 66 614
807 66 624
340 66 893
349 66 497
99 66 389
212 66 191
234 66 260
977 66 889
51 66 24
38 66 976
85 66 926
295 66 548
92 66 217
244 66 380
232 66 62
19 66 306
182 66 436
319 66 484
321 66 637
988 66 768
878 66 32
678 66 298
669 66 85
515 66 553
603 66 219
1000 66 645
605 66 581
166 66 112
996 66 334
919 66 56
365 66 164
664 66 524
548 66 705
227 66 845
11 66 977
733 66 797
877 66 919
465 66 582
719 66 794
791 66 846
604 66 982
869 66 76
117 66 475
682 66 916
463 66 608
490 66 452
543 66 914
583 66 686
539 66 773
920 66 439
911 66 801
663 66 598
799 66 205
623 66 760
883 66 243
821 66 495
770 66 32
982 66 596
677 66 635
142 66 262
163 66 648
670 66 381
414 66 721
595 66 862
82 66 634
613 66 847
385 66 62
301 66 527
196 66 169
522 66 327
798 66 34
439 66 991
205 66 931
302 66 544
572 66 732
298 66 956
990 66 392
131 66 368
833 66 554
756 66 976
959 66 480
90 66 442
924 66 105
619 66 997
683 66 156
262 66 189
627 66 911
201 66 235
738 66 409
132 66 758
685 66 808
614 66 17
760 66 272
809 66 897
15 66 270
964 66 752
388 66 641
323 66 334
206 66 996
104 66 262
334 66 833
853 66 529
61 66 788
455 66 857
328 66 689
145 66 122
852 66 975
96 66 322
297 66 170
932 66 359
835 66 14
575 66 965
558 66 70
496 66 383
981 66 918
482 66 54
934 66 816
49 66 832
630 66 609
45 66 550
724 66 590
601 66 210
576 66 211
951 66 158
226 66 885
225 66 294
194 66 938
382 66 843
876 66 47
949 66 842
501 66 666
737 66 603
923 66 769
218 66 46
289 66 216
121 66 159
958 66 848
84 66 996
912 66 221
160 66 161
204 66 165
740 66 339
268 66 213
507 66 88
128 66 133
749 66 908
236 66 112
72 66 881
290 66 734
629 66 385
346 66 673
172 66 320
837 66 519
25 66 635
156 66 766
29 66 728
168 66 328
862 66 475
789 66 439
568 66 119
103 66 946
867 66 435
881 66 162
679 66 709
963 66 760
199 66 413
165 66 597
768 66 479
136 66 542
23 66 644
169 66 222
546 66 103
127 66 833
829 66 435
93 66 424
133 66 718
921 66 807
2 66 339
698 66 759
239 66 613
992 66 696
942 66 992
384 66 790
299 66 832
431 66 293
794 66 78
502 66 55
242 66 20
584 66 368
217 66 792
459 66 371
635 66 43
338 66 749
413 66 617
893 66 842
929 66 461
533 66 55
59 66 918
736 66 565
498 66 809
658 66 757
114 66 844
442 66 1
884 66 877
902 66 22
476 66 526
592 66 807
586 66 106
704 66 771
32 66 522
523 66 739
170 66 179
238 66 877
993 66 781
257 66 74
512 66 783
22 66 15
67 66 348
652 66 239
783 66 589
825 66 469
656 66 348
717 66 919
272 66 184
425 66 941
343 66 884
540 66 267
580 66 531
273 66 60
875 66 530
176 66 406
692 66 550
578 66 485
248 66 506
468 66 16
278 66 930
782 66 277
200 66 638
753 66 106
751 66 370
588 66 18
105 66 675
111 66 595
972 66 530
896 66 918
979 66 328
395 66 219
28 66 276
357 66 102
930 66 925
848 66 910
17 66 81
954 66 24
184 66 161
538 66 154
752 66 749
370 66 20
813 66 868
527 66 37
178 66 150
485 66 578
153 66 431
375 66 761
148 66 742
267 66 796
999 66 144
886 66 993
480 66 271
119 66 69
287 66 546
137 66 721
716 66 342
894 66 851
989 66 309
462 66 680
331 66 107
900 66 81
646 66 426
872 66 273
845 66 288
419 66 512
254 66 585
526 66 163
110 66 328
660 66 816
186 66 998
554 66 270
240 66 355
563 66 97
971 66 266
901 66 951
277 66 503
667 66 406
744 66 486
665 66 86
286 66 64
889 66 76
255 66 797
458 66 701
608 66 627
671 66 567
435 66 242
745 66 635
471 66 423
191 66 886
556 66 72
766 66 546
472 66 142
855 66 864
407 66 81
520 66 942
711 66 203
337 66 288
871 66 169
198 66 368
730 66 260
181 66 861
950 66 307
335 66 345
567 66 793
18 66 524
101 66 140
173 66 851
793 66 869
71 66 970
451 66 847
632 66 796
68 66 605
400 66 484
762 66 873
81 66 572
293 66 55
826 66 330
180 66 166
53 66 721
280 66 261
642 66 284
31 66 907
475 66 249
560 66 426
899 66 691
534 66 982
430 66 513
870 66 580
890 66 475
499 66 883
369 66 859
718 66 522
851 66 567
291 66 752
311 66 277
48 66 960
436 66 502
118 66 851
908 66 775
891 66 17
600 66 389
42 66 811
493 66 356
750 66 860
914 66 29
857 66 380
755 66 78
710 66 98
355 66 150
712 66 207
20 66 972
725 66 303
505 66 980
676 66 128
956 66 349
411 66 703
591 66 377
747 66 338
447 66 393
116 66 315
491 66 739
651 66 536
60 66 709
978 66 92
406 66 39
706 66 750
947 66 616
141 66 928
123 66 774
810 66 360
784 66 268
129 66 970
662 66 479
500 66 424
557 66 351
159 66 198
545 66 958
571 66 158
849 66 426
700 66 629
44 66 443
827 66 235
776 66 961
21 66 710
40 66 526
188 66 342
904 66 141
251 66 47
779 66 202
207 66 267
448 66 647
362 66 786
734 66 519
962 66 465
146 66 726
215 66 666
418 66 76
530 66 859
637 66 266
622 66 408
270 66 628
846 66 225
309 66 146
351 66 81
666 66 217
531 66 648
112 66 19
461 66 163
729 66 135
553 66 575
688 66 793
775 66 704
379 66 90
433 66 571
940 66 923
387 66 745
241 66 482
80 66 526
89 66 658
702 66 551
260 66 838
404 66 107
973 66 155
887 66 934
525 66 31
777 66 909
732 66 758
618 66 732
43 66 102
150 66 392
746 66 21
757 66 520
587 66 665
816 66 72
610 66 888
657 66 654
41 66 274
994 66 193
806 66 953
721 66 938
79 66 968
229 66 439
830 66 628
708 66 474
888 66 130
935 66 751
767 66 441
804 66 385
508 66 721
684 66 486
454 66 436
258 66 570
944 66 957
524 66 408
918 66 685
477 66 418
985 66 107
333 66 635
421 66 84
284 66 569
415 66 542
348 66 109
329 66 487
266 66 25
641 66 796
288 66 892
325 66 320
345 66 320
54 66 482
495 66 221
202 66 328
394 66 579
261 66 874
7 66 782
339 66 113
157 66 580
927 66 67
790 66 528
380 66 450
965 66 174
245 66 194
551 66 631
581 66 979
393 66 941
467 66 88
615 66 708
64 66 892
873 66 996
817 66 820
535 66 549
368 66 26
450 66 713
863 66 211
931 66 755
