10
41
7420 7364 3452 4534 8789 6724 1503 1710 5511 5820 1574 6145 1763 4930 2517 327 6830 9356 5861 9494 2332 9314 7850 6627 255 3286 3839 390 7633 1183 5159 3225 544 12 6512 1593 1832 3567 8029 4113 8672
9240 5575 7908 6580 6752 1734 6363 8771 1352 5117 2527 5222 8312 7714 1076 8918 8708 4310 1765 2571 4315 1058 1740 2511 356 9022 2268 3201 5770 3714 7597 7264 4765 4861 7463 4458 2904 8251 3378 7035 9121
98
400 154 616 1252 661 1085 282 216 197 201 1283 1252 760 691 439 163 1124 1130 673 876 772 192 709 790 71 1243 644 526 241 774 789 1091 89 863 258 629 628 1226 928 727 136 910 517 1147 657 430 225 768 467 727 362 805 15 1278 408 1195 633 29 43 489 1031 976 264 73 417 463 708 1157 412 1062 799 407 131 637 822 722 1124 685 962 78 754 1026 846 173 17 850 942 455 1270 729 1293 642 980 681 335 976 845 290
947 1289 337 594 668 629 417 847 770 200 422 889 22 966 1223 855 855 1274 432 912 791 605 654 864 1285 801 512 786 746 435 15 1016 1022 234 942 110 1205 598 1055 1099 1288 669 209 988 300 763 1216 1272 1125 492 652 455 181 286 508 314 879 486 830 942 232 1155 376 453 64 852 870 30 158 230 749 477 981 1242 1086 568 1001 234 132 748 419 1039 979 1103 1152 264 766 508 680 817 704 390 191 536 379 382 1299 1275
27
1093 344 965 1061 638 911 208 197 1150 913 1211 323 1004 135 366 1036 705 1286 1018 401 172 806 960 1081 1294 971 997
1169 6 126 718 86 979 922 618 277 967 233 1269 55 716 129 822 61 883 369 1258 60 323 120 1208 477 669 176
332
529 3244 2562 2442 2706 4251 2808 2461 2773 635 262 5450 831 234 4973 4090 1436 4818 4644 4574 2651 1380 2562 2753 4879 1052 4113 2745 1410 3237 3015 446 4810 4195 3609 5383 4165 1066 5402 1921 211 3129 5278 327 3019 1396 2267 4184 3209 4579 2016 5041 1009 316 250 2020 5471 5367 3127 4084 1483 5373 3430 3438 5187 1621 57 4578 5192 2627 4008 1366 1121 5086 4076 1333 3772 5606 2965 1326 178 2861 3462 4473 2675 69 4096 5226 3486 4474 4619 4572 984 3543 947 243 5158 631 5025 1240 91 3225 4118 3849 1450 3834 2895 4331 1088 504 8 1364 137 4558 2197 2425 1745 1974 3788 44 1439 1543 2425 1868 4726 5023 4120 1251 3488 14 2719 576 1220 1713 2461 4714 3906 713 742 3598 2047 410 5594 3163 495 5485 5041 1697 2446 531 1000 4679 3830 2932 4139 441 2363 3810 2550 4620 1653 5526 4732 2426 4029 3907 4279 2261 4189 5247 2977 648 2871 5617 4765 4669 5418 1263 2536 3201 3148 471 3740 1784 3880 5034 1322 1097 959 4261 4313 4042 4715 3286 3818 719 5054 2535 5176 3379 4359 2305 3606 4454 4744 598 4947 473 3042 5129 129 4506 1779 167 1906 537 2292 162 196 4032 4865 4418 3534 175 1973 671 1399 4321 1996 1640 471 472 1909 2307 2570 3207 4786 1714 5227 4095 5031 2056 5081 1601 508 4103 1236 3284 3107 1257 1369 1005 5570 2988 3118 2934 3242 4124 3132 3114 4714 5473 4718 430 1131 1421 3170 5633 782 193 4883 3998 4923 4156 2971 4233 5413 2504 1151 1764 3401 4903 3637 5532 1529 2766 987 1678 1849 5202 4080 1862 5507 4949 4456 4701 16 2148 823 5344 3651 2245 3002 860 5108 2527 3082 2509 3318 2352 615 3092 919 2096 1713 3972 931 4731 5045 271 4477 844 1104 1993 1141 2049 4718 958 4877 2028 1730 4519
3527 223 4512 4613 497 3631 1166 3258 4346 2920 3972 132 5160 2570 937 3944 2726 4406 791 3646 3558 4307 3295 1727 5558 5110 419 1949 137 5587 1557 3792 657 1462 827 4159 3404 2365 1984 1760 2994 3040 1636 4275 1196 4743 5298 1083 3804 4391 2905 1622 1900 1708 260 2240 199 3690 4513 4637 3179 3341 208 4217 4147 5339 4547 1759 838 2291 5562 338 5340 2213 3828 1611 4176 525 2942 2778 368 3836 34 753 3479 1303 1092 4025 3511 2501 371 54 677 3689 2547 3681 3920 1766 3211 114 5343 1034 3587 380 479 646 486 1755 3944 3011 2628 4893 3107 1220 2334 4407 4561 5032 149 587 2583 2398 4340 3237 89 4820 3553 2111 4958 5042 221 759 1676 1201 3759 5107 538 761 3206 2972 475 484 2903 2392 551 463 1201 4216 971 3077 645 90 2311 172 919 2964 3014 439 1316 3519 3732 557 2965 4867 2382 2918 1141 3482 3888 492 5073 1978 1038 2889 2773 186 3159 2543 1792 1524 2544 2129 565 790 1084 325 4433 2976 861 1158 740 5334 1654 2860 3545 2428 767 224 2079 1874 4832 239 1215 1158 3339 1660 2389 4042 589 2583 2277 1282 2833 4566 5376 2703 1774 524 2776 2698 629 929 4436 3665 1263 4761 2576 4540 1951 1164 4137 546 2865 209 4812 359 4013 2466 3257 2418 4424 5360 4663 3712 3525 4885 160 3857 5441 3020 1877 624 501 1090 363 4091 3972 1841 956 790 5139 4948 1694 1820 1090 3298 590 3990 1245 1015 2800 4709 1174 1950 3724 2694 5197 2962 5557 2721 740 4355 280 1830 2324 5270 1532 1100 126 5232 1152 4702 29 4928 1531 1206 4650 1070 5585 3996 3847 2328 2752 899 1947 526 4636 472 3237 5490 3254 4746 1651 1111 1661 4176 637 4481 1072 518 183 4387 3339 5213 999 789 1902 5550 2200 2567 1795 3888
141
6541 4170 2397 208 3232 2471 5812 3253 3771 3881 6280 1816 3498 5579 6205 6767 3789 580 269 4156 3395 3921 3775 2769 2161 6096 5162 3498 4628 1799 3177 4123 1666 5561 1566 5222 2006 5556 3342 4757 203 1161 6755 5694 5289 5061 701 6613 660 6587 5620 3504 1949 1990 2973 2461 5803 641 5964 5694 5239 2338 396 221 1950 2672 2563 3578 6338 945 3479 1329 335 267 3615 1133 5685 4387 6183 2873 3203 2083 1609 6773 4376 532 6175 5893 3893 5852 2930 4324 3015 6314 951 5661 5793 4609 3099 1818 3294 6595 5263 747 6927 3852 3803 3996 5665 5053 899 2547 5696 3175 3325 2049 4070 1486 1039 4276 3904 6275 3520 3690 3326 3795 1776 4746 3402 5699 1741 5497 4496 4900 6376 1593 3231 5053 239 2157 2237
666 6907 3578 6569 3901 4893 1580 3443 1555 1493 6048 378 2156 5370 2190 5499 4591 5342 174 5880 5759 488 1510 838 1154 4010 4661 839 345 1085 665 2603 5338 4436 5979 6584 1528 3736 440 6612 4203 5920 484 6553 3912 5933 4218 1437 4950 2360 6363 5373 4161 6829 1177 3943 6234 4724 4031 1933 2925 6203 2036 5618 3889 489 3862 2233 817 3224 825 6027 1543 4100 2504 4980 1735 1714 6234 564 3498 2241 2795 2215 679 719 5274 5881 6501 4446 1168 2287 4263 3649 5554 3515 423 4187 1118 3613 5215 2260 5878 3870 1997 3965 3777 66 4106 2065 2533 6268 3378 3811 1230 6216 3519 4705 5474 6329 3238 3253 2860 2909 608 5231 4096 1287 6718 1756 1865 4777 3297 1148 6614 658 4250 4127 6517 232 42
314
1825 1635 607 2043 1283 936 1936 69 1775 1805 1270 1186 1146 1189 46 1190 821 1139 1539 954 2315 44 1775 384 13 884 1037 2324 230 633 1361 1710 2331 1716 1811 1915 1084 890 768 247 1537 2308 1967 2409 2294 348 1417 1957 160 453 906 1189 290 1339 450 901 2180 473 1612 1564 2071 549 1595 1156 1299 1328 1060 1662 951 1079 785 2287 589 1059 2037 872 440 1813 1986 2040 1080 1023 849 636 37 1325 202 718 112 901 765 919 1897 808 1222 470 87 2355 1854 1000 1855 247 948 631 1854 1033 1625 2319 2014 2342 1632 741 1625 1180 1742 566 2246 1451 87 1833 1418 1829 1703 1244 1772 1467 1222 968 2069 1589 1422 1062 477 1350 531 122 1388 1230 1078 972 250 246 315 54 2259 780 1252 304 548 476 701 2192 752 668 2371 1214 1528 1796 1996 1448 1484 631 1706 699 2156 2081 808 1865 1015 1262 2332 833 1123 233 2379 2126 2411 1691 444 476 1368 1592 1509 2238 1544 1306 2032 582 54 517 1443 432 652 280 1084 759 996 286 1698 266 736 1230 219 1357 2217 1120 1528 1234 2024 1114 1040 1744 144 1532 669 1299 242 243 2402 1746 1125 154 199 491 886 1256 2096 787 2053 2019 702 895 630 1437 1092 620 1385 1878 2155 1552 2098 1371 1558 99 2374 1978 1468 228 1732 488 481 281 1525 2381 1444 962 41 1875 728 2321 1239 1640 1683 595 241 1763 1289 1615 1082 1683 1735 2354 190 1456 2213 2174 1517 592 1087 2295 2340 2312 1301 1883 1039 796 943 1163 309 706 2006 1135 1395 563 396 2215 57 533 2120 1961 260 1299 148 1892 786 973 1350 1287 2205 737 1303 2210 1389 315
167 384 1445 1994 2159 1768 1102 8 1129 105 1920 866 1872 1137 363 1617 381 470 2427 2387 891 364 1036 484 2199 2280 1435 2102 1785 2365 1175 97 1182 1261 1933 451 572 240 669 785 1189 2261 202 192 244 2363 262 401 630 42 612 838 826 2120 2064 743 954 1836 66 977 2232 1646 1667 1083 938 2289 290 92 1438 615 1501 253 343 1193 42 1309 1406 177 274 1449 829 2209 993 1344 731 1263 2352 2265 1491 1479 374 1924 569 2227 744 511 1152 1684 1677 2055 18 1286 510 1617 14 1960 2315 1406 1349 1369 195 191 1121 2044 1644 489 1178 1449 1974 522 1100 1618 1947 1234 2058 779 1738 2395 1086 1402 1208 710 1095 1588 2388 1808 1486 1230 1360 170 165 1969 718 2245 927 1958 1265 986 2077 1134 1801 2223 1915 1340 2362 2304 2189 1266 1145 1131 430 996 289 1017 621 1941 2304 2114 2003 339 36 761 1798 1287 1230 1942 265 1535 534 1854 1442 1415 1261 1470 1870 1101 1490 1081 661 1885 1417 2113 648 2421 1155 1694 80 1225 1600 740 177 1188 2188 383 2161 1498 867 482 2093 516 825 761 2200 1391 2326 1941 664 1733 1087 1132 2014 2182 1959 1843 154 1457 1203 679 1161 1369 1466 544 1725 1812 286 2245 1833 1503 525 2177 1274 180 1765 387 1671 2330 1941 1920 866 801 505 1944 1125 1047 1450 484 1686 2088 656 463 1119 199 1218 424 1202 435 565 1757 782 348 1181 1564 1929 2295 670 2221 1104 1825 1717 1025 1310 1384 513 654 333 180 394 2253 1915 1147 1545 1826 542 53 1350 1619 2296 734 241 386 2024 1399 1938 2074 1292 881 1177 126 1525 42 1678 954 559 1454
44
5708 109 4680 3804 2873 8479 7845 4118 5156 9359 4650 5022 7186 6066 1509 8723 704 5317 1704 7535 2665 2765 61 80 7728 9275 9201 7886 4349 6103 2338 4515 6494 4100 7313 8315 1822 2602 2773 6228 3366 51 3705 439
6711 5055 7087 5609 4171 1459 9291 646 5591 7919 462 8391 8375 7153 6954 9451 4056 6664 585 3673 4250 1890 7159 5533 6163 245 8923 3035 5527 8383 6462 8872 3129 6659 2525 3159 3801 835 3278 1763 7714 5081 1182 8616
171
891 1926 1703 1250 1454 1582 1194 1411 798 542 1557 188 1534 1737 1349 518 1511 6 1204 700 1955 236 1563 1615 258 1720 293 1963 1456 894 433 581 1739 1618 1701 1247 1314 1433 594 454 1980 1945 390 1605 1054 689 1538 699 410 1110 993 1919 1937 773 41 1424 1869 1641 391 973 710 677 483 1139 1491 265 722 1769 1863 459 1512 627 1860 1085 1281 1193 1959 1960 339 1326 1884 210 668 425 1241 1976 1319 603 1629 1456 1224 965 1462 1023 1012 1713 764 1449 1756 1519 893 1602 514 728 1337 1662 1312 1439 1750 2016 711 1975 1157 966 525 1520 1396 1165 1147 1528 351 707 776 924 1948 1427 17 967 327 752 454 169 1065 468 776 1349 1959 1344 1223 505 936 1801 816 13 330 429 2014 1289 832 1849 825 809 1466 1049 112 1288 1858 1600 864 923 801 1507 1113 2034 170 1468 1317 550 67 1864 870
1449 929 1927 776 2022 1060 1434 527 1600 25 1596 755 409 1230 878 237 1454 574 1840 1161 1070 1579 1583 437 1565 1692 367 571 389 1768 729 509 1290 775 1391 1022 1705 387 1695 698 827 428 1469 1414 1817 1108 636 1231 1289 2023 645 1414 566 419 1290 1826 1792 1295 931 741 965 310 655 1622 1781 329 894 47 1317 219 1116 532 1000 228 1073 680 1705 1106 758 1078 1403 1419 1656 1335 939 58 537 775 1633 676 555 1818 1726 907 614 1534 100 354 1954 1877 514 1263 574 745 1063 303 1720 339 1813 1386 1435 1667 1594 1567 348 1612 134 864 457 753 1830 787 715 1424 735 59 2019 171 1273 1278 214 1320 84 1600 476 648 1420 1614 1622 1362 602 1385 579 316 1489 1666 41 1708 1466 1659 134 1006 1163 969 1665 1109 940 1677 1962 239 926 680 1102 135 418 2006 1374 546 1660 68 463
15
3984 5485 7778 4024 6038 6051 3327 8739 4152 6216 384 5998 1617 1344 3908
33 2466 7516 9169 8283 8364 8632 1173 1012 2977 514 779 1011 3267 5502
264
3 109 208 469 338 383 163 231 174 428 273 263 463 170 137 378 149 3 73 255 277 450 222 366 350 159 380 99 19 238 196 99 248 247 299 472 157 460 89 148 1 130 162 478 235 17 228 310 305 65 87 409 57 360 409 113 132 313 261 359 46 291 129 442 408 347 188 234 13 226 137 426 470 139 268 9 485 213 349 261 111 240 204 26 259 395 41 307 274 23 281 377 272 267 174 49 61 409 392 324 443 101 133 383 21 343 34 363 195 46 264 133 272 342 289 484 119 313 379 284 486 353 383 106 438 422 60 380 372 312 277 116 143 79 80 452 347 61 381 129 253 10 205 67 181 197 231 199 79 430 260 450 206 85 213 147 157 293 382 79 105 154 240 38 272 71 134 229 466 295 8 30 130 296 203 255 246 36 354 31 191 49 251 299 89 281 34 74 186 84 171 80 327 372 483 251 333 93 249 175 50 196 433 294 89 218 232 270 345 153 364 463 161 408 273 335 250 70 117 280 464 318 93 268 59 388 151 298 403 75 162 367 186 327 155 3 365 382 332 96 32 193 31 129 120 46 17 282 20 326 426 351 218 105 452 145 29 411 2 418 261 320 475 81
358 258 294 380 246 361 80 242 390 221 473 348 289 203 447 178 162 159 438 338 453 424 114 84 293 230 224 125 284 292 207 308 210 461 463 369 157 246 392 291 293 368 255 260 18 338 251 162 195 323 78 296 24 187 49 463 417 262 25 424 300 285 11 435 370 298 133 286 361 215 366 58 418 302 99 50 102 302 404 463 96 46 441 307 77 275 45 133 466 467 399 114 357 448 358 427 324 422 238 121 278 477 35 101 396 374 12 161 258 350 259 434 120 293 42 275 25 224 182 465 323 186 115 308 125 209 449 100 411 171 397 30 339 257 325 233 395 101 367 103 200 281 462 273 295 290 137 85 475 250 27 420 193 374 308 233 229 205 407 294 374 61 213 439 194 411 344 179 326 114 236 477 378 372 168 288 229 446 141 146 334 70 146 426 338 473 233 275 268 262 118 198 236 246 2 273 225 193 462 446 77 446 93 355 209 172 203 261 217 28 388 175 71 383 118 139 425 393 378 30 63 293 342 234 76 57 42 406 160 269 156 64 27 97 171 478 124 346 417 309 107 150 473 244 73 262 60 234 59 361 158 382 457 478 428 149 107 38 91 408 351 54 72 238
