10
29
71 23 54 45 3 20 84 24 49 77 68 2 81 53 70 19 52 11 22 65 10 8 47 30 74 31 16 46 54
4 26 58 45 51 35 29 1 40 81 84 36 17 26 19 8 80 32 51 60 9 79 49 31 16 62 81 71 82
6
136 132 85 53 140 79
11 117 129 4 29 2
28
223 131 180 661 558 68 469 450 272 231 695 913 481 389 53 83 13 827 771 340 911 89 468 490 367 620 697 416
368 869 68 124 786 783 430 793 202 625 330 29 477 589 384 341 597 667 283 196 280 136 703 135 47 503 715 804
19
380 235 92 111 537 583 494 257 320 359 482 488 167 287 403 86 217 42 122
498 409 159 236 503 67 364 183 539 79 304 330 537 311 379 97 380 25 549
44
71 7 21 1 9 114 115 63 7 46 112 80 82 78 34 47 78 118 114 98 114 13 106 48 67 98 89 71 54 56 84 52 40 100 11 1 81 44 9 66 63 64 39 32
53 109 60 97 113 50 39 56 42 10 112 26 85 83 84 18 25 60 2 77 103 23 8 91 31 10 53 48 109 32 76 5 64 55 34 17 78 113 16 57 112 83 111 27
31
243 148 691 869 718 251 211 57 652 189 614 642 287 630 445 6 462 327 748 615 597 857 309 211 655 627 377 343 125 297 714
330 307 57 178 357 74 302 605 725 735 635 49 16 250 139 712 351 502 570 568 144 767 447 180 193 792 812 906 333 254 22
10
730 405 195 121 169 730 543 634 564 601
44 646 422 754 686 603 92 671 20 679
31
397 46 741 226 154 390 771 735 654 299 723 225 56 697 502 637 65 42 504 689 494 52 371 366 576 603 598 743 452 456 330
44 28 529 321 136 334 359 452 679 407 730 525 704 520 417 506 541 475 81 336 582 563 570 783 358 334 27 302 538 65 518
49
1 17 10 18 9 29 7 34 28 22 10 17 6 12 9 9 34 14 11 22 6 33 29 5 16 34 12 16 25 24 20 7 20 24 7 26 2 20 17 20 9 3 9 14 26 18 26 21 30
13 33 2 4 3 21 18 16 28 19 32 32 3 17 31 28 16 20 23 32 14 33 6 3 12 13 3 21 3 24 34 15 28 10 34 24 15 1 23 24 22 8 6 3 10 3 3 28 19
45
341 31 148 291 300 136 363 223 348 4 238 323 309 420 386 114 71 318 393 360 202 163 240 345 145 225 410 43 209 227 180 183 158 245 33 62 135 413 204 9 44 164 53 4 119
192 233 428 94 401 266 402 372 57 415 409 144 169 103 415 253 331 137 378 391 372 325 207 158 64 155 353 66 251 123 11 241 377 387 39 415 408 298 409 235 282 34 374 356 110
