3 5 10 2
3 5 10 2
3 5 10 3
3 5 10 3
1 5 6 1
1 5 6 1
10000 5 10 2
10000 5 10 2
10000 5 10 3
10000 5 10 3
10 10 50 2
10 10 50 2
10 10 50 2
10 10 50 2
10 10 50 2
10 10 50 3
10 10 50 3
10 10 50 3
10 10 50 3
10 10 50 3
10 20 200 2
10 20 200 2
10 20 200 2
10 20 200 2
10 20 200 2
10 20 200 3
10 20 200 3
10 20 200 3
10 20 200 3
10 20 200 3
10 100 5000 2
10 100 5000 2
10 100 5000 2
10 100 5000 2
10 100 5000 2
10 100 5000 3
10 100 5000 3
10 100 5000 3
10 100 5000 3
10 100 5000 3
10 300 2000 2
10 300 2000 3
10 400 2000 2
10 400 2000 3
10 450 2000 2
10 450 2000 3
10 500 2000 2
10 500 2000 2
10 500 2000 3
10 500 2000 3
10 500 50000 2
10 500 50000 3
10 500 80000 2
10 500 80000 3
10 500 100000 2
10 500 100000 3
10 500 500000 2
10 500 500000 3
10 500 1000000 2
10 500 1000000 3
1 15 50000 1
1 20 50000 1
1 25 50000 1
1 30 50000 1
1000 50 1000 2
1000 50 1000 3
5000 50 1000 2
5000 50 1000 3
10000 50 1000000 2
10000 50 1000000 2
1000 300 60000 2
1000 300 60000 3
2000 300 60000 2
2000 300 60000 3
3000 350 70000 2
3000 350 70000 3
4000 350 70000 2
4000 350 70000 3
5000 400 70000 2
5000 400 70000 3
6000 400 70000 2
6000 400 70000 3
7000 450 80000 2
7000 450 80000 3
8000 450 80000 2
8000 450 80000 3
9000 500 80000 2
9000 500 80000 3
10000 500 80000 2
10000 500 80000 3
10000 400 90000 2
10000 400 90000 3
10000 450 90000 2
10000 450 90000 3
10000 500 100000 2
10000 500 100000 3
10000 500 100000 2
10000 500 1000000 3
10000 500 1000000 2
10000 500 1000000 3
