10000
414 16659
403 7457
291 28112
6 2590
49 5244
254 4908
225 12366
3 1903
306 21674
500 14729
221 11858
80 10856
389 9434
449 22113
418 12380
460 22659
200 14190
349 22565
69 2385
64 29890
102 18539
136 9223
274 22775
460 13865
87 10236
127 29820
354 24187
100 3650
189 21741
494 18368
44 23277
196 8088
349 10033
113 24146
51 958
185 17468
320 2652
463 18804
445 1352
186 9283
387 18474
473 2476
180 5446
268 23621
500 25334
308 15686
364 5464
62 13280
414 68
171 24272
246 17793
382 25651
56 25400
18 5020
412 1704
133 28260
87 30492
285 2625
226 11546
131 538
348 27102
330 26906
223 25351
321 29700
299 22159
79 19654
470 6912
397 17488
15 32741
397 22182
117 4735
414 13620
114 6842
160 19299
25 25695
361 29033
150 10379
312 16741
432 11104
469 17067
259 25082
205 24412
238 13477
404 22587
54 12621
8 10939
277 16950
104 7517
322 15597
201 26168
114 23934
363 8153
173 487
51 78
273 14797
127 1662
476 32366
194 4540
108 9943
234 6043
120 27734
36 27651
40 4915
135 20356
413 2971
128 14315
262 7901
164 1811
307 31961
386 9214
332 15796
110 10788
408 11217
234 8971
298 27133
416 32280
7 18922
244 15013
94 26335
476 30804
445 22701
133 24994
212 4837
292 9407
290 17480
237 28317
130 19071
198 7238
476 3597
127 5748
105 23169
137 2907
437 1776
441 31434
94 674
414 18546
359 6668
293 18565
11 2046
364 31364
252 10014
68 26194
191 22421
28 20364
416 27912
151 13085
257 14538
49 17164
212 1104
477 21657
202 4069
5 29833
222 27038
191 5566
102 12433
263 3594
170 6210
388 21829
79 16478
235 15005
316 13484
465 1070
22 10560
197 11475
221 18162
286 13371
312 7182
430 13631
181 1357
491 13938
274 8964
497 26874
183 11932
16 18847
22 17474
115 22562
419 29919
238 22736
99 13387
88 21590
275 30654
344 18903
289 6279
332 18236
39 20224
366 23500
479 22977
270 6396
474 9492
85 5512
287 1705
125 9922
322 24971
449 17450
498 18003
122 18752
40 25500
437 2454
305 23222
247 27433
185 19615
371 31473
209 13102
483 12215
150 23186
38 20263
147 3835
416 10534
474 21143
390 7526
425 12224
395 7991
262 31604
363 11168
463 7173
444 26030
396 10257
34 19724
155 29109
427 17108
173 20990
327 20645
342 18592
68 26102
476 17387
397 32681
93 9466
468 28131
114 21550
301 11292
141 31195
314 32626
65 12096
500 20291
283 15293
127 27642
353 12864
20 14377
348 769
322 26585
19 21871
387 18974
450 15977
24 20718
316 9906
172 19250
181 30111
213 1310
443 21523
188 17086
59 7085
229 18642
390 17984
462 26588
145 29060
380 15735
410 19211
283 8170
447 30838
212 26621
280 20456
475 3340
432 29883
425 18265
396 11378
330 11430
152 32751
348 31492
106 31975
272 1510
216 11154
377 31097
344 3239
125 26680
274 13191
106 22203
234 20664
254 14799
246 16534
395 6860
182 29253
202 22051
270 15082
21 10295
136 26907
454 31854
14 11412
334 12935
334 9771
194 20014
353 13318
444 17613
257 19979
134 23974
211 1688
30 22559
407 884
393 19548
320 774
450 31251
307 16837
217 31132
495 21488
241 840
84 18303
117 16628
113 8793
390 24030
122 4295
14 18615
150 22569
131 23545
32 25064
302 24698
484 29355
30 7746
32 25038
152 28569
351 25872
245 2661
114 17547
66 29619
486 2794
338 20884
149 1494
374 3882
124 10929
460 1794
404 13191
374 10148
408 2113
353 18025
307 18460
127 5261
46 1882
190 27269
332 5432
26 23955
104 24095
42 21399
314 15902
470 2344
466 22424
175 15843
225 16954
364 31491
13 9776
136 10291
320 6041
323 25248
476 17976
81 19025
497 21868
24 14779
370 28770
486 7056
177 28297
371 21209
205 7238
128 26948
81 31722
340 30655
187 4833
94 32069
38 5931
195 6136
112 4369
385 21617
222 17680
132 1876
425 31258
312 25895
185 28670
224 19556
148 6692
366 30156
146 29309
146 32511
54 30906
67 842
355 12732
279 14016
323 15180
194 14220
44 18445
3 2437
413 6062
94 28675
139 16228
221 6641
66 22168
365 21540
13 23517
207 13803
9 26148
359 31720
281 30259
424 1310
53 31827
101 9802
80 26185
332 18295
446 18824
331 32717
264 32165
331 9130
270 15115
493 30964
329 4592
490 1453
418 19848
203 11463
413 6008
21 3386
446 28557
321 22357
37 19374
359 3153
408 29711
488 23596
293 28584
101 5557
273 5350
350 23779
161 4768
275 7018
415 1356
454 24464
235 27763
6 7485
113 5218
498 1362
42 18467
136 26428
383 24491
152 20681
193 32341
123 24634
323 5519
161 31897
160 32723
155 26701
69 18394
237 25067
118 28684
127 18255
244 20026
277 28396
306 20367
28 11104
262 14532
375 11595
475 13972
70 14178
172 21104
150 22719
367 8051
265 8571
255 13208
299 1407
484 16683
213 24983
421 25725
389 22217
430 31196
210 28644
102 4034
137 17755
38 18765
389 4948
112 17647
395 30205
139 23399
17 16415
51 19184
316 8181
443 8888
367 1598
37 659
298 913
98 753
135 4081
267 22798
347 28833
135 2920
108 12345
330 19062
210 23802
289 16791
440 351
35 29769
428 2804
424 31643
238 4971
452 14309
128 16365
382 19126
334 10926
321 27918
72 2756
174 30157
264 3641
91 9324
298 6751
416 1003
69 26211
61 31242
168 9253
11 22204
52 11079
262 30681
468 23173
241 21779
115 9028
331 2091
345 29549
379 9573
8 29051
359 30777
328 16083
39 30795
252 13396
411 2717
31 19760
139 25347
83 13306
66 6616
297 9728
221 18928
134 8410
371 19149
89 3651
397 23318
268 25128
370 20292
127 24319
261 6303
150 29786
177 14441
406 27580
98 29529
183 22443
201 22859
24 30982
252 30005
56 3737
247 14685
192 17135
426 31689
249 11367
60 5879
451 5002
307 719
1 29596
385 31190
143 26993
62 32420
210 1155
7 21912
20 11841
351 18122
392 7081
4 15425
202 32024
84 4199
1 24673
136 8377
252 31005
289 30915
288 17219
329 10572
256 13305
60 8142
106 27817
60 4649
49 9302
458 21143
430 15153
422 8163
364 11367
344 17878
122 21054
44 8691
411 12384
403 24676
372 14454
311 1331
185 15609
240 5565
123 1605
404 30308
339 15856
96 20613
39 9305
53 5290
313 17540
298 27904
252 6693
230 13323
199 24058
268 17304
91 27742
97 12275
332 31260
138 17243
55 2945
355 19891
279 25013
375 7290
326 21067
148 12029
417 15638
121 31435
342 5182
111 21610
120 10900
53 20552
164 15395
460 12276
227 25863
373 12174
244 31363
464 18301
416 31309
325 13919
51 1068
232 26438
436 4549
415 2081
388 24754
107 25720
71 17109
351 22621
51 18668
407 28575
362 31589
223 1344
377 5491
288 30505
30 30305
331 16925
214 15655
66 6636
59 16955
94 20969
466 25513
141 10653
411 22374
68 20925
329 30689
220 15706
423 16092
278 4952
383 25210
83 21537
294 18585
361 1946
360 17505
411 1879
206 21021
231 14603
429 17738
106 19778
392 7406
36 22098
45 29228
109 19342
224 13588
287 19646
37 11200
413 14796
307 26524
307 29376
148 9477
2 21486
151 18710
482 17006
440 29118
167 23757
463 19478
405 9218
131 9458
327 12452
76 26551
350 18522
427 32620
5 26514
365 19987
144 4982
247 11833
306 2075
136 13004
391 5884
243 6445
454 18856
499 8582
477 7351
296 16734
362 26370
148 25706
222 16660
418 12198
129 219
425 31397
433 7587
368 29477
62 4166
364 7911
353 924
359 12222
335 26937
340 24037
142 18008
59 15509
438 19730
107 15575
209 5588
184 21144
55 3343
406 28667
427 26929
339 19187
15 15573
396 8464
422 31030
119 28057
184 29930
183 17884
174 19149
448 20418
247 9531
245 1702
269 18818
483 16999
24 30614
388 13500
423 29191
460 20680
341 16945
22 20719
196 3251
399 20199
144 2594
222 8722
469 30718
108 30731
288 5604
318 23423
483 774
79 7486
12 4057
343 21393
148 22541
416 25551
256 14530
465 18987
236 30457
156 5072
58 10824
316 16176
277 16339
226 30360
226 10615
243 22792
51 3400
83 17731
498 2366
244 23330
141 24363
130 10029
212 7408
370 11372
114 5361
389 16507
7 15046
210 28125
465 14388
266 20626
497 20059
131 8428
257 22320
383 24734
468 31534
454 24086
365 28489
375 525
396 20260
279 7004
93 26499
142 7441
379 1283
118 706
288 6921
5 20257
77 22264
22 22737
308 29607
447 22904
372 24850
266 29462
333 5199
465 8085
233 5060
195 16033
291 5016
271 13753
457 13927
447 22150
87 17978
297 32620
106 31158
349 10848
229 6547
20 24057
435 6736
131 13513
213 32293
262 28397
383 4922
318 16867
174 25110
445 23196
103 24666
498 17874
90 15279
277 12956
263 20733
43 17216
433 9182
425 24648
81 27218
1 16856
61 180
438 9022
46 23020
473 21707
99 16359
375 8161
375 30788
265 12622
145 8528
154 32216
465 23349
392 21785
449 4462
262 5774
6 30846
184 15594
285 5090
207 13232
354 22596
483 11008
6 15857
86 23985
70 22413
442 32161
219 16646
418 14921
364 31430
417 5525
164 1325
248 31474
141 20542
453 19624
108 21400
367 23402
442 25256
28 31787
222 4382
145 12340
24 15261
113 4980
365 2231
368 1303
348 30232
65 15962
81 17921
70 19357
424 24825
239 7097
447 32703
489 6549
488 12674
289 1012
465 4692
200 30609
5 17885
92 24430
292 2636
152 16233
309 30611
408 3344
359 16084
264 2742
257 32278
206 22727
303 31805
226 12632
98 24889
69 514
33 15997
407 22513
53 31667
53 21048
58 31662
159 3687
375 3488
19 17248
475 32397
446 32358
49 24319
107 13943
293 20732
273 10716
421 29237
136 14846
115 13952
271 14715
479 18056
168 24697
75 14019
124 23355
409 10917
361 9970
25 14356
473 12501
480 7963
229 27507
392 10722
102 20040
36 18654
186 29583
483 16197
339 18520
260 29637
267 730
413 14709
59 21258
48 9484
326 365
29 16977
48 28714
393 15826
180 12899
459 22233
302 11717
101 11676
308 31326
333 16820
203 29871
180 13520
76 13827
222 9643
57 26367
128 14139
2 8313
55 6188
456 20110
478 7820
105 18926
205 19400
467 7035
434 19671
53 7699
408 19125
36 29353
259 7955
319 31387
276 16717
253 19519
257 32668
406 21951
58 22669
452 8744
317 2225
3 29885
231 8342
7 11921
396 14071
402 12885
145 2864
17 14958
484 11252
74 21835
233 30274
327 31733
278 149
445 30439
151 18012
444 1313
303 10153
338 31096
257 4397
142 16944
315 24676
262 3788
297 22541
174 2085
81 14557
387 20154
337 21108
40 13127
5 8336
296 23961
30 18561
312 21920
296 2781
466 8902
319 32116
403 30079
23 8582
469 3873
234 10804
80 23543
312 1845
497 29584
490 1994
427 29533
20 10740
454 26492
243 27108
285 13774
391 9651
476 16207
376 26963
98 11175
88 14022
287 4860
216 7821
349 31243
374 15460
305 21623
175 27692
372 352
412 19241
415 30264
226 22893
402 3026
190 20372
115 8636
242 31922
115 3023
313 16522
409 32260
357 30209
144 27274
271 25042
137 1557
263 31106
232 26232
469 5783
103 28534
34 27141
479 469
27 17385
292 8373
79 889
423 288
43 17211
186 14306
387 5494
238 31131
171 25831
252 8466
247 19892
282 28620
250 678
335 15582
77 4754
145 1535
243 8728
110 5857
172 28048
461 15042
286 10050
202 11326
160 1493
113 14183
49 5899
99 16919
203 10923
234 11909
53 27070
390 19479
149 28157
107 19063
414 28043
333 25321
193 20192
321 11228
90 14597
434 19134
146 29703
168 30741
351 11686
60 2508
363 30285
452 30666
140 2631
208 3786
167 15151
81 17766
352 3496
457 26484
397 24399
68 2966
239 10478
285 1805
437 12531
240 21454
255 16928
406 7384
310 14979
41 25796
316 1705
426 31390
362 23823
400 12531
336 19929
103 2859
466 31430
381 21785
20 2916
87 22737
479 12672
83 9914
178 20961
373 9188
481 9526
452 21147
85 25932
107 2364
160 23172
135 2887
456 23941
354 14518
358 8494
216 18317
191 22734
137 15283
102 3736
159 4352
75 15953
394 19351
469 2124
413 25206
223 4248
207 14411
31 24184
474 5769
230 20499
186 24252
226 30317
74 26138
242 28054
354 12122
224 1314
312 30409
68 19672
60 17562
180 22959
465 31101
473 22262
414 2420
373 14290
346 22754
451 7405
308 28645
74 17005
33 30694
206 2595
158 14191
415 30213
125 60
351 9951
355 17300
446 13125
459 16602
84 27340
77 607
396 22906
294 7290
146 8058
51 25307
258 28948
488 2076
46 21213
326 23449
332 26155
298 6530
285 22988
264 302
417 21240
292 9650
309 25219
472 11443
236 23127
370 28536
81 5922
479 12867
485 4684
336 26082
268 20524
132 10113
286 32379
271 29378
38 22281
162 14864
395 6830
170 22832
366 14468
301 5656
347 30035
474 9221
254 10061
49 23752
120 23036
59 9312
342 28280
211 10958
407 3037
101 37
478 29692
85 12001
2 4177
347 20601
211 19254
430 20536
67 2389
15 20552
439 22371
412 25872
112 8204
484 6848
245 32297
424 31017
477 32569
119 31187
477 27151
34 9289
48 24008
154 17592
342 23808
454 28856
126 6470
480 20074
106 4812
380 20931
62 24675
411 25639
421 13223
65 10810
401 28023
201 23539
410 22185
435 25330
393 20731
468 13075
453 5196
93 4419
66 19468
170 15506
268 10481
497 11658
393 15083
25 24511
86 10075
85 22952
435 3968
35 26285
123 15153
379 14209
323 23506
440 23730
245 31617
32 20351
88 27792
427 31977
404 19768
164 1805
448 29579
249 12464
192 21931
364 10012
419 16954
122 7723
230 32017
147 29345
169 5173
302 18110
154 262
382 19732
11 27066
141 13719
464 5898
280 28915
386 29227
356 15906
158 7936
479 13885
385 1678
41 19090
47 26032
185 26872
222 13324
367 14943
120 30533
148 12203
241 22131
280 20675
166 464
370 484
488 17075
392 13116
178 18371
433 11956
180 356
113 30733
200 8822
132 29486
287 6463
186 17596
319 5285
332 8428
104 27041
354 31893
467 27888
421 21642
226 5388
487 32550
178 30810
391 15400
273 31653
5 30401
244 17611
324 28140
360 17846
427 14078
162 29582
64 20094
477 32301
153 11062
327 7124
81 1930
84 15644
81 21769
54 15663
479 3650
20 25143
465 23257
238 16919
490 14810
57 24410
34 9804
335 4712
400 27146
392 4864
313 4814
174 13794
426 15759
470 13004
352 11277
244 1704
219 22698
361 17924
213 31867
247 29634
321 15263
41 12305
264 27599
452 21404
90 10551
269 19201
12 11652
207 18052
497 7487
411 4613
366 16217
115 10543
326 21255
392 23539
122 30672
339 5940
402 23523
169 9668
416 9391
438 32144
352 17838
343 27927
476 14721
327 15649
493 20802
289 6829
195 3606
74 23851
445 14593
60 31979
35 11519
50 19926
11 1872
382 21084
103 12819
416 15021
258 32022
240 25644
240 14573
475 27936
6 2113
370 12461
221 23403
498 16132
415 19009
398 9686
413 16432
419 7438
162 11916
238 27583
247 14627
284 6491
378 4376
470 16167
117 29167
289 3563
129 29924
238 23534
178 11905
35 20257
236 19055
131 30619
222 6541
492 28229
187 17983
149 19415
50 8969
136 3075
410 18268
398 12527
266 28335
413 15081
309 19922
403 18519
269 21119
265 29164
105 307
28 14114
280 25915
11 3812
220 18194
185 28810
328 7402
109 26891
13 27017
8 4206
391 32086
33 29570
494 19892
224 17871
315 22158
75 28620
377 14899
252 19795
179 4965
493 12369
219 11692
228 31682
135 6129
307 27357
276 17735
367 22667
241 12300
227 6942
257 13105
412 18496
178 3542
322 29993
336 17690
82 18198
321 22577
226 26614
139 31415
88 13158
109 18755
70 12255
446 11328
469 10286
106 23800
421 31013
133 16626
300 26513
269 3966
63 4716
462 30094
417 21843
156 11207
429 12090
329 13016
387 350
198 10763
474 14971
235 29721
388 16959
360 7747
469 14591
50 15774
108 24490
305 13999
428 15355
432 9015
46 19698
444 19024
96 25476
100 24249
405 29586
392 30575
134 28952
479 30333
321 3495
419 21012
231 27157
436 29662
140 4211
52 8848
481 19007
45 10687
73 9947
23 13300
221 17982
424 2818
8 15338
229 12951
367 7709
247 4370
352 5452
242 6804
37 32717
308 12890
87 32212
353 13898
292 31136
102 26827
258 32758
243 11482
37 31951
202 18523
215 12366
92 8364
457 28660
266 9600
380 2071
369 24043
22 20880
449 19385
263 20405
328 6404
163 27271
25 17414
480 6444
299 15659
476 4255
492 11114
361 19110
374 19158
264 30980
192 6512
463 14576
116 17984
21 6855
500 5796
330 20990
410 13799
404 8538
436 8981
437 22371
164 12558
46 28438
88 19674
207 10458
46 32316
44 12213
110 22154
43 7872
380 16827
339 31448
63 28098
109 29847
110 15387
325 1666
383 29091
283 17284
121 6316
150 27036
174 18769
329 3282
356 19463
128 28271
299 19061
381 21613
332 646
320 29997
441 12220
468 19304
216 7879
207 26216
108 8022
187 2680
266 18477
269 13721
93 16759
459 23670
400 2398
281 29594
431 26330
393 6369
224 32454
8 28972
91 16185
466 3673
61 5395
333 29043
285 8150
9 32037
7 22456
83 27765
189 23030
180 8623
51 20330
271 24990
179 8544
347 20226
353 28838
486 14911
135 738
481 6483
324 6696
225 15370
246 27340
461 4213
261 9077
8 2968
162 15219
197 2659
492 31571
138 16100
302 29616
131 32186
326 22092
39 32717
156 25951
7 27708
193 27950
405 16023
249 31712
338 23887
327 19341
464 29802
445 4761
299 26747
452 11840
158 30162
60 23409
484 20464
295 29152
224 21822
166 21847
197 11006
205 4428
134 21889
252 21177
93 8346
477 13352
375 27732
361 4109
196 12768
469 19801
38 21713
374 23116
35 5260
492 18827
294 12793
70 17778
287 7551
171 19883
140 16688
406 29440
262 15168
332 1389
400 7356
430 26746
452 120
165 456
64 3658
323 30185
32 15989
158 10100
48 29032
3 11353
365 12201
215 11635
191 9740
256 25692
305 12840
323 11141
400 4875
101 21638
449 4653
436 14514
218 14499
451 14319
75 25749
112 6597
249 21234
225 1204
442 29026
5 32715
254 3197
273 12918
462 11834
427 22168
311 16554
17 4313
257 18662
452 9026
221 20038
194 11783
115 16851
255 29347
164 31231
229 19754
347 5780
290 22491
339 24811
161 27893
432 31838
162 31437
1 31487
482 24092
34 10891
271 13981
297 11673
453 27096
262 13591
494 18488
30 28151
397 2148
297 30502
93 3276
116 29630
16 10114
465 3452
362 20556
74 31604
228 247
18 24835
421 11246
173 6406
287 267
242 16713
85 29868
355 6723
80 15626
126 3840
19 14790
334 31070
95 31173
463 30332
170 21310
173 24432
416 16913
105 14904
312 91
47 14067
185 3399
332 3410
60 5671
383 20041
15 30147
22 32266
214 15856
441 2611
117 32613
415 28742
43 17355
375 10331
401 28179
81 10257
330 29964
385 4554
330 11317
268 25624
496 3792
326 15730
408 16695
295 2092
140 15475
120 8870
231 22539
465 22467
444 9754
64 15260
236 21924
45 16502
474 3882
356 6130
66 32636
66 13444
316 1231
167 32550
354 12815
139 5454
33 7287
61 8989
244 10078
108 11737
185 16980
56 25245
328 19821
484 15695
21 6109
400 7123
433 11461
433 4478
220 25165
360 3790
414 24307
103 12632
476 2339
222 20481
160 5383
426 6001
391 9376
439 19141
353 11798
7 31876
326 7244
460 21461
400 23992
162 12783
221 21874
359 19408
306 25226
87 3122
61 29087
228 20923
411 19629
421 23924
460 7463
72 1404
379 21574
110 32766
21 28064
182 23136
94 16380
398 28861
106 20581
125 31126
449 23421
147 31172
228 2324
279 13489
90 32249
414 27848
107 16400
481 2090
367 8357
105 28067
50 8448
480 11740
107 1338
171 19666
279 2383
85 16262
184 27763
155 29175
193 18090
274 26957
252 23699
381 22103
353 25988
496 11319
276 30684
227 3932
170 3989
275 12465
156 25369
133 26900
153 31319
441 10506
249 15381
138 4273
253 25992
119 17398
345 8226
417 20231
36 10667
418 12044
190 17043
261 21266
180 22151
455 10567
224 4930
290 3181
183 24998
91 9609
111 29963
14 5595
480 25815
184 32019
281 1102
436 12226
267 27820
50 12815
426 28017
452 19115
229 22269
412 16903
383 21340
264 8644
173 16739
476 2155
130 17916
477 25950
256 1982
114 12558
365 18625
4 30063
238 21168
166 15017
155 26911
322 11281
435 13855
5 2391
438 25872
300 14336
204 24503
236 2327
131 24977
183 1824
279 21862
289 24654
133 12576
310 16630
186 17374
308 12866
317 10821
319 20778
304 23830
367 29088
351 3590
30 523
434 18122
283 17143
97 32369
374 9995
56 6390
325 28475
11 1302
162 22335
426 27743
258 26179
441 10634
477 14304
80 30986
367 20811
285 6117
438 22220
34 17603
497 13682
172 22340
373 5382
408 24983
73 9789
357 4169
452 8497
282 15450
494 2066
322 25494
214 537
389 31522
106 25278
325 20566
324 12587
249 27594
29 17392
465 10932
427 17656
394 625
159 12732
222 8801
227 11190
159 26616
304 11545
112 22802
304 30143
333 6279
427 17507
453 2304
215 12304
177 4617
268 13785
242 15207
369 20171
226 4779
137 8736
319 3847
121 10165
40 26465
178 20159
196 3750
405 31929
360 19041
173 30881
380 6028
384 5731
385 20901
302 13974
470 20485
383 28262
356 28014
140 27601
322 11747
152 27159
149 30396
106 19051
349 3321
261 9455
228 19927
459 26079
479 21921
331 19212
325 2249
259 21901
270 13111
309 945
49 12769
464 26424
302 23196
461 27586
95 5681
86 24967
79 24756
6 8265
475 9233
298 22151
48 8424
336 22772
190 22939
235 1575
196 13221
338 4756
380 17197
444 20667
20 29914
39 18847
457 2538
312 14714
482 6782
159 17583
448 4664
314 30976
49 23304
103 28417
251 10819
97 8140
263 9206
16 17143
237 18553
386 18627
170 24647
268 17558
199 23052
21 23468
191 20224
55 3081
76 8564
295 24498
406 27050
419 24604
361 9450
415 24037
380 23250
41 24770
321 11502
364 21433
139 1161
110 16784
293 21186
416 13701
193 5858
455 5183
294 7916
33 261
202 13942
462 9006
378 14264
27 24536
149 13027
162 23517
107 8116
387 23043
475 19784
187 18803
256 1074
207 6253
441 3787
435 7993
154 7113
323 14177
217 12051
258 21277
280 5332
242 10511
104 2766
319 18480
383 5106
39 10251
155 10797
201 2345
451 17028
336 14796
46 22371
227 4832
216 27954
467 16686
123 17706
456 11987
15 12903
407 8432
205 17726
267 23972
18 16592
67 28215
82 3807
244 20888
19 9697
484 13066
316 5459
146 31002
353 11344
231 16596
56 28258
359 6454
413 19096
36 4837
339 18649
420 30751
155 8567
261 16625
124 29447
30 6058
143 2673
335 399
487 28995
165 32720
16 13899
119 15547
81 9316
53 6448
48 23440
215 11861
90 71
40 6026
18 29967
143 6304
42 21069
353 29765
355 4187
309 1731
456 6106
341 30955
166 11338
177 8011
190 25816
80 22952
107 10102
233 1704
434 23089
476 24526
108 16063
206 20907
23 11352
167 9299
463 7112
61 2063
314 14785
116 23121
109 29557
148 14061
33 12644
34 10629
287 13427
346 4933
80 18751
232 6353
4 17840
214 11388
451 1233
42 2235
52 21727
253 11993
81 2976
286 15852
431 13557
279 13831
460 4019
429 31665
363 19631
350 12182
127 17432
164 11901
330 5386
167 19834
406 25439
367 9829
321 10185
279 2186
474 17950
269 24994
64 24050
287 13059
14 2411
97 26387
387 32337
277 6914
335 17765
283 12473
254 31732
265 15629
361 21419
453 9785
478 17581
40 1675
99 9699
99 10077
179 8083
196 10311
132 11317
260 9875
259 7042
358 30961
464 19405
150 21356
25 3478
15 26525
483 25949
198 21791
44 8116
404 32323
31 27544
202 5380
295 28417
194 29757
445 2488
292 6425
388 14953
98 20683
399 23033
482 28288
166 8473
394 7570
137 11292
116 9215
386 28933
242 10521
499 23525
316 21631
247 1380
240 22859
13 14237
119 16781
29 13615
273 3577
220 30352
381 32220
282 20901
78 4949
346 16272
380 10177
112 13514
432 9335
433 16241
105 13238
140 24547
336 32219
360 20363
51 18135
215 10747
91 32737
165 11323
267 8552
252 32353
51 24908
330 15202
210 6477
179 11048
84 29124
420 25317
51 9361
396 16294
376 27732
403 28459
325 29664
57 31478
32 23020
208 2466
218 7436
304 19062
264 992
201 16186
482 21899
318 22601
279 30311
477 5864
57 15608
14 10710
101 4894
217 14373
456 14222
407 20039
79 13186
176 8556
160 22704
174 7436
371 23417
304 28351
228 23908
341 1109
369 31690
83 12323
342 14035
3 26523
415 17569
111 20512
154 9418
269 3608
453 2060
398 2626
142 24636
447 8521
330 11392
374 29082
27 21950
104 15219
442 12116
110 1853
15 28682
450 1564
261 14148
283 24772
173 29309
120 26766
343 14064
92 24267
332 25496
214 18008
302 8027
343 29555
348 1923
276 19916
89 8813
394 30943
72 27269
291 22146
53 1394
399 6074
462 31629
51 20435
438 920
140 15792
18 13997
415 16223
219 16500
304 9200
47 24473
68 20360
103 19069
396 26033
57 19500
167 28148
205 11664
247 9898
17 16100
162 31247
205 5482
422 18840
340 20833
267 903
213 50
80 14012
332 28394
237 6350
49 236
75 12890
473 24296
368 9627
102 4615
113 17211
258 24424
134 24937
75 30672
173 10540
57 20381
297 19959
187 13052
351 25469
31 27228
385 17862
493 803
283 18307
141 4255
464 6815
400 31039
411 10006
188 9219
421 17418
447 6705
93 1812
87 29002
345 7640
50 4412
30 26076
359 10969
127 13978
239 29320
33 4563
234 29498
31 11815
491 3488
16 4067
165 30620
98 9242
494 20469
78 4599
160 6734
295 13905
178 14169
188 32128
82 11592
384 3951
293 21636
68 499
78 15522
492 1371
2 23955
197 16201
467 26906
474 18368
392 20611
149 31869
396 21139
344 7819
183 9659
93 28178
422 4752
162 14448
465 4736
24 3210
85 18109
83 2404
67 23422
185 31472
191 11111
443 14628
285 14149
57 32079
269 17919
267 8621
217 16586
406 32569
151 8091
8 24002
500 31202
198 10817
57 3957
84 26474
284 24010
140 3201
53 5482
440 18031
320 930
482 20245
406 17532
81 20192
96 20718
17 31902
199 15696
14 28560
182 15379
385 22464
412 14513
320 4244
258 7904
115 16804
424 8715
250 457
115 6402
496 12406
250 16881
149 31052
443 655
213 13800
345 30871
85 8704
31 28284
5 5550
424 2137
426 14859
328 15654
160 27648
262 28722
164 16729
324 16077
368 25627
170 22085
147 14360
119 26133
471 32448
220 600
436 27962
499 2692
407 26804
251 26708
82 23799
376 15110
186 24894
141 17095
18 8008
36 8300
62 12460
350 15714
295 26221
184 28648
201 11982
113 12155
59 3431
381 28050
134 22905
137 26252
48 13951
444 32487
330 31493
26 178
264 31165
379 19781
236 24784
362 22319
126 9074
470 30832
470 8633
396 30953
294 687
370 22800
426 29862
216 13544
129 18379
118 21297
126 5886
465 13531
95 29409
217 14529
408 17199
397 10132
179 21072
313 15381
42 14122
61 31624
490 4409
466 29285
183 19170
7 10576
405 22020
216 26187
301 5841
393 3627
50 28892
381 14920
93 10866
37 22137
111 6702
16 23360
378 21192
219 30785
111 16686
369 17145
234 28886
345 15788
70 27218
294 19103
279 24613
136 24456
445 7637
476 3395
467 27969
408 12230
120 26165
388 23127
97 23612
140 21501
359 24245
51 14388
102 32553
223 4068
294 20956
182 30356
145 23714
64 8155
445 26612
306 20760
367 26179
331 9059
416 25996
473 8644
247 16173
138 6050
20 31223
452 9086
204 4740
253 25057
396 7627
371 17554
142 31217
10 27149
453 355
215 2353
324 29729
210 17721
323 2909
319 32237
305 27460
454 28697
457 26396
15 14911
418 19343
131 6537
401 9030
196 29441
246 10682
354 32004
221 24647
15 7412
335 31107
336 19758
439 3789
442 7996
442 21545
144 11851
43 15947
457 5599
54 20209
208 16581
215 31606
158 9290
94 24996
364 15274
314 16075
254 22475
250 23823
319 5931
142 27398
129 6679
490 29059
456 18207
228 23468
158 13254
80 17747
421 1406
24 899
29 24275
445 7000
428 11494
71 6932
251 26909
388 2416
421 8985
423 24368
405 26344
246 16122
417 21372
278 24424
342 30044
427 23388
363 14746
56 23700
84 3333
327 21630
53 31647
144 14157
27 25682
26 27980
295 5342
51 28274
263 25110
129 15415
248 4172
269 11687
128 8202
187 16821
440 21251
350 27601
69 32072
393 3773
100 30399
498 6556
374 16594
338 31564
177 13412
69 24565
197 19465
291 27874
485 24182
283 28304
178 23862
344 11525
216 27551
258 23139
230 25093
490 20413
317 4397
407 3113
320 23044
422 10775
155 28049
101 16097
207 18729
45 22691
284 17122
254 3660
154 14922
382 22005
109 16728
176 5490
52 20898
394 8487
72 25041
194 7453
396 28498
77 29782
240 20559
352 23133
299 25054
362 2848
225 26232
390 15618
457 10412
410 31021
153 13844
81 20005
23 18057
309 4259
316 9107
488 7840
336 9251
24 22704
493 4229
32 17809
175 656
410 5124
435 5664
13 28379
187 32198
500 22356
274 20413
456 31141
367 7968
368 12248
391 13659
199 9945
142 32736
149 22990
167 1563
203 22438
312 31655
321 1781
200 17090
153 23551
483 29438
382 13586
210 14394
133 20762
44 7633
398 5231
255 6673
350 4081
91 28143
31 32343
60 11512
433 11204
422 395
352 31643
386 326
490 149
455 9662
218 23313
357 15731
221 20907
285 26883
120 22543
221 30877
437 30736
391 15801
447 20724
128 9478
369 8466
453 11428
454 3488
286 2708
442 7366
213 5997
131 5622
1 20816
406 15488
255 2845
484 6241
25 7143
73 16732
289 8870
64 24653
181 12844
239 23225
357 31067
44 23721
240 15252
11 13497
374 11634
138 13932
473 2489
155 5826
158 29321
69 30477
415 29400
413 4608
235 13343
246 16137
413 15442
279 16353
321 18454
160 3169
11 5423
8 4247
254 12599
414 4377
296 8342
277 10649
434 29102
180 6586
366 4182
158 21538
215 28042
321 976
105 20320
74 31664
38 23870
308 17517
217 15435
22 15495
208 20515
403 32421
311 29647
326 556
259 16116
251 10768
136 11082
318 13803
418 11856
242 18764
193 6975
215 32081
400 24892
188 12408
324 31185
488 2226
294 7070
369 23481
478 1356
469 29092
44 29891
213 21945
403 7837
219 10626
304 14810
156 11811
197 29653
374 30698
107 24694
390 40
153 15018
350 2367
106 2320
345 2301
181 31478
419 3368
206 4483
122 20058
200 26933
193 25871
69 14223
176 21757
257 20747
36 25252
291 19286
204 26405
448 4028
400 5719
173 29153
486 27416
83 7859
394 11745
397 30620
463 18846
410 11772
454 25276
108 13014
36 25731
168 20170
228 30886
355 30275
78 7448
268 11761
439 19490
331 4986
144 27315
41 24172
465 28919
273 28023
183 298
39 13273
460 24751
395 6937
474 1884
44 11512
290 14617
441 6565
190 23977
63 28208
114 2759
116 3905
136 29813
228 19466
9 14225
458 7546
158 12969
209 26035
246 24848
64 17343
82 27697
383 20350
107 26404
459 20963
114 26751
399 19808
350 30319
300 27295
133 30983
470 7539
416 9943
80 5646
156 8129
201 21108
393 10760
292 25648
414 17834
73 15941
141 2544
486 8039
81 323
197 27755
149 30529
426 3837
75 27920
179 11409
189 10226
2 18844
410 3610
343 11523
292 17855
223 6099
224 19054
88 9524
99 27812
173 26264
288 28572
265 4152
293 14694
7 18881
491 18745
157 30538
340 26634
129 3722
311 18269
387 19528
147 604
236 24082
156 13606
287 21554
334 7785
374 28638
358 32563
495 8623
374 11525
327 19541
176 2602
322 8072
194 22598
261 8001
448 6450
169 11051
474 29191
485 6740
316 17529
381 16169
176 29287
443 26529
75 32687
202 11704
330 1607
370 11295
282 12426
448 27442
386 11727
42 6698
68 21824
144 26772
298 27370
356 5122
242 15120
471 32256
32 32709
473 24137
419 17594
252 25915
75 15700
392 25225
194 16641
193 17456
364 25037
47 428
383 20784
157 18283
258 1834
438 30338
361 24466
241 19615
158 8620
292 18494
299 9721
431 7456
405 3667
152 19705
455 17465
33 14442
121 12647
358 15406
497 26281
172 11928
235 9458
359 20797
66 31912
31 2798
283 30531
500 32233
50 32534
112 20047
122 31084
111 11481
269 18135
138 31175
459 7621
289 5146
211 29524
237 10499
492 26216
482 6043
176 24826
32 15572
250 25523
129 15280
437 12217
54 5553
112 17097
1 10128
304 22918
491 24114
497 27664
161 14295
252 22745
20 26005
265 12724
141 8453
171 24367
290 2620
448 3619
286 8700
382 7049
103 13356
34 29327
22 18054
121 4332
463 24464
356 9584
298 14797
45 31967
344 14132
406 12543
438 10465
227 19952
467 16139
307 25020
244 13622
276 10799
257 3753
129 21737
182 30499
11 1457
11 7114
46 5900
491 4196
136 18702
387 5321
276 21105
178 20120
449 2020
384 19242
73 3493
83 24004
432 18258
138 11793
180 31229
384 2767
159 21630
283 21704
46 21005
38 5636
343 11024
407 6461
350 18481
473 5523
368 27572
177 17025
34 1287
315 26640
60 25243
180 16202
15 13811
342 14066
175 7675
439 28786
453 11162
237 2325
338 5258
321 886
344 2152
99 25913
445 23559
137 23800
56 32522
224 1152
99 28594
475 4926
310 8436
234 5364
369 1743
98 30896
138 15580
321 3071
255 31527
129 13918
323 19773
139 2289
334 16262
374 30328
285 30421
97 18302
113 26174
237 7891
250 5928
245 8765
477 14242
465 7019
285 25339
366 9514
392 22668
254 14556
357 5337
379 12325
317 217
186 3815
177 11153
424 10609
130 16872
29 31475
98 14518
62 16437
125 23838
329 10889
122 16158
344 16127
240 10852
169 13783
405 8547
373 28220
442 3751
190 18991
498 8293
499 1729
107 599
302 25733
394 27078
307 13381
443 10217
400 7156
458 13933
34 10212
220 29269
3 31801
124 30980
378 15006
111 23448
354 28726
330 7290
319 8149
428 11059
93 15473
259 21122
174 10195
183 19627
474 2450
376 29201
418 4674
411 13831
234 32489
328 26084
458 28850
426 24149
70 27878
28 11000
348 6423
403 17446
326 1951
124 24336
292 10313
59 1037
469 12621
40 24370
478 5250
357 32548
498 21711
300 30250
108 20450
451 4486
313 20517
29 6918
89 31470
274 22742
44 28407
197 16280
61 9997
181 2742
419 29964
159 12023
471 10506
263 23377
481 14547
441 31743
98 31638
140 29651
412 19933
311 32716
283 12738
208 30955
145 16224
35 26691
81 31113
121 8528
482 23223
216 22153
352 11844
259 23608
57 2525
426 3466
162 31540
147 2018
84 15861
437 12403
371 3580
34 14350
179 27077
433 4408
28 22819
341 3200
432 3125
311 3856
351 26262
408 6017
152 19157
243 1268
77 14885
283 21598
163 7253
472 18467
331 17410
78 11751
15 779
303 13984
473 25413
307 5360
397 22384
285 21939
394 30826
195 9940
344 8867
424 100
51 2001
93 25581
105 2277
334 9731
111 27709
259 30237
141 17435
334 6307
298 6486
70 1864
395 11855
325 27546
219 28199
74 10199
102 23599
82 25091
63 6048
476 17719
452 18317
446 27964
165 789
222 12377
469 2525
25 15208
81 24766
183 13359
293 9914
163 21998
260 13877
120 15413
209 26209
336 20472
99 251
332 2789
166 16437
348 1269
411 26867
313 66
227 21817
420 26392
443 740
356 28750
78 31385
343 24023
421 8956
373 2452
339 21538
154 13420
377 16200
417 19359
260 32453
89 6231
311 25149
499 3457
30 19224
144 10202
203 11570
464 5197
359 2004
186 4220
416 27364
302 14749
50 23640
317 15751
354 12784
256 8716
170 13093
28 5770
23 5981
212 957
79 13408
327 19927
187 28943
72 31955
364 20564
91 16134
387 10325
302 31223
487 23021
112 23920
454 7260
228 11477
184 12605
105 12981
443 5305
81 4767
498 32251
452 27959
221 17379
178 2696
441 31231
271 32412
20 22967
429 31818
450 19399
407 19024
141 9715
410 3746
442 28917
269 25601
9 19131
125 28110
227 14543
40 24097
370 32535
473 8726
21 20158
213 10343
197 24946
204 30272
55 21712
383 32334
78 23068
340 28186
203 3638
315 26005
88 3529
60 19699
94 6598
429 15549
166 24593
41 11298
461 15482
217 22927
307 1518
38 8575
73 15342
31 14227
203 10305
452 30181
117 18662
83 13978
355 5709
31 27574
314 31175
230 26932
181 2106
431 5463
434 21785
163 29499
9 29075
75 15279
398 27659
119 30791
418 25545
142 21676
182 1263
458 6711
187 174
145 2494
189 21945
135 1966
418 31994
118 20058
266 20101
476 6803
433 13002
316 1657
4 29710
228 1680
400 17436
428 15639
19 18999
135 6037
428 19796
366 27316
137 20102
381 82
191 10170
470 19414
369 676
87 14528
441 15353
260 18309
256 1759
248 27801
60 25762
64 26061
99 17576
354 31195
230 24743
390 22079
467 10517
15 32585
10 21984
320 1649
45 28512
312 31466
134 25482
67 18554
406 31590
154 30856
244 17603
462 2423
52 17449
435 20530
444 783
110 6152
338 20046
129 29883
392 14550
427 31443
444 13983
476 21048
152 25571
21 22272
21 19595
423 15494
138 18407
228 26300
320 15521
475 28098
160 24820
41 32695
32 19225
128 5327
89 26114
479 10661
376 7755
214 29651
299 23406
443 17601
95 6454
349 3770
96 13686
364 16453
272 17914
381 27058
236 2750
164 24819
447 20574
495 22445
356 22222
93 6031
463 4171
438 22755
455 19601
472 26466
202 9295
339 2381
240 14552
333 23737
324 7195
142 7979
1 29909
154 4964
104 13061
454 31102
419 26785
43 19768
217 6791
445 16015
431 7606
249 6286
271 21694
5 2662
430 24949
28 1729
84 7916
20 11604
286 30625
311 29363
375 27638
346 31338
40 23778
72 22345
272 28391
234 9727
312 6468
73 13803
386 13675
344 13358
32 8885
500 3333
207 21077
93 30550
161 20363
435 24200
20 6170
286 7832
148 22779
309 18025
147 25427
189 21596
418 28067
404 8481
214 30014
127 27853
377 21505
229 16940
275 24126
249 9304
196 7417
183 14986
151 30807
202 28209
15 26195
352 12097
409 29107
470 21198
37 11578
434 16345
81 26400
439 24170
68 12479
427 31967
218 3727
151 8067
201 25684
210 28258
499 29078
334 13660
309 29266
224 10873
87 14319
282 28284
497 20083
480 31675
393 503
406 30509
410 22617
163 6085
53 21296
311 6142
450 3589
296 26040
417 3264
199 1090
5 20064
341 21688
257 30703
140 14479
325 11189
53 17006
179 24749
470 26943
15 20021
468 29063
452 16393
285 242
260 26226
186 4147
377 30395
160 12042
280 12261
352 20134
151 6044
373 1582
322 873
129 1435
355 16936
383 10952
159 31165
71 27852
170 3331
405 4487
378 7685
283 24955
203 113
90 19933
82 12361
28 15596
84 8412
352 28802
488 30709
309 15081
421 2386
171 30191
425 9815
90 28733
389 5636
316 17636
130 18725
187 20793
375 7880
476 15587
95 19700
374 18482
29 16792
29 21683
363 4034
156 23553
265 15633
444 18653
98 877
379 26241
67 23285
10 23090
234 24633
427 23317
188 27306
278 7235
471 26447
52 7455
275 19385
132 21480
223 13624
162 26250
162 2127
389 26042
235 9318
414 15937
125 32703
217 21656
219 16299
190 32438
327 8446
340 20518
134 17600
120 27740
32 13605
434 21321
43 14015
479 23597
205 14835
167 21165
358 170
365 27173
299 19528
55 31551
81 10210
360 16325
364 8876
247 179
243 3760
134 27281
328 6086
322 31743
341 18112
224 17042
410 17637
89 23006
495 29601
370 24788
177 11386
343 22863
320 15686
250 9705
455 29851
198 6675
427 21128
272 20581
117 12674
156 15154
331 31649
405 9056
109 16397
439 2422
180 15539
189 7415
2 12348
286 15855
403 2111
366 15563
144 16309
401 19565
354 430
412 23168
165 25667
413 16905
38 20428
492 3135
290 26195
385 13213
143 32584
312 7477
372 2933
131 15431
340 30005
343 5138
95 20705
377 3050
124 29068
393 18827
362 13808
344 1453
150 8615
351 3801
292 5791
68 28282
158 17096
393 25655
1 5647
134 11136
69 21648
310 16231
91 6407
225 4274
145 23432
412 25134
250 20593
281 16198
126 13212
309 16595
308 21465
11 5174
463 29339
475 30885
458 19441
167 9922
71 23224
25 22130
233 11536
321 22252
256 23820
164 27920
225 430
333 27643
200 11282
122 15320
418 17641
211 17144
34 24105
371 25894
198 19715
111 3380
26 8214
475 29914
313 17890
122 7873
70 30591
237 14042
269 15246
187 19700
70 5489
439 7566
322 13495
46 23785
389 14554
212 14434
299 23853
193 511
421 8464
272 14920
439 16486
126 27736
435 4169
148 4147
17 5116
307 26458
405 24096
371 1949
72 4651
175 2097
206 6679
398 1282
151 25687
381 27722
142 15887
261 19043
106 7556
112 2010
471 28882
375 19908
456 17629
469 1109
413 22665
459 8110
339 28718
259 12023
207 32070
221 25006
339 28265
260 30526
415 15228
409 19668
432 549
201 32110
462 18049
60 18485
195 11290
298 12556
1 15123
169 3945
417 1446
80 32611
382 16849
402 26893
263 11083
189 4611
401 16829
416 27970
383 14127
295 7485
35 8896
235 23597
462 19355
157 16040
351 8230
399 1141
216 11645
229 27551
388 11038
356 14792
479 28390
340 28608
496 23868
375 23382
316 10636
373 31598
484 31479
431 27220
105 18760
491 16976
377 1578
437 12411
269 26265
270 10704
420 24727
159 30342
359 12576
466 1950
367 32351
341 19128
171 27170
460 28714
371 10380
304 22355
55 28425
323 5421
464 20359
69 18722
459 21476
419 13345
180 28066
84 17904
162 3554
290 5316
420 31120
262 29455
43 11739
122 6041
265 26856
474 3026
401 10951
221 21607
36 17062
477 2067
328 15428
133 18616
102 16809
330 21166
306 17685
456 5722
293 1846
51 4099
114 19869
241 20962
434 23923
454 29816
352 3688
261 24869
449 2541
1 10997
462 2723
216 27069
55 12307
258 19303
289 15007
313 20362
363 17336
279 24894
450 18002
241 17198
185 2965
487 494
466 20438
136 24719
98 13253
443 29553
374 19944
478 23897
251 28744
190 25283
196 30314
324 18298
10 12160
446 10853
240 14561
125 21412
295 23735
209 10460
387 18679
45 15310
348 12951
269 10031
196 14587
313 11699
298 7600
344 20332
302 9308
497 18770
118 12021
249 13091
24 27186
173 12141
277 7743
417 25064
453 30645
304 8202
336 23753
138 4054
376 8900
192 10485
112 14259
131 19463
433 5215
116 25659
2 2687
275 18205
230 17197
13 18096
413 407
406 10685
46 32247
202 32362
396 27845
371 31502
286 1578
96 24900
76 8633
428 5951
67 14938
46 27485
324 28294
112 13822
101 20666
14 19862
187 7205
328 257
208 8612
142 3095
368 241
251 14977
381 536
84 11467
79 9002
234 29625
305 11828
194 30175
138 27506
204 21356
75 17345
159 15431
125 26451
67 27741
329 19622
72 16953
366 7095
186 9173
238 22899
260 9647
209 26478
245 10272
331 11223
49 24297
273 30124
228 30479
134 28970
440 20202
449 16520
168 29816
421 3300
485 24055
200 9086
316 4274
53 29476
308 10779
362 32237
354 32538
485 4906
106 17829
97 26010
251 31889
187 20957
197 1447
157 26923
334 9723
386 5190
184 24697
455 25261
174 24257
410 23059
189 23605
366 23055
380 18255
458 26645
209 3385
409 30629
38 17303
225 706
279 9383
443 1702
234 4493
439 14516
249 3816
219 1966
23 28585
245 15656
174 8741
88 21309
303 21353
28 21120
246 23757
15 19509
279 12236
362 17602
381 13330
312 8800
427 19415
219 29718
377 29292
12 9448
215 10515
77 28492
347 9748
98 9437
67 31245
393 7763
150 8074
221 26547
364 10453
328 31939
476 16
199 10689
205 28032
451 25684
2 22572
430 12483
139 29863
352 26469
337 22058
234 28249
241 5605
338 15222
396 1175
340 12933
73 6749
245 13230
115 6343
314 28209
252 4913
479 19287
411 20817
464 1447
38 16396
96 16476
83 25742
73 13079
124 1433
267 15826
40 32541
152 30997
416 29706
315 5740
126 21090
99 9496
181 23954
267 3845
161 13058
452 25084
120 31979
458 14618
337 18281
194 23169
444 11217
471 23885
451 17988
441 27594
31 10628
362 30180
149 17671
3 26590
299 29002
166 14663
126 5736
392 26666
254 8427
206 13446
128 14562
111 12285
54 28468
60 30160
4 21811
494 7947
18 12916
368 18173
137 19679
174 13291
75 30466
113 30726
25 22698
57 7833
3 9653
495 14727
331 14114
178 25333
305 14954
332 1860
423 27411
300 2882
403 2690
128 8865
353 2577
68 27304
439 7009
433 7464
50 6898
454 28594
91 2288
298 29447
98 1104
148 1744
442 31772
136 13711
476 2827
119 3286
144 12629
93 17847
106 24773
72 20859
449 3856
300 7830
278 16997
97 10715
439 19525
244 12269
126 9877
313 4854
367 9970
476 18587
476 31812
483 25647
88 10902
300 4390
246 31013
116 4557
160 1718
278 5689
292 30765
500 32637
162 30044
347 25377
189 26649
201 25295
486 12691
208 11342
314 18918
356 13749
352 32236
441 2520
207 16214
58 14599
21 15100
285 16888
256 10610
112 1793
268 3548
439 9098
378 22275
76 13763
58 5800
75 28818
391 17176
242 2512
371 14080
60 22708
465 25475
335 14479
371 26762
355 954
343 1883
457 15053
461 9070
242 11282
286 17787
473 12090
308 21720
407 18766
454 31490
112 19688
349 25978
284 19106
38 22994
47 26063
318 20487
146 24937
108 1809
223 31051
142 18361
362 23456
127 18859
361 22172
387 28364
418 3690
295 18637
407 20325
382 7425
398 20618
28 23147
65 31277
59 13852
164 1260
79 25020
405 1250
102 4198
225 13597
120 15801
248 5969
107 27435
445 15309
18 18337
143 17839
227 30013
306 32596
43 24951
35 4883
289 25456
73 15403
133 5250
433 1017
98 5916
445 24431
297 16333
378 16577
13 21662
175 29025
236 22181
232 18478
371 2519
264 4073
37 12062
31 12776
364 9388
355 30990
225 24718
273 250
313 31108
419 9599
3 12816
231 1620
3 14797
186 29453
444 6402
125 21322
427 31351
380 24367
280 18311
170 15380
264 19063
145 20861
51 19206
362 27212
323 22853
2 30261
161 15017
22 32627
480 11615
404 10425
111 30175
280 18284
5 27332
150 28175
47 29403
36 31487
6 10618
430 32608
156 7443
372 4695
204 23560
332 25721
204 17345
205 10116
197 17917
110 7757
319 6245
119 26874
307 615
457 24945
195 15681
485 7185
425 6748
319 24735
394 25564
15 12163
121 11125
467 10036
410 31616
2 24049
180 7758
240 946
430 28604
303 24670
33 27911
234 574
159 30434
72 12466
126 31174
272 30498
132 28810
434 23608
5 30003
320 6476
69 21517
338 26144
40 21755
82 11470
116 12043
496 14846
274 23117
105 15708
383 13286
127 11850
336 10336
405 26833
79 22596
278 5854
412 27371
423 14763
48 913
444 26491
157 3243
8 4490
359 19834
134 26180
354 32225
278 9141
391 19572
444 28225
479 2769
417 32661
261 29747
235 16861
95 16964
392 11063
296 1075
218 28008
268 27655
313 19919
421 1587
84 14743
453 3946
81 27184
252 23732
92 11775
175 2498
129 10580
441 24958
425 9117
233 13543
266 13530
36 5148
94 26449
72 7606
379 8579
409 22619
487 27742
483 19089
461 27060
113 17615
374 3820
205 4570
250 30712
35 335
240 26247
434 123
171 16763
36 13683
477 10397
197 20577
436 28815
208 1821
256 6915
17 28413
452 7979
167 10477
64 5744
276 5058
302 8551
164 30923
307 6401
3 26281
81 24578
377 11873
43 26804
200 14000
373 17116
245 6559
500 17901
323 16470
276 11132
112 28981
204 11764
24 1057
1 32651
63 12572
260 11636
402 11545
129 17238
218 2318
204 17150
296 1866
429 17489
28 23305
70 20868
327 1606
206 21391
34 18896
39 8926
50 23456
381 4170
12 22378
197 31305
294 7538
299 16993
263 5025
72 14051
201 31960
430 17621
378 23172
353 1584
387 3187
401 76
25 8934
121 9880
344 5863
92 30094
104 23772
491 14822
496 1373
426 22538
492 24643
298 10187
452 22017
122 14418
389 27448
436 4185
54 8837
143 16027
219 12446
166 20104
97 13981
176 30014
206 30363
482 2741
26 13953
236 9017
466 17691
271 23838
352 21870
338 13999
471 9292
180 103
41 7205
98 16228
334 27424
466 5144
154 16234
23 31042
266 7630
245 28444
59 1671
35 26326
288 23634
79 580
97 16839
30 31700
344 24808
145 19138
290 20731
19 22415
129 3733
476 21679
61 14840
413 3970
45 3998
129 19845
468 20246
56 2506
411 1039
118 9893
312 26035
270 26537
271 16438
431 18386
104 7342
46 4
177 6949
461 20916
57 13036
444 27109
310 19763
219 28759
319 28119
347 5883
257 24187
484 15785
83 4058
249 32277
364 9563
338 13312
244 24295
403 21931
93 21751
118 12433
43 15089
135 24149
445 7092
65 1530
74 17521
344 15698
368 20926
8 7865
125 4837
13 26371
207 14210
205 12210
172 31565
238 6508
73 17460
412 31405
346 26285
357 26298
343 1098
492 8406
157 14477
334 20407
96 2047
295 1339
147 17788
260 28248
37 25041
341 16209
239 22921
282 12336
90 13571
86 7536
222 20168
67 8442
475 21532
23 14163
382 13267
262 17683
300 28518
149 4249
451 582
239 1021
61 21360
254 19270
29 25922
120 8925
158 14221
311 27202
123 4075
145 20222
357 7251
224 9177
31 9194
388 14412
420 14876
182 17465
104 10220
158 15322
335 32648
260 8184
251 3617
224 7773
144 8185
298 5771
162 19134
287 22190
49 12822
393 9424
312 31355
396 26700
440 24137
438 1925
66 6421
4 19927
460 7489
411 28110
308 18381
186 29590
185 1648
228 15283
146 9192
76 16882
460 11918
31 23712
91 11565
18 14329
192 5652
465 9699
458 15466
191 5597
79 10178
190 18738
68 2543
218 6002
235 18202
17 22306
43 17426
218 16051
5 28386
410 20913
166 13737
410 11837
249 24486
82 20157
363 31891
213 5074
416 24116
123 10891
292 20527
115 8920
57 542
353 19009
286 22499
303 7895
412 5179
306 28267
297 4503
311 30207
31 32039
78 5498
25 18487
455 27552
8 17342
4 28224
435 6708
330 21167
423 7077
159 23158
198 4100
472 22600
490 961
462 311
366 17053
118 24103
232 29886
477 29058
385 4606
153 25901
129 8073
294 21691
381 27559
167 2017
490 15318
61 12586
299 8476
56 1260
90 26267
395 15483
259 20070
43 22940
398 4243
307 15933
42 20626
431 27747
174 31933
492 611
174 19503
282 18261
421 20186
453 23494
38 17364
473 25261
341 10738
321 13984
215 16024
454 32584
348 24271
331 15123
292 32408
264 4392
76 10881
104 32672
55 18293
255 14835
424 1240
4 19376
58 13524
257 21362
217 32493
496 27151
207 8412
71 2578
179 12698
87 2924
360 6843
250 1894
317 15357
332 14554
459 27937
446 11427
20 20985
82 22098
395 13507
66 23842
472 23221
108 13615
134 1753
1 22754
333 7963
41 14000
129 10145
335 9988
420 2138
153 32377
483 20698
138 4173
76 28261
58 13587
318 2121
406 10663
169 30321
153 23143
288 1592
169 28320
69 379
470 10311
179 11250
356 27626
257 10944
47 1253
150 2632
4 31193
200 22083
310 1370
218 30735
442 1768
185 20298
326 33
425 14496
155 29236
148 30433
82 12185
287 12887
268 30208
209 598
194 25735
180 13588
264 8751
349 18875
180 18577
451 20669
153 26317
439 9832
328 12484
194 15290
427 11911
184 24950
125 14
119 18807
381 2350
467 12869
46 6597
453 28902
62 26168
254 19703
285 25631
301 25339
177 24382
163 242
363 23224
242 12590
1 4735
64 26466
46 12559
42 1020
389 3420
304 8628
58 1288
278 24933
125 18138
227 10268
441 8556
213 879
232 10787
402 10257
335 20580
73 16035
352 12549
256 29388
102 15874
113 30859
305 3698
34 31692
387 27321
426 11834
71 26878
392 26453
3 11744
94 2756
463 9572
475 10476
456 18482
156 3521
238 16642
5 12764
213 1617
322 16847
333 15448
19 12213
461 29502
61 781
134 5517
382 23240
297 6883
477 21920
62 21226
50 21676
369 23689
386 19505
69 7516
134 5820
339 19810
48 32365
493 27382
163 28822
212 11009
44 3973
135 14701
444 5789
381 24029
392 17580
377 22683
303 16504
491 3025
319 11163
378 17661
243 22417
176 15007
403 20752
425 4660
216 13719
272 616
162 1866
318 25992
67 29437
88 20534
265 15503
375 96
491 17785
243 14451
244 24998
84 23243
281 28294
156 22895
124 24670
156 19963
208 14818
312 19933
131 8709
242 20164
86 3088
450 12118
412 9713
146 14370
181 214
242 10453
304 10235
157 9648
471 6592
178 6457
178 22271
68 24113
211 31900
206 17863
96 7006
89 19979
381 16893
271 7333
416 28028
92 4551
218 21432
151 1888
143 15426
255 4243
81 23402
183 19815
193 25500
159 9920
107 16624
96 1678
128 13052
193 24644
412 14573
323 7564
217 982
310 17208
60 25415
329 25212
30 24610
355 10843
459 31146
79 11616
458 14557
50 12174
362 3588
363 4249
495 11400
475 9815
380 22791
417 7025
451 23975
211 9822
373 6314
407 11410
196 22851
89 9714
230 32424
10 21644
456 3433
480 9349
215 12032
122 18514
125 20393
475 25899
100 20084
66 25533
218 29592
97 14624
473 8458
254 15368
33 29006
173 23103
366 14478
123 16979
367 7145
311 21900
487 13069
459 30240
143 26632
353 1450
164 2395
18 10201
11 16976
118 7525
182 28046
206 19272
130 30187
211 16938
113 14721
304 23069
32 8964
485 13962
4 27987
264 18027
333 17740
424 5307
477 15845
25 32043
250 19064
316 6423
138 13151
139 30904
233 14529
158 31899
265 22443
439 25426
218 25955
371 24425
445 29945
362 18844
441 15134
54 17222
254 25657
379 23837
317 4280
313 5661
21 27556
128 18114
56 3961
359 19578
425 11572
117 2394
121 10669
421 3088
27 9511
81 29721
341 8486
261 26164
255 14465
267 9494
258 7607
158 8799
321 21382
255 7117
203 21434
243 6319
45 6212
234 23453
401 14987
171 7271
284 7431
21 7755
368 21259
186 30315
285 15074
454 5758
276 32286
214 28613
112 27693
102 16960
473 25389
159 27683
50 15105
385 19844
343 26277
348 5206
23 16318
250 1178
322 12406
320 4308
495 12166
404 22204
272 17044
235 21559
241 31424
222 26757
326 8058
10 30140
247 31638
404 13941
462 162
498 7109
400 13431
303 18287
360 7438
45 30295
277 7829
353 28474
109 32706
323 18845
101 2152
439 8451
222 28232
351 2147
184 1065
393 20953
399 24363
51 32412
80 26200
25 27440
369 124
323 3037
371 21558
237 19807
275 20048
471 28127
431 25164
44 25122
442 14655
125 6913
294 17123
425 16153
293 23783
24 11459
306 1161
193 22599
397 18023
276 23116
330 24722
263 17043
222 19173
23 741
479 6549
103 1610
301 28168
325 18556
212 27115
76 411
140 22655
89 14882
134 563
84 23322
189 24184
374 3726
249 6097
377 1086
295 5673
443 28311
73 874
378 19427
203 32331
403 20414
226 28522
158 201
168 13466
37 24226
165 5758
253 9235
148 15447
173 31113
1 4634
25 11208
337 21702
82 15070
86 14580
138 21845
321 24495
323 5037
97 3463
486 2058
34 22497
478 30249
310 15505
219 18328
106 22443
155 4135
36 11157
124 13978
48 12129
110 5536
469 5978
191 10505
414 3037
276 6963
200 17003
346 18117
285 11515
210 160
257 13205
237 15891
360 11292
383 27470
389 1132
93 1562
361 21157
385 20679
451 16325
9 12645
10 125
467 4407
187 20541
60 20580
433 8850
314 8688
43 32433
68 25579
97 14676
40 18408
329 196
358 24497
331 28471
48 25145
70 5981
139 15570
494 16182
61 17568
23 15654
117 7246
151 11083
330 8703
479 25870
476 31112
201 760
431 1756
14 18632
309 27847
14 14786
430 25568
180 18249
27 32185
480 19888
500 10328
215 21326
81 1515
38 15824
78 27831
189 29139
193 9042
217 4275
480 11538
71 18589
112 15045
91 27372
449 5026
177 15538
459 2688
247 13716
420 21318
351 8412
447 19619
158 21705
69 4607
341 29737
222 27057
152 28202
231 25458
12 12398
129 15121
205 16221
139 21353
267 10431
388 23953
228 1162
43 82
295 30712
485 5086
468 28381
133 17854
184 32568
500 14605
442 11016
79 30436
322 29793
264 17173
392 30654
158 10524
204 153
305 21842
325 19513
207 3684
224 28364
197 25348
119 3765
484 24542
9 27175
40 25038
147 23283
309 22608
136 19614
123 3128
153 22711
244 16035
320 32103
404 13357
365 8778
106 100
125 24445
324 9597
191 15097
459 23622
153 20511
284 6236
60 5523
290 7326
294 13646
348 13281
415 10991
330 25062
221 7250
147 8329
69 8292
318 32058
299 26678
110 10929
424 32336
477 23262
494 4167
180 29983
168 30354
43 31926
20 28313
17 15226
266 15119
163 1228
329 7810
4 9421
351 25648
44 20431
88 27421
34 9737
23 26466
152 8078
262 19912
182 29824
84 7573
215 21888
47 31910
12 2154
222 22974
345 15679
143 2334
409 12131
361 3926
335 26377
150 3674
314 12011
119 2264
374 4670
461 28617
476 30437
114 11847
497 10213
187 10142
150 25625
264 23461
130 17703
440 9551
34 4786
335 18301
365 21969
149 15382
168 16576
469 31066
193 16086
406 8563
488 16567
300 20557
40 6347
26 31656
18 31727
31 6508
127 31338
307 60
325 1314
8 13901
192 21264
399 8825
285 15089
96 21391
43 21822
189 20974
412 31327
270 12114
313 28956
2 18669
210 24916
56 28602
296 24305
376 27406
424 8475
276 2416
193 14764
422 13226
125 24804
112 13856
212 10591
482 13409
377 12355
418 31484
404 7614
326 9109
284 2480
369 16183
253 6308
127 31468
17 25861
195 29323
168 2191
354 9682
384 23043
397 17332
74 13087
305 16372
318 21197
266 26355
21 12187
255 25543
37 20075
128 27788
429 29035
281 2303
486 13128
286 10057
269 25247
373 29464
493 12725
420 8948
423 3687
383 12241
141 13924
30 10976
492 23449
355 9643
37 27885
185 24673
414 22319
137 12910
488 21068
227 24911
499 3782
437 22949
122 22369
416 32392
373 31520
92 797
448 4975
120 619
264 31394
44 18794
88 1694
86 1885
414 23510
112 22626
414 27770
361 24136
484 30698
350 23456
173 7793
245 1303
190 23856
46 32003
152 1624
342 11579
407 2461
478 29484
229 8423
309 21033
454 13642
56 8195
394 4152
257 24538
198 11509
190 16178
91 15948
464 26953
227 15489
211 9385
133 3974
463 28409
71 10609
391 2840
470 9518
222 13677
249 15729
243 29304
290 12271
113 11181
42 24782
351 3715
484 21082
56 25032
223 17657
58 17719
239 4961
180 3916
101 7944
102 15703
89 24796
155 10704
333 29237
185 31978
471 8712
88 2922
232 27229
268 6074
35 23043
165 10553
308 18050
408 28118
89 23121
80 23005
120 21321
200 31248
103 1370
138 11258
88 30077
436 12416
41 8425
271 19641
371 17546
458 27904
361 14511
168 32327
424 13571
392 29102
309 4286
483 7764
178 21276
322 30060
264 10255
323 15508
92 3376
170 16995
340 19196
409 16705
149 3645
479 25724
83 13766
332 9112
404 10339
382 26598
185 18192
369 12376
405 20329
185 10131
95 16994
324 24646
199 9016
67 11194
480 8872
446 16043
176 2654
170 6231
323 31920
353 24532
468 23692
366 11174
118 29103
111 26513
358 7448
85 19628
54 12733
223 8119
458 17788
349 10670
40 3668
254 7838
381 8149
212 26296
210 7381
355 32164
456 12645
109 23576
404 26884
312 8104
373 13586
288 25824
403 14215
187 1936
464 9700
358 15719
337 22634
134 16067
348 22922
67 29128
71 2462
427 19376
23 10966
454 23649
110 26997
237 14405
210 13373
448 13398
339 31015
153 10360
239 6744
405 11276
423 12113
45 194
245 26214
274 8110
276 6769
280 7327
483 28871
21 21420
42 4971
344 5391
249 23426
224 17207
98 7
215 5912
385 7360
419 32454
122 9585
180 19010
127 6479
149 6803
159 2743
91 18201
266 20256
11 11551
42 27471
219 7599
489 4042
357 23978
384 14734
96 27672
163 19204
371 700
494 12594
85 1259
171 26926
321 20639
293 31193
499 9672
425 13769
399 6114
387 22919
446 15820
479 23035
398 5080
136 30500
13 17439
381 26381
277 18711
334 11516
78 7783
405 28908
497 29689
254 27453
232 5969
96 14507
473 1822
357 10877
500 25871
495 26366
407 14824
335 28209
348 16341
271 22209
197 9982
407 22327
63 2139
477 28527
161 31434
354 17997
286 32351
302 4012
102 12795
3 3735
284 1824
93 1980
60 26627
126 14365
372 995
416 9225
272 13722
249 21067
174 14450
155 18337
110 7993
408 22128
50 16792
225 5813
429 5024
79 6719
133 7078
217 12572
42 31313
226 21073
89 14577
290 31950
185 21010
400 9376
245 10322
327 105
451 24431
469 19213
339 19364
323 19887
178 27446
107 17884
108 7754
466 31749
348 4345
22 7731
396 2982
179 13046
165 7567
100 14494
231 21923
268 17582
336 32148
58 14222
397 2860
249 22656
118 15332
348 28117
363 3763
489 9569
55 4132
437 24876
384 11435
28 15466
18 32057
93 23726
321 16910
71 25434
461 32719
233 4954
397 29400
239 32530
292 19667
66 21140
318 28809
126 3607
281 8185
130 17573
73 20647
400 13075
330 6711
162 17206
94 29498
216 20308
139 12360
254 14809
474 31055
417 11595
92 10538
493 6272
15 19318
301 15119
424 11425
498 22020
180 12355
213 21720
497 25010
24 672
94 29393
339 8068
385 7464
155 27251
156 6458
258 29461
454 8210
364 18433
428 11040
22 21809
228 26179
441 1714
312 2087
233 928
225 1233
399 5458
258 20088
160 3794
136 6295
166 18576
400 20800
92 1111
91 17587
153 19839
260 7983
453 10597
211 16648
59 11288
41 6394
386 17749
304 30909
279 22966
484 6105
250 31782
263 14524
329 23448
357 9226
133 14585
294 28212
66 31074
340 15180
377 10387
439 29976
260 32669
100 10085
178 17374
262 30365
391 4658
67 25756
302 27240
290 22464
114 3827
375 6207
486 3298
436 14270
352 19
458 5919
431 26531
92 32410
383 7848
147 31759
6 19747
241 31642
165 25904
28 20073
432 128
249 5066
497 12809
194 14472
70 8188
128 120
423 31224
68 20047
139 8061
88 7606
309 2723
41 25505
385 21260
163 18652
299 23831
285 29414
304 2390
217 20227
496 30787
19 5005
463 13870
98 27531
266 25466
318 133
341 11529
161 22166
118 10485
63 11970
417 27521
491 25482
266 26703
413 29630
238 29651
385 12179
290 30983
177 15349
91 14176
82 24606
35 7425
247 20840
300 4400
390 29023
430 17158
427 12827
124 20586
38 5325
470 22848
488 30359
405 21213
149 8097
134 12222
265 18537
272 12154
165 2394
188 27382
395 26785
134 28888
364 31292
297 1598
236 18003
311 24495
123 27084
354 26194
443 9498
99 23901
326 19797
449 31697
234 21392
136 20069
438 22119
118 30143
158 29143
41 5354
18 16723
311 1029
94 18451
10 6968
146 13232
332 10733
173 11502
462 28220
435 10968
195 8358
500 31763
239 26631
341 31340
257 18886
397 7347
146 27215
28 23244
299 12739
230 6147
265 10477
319 1952
318 8825
270 16315
295 1120
380 28242
68 17831
139 25753
223 29769
323 27793
272 22386
167 7388
389 493
186 7888
58 26848
335 6858
311 21175
363 16069
465 12894
219 4907
481 17075
306 4586
499 30267
156 13259
114 3859
215 26624
33 29482
184 10747
97 4270
329 10631
156 26308
494 14609
470 1660
113 30278
161 8196
467 24804
294 28700
204 21449
157 8649
286 5201
294 30798
53 27614
214 21848
325 32696
220 28537
68 23320
361 19671
485 24447
180 22054
414 3916
298 5587
354 26254
88 30594
110 13847
447 7099
121 13522
261 5088
257 15190
424 6755
428 23994
92 6965
363 22443
248 8322
54 32445
270 30619
189 12031
3 8756
185 26066
376 26575
337 32507
310 7032
218 18422
136 27059
488 23949
43 17075
496 1962
98 13516
415 1898
327 19243
337 2930
383 17605
174 16006
409 14221
423 9304
22 29674
312 14493
125 15464
328 1126
158 9646
289 7598
455 12976
454 17711
82 293
39 5755
108 6716
396 32327
89 15242
381 27402
117 11335
228 27591
10 29371
471 12582
39 32243
95 9418
421 6072
445 2783
244 12994
196 25074
168 26920
95 29958
376 16155
225 21476
38 32212
135 9650
229 15051
188 2503
408 24362
294 31422
435 17281
128 26569
403 13243
51 30792
33 28497
5 11675
403 31165
220 22324
383 20274
47 3312
272 20874
339 9127
353 384
284 20482
475 22559
342 27532
434 21626
462 4108
437 4510
283 32019
415 30917
94 31697
189 25548
397 13612
384 17383
443 11796
181 8340
173 24080
335 717
227 5149
20 8322
254 7609
428 23622
257 25659
475 27977
361 29797
218 17286
370 9276
44 31805
350 19223
105 31396
456 16375
10 30938
129 4630
253 9500
390 12227
472 7995
411 28524
9 27213
441 12029
89 9891
50 32105
274 10236
437 645
341 15352
420 6429
272 13520
326 20290
426 3139
12 16609
424 13012
303 154
180 24370
307 718
41 29176
299 16122
238 16790
425 31556
418 25231
291 30292
340 16358
222 25445
386 6098
454 27804
147 12473
438 12184
168 23132
465 26698
315 3920
216 15879
123 19117
346 26331
468 26122
375 5409
188 5032
125 25424
384 18669
184 12824
147 11540
166 11438
43 24612
297 26468
309 11806
29 19580
432 635
454 19262
325 12245
491 32072
173 24549
98 13862
390 16301
58 12578
242 15350
47 20829
26 25085
452 10271
107 14442
63 13676
371 9345
313 5848
438 12188
147 6300
253 16601
69 23784
442 7952
304 3451
105 20232
406 19314
231 8682
93 20829
465 2037
300 31640
183 31604
19 10969
185 6125
364 13573
362 12700
5 22600
216 287
148 25700
143 14195
317 3657
77 3615
146 8679
89 10159
153 1600
174 21604
53 18369
235 3882
458 7378
249 18122
354 6316
388 18273
12 106
25 22545
420 30307
335 24822
235 28600
126 11612
449 10281
409 7727
132 2093
66 24754
251 12609
114 32116
18 9344
97 21377
188 14196
248 21461
462 19244
498 4374
6 31118
128 30594
204 11503
271 16678
147 21985
134 31312
484 13132
325 10824
398 24769
490 29755
153 7946
38 17528
393 2822
97 24031
233 14004
417 23445
257 22669
52 31485
447 1303
1 16868
269 9911
330 21756
204 10182
139 4748
391 744
185 17765
323 11673
275 1048
229 4361
445 4198
441 1322
107 19192
417 519
492 3921
197 31575
344 3072
2 6738
179 27418
100 18883
396 24295
89 18527
412 26332
335 13653
358 24777
348 19238
150 14932
84 15543
324 22182
159 26789
148 31844
69 22232
296 24545
230 13403
254 7570
61 16746
23 14530
244 26061
198 29318
273 24421
265 3316
99 16133
461 20112
404 10115
96 23047
350 782
180 11808
151 8897
357 25071
33 31865
211 29004
214 31460
149 11651
37 5083
229 9805
69 6386
249 7935
25 30285
209 25602
220 21429
455 5251
18 19434
295 13419
148 11835
263 6802
384 32341
94 3887
71 9817
442 11924
147 3889
39 25624
396 4899
30 4436
295 32422
152 13714
201 4981
132 10626
388 16867
91 17199
2 3182
485 30258
450 18838
298 17445
153 14320
234 4443
342 6262
18 12750
273 17185
64 16985
76 27066
93 8744
217 31981
168 8300
110 26527
282 12883
311 5249
500 17719
96 29157
376 278
23 26577
201 3906
122 29778
440 14681
264 25107
347 29816
428 19758
27 11436
295 27202
35 25769
499 17350
437 32191
375 24989
252 15369
345 3818
429 23272
325 12837
182 17839
148 27503
470 18592
13 27938
74 19992
71 17069
499 31750
232 31135
477 17825
96 24833
279 17755
341 21225
457 29456
149 15436
247 2692
284 22292
290 13836
43 19058
319 20875
173 9590
214 22944
458 26589
209 23326
338 3370
474 30397
303 19960
82 19727
437 2958
299 26293
156 6580
206 27858
95 23237
373 17856
56 25094
161 27138
208 4150
167 1402
432 24166
476 14556
36 19211
9 3939
251 7506
76 31939
167 29363
1 30558
175 19145
268 698
106 1377
15 15923
166 1745
446 19437
196 30347
141 9229
34 19441
206 10281
258 7531
500 2812
1 26039
7 24671
312 13185
452 26997
477 30516
315 28965
405 25359
72 19661
245 4475
283 21812
191 26012
312 27585
462 23078
189 24555
285 12914
205 18673
3 16849
345 10187
267 15648
348 25952
458 19100
316 249
393 17400
367 758
361 24237
168 1984
360 11922
359 30462
346 13996
106 15116
440 31815
49 3240
444 20549
74 9967
204 17079
85 30601
247 29866
359 7968
49 15427
194 22038
11 20239
181 2423
380 26260
431 17452
46 4908
489 14450
323 12563
227 32139
129 13246
372 21939
72 15214
99 4182
363 10502
420 23680
398 9241
151 8085
386 18248
289 9282
5 26315
180 13747
44 9549
454 31495
347 19197
405 9985
332 4834
497 20480
434 25198
257 1073
58 8023
59 28163
239 6050
3 7387
71 12289
314 17930
306 19550
262 4604
290 9912
272 18865
3 2094
285 30833
20 6233
99 21948
362 14047
236 2945
441 4933
491 11408
488 30469
321 28496
112 30177
426 181
392 30838
301 877
356 21780
337 3930
327 27341
272 17733
53 29388
408 19153
473 31721
145 17069
351 17530
250 5390
301 26219
147 7261
219 2449
222 2604
189 4155
424 6255
312 29194
123 23273
167 14595
6 17636
220 21731
45 14117
497 14514
93 10783
56 30363
58 18535
451 19963
487 3432
296 24504
113 15448
396 31956
265 17259
124 17218
263 24390
380 31992
167 4790
40 30021
17 18082
177 14437
235 9790
217 29011
420 2946
181 23006
390 4059
405 28927
133 5408
61 27498
190 23239
451 4707
473 29529
437 1235
135 11811
157 3739
150 18735
294 2600
422 32626
225 71
263 18247
387 31291
104 21788
40 14862
200 13931
9 19748
36 6381
114 11542
356 4618
87 25277
293 31379
144 24460
190 12979
482 291
241 25123
364 29474
369 2206
206 25403
381 29333
424 15244
356 26147
107 22315
179 7235
360 25858
370 23105
389 27869
30 16238
71 10945
202 6936
380 13440
285 24249
114 7562
404 111
85 3334
477 25004
138 31265
491 3631
71 678
426 26419
401 4048
357 3814
447 15708
202 10268
101 14049
406 15941
244 32612
418 27036
116 22311
353 930
52 13251
383 32715
493 32374
350 15479
394 3262
395 24611
109 1831
14 5857
409 12897
169 17413
391 20117
106 31778
303 249
436 23349
473 31651
356 2847
180 22427
97 3673
193 21811
100 8931
110 30363
132 20861
249 10416
157 32026
40 28181
295 1682
495 16517
261 22679
400 7271
443 28650
181 27299
441 13262
315 15541
313 12990
406 3840
459 5979
338 1380
226 27048
84 22034
454 28793
75 22175
179 18217
160 24408
185 31628
192 30934
206 18468
201 2002
184 16024
156 27450
35 30305
193 16515
297 5063
235 16962
233 15116
2 29942
228 17383
98 5672
158 16692
63 439
272 12521
73 365
338 26700
384 15061
352 4195
172 12113
433 18092
345 615
339 13839
7 31324
176 15377
356 28420
388 28234
6 6872
305 5145
38 585
75 26774
57 25940
79 14536
47 28503
30 12825
417 6435
482 29958
47 29010
465 16411
169 16091
389 18207
157 12771
462 2700
238 5846
461 17218
119 16311
266 13947
200 6068
13 1538
432 5374
190 20640
218 31959
125 14039
410 11757
371 6099
318 25830
134 6814
113 12092
98 22419
278 75
173 13845
34 7336
100 21121
332 20405
156 96
177 8050
156 15586
216 29334
311 9608
474 23775
372 18208
56 1446
448 22774
325 23734
100 14409
191 4446
488 14332
402 32709
491 6286
135 2174
295 15436
150 1628
140 27589
361 22152
188 15999
243 9936
210 31720
338 32322
335 2191
124 13306
320 13204
48 18488
225 30814
307 21430
165 2187
29 312
152 12845
341 17764
473 30259
187 18644
444 25381
382 14442
171 2069
389 28643
339 5074
234 12975
265 29790
37 26368
441 2722
261 1826
275 18017
316 15626
289 15979
244 23601
340 6419
466 11683
234 22754
446 16978
200 24973
251 16305
435 18725
76 23166
64 18830
355 29663
124 26162
169 3249
57 6646
310 797
435 8558
438 20076
277 13644
85 11548
220 18719
491 31027
92 8762
275 5843
372 23281
497 12559
197 9740
9 14589
338 26229
398 23308
135 28468
366 24216
321 32669
40 9148
208 20424
208 13160
64 16706
198 5555
33 2050
125 25202
403 24479
273 16393
32 8384
355 17537
347 19155
244 27867
216 22018
421 7844
453 24930
253 26570
445 4462
311 28846
131 12981
442 21626
57 29903
474 21429
13 20885
108 5397
21 29842
489 26772
150 14004
431 16581
166 583
453 22121
33 13092
245 10814
384 18214
415 22807
57 29406
295 30257
54 28296
109 24517
161 3901
135 16858
39 106
88 15197
484 12672
344 22899
431 19437
25 23822
306 17740
148 32447
272 25048
351 9419
213 15143
489 16256
298 7957
326 16329
306 23294
413 23553
11 18224
175 5893
393 9887
63 15757
348 11995
202 19900
484 19520
451 31989
50 30316
263 20465
477 10487
453 30990
186 21598
270 28906
179 23359
199 32049
17 28620
247 6579
317 25978
362 30650
104 19193
402 1946
247 24681
141 16521
170 15819
107 6833
459 15797
6 28548
233 74
92 13392
213 6762
408 17171
257 17702
414 9616
4 8567
411 5794
277 25647
316 11729
47 32303
367 26915
44 5339
116 2356
240 24267
469 29577
41 14531
292 3874
112 1766
152 20302
15 13862
334 24772
169 29183
73 11502
293 25189
448 10120
339 1531
399 6762
399 31877
334 25506
172 21920
249 22982
96 14257
146 19081
48 29467
203 18315
498 21941
207 13686
301 21115
409 20806
202 20867
115 8168
48 15411
279 31751
353 6578
383 13859
111 20380
22 31459
43 23290
243 29612
465 5489
298 21874
500 23225
43 20942
320 8785
405 7761
170 24945
444 1561
334 18753
439 14753
372 13640
165 20701
344 24103
88 13191
306 9351
482 23476
6 2128
296 9898
395 8219
168 10229
186 9451
443 12984
217 26135
339 3394
129 14731
201 737
313 15409
391 18427
468 30377
444 25690
269 14912
40 6088
89 18976
289 27868
252 9412
414 28179
95 431
367 12578
21 22366
285 11403
333 32123
123 2927
116 16211
353 29603
47 29322
281 29190
363 26125
208 273
132 15689
262 23983
186 2971
227 7759
479 17415
448 16440
72 20780
309 7965
81 26999
421 2802
376 29592
352 28670
113 3890
183 17712
178 5591
250 13494
24 10291
430 13004
203 7047
101 30418
273 23386
386 2722
20 4971
483 25632
283 13801
237 15635
43 12774
35 7475
470 28170
199 19074
384 23428
314 5088
156 13638
133 10714
461 16242
35 31172
114 6927
41 16135
95 513
228 16059
313 32568
145 24953
415 30503
327 8042
426 5240
36 29348
78 27902
289 17335
390 29419
407 1154
437 1603
146 27980
178 14992
238 4112
454 9432
471 13847
52 17868
413 15308
413 25666
230 24269
488 27621
330 12862
171 9259
178 11618
356 21384
217 2156
263 8930
289 23442
377 21828
192 13412
300 10198
452 5468
115 28173
467 5046
113 15903
26 1921
169 16826
182 503
197 32501
493 32266
423 11655
491 32575
387 27702
204 4799
322 27283
83 26284
263 23269
491 27569
356 16483
433 13533
139 28070
75 2481
253 18269
83 24183
74 8003
291 9942
463 15182
47 13988
181 23849
372 9467
435 24037
483 25999
285 12780
185 3134
397 26934
94 28393
74 32703
11 6531
260 4664
453 18535
344 19196
243 23791
280 6983
403 66
100 5282
83 26733
334 30370
429 29622
467 17618
209 3628
296 30958
431 5507
16 9554
52 12063
142 7089
177 17519
397 27658
29 6524
253 20440
466 12738
222 21898
479 30526
376 24626
385 22472
261 20353
16 19619
183 25587
350 83
251 13127
226 1710
194 16690
298 23350
478 4180
142 6566
464 16235
144 9419
9 1735
208 12181
421 10750
473 23662
239 12768
404 26314
122 685
189 2816
420 8838
67 8280
109 17442
20 6501
486 27074
385 24213
459 13415
202 14086
9 13122
229 13211
101 18284
15 20560
360 28631
415 16330
415 4485
444 5427
15 4087
229 16452
387 18921
243 4003
407 20028
106 11632
327 23860
403 18970
428 2531
82 27000
479 4069
490 1557
402 12622
205 32459
132 12513
74 659
415 15491
139 28315
228 23535
332 21145
379 14250
465 3936
124 19514
136 17328
285 23955
351 31571
160 16082
75 21605
295 16941
205 3828
351 25898
431 15049
318 3344
2 30596
336 26523
274 31471
359 17396
435 20876
409 30688
483 3440
291 9528
165 22356
216 29593
372 5610
92 4700
159 8045
346 5833
99 10620
110 2695
369 27432
186 15959
254 9548
459 13571
263 1309
212 14992
494 5377
439 31675
195 12197
491 12708
147 10569
197 13764
355 9055
165 4644
55 15957
496 25041
336 7599
224 5515
418 29272
143 28861
46 32570
63 21170
73 19468
413 8197
461 31339
29 24665
396 28973
365 25675
393 20978
94 1957
202 27899
68 25556
43 10048
360 1693
40 1724
494 267
423 22796
267 25260
122 10296
213 29949
492 29137
145 19234
238 21564
10 31194
454 9805
384 2995
372 11544
269 1402
443 25603
47 3830
124 2848
450 5078
42 28602
328 28903
439 9006
226 394
163 5116
393 8550
489 15646
394 30298
458 24473
94 5813
94 31313
433 24490
299 29729
437 4094
65 11307
101 31492
399 25709
254 26571
16 14998
462 28822
90 8983
291 30348
161 6780
134 32177
207 253
449 1301
90 21584
474 12108
152 15298
453 20253
455 6790
124 11390
303 7245
288 5569
271 28695
47 4360
41 9544
400 16894
427 24318
466 22473
247 20898
445 5946
211 16061
465 21831
120 25357
256 30140
82 2777
82 16941
337 16513
216 11567
286 18777
194 21960
489 25783
248 24355
153 331
14 28808
469 23727
350 29068
34 16703
330 22149
137 22059
475 4417
126 13771
357 31224
165 15922
484 17534
104 20485
39 21949
253 28558
330 3427
370 31756
253 22488
274 29005
399 7283
33 26495
113 23533
179 17732
8 4886
464 22532
287 13766
228 18055
117 22039
430 4547
301 19409
2 6130
184 28710
299 19944
281 16800
177 8868
298 1111
411 16677
441 12903
496 9343
491 20641
168 12845
494 31617
45 20137
302 16480
395 8250
286 5867
375 29709
44 3796
94 31112
312 1480
202 18395
21 31136
497 25048
99 19163
190 11268
30 844
200 2286
252 29968
448 4031
269 17859
59 4371
488 14835
128 24071
151 21717
66 1427
415 8247
185 31771
281 12470
314 24896
260 14897
404 22524
35 18558
26 9454
458 28763
10 1778
212 3239
410 32245
220 23506
293 29704
249 4498
260 31922
45 12503
43 7819
61 16898
314 23302
374 14673
59 26767
316 8606
197 21206
359 24394
454 30058
101 8052
133 1161
414 18286
483 6199
317 30833
75 28045
12 31631
199 21076
11 10730
413 28370
121 9508
190 25060
487 29718
266 25421
325 22469
244 24654
370 27793
339 18039
389 27568
317 28860
73 8411
143 27339
10 26695
193 32413
85 18647
420 16459
195 32400
305 3108
401 2381
176 11004
110 5044
156 4294
459 18024
32 26982
319 23424
263 26560
235 1593
24 2837
321 743
74 20111
477 25394
338 30490
246 27262
297 29558
145 3755
335 650
55 28927
47 5116
278 25440
217 5886
494 19911
102 11115
28 2033
171 26898
111 31576
201 12626
113 8545
331 16103
475 12759
64 26627
277 5528
43 18080
156 29070
280 15125
6 24033
253 31976
327 7531
353 11748
108 26989
499 9067
168 9600
246 23053
122 4046
260 18265
238 16769
53 32242
123 4988
297 22502
493 15177
336 6972
58 13395
464 19660
82 18774
420 9556
439 21011
353 23751
402 31048
194 16360
439 7903
412 17432
243 10854
321 3436
16 25023
20 6915
265 6169
202 3479
87 18719
371 15441
179 29806
216 3042
220 19789
3 15311
71 4760
72 7692
470 8958
3 27853
50 8557
402 12953
220 15817
332 30880
62 30180
446 12110
481 25259
153 1312
353 26013
232 8119
85 19074
115 27435
57 12633
220 29601
85 21650
446 32032
142 32637
211 19872
75 18691
246 23908
54 26260
412 24970
363 11104
150 25825
230 1994
468 25338
240 7449
353 6530
358 14705
255 974
197 20483
44 13496
285 16768
172 682
84 2259
5 14840
338 8207
25 18803
399 12710
435 7483
88 27101
41 7124
326 31868
235 31100
363 13002
140 21948
150 5560
65 22334
201 2141
22 14814
25 26274
477 771
325 31807
20 20528
183 26598
203 29654
24 16061
74 21613
487 1042
283 16834
275 18763
383 13459
60 2587
205 11353
395 6396
308 8037
212 12249
495 12590
49 30986
409 8938
352 9350
114 12891
254 23892
3 23276
370 13123
373 11516
492 19675
268 12154
314 30099
53 32690
330 23621
122 9062
358 5598
86 16673
428 14426
17 13000
242 8688
256 9842
381 16521
380 16761
129 28023
379 31186
188 12644
160 6553
2 1160
428 8432
484 24352
369 31242
251 11803
402 13187
236 22
15 13555
193 32394
378 8642
131 1860
462 24126
114 31254
303 27370
232 3789
234 2585
214 18274
311 25532
59 21109
264 7033
378 29174
60 3325
131 14886
47 8850
317 15550
423 31220
78 29805
120 19296
450 1160
108 18159
308 8446
443 23586
47 12938
73 8126
272 2860
67 17370
233 16089
139 22070
126 29810
142 14542
193 17139
264 2223
187 28397
271 26378
33 7222
187 22663
256 18398
86 11995
65 7782
318 12445
31 557
351 29525
310 22059
307 7127
84 24801
335 30927
138 23440
432 11164
6 426
409 21346
422 13446
91 28250
500 1879
435 25965
335 18271
310 30210
328 21600
463 28180
74 23892
500 28295
27 21853
242 10172
240 13567
423 17507
203 23437
272 30352
487 9441
300 23313
119 1872
182 9984
199 19934
242 21396
43 17069
367 15420
225 23996
315 25327
57 19406
256 20157
19 24999
161 14507
369 20350
212 31421
62 10416
258 30036
10 5042
224 24250
195 13897
233 12540
139 12797
267 10744
3 17611
471 4534
399 25114
347 15100
303 22512
195 29212
377 21606
355 19985
220 24409
70 6090
225 7267
72 15302
368 26889
331 31201
237 11062
216 18286
347 25577
189 6021
165 23082
34 32158
387 29250
72 24159
60 1323
143 8883
305 19526
499 8476
168 13644
282 12618
266 12935
49 7660
41 23362
41 26822
202 28798
79 5380
319 6630
410 27598
304 28421
232 28444
27 8375
60 28364
361 22237
6 29682
131 5717
419 30319
404 17194
254 4293
143 4871
151 9769
249 1010
451 11994
444 11062
313 7858
323 28833
44 6650
85 2544
168 27779
203 19080
245 30450
489 7015
162 1628
72 12121
82 18963
487 18287
229 23487
170 7085
41 3504
478 15363
462 29554
481 32127
71 22690
85 18368
309 6657
385 22190
34 5319
239 17512
235 8250
292 28542
26 17790
172 4449
39 10671
117 6423
475 24109
11 7731
85 2871
21 5
305 10428
302 1294
134 14701
193 3766
117 15383
33 13634
370 18224
57 24576
41 688
347 11716
157 29730
52 16792
383 20730
220 18352
223 19241
454 18076
399 3055
97 4289
376 20720
420 27146
432 24459
375 13787
148 16999
363 16711
11 1358
85 32130
168 25407
329 16025
17 6846
401 21088
459 23663
295 940
467 2019
218 24003
42 10930
57 17425
81 30154
85 12829
460 7430
478 14267
249 21763
307 1410
271 25391
381 7552
323 29730
469 31789
457 11314
493 19870
20 9793
497 763
452 21722
174 23603
360 31101
174 14830
475 9782
369 19396
493 32116
60 28332
174 9241
72 20407
447 6606
230 9982
426 27545
72 7896
27 29873
190 15185
239 8593
1 21976
223 26955
472 312
172 28959
10 27082
182 3660
471 1512
398 6694
306 10916
425 19561
70 22714
117 4045
488 21956
354 1242
368 26029
77 9982
44 14440
324 18397
193 24546
75 21736
375 25141
373 6961
359 15390
42 32125
187 26545
23 20635
34 15179
362 20981
200 13513
328 27749
492 1271
188 16202
309 28491
10 7130
174 20948
324 27834
177 26989
128 15308
325 9782
482 19016
322 9285
367 28430
482 7320
2 12090
406 25166
438 17657
142 16407
140 2204
273 18922
22 28651
370 30454
264 6076
132 6106
166 3012
125 32024
407 16556
360 25031
348 29799
429 28297
260 26820
340 26813
366 11327
482 25078
8 25885
415 31659
295 21176
323 4912
122 30999
423 27108
99 10945
171 7597
84 25811
114 1441
483 12625
13 18182
64 954
171 13949
458 17375
100 22906
216 31476
453 7159
461 22248
227 3690
403 30706
472 16372
236 15469
422 2267
57 32485
201 22842
446 31346
452 24567
227 18756
339 7670
254 12672
399 14732
428 13387
105 9783
312 4899
364 29836
421 16246
237 24176
116 26733
496 25483
414 6921
176 2554
184 10354
355 5956
335 18060
19 21904
452 7882
441 14613
425 16199
328 31185
69 8723
436 30078
38 16074
147 28098
136 23148
127 30374
92 2408
398 10569
458 6138
218 28374
23 19639
125 30643
219 14695
136 13051
30 3602
314 23087
379 8798
427 25896
426 10520
330 31312
422 16912
404 12050
34 24106
158 11407
34 10674
121 3219
500 28912
71 711
108 13052
249 9768
111 22228
27 28343
355 13996
283 15218
67 30085
222 29828
496 21249
35 7609
33 29046
289 27956
103 16961
263 14948
256 3165
10 22836
372 16692
431 13698
313 5044
362 17107
231 1446
494 5189
491 24379
458 12485
342 17640
79 30593
156 24436
91 10400
249 19024
466 26161
358 15398
98 16738
460 7604
188 10227
395 731
24 17898
477 14835
210 12167
269 25954
179 26490
334 21357
22 5460
283 2126
100 60
21 11910
204 8675
186 24948
459 26042
212 1575
142 26722
125 9841
150 19299
221 572
429 28962
54 19233
29 13581
314 15927
394 29721
338 4137
355 31086
126 24460
2 9056
129 8559
220 21666
430 15411
307 1462
83 17565
182 2728
249 4393
4 24828
273 6049
120 6629
281 18671
152 13496
326 24368
402 32159
468 21001
308 17554
154 25918
15 131
80 1408
44 13017
430 26503
496 7968
47 7521
442 11007
202 5642
104 31338
164 15164
300 7192
26 8584
251 23096
344 32422
153 864
309 23050
442 16326
321 11191
304 18098
101 23896
10 2099
295 24973
337 7954
394 21891
297 7940
354 24775
302 4899
66 18268
151 16543
49 25099
227 433
187 28922
374 19665
474 31872
226 15401
113 14392
338 10569
331 7252
399 12572
175 10548
322 13339
135 2360
401 9920
315 1234
390 17982
3 31967
32 1391
387 24375
150 17934
322 18818
497 12838
489 20046
102 18890
425 4191
229 30983
223 10310
272 18967
219 2102
499 2007
488 21010
187 25724
55 21450
461 30849
125 7656
384 11747
273 26726
463 27537
369 14787
460 5406
272 1110
279 12986
26 11745
475 21856
15 13673
382 2897
113 27461
304 30912
247 28534
294 26831
126 27190
118 27322
199 13011
318 20306
401 22718
468 6830
265 17119
389 15901
347 22828
31 11870
358 27770
423 10772
263 20627
199 17524
322 23688
394 2113
461 17737
438 18170
169 1650
378 26706
46 19816
28 19936
223 6821
215 7960
494 3408
239 4474
281 3345
382 265
16 17955
141 27903
177 11179
283 11455
478 29768
430 28939
410 17643
313 25975
111 32233
470 1565
126 24142
68 32147
123 29045
405 7962
206 31445
102 20760
107 21534
62 31689
374 29061
63 20529
338 91
150 31573
310 21477
446 6570
412 5224
364 32462
150 25731
149 9590
399 28865
371 23464
255 7535
317 32554
237 18091
165 24122
204 18110
459 4223
11 13996
392 23616
222 7433
184 31700
78 32525
84 22361
400 2027
474 1705
333 14943
414 12170
244 24710
413 5157
192 11763
428 26042
83 18431
83 12177
248 10336
182 28212
425 3582
56 9947
48 28674
403 4904
407 10031
215 13588
481 16757
314 26410
147 13251
59 15603
299 24094
293 18353
160 5616
399 4943
374 10914
90 28569
92 6252
478 22953
306 23916
168 6561
132 9462
128 26784
408 15660
123 13038
370 2766
383 19066
3 28499
173 7559
206 21816
222 17826
31 22168
382 727
357 12797
218 30500
185 374
429 13870
461 26601
124 32051
293 10411
92 10048
281 23886
328 12708
450 15802
20 25764
226 11903
26 29808
134 2410
63 11862
286 21591
395 1590
488 23109
236 6198
212 23216
468 29366
324 17179
14 15495
370 9964
192 2903
174 27004
254 32368
114 20079
133 29091
447 25665
408 23678
102 32034
19 12742
403 10756
378 21281
397 27634
8 27922
305 4003
114 20266
95 26447
193 5245
483 22209
31 12372
464 26030
452 13089
243 19525
431 23480
494 11783
216 18619
395 30425
379 24150
186 3671
16 13357
13 21868
421 8083
107 8735
368 11773
228 11696
242 9142
296 10468
315 21204
373 27293
110 24170
41 27821
235 15871
470 2796
35 5439
449 14473
80 13297
108 8093
170 21033
219 24326
141 23743
341 23154
52 26111
324 20666
101 3746
234 11378
430 31486
19 17086
176 10361
451 29798
110 14147
214 25901
211 31813
256 15711
96 28500
134 10666
56 18859
298 3374
93 26776
158 6615
152 18549
300 17131
147 11226
133 15839
490 17169
467 1391
371 26570
203 4846
471 16656
439 16858
170 25468
56 4531
240 16809
120 14861
1 231
101 17637
318 1588
57 9009
217 20328
13 28602
19 27823
428 21550
287 11836
70 17521
74 23100
180 1077
369 32521
314 10954
14 13729
137 6455
148 26710
422 5769
412 29127
336 1643
368 10254
490 28151
257 10299
357 15052
134 30210
394 97
125 17328
351 8089
405 30307
198 3223
247 14971
496 9939
141 15436
12 22381
294 22805
246 27074
295 23606
49 21054
249 7325
18 22385
388 3714
416 20836
311 7508
65 29485
226 25075
430 21185
425 2335
382 8970
93 32305
227 21561
479 11784
474 3678
199 30279
108 14901
427 5310
24 3139
29 11045
339 17954
174 11024
317 8730
284 15903
122 7409
460 32373
297 4611
120 4972
84 23957
105 1671
252 31078
284 25769
278 18311
378 32644
262 32621
40 25427
27 28997
176 21708
76 4999
266 27472
117 3790
314 7014
284 15335
306 17767
329 18471
390 7291
89 29698
454 31171
99 8154
240 28632
433 6933
375 12917
40 26994
99 9840
424 29341
97 11759
383 20481
101 1240
468 11485
471 16777
300 27802
443 19914
108 2908
189 27647
272 27863
339 7331
47 3428
220 30705
331 18771
109 20452
223 11907
437 11874
388 3121
59 948
248 13582
206 6458
333 10132
492 7261
441 4249
96 21956
192 23589
88 24779
430 18561
304 30513
315 12176
494 9488
145 31330
486 30995
457 29447
42 1251
336 26785
73 16866
191 22973
153 11804
264 6372
128 13691
183 8044
483 15162
450 660
54 22427
337 16081
164 7645
404 19810
376 32360
377 14378
222 6476
24 8127
402 5353
30 26559
89 19695
370 32099
437 28042
266 27734
444 20182
249 13767
404 9369
167 7613
109 22065
298 25258
10 4811
400 4932
465 30166
345 30352
458 20408
202 14911
158 26303
290 23358
143 17498
84 31881
206 25225
89 8256
288 19858
471 30460
247 3574
166 14691
30 28323
135 16378
449 29547
482 19771
80 5045
256 15848
298 3442
136 5022
406 25683
13 3501
431 24889
5 17447
111 9710
145 31031
40 10514
125 5300
78 11864
420 32246
244 3826
324 18409
274 26185
399 25439
70 30450
333 19371
86 23517
126 24939
93 22992
310 26533
13 25876
11 22294
145 12143
370 31686
267 21074
26 4320
268 26962
141 20161
82 12508
35 8015
386 32037
348 27788
314 7521
350 15723
325 32565
395 5346
442 9838
19 18240
33 19699
177 14785
212 16120
378 16479
62 18293
447 3564
286 16599
229 27230
313 7669
462 9066
459 32581
345 27476
75 10320
232 6661
242 26979
348 1118
298 20872
331 24012
35 15540
334 22556
53 4674
138 30097
132 18336
240 16692
237 31561
265 24940
393 15347
467 14542
214 20489
69 2358
332 4443
339 19735
418 12565
194 15119
90 30701
177 10175
23 22177
312 14809
140 23201
256 9338
464 23304
127 23483
420 29137
197 30595
200 5448
431 14495
333 26046
27 25620
226 897
177 26803
202 268
424 751
370 17786
223 21228
300 29505
125 6360
119 10012
496 2942
419 9033
246 32024
107 15093
457 16997
101 4597
108 4092
442 1206
265 16864
235 19575
446 16724
115 13237
363 31985
102 28391
392 9973
482 28012
362 11742
204 14018
219 9016
400 10232
296 1203
264 9574
475 7032
138 5275
188 26045
253 12951
347 16023
362 6715
302 14352
44 3837
296 23418
184 24544
31 17411
357 30372
182 18313
395 26425
175 8623
418 4986
411 21808
470 14104
325 14195
324 28628
355 23136
407 5618
158 18547
88 30954
238 18190
443 21600
350 4884
199 4438
329 19379
260 10145
134 32641
162 13209
200 4043
285 5141
28 24105
19 9367
467 30806
58 26563
358 13887
435 13846
45 32346
165 17620
480 9273
18 6466
120 5471
50 15382
221 18514
334 16684
214 8690
480 30586
230 17672
379 21830
266 34
350 29846
143 19871
92 13289
205 6662
307 20260
160 17564
141 1231
334 3637
442 7041
101 27210
272 23449
362 26188
339 20783
442 6968
484 27211
68 23916
368 17748
296 7865
465 17355
206 14009
213 13625
370 1378
98 11877
287 9180
197 24779
445 6032
285 1610
371 15234
302 13597
184 21472
78 12300
350 32731
316 1763
145 32181
264 6948
125 29979
383 23801
206 15286
187 21612
151 18429
496 19162
237 17997
452 10405
237 1083
125 23338
93 9769
481 22259
283 23319
54 2605
98 700
438 21340
305 31189
364 20557
41 190
409 6476
63 28735
110 15512
42 12456
55 3604
349 10016
219 7999
44 3386
444 29542
199 26313
258 17433
108 2550
403 27099
447 28047
362 15645
58 12706
72 878
86 5707
158 15596
466 21706
180 26110
254 3800
313 325
261 18492
493 32207
127 7833
27 19854
438 13194
79 16393
213 31984
467 30034
486 28555
416 32056
176 14280
379 30397
396 29914
348 17355
233 10764
291 9506
13 23126
386 21141
22 558
278 25462
128 25504
121 6991
197 22689
88 28370
131 8097
184 21779
289 22111
170 14581
329 5889
83 7906
188 27492
157 21184
343 2737
388 12832
268 5425
316 26296
299 16994
459 9491
419 13642
57 17287
347 27403
161 15720
6 30648
279 30331
239 1383
181 21165
257 18823
267 30213
411 25716
462 16600
409 24393
330 23612
114 15350
219 27326
93 19346
21 12632
262 16114
296 19613
334 9594
270 17975
481 20019
406 7827
199 16158
364 7899
117 14024
346 1829
186 27679
331 27882
318 132
34 23993
329 22561
18 6700
350 19581
343 32028
246 27981
399 25361
152 17294
257 9724
7 19152
10 297
478 5333
46 29039
34 19290
250 26026
161 1077
308 21355
430 7072
470 1005
97 2261
258 11595
373 24795
5 11249
463 31647
239 28752
64 28486
455 29911
481 21954
271 20510
50 4259
102 14180
245 32560
412 1339
165 23223
118 6274
103 11553
271 8084
43 5577
281 9151
134 20623
360 26872
450 13096
500 30156
267 5304
465 22426
257 21410
256 30464
213 28062
456 4243
425 24077
126 9683
474 13962
344 31326
476 9666
307 29027
197 24709
364 24410
442 8477
368 9202
214 12510
344 8267
107 12286
4 23910
486 4007
282 30426
66 29259
241 7624
132 26168
410 18448
125 11884
15 24517
265 3498
195 1759
439 18381
101 17200
16 19805
360 9882
16 17760
222 18302
331 26994
7 7543
372 26648
333 5705
40 16722
173 30484
65 20847
225 24014
225 32293
104 30447
109 14817
125 15214
213 20828
432 19181
25 14191
369 13873
292 17192
483 19924
288 5149
156 18750
11 4352
73 22993
337 13428
340 32356
45 7199
44 10995
208 3585
258 6292
315 26628
21 20909
137 11732
63 20069
226 10480
262 13656
453 20226
51 5263
132 25196
18 9903
175 291
190 30832
470 5568
472 593
225 24276
166 2699
488 124
20 25411
284 21558
306 22787
299 27379
203 25963
436 30062
246 31268
35 1723
187 30742
441 25891
417 9947
55 23855
77 16499
75 19203
137 25913
368 19949
358 3093
95 23102
151 17140
458 7513
367 21365
500 26633
321 8165
164 4888
498 19566
227 4637
286 2187
204 10389
326 3263
334 30005
45 8327
205 18303
170 15501
321 29588
110 7454
260 6217
319 22750
33 2940
11 20411
276 24745
333 1567
283 15800
216 16490
294 29209
382 29343
275 1043
416 22621
261 10329
395 18706
446 22495
207 7275
239 30699
88 13071
191 18543
138 30604
438 3222
117 27537
291 8605
445 5471
84 30692
412 24954
329 8773
400 19620
144 28580
404 27147
115 17095
425 6594
310 7272
249 878
219 2953
372 10562
263 30728
205 10029
90 31603
363 29265
110 15389
89 11448
392 32370
227 24898
468 24711
74 15330
399 29686
65 4618
129 10728
73 20324
92 17779
42 6851
405 18471
495 18265
21 3299
216 26154
185 1261
321 3008
253 19266
286 7713
431 555
285 16126
66 12049
47 9773
201 2194
335 90
214 27349
60 9721
102 26138
117 15998
243 7061
366 9169
467 23676
20 6652
163 16223
48 12071
308 8120
153 22471
313 15299
179 6930
73 25743
84 25526
150 29781
493 18634
366 32522
172 25349
452 28976
29 558
163 4337
333 22227
266 5486
143 25662
116 18517
297 20133
458 26033
121 22945
337 11783
300 10977
391 24222
227 9504
287 1054
264 28500
469 23389
79 31785
250 13429
378 9645
171 3098
245 12621
254 20266
74 20480
92 31878
152 28354
398 6433
271 27460
161 10838
68 226
235 10879
233 469
40 11203
202 12458
290 7471
273 19954
145 26120
491 11836
94 19296
309 27712
424 21480
174 2909
471 7685
485 7750
40 23590
141 17912
426 27476
190 7407
380 14347
12 25241
386 25928
179 31499
152 27107
297 5875
124 6175
96 6093
364 17280
437 1114
48 30940
165 8526
73 31925
458 585
82 966
217 9993
322 23004
435 30942
490 27367
420 15454
49 25169
3 19289
377 21646
499 11024
479 9973
350 21153
470 10702
308 13766
499 6316
418 26559
9 29949
128 27277
204 28383
287 32353
27 20533
360 1364
422 7674
301 20312
428 25558
124 25199
301 24047
405 4891
352 29954
146 277
219 16562
275 19521
90 1056
244 5602
217 22715
6 8715
304 31578
98 11606
254 28552
234 19159
129 27934
273 24147
23 19480
445 1710
354 25249
147 3235
292 2416
363 10680
182 14935
121 15216
53 32025
147 14018
138 5757
471 28618
486 11680
235 2495
449 23439
220 8997
496 22805
240 4675
484 16082
15 17880
10 2957
175 7690
292 25804
319 20895
29 17825
385 13167
155 4038
319 27673
188 13036
88 31734
363 24145
311 6475
305 28817
372 16067
27 6590
189 32284
289 25522
323 27424
436 5284
365 13015
424 8186
481 13051
297 6494
450 9644
159 24084
465 13669
427 26763
291 3375
156 562
46 14612
310 18316
383 27351
10 12935
3 30434
406 7946
328 7552
178 32205
351 29772
316 10605
444 1002
359 4544
122 28148
242 12646
479 12087
491 416
390 21024
474 24677
7 9585
248 7347
66 19256
111 7460
440 13314
160 21697
263 23116
6 31258
349 21050
177 13463
470 396
451 13321
129 5069
106 26244
311 32461
470 16497
282 11090
435 19167
218 5643
466 27674
9 31941
201 7807
104 27617
477 2446
216 16390
428 12609
274 28691
278 12188
495 13144
63 11398
143 22533
330 2007
92 24034
272 27058
13 10561
468 11541
275 25138
25 22702
384 21493
380 6641
334 24757
124 30311
114 23923
492 10057
374 27200
52 21325
336 6831
94 6848
360 650
82 10709
128 31428
155 17725
17 12975
285 1271
461 24943
412 12650
495 11183
206 30385
298 4498
136 25142
226 30956
456 24194
427 10163
115 8531
248 17072
385 16367
395 9338
113 23993
449 8357
96 10498
316 1847
116 6689
227 31835
237 10438
378 30810
102 27531
319 966
320 21964
108 1017
324 1977
382 11198
398 25769
461 25677
274 25522
321 17021
234 20086
85 23605
44 25151
25 4643
317 1871
133 8625
326 4721
120 4917
419 17620
155 22632
197 32281
431 12058
460 21675
364 7204
76 2127
390 4765
135 764
219 6993
328 23532
427 4206
367 4339
125 16769
21 27152
139 5025
385 15170
231 29162
23 30876
262 8750
179 20636
258 20966
273 16569
344 28527
200 22587
60 9075
145 7503
435 32421
306 18523
68 12209
246 18831
314 21874
82 19645
86 16742
365 12138
249 15968
252 7461
420 12157
429 17943
178 7001
488 25564
66 30595
250 145
254 18478
446 13358
67 26665
338 19478
358 3345
35 4333
390 23493
367 7850
267 8474
374 749
246 720
186 5522
322 15557
256 16262
50 15977
408 9177
432 15474
332 24341
42 2769
443 20687
487 21220
463 9083
400 31213
486 1669
159 19395
365 20125
215 15815
198 28754
242 24090
151 2274
480 17165
230 26960
144 3801
362 22456
68 23441
256 31456
384 9044
15 9231
455 30919
185 27426
274 9154
45 20700
233 30282
464 23422
143 28096
53 24983
139 29783
104 30494
144 22220
171 12478
74 16977
46 12657
7 24266
229 13904
89 22843
312 5290
464 29313
91 24147
18 26177
493 8254
429 15903
234 28494
469 25904
498 14186
382 4017
48 208
109 19193
363 8107
278 18860
111 487
380 16434
419 3908
316 25959
142 20393
179 27540
140 19388
43 1439
395 23471
492 19582
157 22620
315 6385
483 25237
107 9585
334 13493
358 3171
361 12923
66 30354
479 11033
156 3548
267 391
444 2092
305 12061
399 24232
467 21601
389 1323
404 19486
403 13813
391 29878
320 9633
131 9144
179 13144
337 30645
1 26949
399 31824
42 24904
460 21653
161 25071
164 24460
411 18338
470 2829
424 3613
107 18645
306 3620
312 23002
158 17265
471 25564
372 12018
293 1341
393 10545
8 23314
39 14612
147 11642
29 17094
10 13871
232 8949
193 13658
249 2622
447 18604
491 11493
323 14506
148 6858
381 12360
379 21400
213 4794
304 27456
68 25479
215 21158
448 29919
370 6297
106 20526
18 14089
315 3313
368 16500
378 2505
128 418
319 15309
169 27538
201 2085
302 22964
7 23509
180 2137
266 30166
106 20327
142 5995
390 30033
333 3762
125 11846
444 20345
172 7081
439 3668
351 24514
196 4588
222 6579
83 11930
286 23981
249 8245
359 32099
255 13864
484 13503
437 1479
150 3796
113 5859
216 5909
116 16027
406 10948
243 7286
105 32429
11 28079
427 11539
456 10960
211 24555
170 9090
491 27464
273 3236
160 27671
469 13466
62 16140
149 20968
156 25564
296 8191
166 8365
148 15958
34 31178
247 1469
255 20892
327 18415
193 17622
467 11622
385 5871
135 9587
379 17109
338 7309
193 992
254 27882
45 27396
144 15692
436 21580
125 16926
17 20611
316 5311
336 22324
249 5406
83 21718
31 2439
468 26944
165 28860
425 27235
269 14920
429 32567
218 22800
487 26358
246 25643
87 16521
155 14835
440 26175
59 22876
380 12741
317 25989
7 15443
378 1933
486 28451
36 8872
282 30759
218 3698
308 30459
212 19331
90 30233
84 26179
41 1100
65 31743
189 615
11 5693
220 31030
475 20557
287 2997
489 31521
373 22912
463 13151
473 25995
299 7603
491 21779
148 15722
466 6868
137 6461
176 25213
191 8810
389 20577
368 4618
76 26991
407 12446
20 14180
270 15339
382 32063
438 24328
224 4085
290 28853
222 10087
286 27630
158 15249
9 22208
421 16900
217 2908
400 24470
255 5994
484 25176
146 9631
270 6088
59 9618
385 21320
265 9675
29 14543
162 5149
132 8159
431 22583
19 8887
233 31861
324 11721
104 22780
317 9070
490 29957
172 26585
35 4729
140 26953
352 6079
142 30851
365 19409
353 1408
352 6294
243 5219
431 18284
101 32430
304 27651
89 21684
391 29042
242 29522
324 32132
183 8666
195 7763
168 19536
376 30233
265 11737
130 22850
164 32624
151 4806
389 32475
444 17077
460 25053
379 2836
271 2478
394 32487
9 2728
430 1935
414 23619
324 13398
160 17731
483 10313
485 22576
30 6726
434 5127
83 6997
63 32047
176 5947
424 17070
40 17229
279 17309
242 28547
459 2265
146 28109
453 1788
132 938
161 15500
221 6646
423 114
387 7939
102 5293
100 20204
377 20807
410 22054
252 31624
69 600
142 7531
142 30061
400 29006
3 3815
436 13805
443 32630
219 32401
335 15049
15 21381
28 15268
114 14026
315 20019
295 24843
475 21662
14 19155
138 14813
273 22014
78 1742
412 11118
229 19844
119 8447
355 24290
117 15292
228 32361
121 8787
93 2127
148 5062
267 15825
132 13924
473 11210
208 21240
149 24451
175 20544
79 24013
310 672
445 4173
181 9240
14 7448
145 2164
268 23680
453 25026
35 24877
157 10505
228 18031
94 32568
358 14546
374 6749
400 27891
3 4887
288 30867
112 9806
234 16874
351 16161
143 31037
21 23840
180 20659
306 10940
349 26213
292 22523
59 5300
271 3441
358 7391
254 2923
115 24533
264 18797
321 6471
372 10719
340 20738
13 5635
243 30332
310 5674
454 23212
133 14888
112 31775
211 26117
387 22857
72 22261
280 15641
127 29834
480 14800
51 16937
411 17938
151 1211
204 12349
171 28836
393 23547
472 29689
441 32275
471 28909
442 19077
340 31885
196 18645
329 30126
208 17063
472 2083
77 140
380 28723
332 18716
441 4682
425 22085
181 15086
449 13538
7 6901
486 17039
9 21493
237 15804
308 10493
471 7169
421 10114
38 6833
42 23708
449 15794
351 27251
139 12428
5 4595
299 15807
18 1224
115 20570
418 4998
63 13257
26 3111
241 1519
15 23739
319 3957
422 20059
479 30305
57 27743
33 32490
416 27601
229 20106
148 10017
283 25942
280 537
104 16779
179 18964
71 24937
185 26219
204 5956
97 27953
312 25560
450 28704
50 19165
241 5586
228 21979
182 21301
244 14656
339 22841
296 20400
181 2763
475 24476
496 3847
143 24342
1 21417
496 10723
158 5061
183 24018
318 14009
315 20813
53 7007
326 22574
110 9095
475 19156
316 5028
382 885
58 6853
65 17845
82 5831
301 17528
379 26825
225 14837
73 28129
91 17933
386 28685
150 1754
227 9069
83 8074
12 943
150 8558
92 9674
85 2894
99 20975
253 21248
385 31164
500 11576
307 24244
345 1954
456 31980
392 26926
169 3590
208 11436
193 14435
452 18840
88 16021
418 7991
378 17171
342 30179
343 29745
267 10914
124 13391
117 14590
429 4688
358 5905
421 9806
370 6112
269 9867
489 18410
388 18603
240 30720
390 17185
398 27222
160 744
480 21979
