100
57811
92901
46956
22892
27759
49452
89850
4215
71371
8100
5203
53743
8323
80350
18083
49439
48258
97933
65191
52913
5446
75972
32238
82514
61983
68731
94296
77044
23151
11498
96666
76870
88074
29356
16632
50174
63192
12125
71753
50831
99886
14012
35319
41394
96856
96777
74043
67905
8594
23879
24100
98551
72553
94747
73329
38129
99134
59210
43154
37327
61186
51102
91242
32499
64059
15970
46799
11488
29373
53601
26952
92955
50226
86506
50606
62445
75250
34126
97579
90271
14923
52032
82173
76733
33753
59123
33363
84147
43022
35391
92462
53618
45323
77885
58497
26635
18148
82757
23473
100000
