9 9 3
 0 0 0 0 0 0 0 0 0
 0 0 0 0 0 0 0 0 0
 0 0 0 0 0 0 0 0 0
 0 0 0 0 0 0 0 0 0
 1 1 0 0 0 1 0 0 1
 0 0 0 0 0 0 0 0 0
 0 0 0 0 0 0 0 0 1
 0 0 1 0 0 0 0 0 0
 0 0 0 0 0 0 0 0 0
4 7 5 2
1 4 3 4
3 7 5 0
9 9 3
 0 0 0 0 0 0 0 1 0
 0 0 0 0 0 0 0 0 0
 0 0 0 0 0 0 0 0 0
 0 0 0 0 0 0 1 0 0
 0 0 1 0 0 0 0 0 0
 0 0 0 0 0 1 0 0 0
 0 0 0 0 0 0 0 0 0
 0 1 0 0 0 0 0 0 0
 0 0 0 1 0 0 0 0 0
7 6 1 2
2 8 8 1
6 1 6 4
9 9 3
 0 0 0 0 1 0 0 0 0
 0 0 0 1 0 0 0 0 0
 0 0 0 1 0 0 0 0 0
 0 0 0 0 0 1 0 0 0
 0 0 0 0 0 1 0 0 0
 0 0 1 0 0 0 1 0 1
 0 0 0 0 0 0 0 0 1
 1 0 0 0 0 1 1 0 0
 0 1 1 0 1 0 0 0 0
4 1 3 6
4 7 2 1
2 4 7 1
9 9 3
 1 0 0 0 0 0 0 0 0
 0 0 0 0 0 0 0 0 0
 0 0 0 0 0 0 0 0 0
 0 0 0 1 0 0 0 0 1
 0 0 1 0 0 0 0 0 0
 0 0 0 0 0 1 0 0 0
 1 0 0 1 0 0 0 0 0
 1 0 0 0 1 0 0 1 0
 1 0 0 0 0 1 0 0 0
6 4 7 5
1 3 5 2
0 7 8 7
9 9 3
 0 1 0 0 1 0 0 0 0
 0 0 0 0 1 1 0 0 0
 0 0 0 0 1 0 0 1 0
 0 0 0 0 0 0 0 1 0
 0 0 0 0 0 1 0 0 0
 0 0 0 1 0 0 0 0 0
 0 1 0 0 1 0 0 0 1
 0 0 0 0 1 0 0 0 0
 0 0 0 0 0 0 0 0 0
6 0 3 1
1 3 2 6
0 0 4 3
9 9 3
 1 1 0 0 0 0 0 0 0
 0 0 0 0 0 0 0 0 0
 0 0 0 0 0 0 0 0 0
 0 1 0 0 0 1 0 0 0
 0 0 0 0 0 0 0 0 0
 1 0 0 0 0 0 1 0 1
 0 0 1 0 1 0 0 0 0
 0 0 0 0 1 0 0 0 0
 0 0 0 0 0 0 0 0 0
4 2 6 3
0 5 7 2
5 7 8 8
9 9 3
 0 0 0 0 0 0 0 0 0
 0 0 0 0 1 0 0 0 1
 0 0 0 0 0 0 0 1 0
 0 0 0 1 0 0 0 0 1
 1 0 0 0 0 0 0 0 0
 0 0 0 0 0 0 0 0 0
 0 0 0 1 0 0 0 0 0
 0 0 0 0 0 0 1 0 0
 0 0 0 0 0 0 1 0 0
5 4 8 0
7 5 5 3
3 5 0 0
9 9 3
 0 0 0 0 0 1 0 1 1
 0 0 0 0 0 0 1 0 0
 0 0 0 0 1 0 0 0 0
 0 1 0 0 0 0 0 0 0
 0 0 0 1 0 0 0 0 0
 0 0 0 0 0 0 0 0 0
 0 0 0 0 0 1 0 0 0
 0 0 0 0 0 0 0 0 0
 0 0 0 0 0 0 0 0 0
2 8 6 4
5 2 7 0
4 5 6 7
9 9 3
 0 0 0 0 0 0 0 0 1
 0 0 0 0 0 0 0 0 1
 0 0 1 1 0 0 0 0 0
 0 0 0 0 0 0 0 0 0
 0 0 0 0 0 0 0 0 0
 1 0 0 0 0 0 0 0 1
 0 0 0 0 0 0 0 0 0
 0 0 0 0 0 0 0 0 1
 0 0 0 0 0 0 0 0 0
6 2 6 0
8 2 6 7
1 2 8 4
9 9 3
 1 0 0 0 0 1 0 0 0
 0 0 0 0 0 0 0 0 0
 1 0 0 0 0 0 0 0 0
 0 0 0 0 0 0 0 0 0
 0 0 0 0 0 0 0 0 0
 0 0 0 0 0 0 0 0 0
 0 0 0 0 1 0 0 0 0
 0 0 0 1 0 0 0 0 0
 0 1 0 0 0 0 0 0 0
3 1 4 6
4 1 2 7
2 6 3 6
9 9 3
 0 0 0 0 0 0 0 0 0
 0 0 0 0 0 0 0 0 0
 0 1 0 0 1 0 0 0 0
 0 0 0 0 1 0 0 0 0
 0 0 0 0 0 0 0 0 0
 0 0 0 1 0 0 0 1 0
 0 0 0 0 0 0 0 0 0
 0 0 0 0 0 0 0 0 0
 0 0 0 0 0 0 0 0 0
4 4 6 5
7 3 1 4
0 1 7 7
9 9 3
 1 0 0 0 0 0 1 0 0
 0 0 0 0 1 0 0 0 0
 0 0 0 0 0 0 0 0 0
 0 0 0 1 0 0 1 0 0
 0 0 0 0 0 0 1 0 0
 0 0 0 0 0 0 0 0 0
 0 0 0 0 0 0 0 0 0
 0 0 0 0 0 0 0 0 0
 0 0 0 0 1 0 0 0 0
4 4 2 0
1 8 6 8
5 8 0 7
9 9 3
 0 0 0 0 0 0 0 0 1
 0 0 1 0 0 0 0 0 0
 0 0 0 0 0 0 0 0 0
 1 0 0 0 0 0 0 0 0
 0 0 0 0 0 1 0 0 0
 0 0 0 0 1 0 0 0 0
 0 0 0 0 0 1 0 0 0
 0 1 0 0 0 1 0 0 1
 0 0 0 0 0 0 0 0 0
7 6 6 6
1 6 4 7
0 5 2 3
9 9 3
 0 0 0 1 0 1 0 1 0
 0 0 0 1 1 0 0 0 0
 0 0 1 0 1 0 0 0 0
 0 0 0 0 0 0 0 1 0
 0 0 0 0 0 0 0 1 0
 0 0 0 0 0 0 0 0 0
 1 0 0 0 0 0 0 0 0
 0 0 0 0 1 0 0 0 0
 0 0 0 0 0 0 0 0 0
1 6 0 4
6 1 0 2
7 5 5 7
9 9 3
 0 1 0 0 0 0 0 0 0
 0 0 0 0 0 0 1 0 0
 0 0 1 0 0 0 0 0 0
 0 0 0 0 0 0 0 0 0
 0 0 0 0 0 0 0 1 0
 0 0 0 0 0 0 0 0 0
 1 0 0 0 0 0 0 0 0
 0 0 0 0 0 0 0 0 0
 0 0 0 0 0 0 0 0 0
0 4 4 0
1 2 8 8
6 7 6 6
0 0 0
