9 9 10
 0 0 0 0 0 0 0 0 0
 0 0 0 0 0 0 0 1 0
 0 0 0 0 0 0 0 0 0
 0 0 0 0 0 0 0 0 0
 0 0 0 0 0 0 0 0 0
 0 0 0 0 0 0 0 0 0
 0 0 0 0 0 0 0 0 0
 0 0 0 0 0 0 0 0 0
 0 0 0 0 0 0 0 0 0
4 6 2 4
7 4 8 5
3 0 6 3
2 3 7 8
6 6 8 8
7 0 8 1
0 3 2 5
3 1 8 6
0 1 0 1
3 7 0 4
9 9 10
 0 0 0 0 0 0 0 0 0
 0 0 0 0 0 0 0 0 0
 0 0 0 0 0 0 0 0 0
 0 0 0 0 0 0 0 0 0
 0 0 0 0 0 0 0 0 0
 0 0 0 0 0 0 0 0 0
 0 0 0 0 0 0 0 0 0
 0 0 0 0 0 0 0 0 0
 0 0 0 0 0 0 0 0 0
8 7 1 0
4 1 3 0
2 2 0 0
3 3 8 8
2 5 5 8
2 8 1 7
0 7 1 8
1 6 0 5
2 4 0 2
3 5 6 8
9 9 10
 0 0 0 0 0 0 0 0 0
 0 0 0 0 0 0 0 0 0
 0 0 0 0 0 0 0 0 0
 0 0 0 1 0 0 0 0 0
 0 0 1 0 0 0 0 0 0
 0 0 0 0 0 0 0 0 0
 0 0 0 0 0 0 0 0 0
 0 0 0 0 0 0 0 0 0
 0 0 0 0 0 0 0 0 0
6 4 8 6
5 6 2 3
5 0 8 3
6 3 3 0
5 4 2 1
3 5 0 2
1 0 1 0
5 7 6 8
8 2 7 1
8 7 6 5
9 9 10
 0 0 0 0 0 0 0 0 0
 0 0 0 0 0 0 0 0 0
 0 0 0 0 0 0 0 0 0
 0 0 0 0 0 0 0 0 0
 0 0 0 0 0 0 0 0 0
 0 0 0 0 0 0 0 0 0
 0 0 0 0 0 0 0 0 0
 0 0 0 0 0 0 0 0 0
 0 0 0 0 0 0 0 0 0
7 4 8 5
5 4 4 3
8 6 2 0
5 2 3 0
3 3 0 0
1 7 2 8
5 0 8 3
2 6 4 8
6 6 8 8
1 8 0 7
9 9 10
 0 0 0 0 0 0 0 0 0
 0 0 0 0 0 0 0 0 0
 0 0 0 0 0 0 0 0 0
 0 0 0 0 0 0 0 0 0
 0 0 0 0 0 0 0 0 0
 0 0 0 0 0 0 0 0 0
 0 0 0 0 0 0 0 0 0
 0 0 0 0 0 0 0 0 0
 0 0 0 0 0 0 0 0 0
5 5 0 0
3 4 4 5
3 0 4 1
3 7 4 8
8 3 5 0
0 4 2 6
2 7 3 8
3 1 5 3
2 4 3 5
2 1 8 7
9 9 10
 0 0 0 0 0 0 0 0 0
 0 0 0 0 0 0 0 0 0
 0 0 0 0 0 0 0 0 0
 0 0 0 0 0 0 0 0 0
 0 0 0 0 0 0 0 0 0
 0 0 0 0 0 0 0 0 0
 0 0 0 0 0 0 0 0 0
 0 0 0 0 0 0 0 0 0
 0 0 0 0 0 0 0 0 0
2 2 8 8
7 6 5 4
4 6 6 8
8 7 8 7
4 7 0 3
0 0 1 1
0 2 3 5
8 5 3 0
7 8 0 1
8 3 5 0
9 9 10
 0 0 0 0 0 0 0 0 0
 0 0 0 0 0 0 0 0 0
 0 0 0 0 0 0 0 0 0
 0 0 0 0 0 0 0 0 0
 0 0 0 0 0 0 0 0 0
 0 0 0 0 0 0 0 0 0
 0 0 0 0 0 0 0 0 0
 0 0 0 0 0 0 0 0 0
 0 0 0 0 0 0 0 0 0
4 0 6 2
3 3 0 0
1 4 5 8
3 0 5 2
0 1 7 8
3 8 0 5
0 7 1 8
8 6 6 4
4 8 0 4
7 7 4 4
9 9 10
 0 0 0 0 0 0 0 0 0
 0 0 0 0 0 0 0 0 0
 0 0 0 0 0 0 0 0 0
 0 0 0 0 0 0 0 0 0
 0 0 0 0 0 0 0 0 0
 0 0 0 0 0 0 0 0 0
 0 0 0 0 0 0 0 0 0
 0 0 0 0 0 0 0 0 0
 1 0 0 0 0 0 0 0 0
1 8 0 7
3 8 0 5
3 7 4 8
6 6 5 5
6 1 5 0
6 7 5 6
2 0 5 3
1 3 0 2
2 4 5 7
2 2 4 4
9 9 10
 0 0 0 0 0 0 0 0 0
 0 0 0 1 0 0 0 0 0
 0 0 0 0 0 0 0 0 0
 0 0 0 0 0 0 0 0 0
 0 0 0 0 0 0 0 0 0
 0 0 0 0 0 0 0 0 0
 0 0 0 0 0 0 0 0 0
 0 0 0 0 0 0 0 0 0
 0 0 0 0 0 0 0 0 0
7 0 8 1
7 2 8 3
8 4 4 0
0 6 2 8
4 1 5 2
2 5 3 6
0 2 0 2
7 4 6 3
3 4 0 1
3 8 2 7
9 9 10
 0 0 0 0 0 0 0 0 0
 0 0 0 0 0 0 0 0 0
 0 0 0 0 0 0 0 0 0
 0 0 0 0 0 0 0 0 0
 0 0 0 0 0 0 0 0 0
 0 0 0 0 0 0 0 0 0
 0 0 0 0 0 0 0 0 0
 0 0 0 0 0 0 0 0 0
 0 0 0 0 0 0 0 0 0
2 0 8 6
0 8 0 8
8 2 6 0
0 7 1 8
5 8 4 7
8 1 8 1
0 4 2 6
2 3 6 7
3 0 4 1
3 7 4 8
9 9 10
 0 0 0 0 0 0 0 0 0
 0 0 0 0 0 0 0 0 0
 0 0 0 1 0 0 0 0 0
 0 0 0 0 0 0 0 0 0
 0 0 0 0 0 0 0 0 0
 0 0 0 0 0 0 0 0 0
 0 0 0 0 0 0 0 0 0
 0 0 0 0 0 0 0 0 0
 0 0 0 0 0 0 0 0 0
7 1 6 0
8 3 5 0
7 4 8 5
2 4 6 8
0 1 1 2
1 7 0 6
8 1 7 0
2 5 0 3
0 0 2 2
1 6 3 8
9 9 10
 0 0 0 0 0 0 0 0 0
 0 0 0 0 0 0 0 0 0
 0 0 0 0 0 0 0 0 0
 0 0 0 0 0 0 0 0 0
 0 0 0 0 0 0 0 0 0
 0 0 0 0 0 0 0 0 0
 0 0 0 0 0 0 0 0 0
 0 0 0 0 0 0 0 0 0
 0 0 0 0 0 0 0 0 0
2 2 1 1
5 3 8 6
7 8 5 6
7 4 3 0
3 1 4 2
1 0 4 3
7 6 8 7
7 1 8 2
3 6 0 3
5 8 4 7
9 9 10
 0 0 0 0 0 0 0 0 0
 0 0 0 0 0 0 0 0 0
 0 0 0 0 0 0 0 0 0
 0 0 0 0 0 0 0 0 0
 0 0 0 0 0 0 0 0 0
 0 0 0 0 0 0 0 0 0
 0 0 0 0 0 0 0 0 0
 0 0 0 0 0 0 0 1 0
 0 0 0 0 0 0 0 0 0
8 0 8 0
2 0 7 5
4 1 8 5
6 6 0 0
7 8 0 1
3 0 3 0
0 5 3 8
5 4 8 7
7 1 8 2
7 0 8 1
9 9 10
 0 0 0 0 0 0 0 0 0
 0 0 0 0 0 0 0 0 0
 0 0 0 0 0 0 0 0 0
 0 0 0 0 0 0 0 0 0
 0 0 0 0 0 0 0 0 0
 0 0 0 0 0 1 0 0 0
 0 0 0 0 0 0 0 0 0
 0 0 0 0 0 0 0 0 0
 0 0 0 0 0 0 0 0 0
1 6 3 8
3 0 5 2
3 2 8 7
7 1 8 2
0 6 2 8
2 4 0 2
1 1 2 2
7 5 2 0
0 4 4 8
0 0 0 0
9 9 10
 0 0 0 0 0 0 0 0 0
 0 0 0 0 0 0 0 0 0
 0 0 0 0 0 0 0 0 0
 0 0 0 0 0 0 0 0 0
 0 0 0 0 0 0 0 1 0
 0 0 0 0 0 0 0 0 0
 0 0 0 1 0 0 0 0 0
 0 0 0 0 0 0 0 0 0
 0 0 0 0 0 0 0 0 0
2 8 0 6
3 1 8 6
2 2 8 8
6 5 5 4
5 6 6 7
3 2 4 3
5 2 3 0
8 0 8 0
5 7 6 8
2 5 0 3
9 9 4
 0 0 0 0 0 0 0 0 0
 0 0 0 0 0 0 0 0 0
 0 0 0 0 0 0 0 0 0
 0 0 0 0 0 0 0 0 0
 0 0 0 0 0 0 0 0 0
 0 0 0 0 0 0 0 0 0
 0 0 0 0 0 0 0 0 0
 0 0 0 0 0 0 0 1 0
 0 0 0 0 0 0 0 0 0
1 6 0 5
0 8 0 8
3 8 2 7
3 7 0 4
9 9 4
 0 0 0 0 0 0 0 0 0
 0 0 0 0 0 0 0 0 0
 0 0 0 0 0 0 0 0 0
 0 0 0 0 0 0 0 0 0
 0 0 0 0 0 0 0 0 0
 0 0 0 0 0 0 0 0 0
 0 0 0 0 0 0 0 0 0
 0 0 0 0 0 0 0 0 0
 0 0 0 0 0 0 0 0 0
3 8 2 7
3 6 2 5
2 4 0 2
6 1 5 0
9 9 4
 0 0 0 0 0 0 0 0 0
 0 0 0 0 0 0 0 0 0
 0 0 0 0 0 0 0 0 0
 0 0 0 0 0 0 0 0 0
 0 0 0 0 1 0 0 0 0
 0 0 0 1 0 0 0 0 0
 0 0 0 0 0 0 0 0 0
 0 0 0 0 0 0 0 0 0
 0 0 0 0 0 0 0 0 0
1 8 0 7
0 6 2 8
8 7 5 4
6 3 5 2
9 9 4
 0 0 0 0 0 0 0 0 0
 0 0 0 0 0 0 0 0 0
 0 0 0 0 0 0 0 0 0
 0 0 0 0 0 0 0 0 0
 0 0 0 0 0 0 0 0 0
 0 0 0 0 0 0 0 0 0
 0 0 0 0 0 0 0 0 0
 0 0 0 0 0 0 0 0 0
 0 0 0 0 0 0 0 0 0
8 5 5 2
2 6 0 4
7 3 8 4
1 8 0 7
9 9 4
 0 0 0 0 0 0 0 0 0
 0 0 0 0 0 0 0 0 0
 0 0 0 0 0 0 0 0 0
 0 0 0 0 0 0 0 0 0
 0 0 0 0 0 0 0 0 0
 0 0 0 0 0 0 0 0 0
 0 0 0 0 0 0 0 0 0
 1 0 0 0 0 0 0 0 0
 0 0 0 0 0 0 0 0 0
8 3 5 0
1 0 6 5
4 8 0 4
6 6 3 3
9 9 4
 0 0 0 0 0 0 0 0 0
 0 0 0 1 0 0 0 0 0
 0 0 0 0 0 0 0 0 0
 0 0 0 0 0 0 0 0 0
 0 0 0 0 0 0 0 0 0
 0 0 0 0 0 0 0 0 0
 0 0 0 0 0 0 0 0 0
 0 0 0 0 0 0 0 0 0
 0 0 1 0 0 0 0 0 0
5 2 8 5
0 1 5 6
2 2 5 5
5 1 8 4
9 9 4
 0 0 0 0 0 0 0 0 0
 0 0 0 0 0 0 0 0 0
 0 0 0 1 0 0 0 0 0
 0 0 0 0 0 0 0 0 0
 0 0 1 0 0 0 0 0 0
 0 0 0 0 0 0 0 0 0
 0 0 0 0 0 0 0 0 0
 0 0 0 0 0 0 0 0 0
 0 0 0 0 0 0 0 0 0
7 6 8 7
1 3 4 6
3 1 2 0
3 0 6 3
9 9 4
 0 0 0 0 0 0 0 0 0
 0 0 0 0 0 0 0 0 0
 0 0 0 0 0 0 0 0 0
 0 0 0 0 1 0 0 0 0
 0 0 0 0 0 0 0 0 0
 0 0 0 0 0 0 0 0 0
 0 0 0 0 0 0 0 0 0
 0 0 0 0 0 0 0 0 0
 0 0 0 0 0 0 0 0 0
5 0 8 3
1 0 2 1
0 8 0 8
4 1 8 5
0 0 0
