10
141 3 2
0.3615 0.7064 0.2011 0.5702 0.9405 0.8808 0.6487 0.0965 0.4762 0.3416 0.9539 0.6769 0.5698 0.0548 0.4852 0.3220 0.7373 0.0417 0.5147 0.7810 0.1385 0.8345 0.2614 0.7182 0.6908 0.8647 0.1764 0.9459 0.9507 0.3134 0.1016 0.9320 0.9780 0.0556 0.2709 0.6973 0.4175 0.3557 0.5903 0.1273 0.3968 0.0120 0.7211 0.5382 0.9615 0.1375 0.6997 0.7143 0.1600 0.0197 0.1087 0.1694 0.1169 0.4603 0.4032 0.4676 0.5633 0.3136 0.6633 0.8238 0.5951 0.1767 0.9103 0.7345 0.8275 0.6334 0.1482 0.9231 0.2038 0.1518 0.4402 0.6482 0.3740 0.8263 0.3927 0.7847 0.8371 0.0614 0.8285 0.4963 0.0391 0.7749 0.1028 0.9272 0.1086 0.8960 0.8438 0.1359 0.9982 0.5431 0.6599 0.0424 0.9899 0.0243 0.7841 0.7984 0.1399 0.2930 0.8152 0.5684 0.4325 0.2413 0.5477 0.7061 0.9157 0.3562 0.7953 0.2030 0.5500 0.9270 0.1135 0.1434 0.9797 0.8639 0.2638 0.1256 0.6121 0.4651 0.7074 0.7870 0.4109 0.1898 0.5865 0.0541 0.0444 0.9463 0.9310 0.9777 0.0664 0.4003 0.2703 0.0085 0.5203 0.7466 0.3649 0.4877 0.8982 0.6861 0.4961 0.1872 0.2898 
150 1 1
0.9555 0.1848 0.2699 0.4440 0.4088 0.0888 0.7738 0.2834 0.4152 0.5087 0.1570 0.9185 0.2285 0.0769 0.2790 0.0957 0.4032 0.8326 0.9771 0.5029 0.6140 0.6637 0.1697 0.7021 0.6724 0.1351 0.2497 0.1862 0.0823 0.0810 0.5271 0.0802 0.8617 0.5945 0.5395 0.8925 0.8404 0.1148 0.3720 0.6276 0.8228 0.7132 0.9968 0.4732 0.2947 0.5302 0.9645 0.2215 0.4209 0.4263 0.3094 0.5361 0.6966 0.4153 0.8954 0.6452 0.2342 0.3643 0.1048 0.4269 0.1308 0.0445 0.0987 0.9552 0.5150 0.7386 0.0615 0.2594 0.5315 0.2115 0.2099 0.5151 0.5371 0.2525 0.4714 0.8874 0.0024 0.0170 0.6731 0.2878 0.7588 0.6361 0.4882 0.4766 0.0346 0.7451 0.0242 0.6883 0.9482 0.1640 0.2973 0.2965 0.3039 0.7462 0.7131 0.7598 0.3772 0.4979 0.9063 0.2171 0.1137 0.4740 0.8214 0.6103 0.2129 0.6408 0.9638 0.9373 0.6712 0.8460 0.4694 0.7491 0.4246 0.0457 0.0925 0.4711 0.4542 0.5467 0.4182 0.5129 0.6531 0.9426 0.8039 0.6841 0.6479 0.9314 0.5711 0.4334 0.8316 0.5417 0.9910 0.9397 0.0549 0.8710 0.3957 0.9944 0.3205 0.6274 0.0444 0.9010 0.1798 0.7520 0.9676 0.2001 0.1771 0.5805 0.2715 0.2739 0.7882 0.1405 
111 1 1
0.7906 0.7890 0.8097 0.0452 0.0482 0.2528 0.7790 0.4593 0.2219 0.8672 0.2083 0.8295 0.5215 0.6714 0.7175 0.0811 0.1975 0.3010 0.6641 0.9672 0.3437 0.4368 0.9284 0.1436 0.4012 0.0853 0.9702 0.1527 0.1677 0.4059 0.1210 0.8934 0.8639 0.7106 0.2245 0.2144 0.1425 0.7170 0.5685 0.2102 0.5083 0.6567 0.1359 0.7483 0.4183 0.4894 0.2463 0.3608 0.8480 0.2324 0.7199 0.6493 0.1038 0.2490 0.4671 0.3729 0.1806 0.3350 0.1470 0.2238 0.4195 0.2346 0.1143 0.8847 0.5537 0.9378 0.5343 0.0516 0.1335 0.1954 0.8199 0.9558 0.0530 0.1161 0.6132 0.5758 0.1513 0.3462 0.2934 0.3945 0.1406 0.0780 0.3395 0.7845 0.3883 0.0489 0.7658 0.8353 0.8270 0.8385 0.2752 0.9607 0.8375 0.2452 0.8617 0.5023 0.2099 0.8569 0.9523 0.1183 0.0907 0.8517 0.6909 0.4885 0.0203 0.5721 0.1381 0.1895 0.4607 0.2875 0.9875 
188 1 1
0.8490 0.8319 0.7036 0.9660 0.4670 0.8697 0.0367 0.3250 0.1569 0.6057 0.5133 0.0878 0.3383 0.6400 0.8009 0.5947 0.1934 0.1537 0.9573 0.6753 0.0322 0.7994 0.6392 0.7093 0.5403 0.7499 0.5131 0.7381 0.8736 0.3761 0.8656 0.1085 0.9051 0.6398 0.7062 0.1261 0.9061 0.5657 0.7422 0.5410 0.8193 0.2376 0.1359 0.6852 0.4887 0.3890 0.7005 0.1894 0.1331 0.2859 0.2737 0.2051 0.9403 0.9714 0.5448 0.0591 0.1505 0.4244 0.0727 0.9485 0.4663 0.9541 0.1519 0.6460 0.0487 0.7870 0.6499 0.0342 0.1108 0.1053 0.3874 0.2497 0.7264 0.1125 0.2680 0.6155 0.6737 0.6567 0.0711 0.9727 0.1484 0.0968 0.2835 0.9122 0.3747 0.5616 0.9903 0.0641 0.1839 0.9402 0.5007 0.2715 0.5258 0.7167 0.9591 0.4619 0.7697 0.4116 0.9387 0.0211 0.0789 0.5921 0.2047 0.5729 0.5677 0.1522 0.6224 0.5595 0.9471 0.3774 0.8639 0.1873 0.9475 0.0049 0.1040 0.0927 0.0942 0.7727 0.6343 0.6311 0.1864 0.0310 0.8615 0.4392 0.6757 0.7827 0.5792 0.6694 0.2710 0.9355 0.8501 0.6258 0.2241 0.6036 0.3856 0.4789 0.1929 0.0085 0.0619 0.0237 0.0552 0.3013 0.9886 0.6464 0.5695 0.7117 0.8969 0.5932 0.4442 0.7283 0.7541 0.9602 0.2057 0.2672 0.8166 0.2856 0.7854 0.9159 0.8165 0.6753 0.4280 0.3400 0.8121 0.8309 0.9293 0.5335 0.9102 0.8469 0.9536 0.3405 0.6000 0.8936 0.4376 0.6530 0.1435 0.0738 0.6612 0.2018 0.8031 0.9150 0.5688 0.9211 0.0324 0.1629 0.8972 0.5021 0.1780 0.1945 
200 3 2
0.5210 0.5529 0.8898 0.8498 0.1037 0.2704 0.5261 0.9936 0.5736 0.5322 0.6430 0.2940 0.8803 0.0557 0.0255 0.8156 0.3816 0.0945 0.4670 0.8378 0.9383 0.4757 0.3178 0.2171 0.0915 0.5233 0.3194 0.0782 0.4814 0.7203 0.3878 0.7480 0.0946 0.7362 0.8564 0.4149 0.1846 0.7399 0.0943 0.6398 0.4665 0.2188 0.9710 0.9047 0.7977 0.1818 0.7631 0.1738 0.0514 0.1783 0.6115 0.0599 0.5400 0.1417 0.5304 0.5680 0.3386 0.1252 0.6921 0.3530 0.0110 0.0249 0.0323 0.3337 0.6425 0.1227 0.0708 0.8329 0.4693 0.7990 0.9491 0.0879 0.6272 0.8052 0.1093 0.3426 0.8384 0.8866 0.0252 0.1761 0.7530 0.1701 0.4699 0.0614 0.0817 0.7896 0.8160 0.3038 0.2376 0.0749 0.0468 0.9883 0.4743 0.8660 0.9086 0.8727 0.9808 0.4651 0.6479 0.0265 0.9028 0.6023 0.8935 0.3657 0.6209 0.2435 0.1267 0.8397 0.7444 0.6572 0.1697 0.8451 0.3433 0.7645 0.4367 0.6489 0.9215 0.7818 0.6294 0.7083 0.0330 0.5224 0.0937 0.7377 0.4939 0.1298 0.0054 0.0049 0.1135 0.2940 0.2616 0.0686 0.8090 0.9970 0.7579 0.1835 0.2007 0.7112 0.4806 0.7774 0.1894 0.3971 0.4757 0.6093 0.6969 0.1576 0.1893 0.8849 0.7961 0.8974 0.7942 0.0239 0.8161 0.7782 0.9321 0.8876 0.9655 0.5665 0.6159 0.7770 0.2324 0.4710 0.1460 0.4588 0.6145 0.5231 0.9119 0.5929 0.1370 0.5460 0.8059 0.2407 0.1203 0.2556 0.1438 0.2388 0.4285 0.6003 0.9653 0.4295 0.8215 0.7139 0.6083 0.0056 0.0359 0.3780 0.1146 0.2154 0.4398 0.1717 0.1249 0.1296 0.8228 0.4656 0.7125 0.0173 0.8479 0.6899 0.7524 0.8808 
179 1 1
0.0824 0.1393 0.7984 0.0199 0.7391 0.6174 0.2272 0.7323 0.8163 0.2158 0.3960 0.4618 0.7492 0.1592 0.0182 0.2014 0.7551 0.2939 0.0810 0.5624 0.1330 0.5574 0.2484 0.3144 0.9913 0.1402 0.4233 0.7685 0.2933 0.4806 0.0064 0.5385 0.8583 0.6745 0.2839 0.1475 0.0747 0.2538 0.9515 0.5706 0.1761 0.7467 0.3540 0.2192 0.4802 0.1165 0.6202 0.4180 0.3080 0.0070 0.6758 0.4328 0.9226 0.1264 0.9511 0.2062 0.2246 0.9488 0.3416 0.3708 0.4180 0.0255 0.8572 0.0144 0.2744 0.2561 0.6635 0.9390 0.5515 0.1745 0.0168 0.5676 0.6196 0.8371 0.2440 0.1137 0.0421 0.1319 0.2657 0.1670 0.9319 0.1606 0.7538 0.8858 0.4216 0.1310 0.2064 0.3079 0.7121 0.1093 0.0328 0.1677 0.5248 0.4787 0.6960 0.3225 0.0810 0.5172 0.8577 0.7281 0.4343 0.8512 0.9985 0.8171 0.3014 0.7358 0.0326 0.5762 0.9609 0.3408 0.5385 0.4113 0.4520 0.4390 0.8055 0.7157 0.7893 0.1896 0.9788 0.7169 0.5980 0.5602 0.5011 0.1364 0.6720 0.2076 0.1338 0.3434 0.2846 0.1928 0.2035 0.0465 0.2234 0.4958 0.2495 0.5259 0.8030 0.7942 0.0382 0.9593 0.2744 0.3428 0.6295 0.2260 0.3969 0.6284 0.5672 0.6385 0.1438 0.6612 0.2865 0.3667 0.6243 0.3421 0.7199 0.4521 0.7065 0.3204 0.9420 0.9647 0.9359 0.1207 0.0072 0.0710 0.2078 0.3378 0.7307 0.6310 0.5796 0.7424 0.8895 0.2606 0.3619 0.0310 0.0608 0.5873 0.1690 0.8942 0.9153 
155 1 1
0.3091 0.7508 0.6829 0.3216 0.3556 0.2111 0.1577 0.6657 0.1168 0.1864 0.2356 0.5173 0.2679 0.9001 0.4645 0.0705 0.4572 0.3525 0.6835 0.8599 0.0137 0.8463 0.0087 0.2098 0.1329 0.4136 0.4912 0.2274 0.4186 0.6820 0.5042 0.0466 0.1744 0.6457 0.8162 0.7443 0.7674 0.1553 0.6198 0.8328 0.2626 0.1864 0.5349 0.1485 0.4010 0.0003 0.0298 0.2987 0.0520 0.7472 0.8703 0.0815 0.7021 0.8335 0.0651 0.4239 0.4769 0.8006 0.3426 0.1689 0.6156 0.5656 0.1353 0.2757 0.8943 0.5585 0.9399 0.6814 0.0071 0.6712 0.1988 0.5989 0.5908 0.8077 0.7821 0.1592 0.7914 0.3132 0.4518 0.1970 0.1925 0.1546 0.2161 0.1684 0.7675 0.7077 0.6168 0.2356 0.0554 0.9566 0.1936 0.4675 0.0139 0.0685 0.0039 0.2716 0.8116 0.1086 0.2907 0.5833 0.5434 0.3435 0.2367 0.7579 0.0911 0.0708 0.3522 0.7965 0.5166 0.4249 0.0669 0.8513 0.0577 0.3685 0.9478 0.7070 0.8865 0.5998 0.5377 0.1180 0.4382 0.5438 0.7710 0.1451 0.2610 0.9614 0.2348 0.2669 0.3239 0.9228 0.3615 0.0026 0.3666 0.6783 0.5869 0.0153 0.8078 0.1093 0.4938 0.4098 0.6234 0.5670 0.4475 0.0880 0.7108 0.1245 0.4416 0.2160 0.2579 0.1148 0.3846 0.1144 0.9735 0.6137 0.1217 
166 1 2
0.1238 0.2350 0.6071 0.1868 0.4128 0.3179 0.0543 0.2739 0.6151 0.3699 0.3927 0.0631 0.0527 0.4514 0.2987 0.1687 0.4008 0.0273 0.8224 0.7829 0.2247 0.2104 0.4969 0.9501 0.3321 0.6266 0.7873 0.6715 0.8906 0.3428 0.0150 0.1595 0.5431 0.0604 0.9972 0.8176 0.4083 0.0100 0.2594 0.4795 0.9222 0.2849 0.5523 0.3555 0.3018 0.4753 0.9751 0.0281 0.7995 0.1476 0.2882 0.3693 0.1445 0.8606 0.6349 0.0005 0.2369 0.6258 0.1663 0.0586 0.4251 0.9717 0.1105 0.6137 0.5358 0.9212 0.0554 0.5676 0.1853 0.2155 0.9449 0.2892 0.1740 0.4109 0.3241 0.2462 0.1106 0.8621 0.5013 0.4174 0.4747 0.4972 0.1647 0.3636 0.1989 0.9923 0.6727 0.3597 0.1918 0.5480 0.8991 0.6765 0.9468 0.1968 0.9557 0.7554 0.5511 0.1829 0.2273 0.0257 0.9023 0.0668 0.8729 0.0658 0.4429 0.4157 0.8002 0.7251 0.7758 0.3706 0.4193 0.7011 0.0464 0.3122 0.0096 0.3579 0.0887 0.1512 0.5805 0.4892 0.6306 0.7402 0.6577 0.1563 0.2741 0.2758 0.9386 0.6861 0.5501 0.9524 0.0128 0.9586 0.4202 0.1818 0.2214 0.0936 0.6950 0.7079 0.4036 0.3416 0.1909 0.1389 0.2400 0.7181 0.3699 0.2929 0.9887 0.9515 0.2829 0.6444 0.4682 0.4958 0.9460 0.8429 0.3398 0.4131 0.3759 0.6742 0.6933 0.7056 0.8353 0.7997 0.2429 0.2449 0.1977 0.8979 
163 3 2
0.3306 0.8888 0.2054 0.1235 0.5781 0.1674 0.9525 0.8126 0.1565 0.3218 0.4738 0.2296 0.2222 0.9682 0.2372 0.0428 0.9607 0.2797 0.7509 0.0948 0.8542 0.2700 0.4821 0.8386 0.3128 0.2503 0.0471 0.1202 0.7608 0.9757 0.8592 0.1499 0.1735 0.7879 0.4326 0.4912 0.0308 0.0980 0.5330 0.2534 0.0845 0.8366 0.6434 0.2510 0.1202 0.2994 0.3869 0.0615 0.6624 0.0372 0.6508 0.6999 0.2096 0.8591 0.6055 0.8865 0.2668 0.8046 0.8108 0.6701 0.5895 0.4784 0.2200 0.1864 0.0376 0.2408 0.6991 0.3616 0.1128 0.0686 0.5103 0.3602 0.1697 0.5859 0.9094 0.7135 0.5699 0.4799 0.0924 0.2072 0.9812 0.0560 0.4306 0.7810 0.4076 0.1726 0.8633 0.4349 0.1779 0.9005 0.9882 0.2033 0.1346 0.4904 0.7373 0.3202 0.1879 0.7186 0.9641 0.6765 0.3717 0.9146 0.1329 0.7596 0.3513 0.0595 0.0037 0.9630 0.4586 0.9439 0.8703 0.3676 0.9671 0.2812 0.9675 0.0784 0.0468 0.0632 0.4119 0.5577 0.0260 0.8639 0.1443 0.9500 0.1432 0.2069 0.0260 0.2478 0.1831 0.1938 0.4701 0.2508 0.1808 0.3343 0.0178 0.5901 0.2031 0.5252 0.7717 0.6661 0.0521 0.2655 0.9878 0.7717 0.8578 0.5423 0.1456 0.4825 0.2754 0.9054 0.8821 0.0111 0.2555 0.9048 0.2982 0.5665 0.2942 0.4104 0.8998 0.9015 0.9402 0.0760 0.0192 
123 3 2
0.9800 0.7787 0.3163 0.7526 0.2353 0.1928 0.1659 0.8177 0.2511 0.6077 0.3553 0.7232 0.1324 0.0335 0.6204 0.6606 0.9965 0.0634 0.6041 0.0110 0.5815 0.5832 0.3691 0.6817 0.2639 0.0017 0.4988 0.7236 0.4206 0.8076 0.0734 0.5374 0.2030 0.4880 0.4696 0.9481 0.2531 0.2339 0.7179 0.2836 0.4943 0.2990 0.7316 0.7622 0.6550 0.3694 0.4348 0.0890 0.6761 0.3243 0.4443 0.9490 0.8559 0.4039 0.9750 0.7419 0.0511 0.9516 0.2572 0.3785 0.0429 0.3420 0.1393 0.7351 0.3450 0.3923 0.7352 0.5434 0.7965 0.3535 0.0046 0.6985 0.6433 0.0576 0.3404 0.9291 0.7236 0.0015 0.4505 0.8144 0.0396 0.8096 0.7190 0.3684 0.5431 0.0300 0.5449 0.0047 0.7336 0.7718 0.9074 0.6144 0.8149 0.9634 0.4439 0.6124 0.7089 0.9546 0.8201 0.8542 0.0138 0.8191 0.4252 0.1311 0.0983 0.1606 0.6585 0.5479 0.9086 0.8681 0.2252 0.7061 0.2980 0.3230 0.0051 0.2508 0.6247 0.8893 0.1675 0.8532 0.5339 0.1660 0.3283 
