50 100
18 11 5
20 16 4
46 44 8
6 36 757
12 49 695
10 5 980
20 13 316
29 35 9
33 2 928
24 9 870
36 27 832
42 25 6
36 45 92
10 9 501
39 31 141
48 32 6
9 4 244
23 42 5
12 15 2
50 33 266
46 47 2
22 24 957
35 42 6
2 30 5
17 31 4
47 11 9
38 42 9
5 46 1
45 5 799
6 33 26
30 33 10
6 49 928
14 47 1
10 49 8
40 10 105
44 29 264
40 34 10
8 15 9
28 17 2
46 1 6
35 38 760
18 37 8
8 32 295
2 6 744
17 35 251
24 12 524
43 44 841
9 47 238
43 4 9
7 1 380
27 24 583
22 7 8
50 7 10
39 24 8
15 36 3
41 8 392
32 17 50
5 28 401
31 15 6
42 15 729
35 21 117
4 31 9
11 3 10
8 50 6
7 37 890
33 15 5
18 44 656
13 47 371
36 24 2
48 16 9
9 13 5
16 36 207
50 27 9
6 5 4
17 10 452
29 50 304
31 34 9
41 25 245
8 13 5
22 35 411
48 12 774
26 12 7
6 14 934
20 21 8
15 1 9
22 13 924
10 42 10
36 21 305
7 10 343
34 33 129
15 45 1
10 19 2
24 40 622
2 44 922
49 2 991
16 1 7
41 15 2
25 43 588
1 10 8
1 28 483
