2000 2100
1544 2 5
1960 160 4
448 217 7
352 865 6
31 696 3
1228 1448 7
1392 784 6
735 1340 10
17 322 10
427 108 4
874 632 5
1779 411 10
601 1521 6
1381 360 3
261 1315 8
489 797 3
561 1234 4
1362 1324 6
416 537 8
1688 318 9
1935 1663 8
464 814 9
881 758 2
1880 626 634
1211 1192 3
991 22 4
1414 19 5
1700 1060 1
387 223 857
1926 379 9
1614 418 8
756 1650 6
406 1553 6
1075 47 3
580 528 10
1334 1878 5
1993 63 4
1502 1699 10
326 465 10
318 1000 9
386 482 6
106 1566 7
1928 1332 8
894 748 3
1753 72 2
1945 1410 8
1649 1790 1
990 1539 2
906 817 1
1503 1584 4
429 1203 3
158 71 6
1605 1702 1
1276 204 7
837 770 5
1786 1432 8
471 837 534
1152 1942 589
1726 1304 6
402 5 1
1045 94 6
682 539 7
1591 963 2
530 1966 9
397 1864 5
696 1886 461
488 750 7
771 1911 2
1982 583 6
72 1924 1
1453 329 10
1745 1186 1
1412 693 7
1836 1849 5
704 249 3
1460 405 3
396 171 8
265 918 4
1597 1229 4
1626 921 1
300 1987 3
1450 1051 1
538 1454 2
256 1140 4
558 1804 8
1232 902 8
490 169 4
151 646 1
1981 1340 1
1312 1425 3
90 313 8
1505 1276 3
1827 711 6
237 1120 5
333 316 3
447 1765 1
1136 46 3
738 825 3
423 1974 2
504 850 9
1733 1900 9
1674 169 4
232 1372 1
1708 710 5
706 1420 2
174 1808 2
1332 973 1
1308 670 7
1829 595 6
1382 1087 5
1407 1959 3
636 1445 6
971 447 1
1273 1019 2
268 716 2
69 23 510
1249 1790 2
1199 1533 1
1212 884 9
119 666 7
439 314 8
863 1015 3
783 275 8
1849 1 6
1920 1463 8
1692 1467 2
853 1718 9
1811 1635 1
519 1799 2
628 1969 2
1490 1627 2
601 28 4
1460 1067 9
648 1571 8
1765 586 4
214 1355 9
268 1037 3
1787 1678 9
1263 1597 4
1711 871 8
1338 611 1
463 879 9
610 5 4
1860 1467 3
453 1693 8
870 1537 7
292 1589 2
1949 70 5
661 1591 3
876 189 4
837 254 2
53 714 1
514 1020 992
1477 164 7
236 1792 7
1871 292 5
115 1252 4
1582 77 337
1359 1665 10
1175 1646 7
406 1818 3
1439 63 5
91 541 3
1402 1454 6
1631 1639 3
1094 1107 6
1670 1354 6
1394 1051 4
617 314 5
163 742 5
383 1835 6
1588 180 2
1466 1760 2
1369 1740 5
366 1294 3
1887 343 3
84 1454 2
1424 1348 1
125 1555 7
359 1184 10
621 1435 3
1806 779 4
748 1145 5
1177 1413 4
1423 713 4
1803 1887 9
116 387 4
41 358 1
745 502 5
1852 933 10
895 1325 3
547 665 1
1090 1931 9
187 429 7
384 48 4
1084 1015 1
573 1407 38
1934 127 989
1668 689 10
224 1768 6
1819 825 3
1381 1558 3
162 1528 10
1061 1002 9
1087 8 9
660 944 5
1047 291 303
936 1630 4
1074 277 8
1134 671 8
949 506 9
1439 1846 2
728 1465 3
1118 573 7
352 1445 8
582 404 4
1196 311 6
1136 880 9
94 164 6
791 1841 6
1536 1271 7
213 1074 10
1689 1504 7
611 412 993
1697 1866 494
1296 1756 10
16 494 6
43 235 2
1975 1155 10
1622 518 2
100 29 5
318 59 8
1069 1793 3
1471 116 5
1540 267 6
1395 739 6
318 292 4
307 652 9
973 1660 1
1394 531 906
1663 1926 7
892 1150 9
1134 572 6
937 1729 4
691 684 8
707 1043 1
703 1554 857
607 285 4
1962 826 9
564 1499 5
891 1865 6
1382 1393 10
1873 1116 1
346 119 9
542 392 10
1914 376 9
1199 1608 5
524 1719 7
1110 98 5
712 1702 5
341 338 3
947 1466 9
1094 93 2
451 1289 9
714 1910 1
1242 122 7
1601 1987 5
665 445 10
962 172 3
1530 1985 5
416 1687 9
11 370 4
418 932 5
1412 1115 1
1681 1378 8
1583 1036 6
158 1398 3
472 57 4
687 1417 1
372 243 7
1490 1827 3
916 152 10
1710 1148 1
226 1091 1
1039 580 8
1889 1676 8
1111 658 1
1568 315 1
1305 841 2
1498 997 10
446 1007 6
1036 1706 7
1009 703 9
508 537 8
347 1121 7
789 425 1
370 463 7
719 267 9
773 1815 7
891 1588 7
1719 1545 8
375 1202 1
112 1192 5
647 1786 2
1003 1889 331
894 1472 59
505 1194 7
56 546 733
1593 1653 8
994 1479 9
292 885 10
1809 1235 1
283 453 4
550 1676 9
932 178 5
1311 1663 789
654 338 9
1499 725 7
1743 888 5
1919 1623 1
1994 167 5
1404 1398 6
1332 688 10
1254 250 7
569 49 1
661 26 2
1701 240 6
1344 962 8
883 843 8
1250 187 7
93 1396 9
1072 849 8
1521 35 9
815 13 9
1105 1107 3
1173 1692 7
674 899 5
1867 827 5
636 1813 127
838 1645 6
862 609 1
1778 1587 7
1390 361 9
518 1591 286
523 995 10
1866 1841 10
371 121 4
1739 788 9
371 172 5
820 693 3
1342 414 9
898 1171 2
462 1704 10
1793 1926 10
1158 1926 1
735 1191 4
1462 405 2
1747 449 4
1756 796 140
521 1824 10
1961 77 1
1598 1826 8
177 158 2
615 327 9
610 1830 8
249 1057 6
1259 874 1
1165 1316 9
1533 1765 3
125 413 6
1209 1135 4
35 1091 7
1098 1198 10
660 463 8
1412 1203 3
1137 1580 5
548 932 9
1642 790 8
220 1914 1
1193 1360 3
1675 612 5
362 797 7
224 1580 47
242 1203 7
23 750 6
731 1449 4
1287 1918 2
797 1635 5
788 296 5
247 21 10
649 464 6
273 375 3
914 1439 4
1901 729 8
1669 1498 2
1831 1585 7
702 264 6
103 628 9
864 951 8
1662 1582 10
180 1705 234
1756 833 4
1616 976 7
1303 1179 10
446 954 6
131 1939 6
1953 178 3
523 615 283
505 1108 9
630 1908 10
1283 248 2
1246 1752 1
1853 955 1
1792 568 3
1228 360 581
606 1444 7
540 51 2
205 599 1
798 145 2
1767 1179 3
908 1292 4
733 148 10
1117 746 10
641 751 6
8 1089 7
1786 1492 9
1808 1593 9
1743 1498 2
1321 693 4
303 407 3
1888 407 6
1894 1496 990
1919 1833 2
1570 1199 4
626 1088 6
210 379 3
654 967 685
1124 960 4
127 1033 6
837 1676 1
172 495 1
495 1022 4
804 1438 9
440 33 10
883 1600 5
150 1788 1
544 1316 2
113 2000 9
1325 1363 1
715 1101 1
1377 900 581
1745 58 8
1 488 2
1632 1062 9
1989 24 1
1592 69 5
1861 378 5
324 1415 7
308 1980 2
690 78 10
389 1964 7
749 3 4
1015 506 3
1938 745 5
810 1545 2
802 422 2
873 616 9
704 190 4
2000 1539 1
672 1352 7
85 1467 10
423 1274 52
1161 1710 8
247 1227 3
1174 877 2
1376 1604 7
836 1083 8
1340 1876 652
1193 907 3
249 859 9
956 1357 7
429 388 9
1982 222 3
968 643 4
255 1093 3
1325 1294 8
207 1981 2
1464 1224 7
177 718 7
624 1039 8
282 1765 7
454 1010 2
1332 1000 10
1146 106 4
1380 1995 7
1934 402 8
1554 1893 2
1440 1309 7
40 1318 1
335 343 2
1119 1218 4
1984 318 9
372 435 7
1662 1359 4
360 538 10
837 1503 8
407 1999 3
534 1585 3
639 652 3
1609 588 4
463 374 7
108 1178 6
66 57 10
416 1470 7
503 1004 6
1613 1079 1
1122 262 1
1479 229 8
829 1 6
202 439 368
1028 1882 10
294 1343 7
102 1521 6
626 734 3
1171 1260 3
748 453 1
1742 1823 2
1044 905 1
1428 1659 6
1451 1228 4
1189 397 788
140 1629 4
1536 1856 7
769 1092 3
1279 1965 7
869 943 3
1873 1226 7
1809 1070 2
1461 878 3
928 1528 1
1064 789 2
1625 1457 8
321 515 3
1790 510 4
1378 908 6
1320 87 5
1 582 4
518 1331 3
1364 626 8
1987 318 9
1481 890 10
1705 1411 3
973 1837 3
1112 23 3
1051 373 7
1777 901 8
1437 416 3
630 1403 3
1072 39 640
88 1653 8
1783 851 8
164 1607 10
93 757 7
249 1225 4
47 306 462
544 164 9
510 950 6
935 1418 10
1340 1051 10
526 6 8
1923 21 3
612 425 674
683 447 9
378 918 5
1626 1259 10
267 1526 5
1722 839 10
1998 1460 4
1 658 6
1107 1243 1
1581 932 6
455 1805 9
1972 195 8
840 190 2
1344 1495 7
55 141 5
292 189 9
1688 1515 1
1521 450 4
1277 166 9
933 1945 1
1462 1546 6
1251 485 5
1582 415 2
1391 1328 8
430 740 1
871 1499 6
383 338 3
1793 1743 4
1887 923 5
687 1729 3
580 762 4
935 377 10
681 1755 7
1008 426 5
1444 1378 6
788 16 837
928 793 4
826 673 7
1438 538 7
1357 1320 203
585 697 5
1964 814 6
1392 48 4
1478 1131 3
608 1672 9
260 1350 1
1219 1066 2
941 894 7
1314 1430 10
1392 911 1
509 1996 8
1340 890 10
218 1756 719
1333 1307 6
983 898 2
742 643 9
1087 1076 8
720 1892 7
1742 116 3
463 240 1
926 985 7
1534 62 5
1424 818 10
146 1886 780
1851 1459 10
318 1746 10
178 796 2
1577 1862 4
800 1049 483
562 1893 1
1798 574 9
48 1308 9
1468 848 7
1375 1462 10
690 967 5
403 1620 10
836 405 4
1828 196 10
605 12 1
560 1622 4
330 1015 10
1052 268 3
1426 850 4
1355 380 3
57 154 7
1028 430 10
1460 1168 931
383 20 5
1371 1042 8
1394 60 7
284 1259 9
1698 395 7
1142 1174 1
1591 987 1
1769 488 9
104 282 2
442 616 2
514 1455 7
1382 1079 4
755 839 9
1272 248 10
570 1621 3
1944 1486 7
122 314 8
1721 1783 5
249 1291 5
984 1964 7
1754 757 6
405 1556 8
286 578 1
1750 1404 641
1743 503 2
1379 1775 2
704 1881 4
1187 938 4
1269 1206 2
1377 447 1
1 710 3
1261 1128 8
619 1885 9
1528 1020 2
1588 815 10
355 700 10
1230 1657 8
1152 1997 7
1126 363 3
1918 1763 10
1788 19 5
1702 1063 9
1628 107 7
1499 770 10
648 35 7
1731 1741 5
488 1220 4
904 1133 8
1284 74 3
891 1973 6
1780 1620 5
1800 12 8
1932 948 8
1102 1548 9
1656 1072 7
705 1178 6
352 582 5
1018 536 507
1490 1113 2
1096 707 6
1370 1253 6
1189 1767 6
984 587 10
291 1889 10
1930 581 5
1013 1967 8
340 1743 6
1567 848 7
514 230 9
408 176 6
432 131 10
193 748 2
585 29 4
934 1455 7
1502 1655 1
1553 64 9
706 515 3
211 1872 683
1450 1549 5
1043 315 4
838 437 6
243 1257 7
314 1885 2
1222 1857 10
416 1718 3
137 1429 1
542 1143 315
1485 747 9
483 1429 3
15 863 5
241 218 7
769 656 8
982 649 776
1692 722 8
1047 1637 2
1572 1263 6
134 476 7
478 1765 3
878 1097 8
800 1075 5
197 459 1
1941 1463 7
1473 1344 4
740 1732 2
1290 1816 9
219 620 2
1002 1589 8
1148 1411 8
1664 1979 4
1282 1022 9
212 1 7
1849 1077 2
1863 1766 10
33 586 6
1266 840 2
90 1235 9
1175 1803 5
245 1556 5
211 641 9
618 1715 5
507 760 7
1728 373 3
527 627 10
1406 1941 3
512 1938 8
1080 1951 8
554 765 3
1221 480 4
1317 1727 7
305 1787 6
866 488 4
406 805 8
764 804 4
1330 1895 4
1727 253 8
1200 1507 6
1954 540 7
1280 1094 10
1949 1676 7
1400 1736 9
584 1760 10
1923 1869 9
1216 894 9
1331 1777 3
616 167 1
761 422 10
194 701 7
1783 287 6
792 1960 7
1727 259 6
1559 1579 8
753 532 8
1156 1355 7
1907 50 6
867 1383 9
1206 267 6
1356 1171 7
540 155 889
531 1178 2
1676 891 6
904 146 8
1419 1595 4
1095 1098 458
1734 530 5
969 516 9
1914 746 2
62 1049 1
47 767 6
1203 1460 5
206 488 2
1351 1339 3
585 1604 2
1688 87 3
215 1692 6
1168 1726 10
1129 1073 5
1483 359 8
178 327 5
814 1681 5
935 429 4
1553 1677 3
912 1782 4
1735 1727 7
1335 166 2
538 1839 7
1695 167 8
1366 1477 2
1480 833 3
66 927 625
238 1371 5
1991 1323 6
1096 764 431
25 1731 4
1231 1760 2
770 1682 2
933 919 6
75 1993 4
329 591 5
1820 466 7
368 1618 2
835 763 8
264 1052 4
1716 1353 6
206 1278 10
1758 172 10
1978 1909 5
88 803 1
215 10 1
1537 1248 5
188 1168 7
687 1629 3
453 1099 9
1021 733 3
1910 453 3
1306 398 10
1387 1985 1
297 1329 1
1698 1191 1
1192 1617 8
517 1577 6
280 1001 6
156 1689 4
1487 799 9
1176 933 10
1237 996 1
1417 763 2
1358 1015 9
1624 446 3
1953 741 10
325 1054 6
586 319 8
887 1025 579
703 1907 10
982 1241 10
164 410 9
776 343 6
344 585 6
1949 755 8
1757 627 8
1694 1861 6
124 109 223
1231 1346 4
1820 733 648
562 1764 4
1951 1456 5
1074 664 4
176 866 6
1317 1379 3
1352 966 1
1939 661 4
800 278 2
1942 449 82
212 1499 6
1849 592 9
1478 1036 6
686 726 8
331 409 4
816 939 9
1988 1957 9
1333 635 8
286 493 7
1349 211 2
718 864 4
1743 1460 9
306 1592 10
1907 610 1
806 1731 8
1765 1075 4
665 593 10
1502 612 10
1326 1003 10
1795 1161 4
272 200 1
1197 1941 3
1516 1072 3
1631 1442 1
1717 1058 2
175 900 2
249 1714 2
1822 1174 1
521 1680 9
1968 856 4
1345 1140 4
92 918 2
492 1072 2
1838 545 1
690 1620 6
1270 258 180
935 1101 2
1648 1616 5
1494 127 5
608 1724 6
1257 240 3
1501 1499 6
1330 49 2
1676 1143 4
563 94 2
93 1862 2
454 480 7
1684 17 10
684 7 5
1394 1252 6
1302 1018 10
418 550 2
1035 1657 7
52 707 9
410 1106 7
1027 901 1
1116 1134 6
1893 1697 5
1460 1561 10
1867 137 6
1841 1902 10
1910 249 2
1171 290 2
371 1779 8
1748 1708 8
1077 679 2
613 1229 2
323 777 5
1095 1033 4
529 1405 9
361 1433 1
173 345 2
1422 314 1
1969 329 7
1888 943 10
1972 705 8
446 1086 4
550 1086 3
1103 1181 10
438 1050 5
318 933 3
504 463 8
1774 67 9
295 1530 10
616 429 8
814 240 2
274 1879 3
1572 1958 10
1738 1876 3
1486 643 10
899 1397 1
65 1270 2
717 271 4
1036 268 5
143 300 6
251 965 2
205 1702 8
414 1526 10
470 1967 9
929 1252 9
374 686 10
1849 310 4
1327 920 4
1395 1790 6
805 1987 8
1741 552 627
181 1607 9
720 302 10
975 29 5
302 1931 9
1265 103 2
616 1504 1
378 1293 8
119 1708 2
1959 1301 10
830 1455 9
176 81 9
211 1394 3
1759 565 5
795 1844 8
1588 942 8
882 193 6
343 348 8
280 1938 4
197 1325 2
1969 1843 7
1652 814 3
1069 301 412
715 487 2
475 1241 2
433 598 2
773 1439 10
237 1047 9
481 1065 6
499 1862 2
1888 910 10
1894 1543 5
1557 199 3
1770 1713 10
1922 416 5
823 813 7
352 301 7
1747 1394 5
833 1844 2
1204 1277 8
1158 458 5
1868 891 3
1643 631 7
687 1743 9
18 1723 118
1400 426 10
1834 950 6
235 979 7
768 903 5
1586 1679 8
1510 239 835
93 1400 1
221 1164 1
99 1663 2
1756 594 6
1891 202 7
1358 789 3
1257 720 6
1948 1725 4
446 456 428
289 1553 9
250 68 8
332 26 4
1562 305 2
1983 135 5
1989 1666 4
1844 580 2
640 986 3
466 1804 8
35 1014 9
530 1238 4
1098 1910 4
5 506 111
893 18 8
1700 590 5
270 664 5
410 1662 10
931 1091 10
1222 959 5
648 1315 5
1028 1244 10
645 386 6
1862 82 6
809 1843 9
355 1115 3
643 1159 6
1606 903 6
1872 834 3
223 1389 10
797 538 9
570 1107 8
183 1879 5
678 1938 2
769 148 4
831 1147 7
1396 819 2
34 1505 3
695 1015 1
989 1870 2
752 1273 9
1128 1005 4
575 1313 827
521 746 10
772 443 3
569 667 3
1234 1499 5
1611 172 3
1954 1233 9
1054 871 7
503 565 10
1857 1696 5
1058 849 694
1237 1195 10
771 1028 8
282 1899 9
882 917 1
529 1355 1
1789 112 468
464 1937 10
1826 1745 1
661 1946 6
543 1128 10
1986 1378 10
1205 272 7
761 124 1
927 903 1
1413 463 10
1237 188 2
973 1535 3
894 1825 2
96 640 9
1621 1540 738
297 602 4
1245 236 8
1974 746 5
555 187 6
839 1817 7
199 813 1
1846 1390 9
1441 295 10
296 748 3
91 905 2
662 1797 7
145 787 9
1345 75 4
268 1738 1
1158 147 10
252 483 2
1182 412 6
1850 1649 7
239 1043 10
1681 364 6
609 414 3
1218 602 8
1582 197 960
1046 1525 4
1752 439 3
188 1979 10
799 913 8
65 1032 10
1352 54 10
1567 834 8
556 176 5
600 1662 2
1802 264 10
1744 602 3
673 570 4
1845 1228 8
1903 1294 4
633 279 7
144 200 9
1541 288 7
244 924 9
1126 74 5
929 126 5
1318 772 3
854 212 4
620 1110 1
1682 1290 5
1861 1730 4
1400 1638 2
7 310 7
1529 1965 1
962 329 4
1919 151 7
781 1544 1
822 860 1
1407 538 2
1087 505 4
1415 1901 8
51 1511 5
379 132 5
1671 129 4
1539 950 3
1762 1371 10
1565 1228 5
1730 1743 1
1420 1730 3
1394 1104 3
974 447 10
1164 47 6
1488 483 4
1138 1542 1
439 535 6
1336 1827 7
806 1990 1
605 1154 6
270 909 3
732 1158 4
1551 1129 7
742 453 2
731 801 3
56 552 3
554 1974 941
1030 107 1
1286 1989 6
710 778 7
1456 915 8
1921 511 8
1274 707 8
1939 860 10
1849 1526 5
1500 1589 8
1109 440 4
1897 644 10
165 1175 5
1389 737 10
477 1881 1
974 1716 3
1361 1029 1
30 264 5
1085 1407 8
680 1506 4
598 1368 8
1586 1245 1
642 1442 4
32 1932 1
1167 1703 10
185 690 5
567 789 10
1070 1089 595
1787 945 5
213 1667 7
383 157 10
532 1328 8
536 1794 2
1847 732 4
1673 1641 1
467 1737 5
1685 884 9
1751 231 9
216 402 10
103 1331 3
1893 1727 1
1798 1992 6
1566 832 464
522 904 4
1434 1991 4
460 1816 8
292 507 8
653 1672 4
1169 1936 6
1635 1013 6
1768 602 8
281 1262 6
1358 202 9
412 1916 8
161 205 9
1132 874 10
1608 675 10
1198 1458 9
1537 644 10
1463 1367 9
234 905 10
758 833 5
399 959 8
1496 1159 2
479 1917 8
218 1885 2
761 883 7
1130 1173 7
1662 1703 10
474 385 10
204 624 363
846 192 3
580 365 6
1472 1669 8
798 672 1
1989 1051 6
304 1730 8
462 1636 7
1438 1384 3
1812 1293 2
600 780 3
1488 263 9
1950 1196 8
1629 182 5
1836 326 1
888 861 2
1975 1965 9
614 102 3
589 142 2
1313 1325 3
1791 1838 4
693 1691 215
598 1786 67
235 1275 5
120 1142 7
1435 814 3
1476 1380 1
1743 456 8
771 1686 8
832 1532 1
148 1712 6
1337 1521 5
1810 1636 1
271 1929 7
51 1424 3
136 782 9
462 208 9
1082 1773 5
1373 1714 5
644 451 7
334 384 4
1915 200 8
125 200 6
522 747 2
1020 807 10
107 1515 9
1151 408 9
1785 1188 6
1460 1734 7
1394 662 6
695 1149 2
1769 763 680
171 201 2
1106 1139 7
794 1115 2
367 1557 118
1943 123 9
875 1796 8
1543 605 2
1785 1520 7
845 1605 9
1964 1062 9
385 318 3
170 236 7
301 14 7
37 1065 3
875 1534 9
268 35 4
159 1932 10
1374 904 8
458 1575 5
1799 710 1
298 1429 3
1325 434 6
1905 623 6
527 545 7
1211 677 2
1536 867 5
1067 1298 3
123 236 6
1015 1842 5
572 322 4
1952 719 179
1469 1809 7
1904 1582 6
1523 718 3
1264 439 1
1339 1882 8
1288 1399 8
1597 886 5
1347 141 7
419 203 8
742 318 10
447 1526 3
1077 1594 10
828 842 9
5 1446 1
1159 925 7
1153 1481 3
1270 1311 7
805 625 1
575 1597 9
1767 288 1
1190 1614 10
1998 1270 407
1882 141 4
1816 1123 8
1877 651 6
1527 108 7
1480 1578 6
389 972 8
1254 1723 9
1443 973 3
407 1682 8
1778 930 8
507 1285 2
93 86 7
1748 1012 5
405 136 5
1911 1707 4
1044 497 1
1058 1593 2
1000 1870 10
1243 1983 6
566 1181 6
1170 1862 4
1177 1563 2
644 340 5
1625 1671 7
1821 793 4
1504 522 3
566 1419 6
492 1055 3
177 852 9
1648 571 5
36 213 4
1473 791 4
1908 425 9
759 457 1
405 1564 8
1709 98 6
511 393 4
557 378 4
323 1313 9
969 1631 6
1322 1565 1
438 667 10
719 844 780
74 1438 2
1775 1528 617
288 1015 4
932 1192 1
1893 1420 10
1160 787 1
1 1474 10
835 1376 946
1743 238 7
1701 1517 4
1683 184 7
626 538 6
480 1588 5
1790 1926 3
1622 1208 10
459 597 6
339 1257 4
393 1277 1
1729 1224 8
1369 1147 6
1858 1503 3
971 1419 5
599 1912 7
1899 1872 10
1964 1659 4
84 497 253
1419 956 6
1893 1480 10
1201 661 1
1179 692 5
193 727 9
1256 931 7
238 1011 5
1689 773 1
1400 832 2
1582 1518 7
626 1360 1
359 1798 6
391 1490 3
998 1657 6
505 1272 5
1267 938 5
118 1434 5
765 1569 5
1519 237 3
1923 986 8
282 1350 9
1098 1023 10
155 136 3
1298 1798 1
156 1016 5
1318 1800 6
1473 27 9
1580 356 3
152 1840 3
1103 668 74
1067 1232 4
1070 1295 10
561 1645 3
1522 1861 8
1965 1401 10
603 971 10
1689 1650 7
1497 10 6
634 863 9
282 759 10
842 292 8
1239 479 8
1910 1168 3
503 992 1
759 1210 6
946 977 3
359 1074 9
1257 453 3
724 216 8
1215 269 3
1521 1685 3
1993 1484 4
874 586 3
1918 1725 3
1268 1055 2
1058 1689 5
1038 304 7
1906 68 6
340 1201 7
1115 472 3
1435 980 3
961 358 4
1214 1408 10
574 1452 10
1772 1198 2
441 563 9
1358 393 2
12 268 4
1491 442 5
49 1909 4
1900 1801 5
669 1654 8
1100 889 3
1937 1886 6
1017 1596 5
1205 349 8
1905 991 10
1500 1832 9
1332 786 6
958 1438 4
852 553 2
1240 1413 9
725 1040 3
42 1516 4
111 921 3
230 1862 8
249 513 9
1831 544 9
978 88 2
345 1055 9
1634 1481 1
926 1107 5
940 1792 5
1299 1868 3
1947 1887 1
666 631 3
837 1460 9
1971 1156 3
706 56 4
20 565 5
479 1726 3
1557 1067 1
1839 736 1
228 932 5
988 11 4
236 1300 10
964 586 6
1983 461 7
871 659 7
774 73 9
960 1394 9
1293 398 10
1890 1861 2
1325 275 4
1508 491 7
198 1202 2
1938 230 1
463 1128 3
1714 1552 10
405 721 4
2000 1531 10
110 292 9
1518 1773 3
1310 1456 8
1514 240 8
345 1270 4
1844 1414 10
518 1247 8
486 1765 5
1841 1925 5
1510 191 4
410 1783 8
1534 310 10
31 26 289
501 215 4
655 1955 6
887 1720 9
96 1050 954
1313 1952 6
855 208 4
592 38 2
1068 1383 9
1430 1183 1
723 95 5
837 1661 5
188 1787 5
616 766 5
1300 1880 1
1067 1359 5
583 1956 5
800 1970 10
1985 424 6
1251 1619 8
227 1250 3
1344 1424 1
1503 1236 5
1333 128 6
1505 1270 7
743 439 5
1427 745 5
1512 1747 4
1652 1361 7
1789 1835 2
222 1472 233
1618 1118 5
1158 1776 9
1486 824 4
367 1473 1
397 837 1
1939 1524 8
517 638 8
1228 821 5
12 1550 7
1476 1702 5
1848 109 6
1700 808 1
1743 1490 4
1921 922 3
1800 650 9
1957 1493 8
786 1940 10
1910 1384 7
1855 1815 7
357 492 5
63 1174 1
312 1875 9
76 1318 8
1127 705 10
1997 1983 8
507 1436 4
775 378 6
1370 1319 9
993 1300 2
153 1951 5
351 710 9
453 1 10
358 1440 4
249 375 2
867 1947 10
1647 986 8
206 1548 9
1784 1094 9
295 866 1
299 280 2
711 484 10
293 1434 4
1576 744 3
400 262 5
1354 1926 9
962 1662 7
1025 1082 9
267 333 9
2000 1774 9
1028 1017 7
526 582 8
1977 1611 8
857 714 6
513 500 6
294 1965 2
1498 1207 7
408 1434 4
1415 139 6
979 1050 4
934 489 124
1704 1359 4
1213 1700 7
900 1365 5
373 847 3
1612 1358 7
637 522 3
354 1701 6
390 1616 4
526 1547 7
776 999 7
1526 1228 8
237 1 506
1883 294 7
1921 539 6
1205 1046 1
481 1510 3
1125 1206 5
1360 1162 7
1863 31 5
1345 138 810
369 1518 3
439 176 7
973 1785 4
170 117 1
895 250 8
546 749 10
1956 177 6
1691 1899 6
756 1651 5
514 1671 8
976 149 2
1312 254 4
532 393 6
212 1927 10
83 1793 6
1241 589 1
644 1217 9
1051 1826 5
651 662 2
1828 1333 9
130 1020 7
1942 674 1
657 1107 4
953 580 10
1871 1573 7
681 1166 8
419 1677 4
1031 1030 1
1508 29 7
1297 544 5
1115 169 2
897 1618 5
212 493 1
1613 1859 9
551 1530 3
608 1336 10
1514 97 10
1574 296 1
1219 1513 5
520 413 9
485 981 1
308 1913 3
381 1721 6
1720 1603 4
1350 162 9
272 123 5
241 872 2
760 350 5
1920 627 7
1503 205 6
1996 1272 2
1313 946 6
942 525 4
1503 1742 5
635 770 2
381 629 5
351 588 10
1059 572 3
1654 294 6
991 244 9
1544 1110 6
1232 1781 1
50 225 6
1734 317 8
160 1615 8
1933 880 5
1887 1003 8
1400 192 2
61 1259 2
1751 1508 9
1708 1690 4
491 1590 10
1043 373 9
486 1440 9
114 12 9
327 1719 4
179 1662 2
549 1611 7
1618 798 6
1760 1285 3
134 530 4
1183 742 4
1700 1026 2
1397 992 2
728 1989 8
1729 409 6
1369 1509 4
533 1728 7
236 1526 7
249 1157 4
564 328 182
1845 1771 3
1203 576 2
1905 267 8
831 1243 6
1117 249 9
1199 1324 10
1688 581 3
172 1494 3
1005 320 7
318 1279 4
889 1462 4
89 890 6
134 1135 1
1855 699 4
65 302 604
1715 950 1
1778 1410 3
987 255 1
1136 472 5
4 1524 10
406 1041 5
565 790 7
1141 515 5
971 903 5
31 1900 7
1178 1187 7
1218 1987 8
952 379 3
1734 281 6
1020 496 6
1078 1229 8
515 1169 1
1807 1536 1
1968 545 2
1285 1741 8
1235 744 9
868 380 2
69 1743 5
680 582 1
29 1884 7
1359 1675 7
1358 633 622
811 515 10
610 1640 4
626 77 10
1630 1827 1
401 692 5
336 1332 5
467 1683 4
12 1053 3
1633 209 5
1910 1700 8
44 1470 3
1135 1745 135
469 746 9
522 1560 7
1180 713 4
1363 1875 7
1761 992 9
652 1034 2
392 1341 6
1582 785 5
1255 1026 3
1478 778 349
1984 1421 3
1438 1385 3
965 1128 2
467 1251 9
524 1372 1
1071 1110 6
724 468 7
39 900 5
536 1163 9
164 1569 4
1384 671 2
342 1904 1
1862 505 9
771 781 5
668 259 7
45 923 2
126 276 9
1813 1845 3
285 1075 1
1327 584 8
1062 1056 5
133 1028 6
26 1720 10
771 1203 2
1408 181 1
1898 1506 9
866 191 8
1432 1987 8
327 1185 1
445 1726 6
1104 431 8
1874 351 5
328 1078 4
1896 534 9
106 1203 3
171 979 8
417 1391 9
805 153 10
694 471 8
209 1218 5
1218 467 4
1730 1605 788
93 1887 1
685 625 2
633 586 1
380 1224 2
1313 138 9
1023 1950 4
598 659 7
735 1161 6
48 1228 9
991 473 8
1563 1048 2
1725 1228 6
1449 1081 1
611 689 467
1798 1559 3
1399 847 8
1533 798 3
1327 257 8
362 982 975
1200 1968 7
1845 729 3
741 542 8
246 69 1
1528 1658 2
1581 1929 10
774 93 6
1386 1268 9
1313 186 10
1060 1388 3
536 1843 1
1236 1840 1
858 658 1
375 1219 7
598 1599 8
340 1092 3
689 1392 4
565 627 3
1644 352 7
26 1338 3
1538 670 6
1610 755 10
705 1602 4
730 1020 3
1833 452 1
345 1470 8
1537 497 5
718 676 6
1273 1251 7
723 1498 7
1114 1396 9
604 1683 3
1215 1055 2
277 386 1
353 583 6
1400 420 9
79 1530 9
883 190 1
1743 1055 2
393 109 5
72 959 3
466 570 1
171 643 6
748 713 9
754 85 9
1172 743 5
1749 781 1
453 1479 9
1043 1809 7
1223 39 3
912 1793 9
1776 1542 7
1482 1197 9
1744 1770 10
1868 428 7
1620 93 5
1178 1793 1
893 1504 1
1459 451 7
559 1077 3
1144 280 9
1818 9 5
802 513 107
1847 1023 862
266 1044 2
1722 577 6
1473 436 4
1447 1234 9
1258 173 2
622 1807 8
1678 708 1
307 1771 3
1750 65 8
1857 1853 4
1311 1429 5
1682 844 5
983 1841 5
105 1611 4
1470 622 417
512 1976 9
1281 340 7
1849 1051 2
1370 1420 9
281 80 2
1359 168 2
1752 160 4
421 377 10
596 1313 10
1018 1044 6
167 1508 3
1526 230 1
1680 617 997
493 957 4
1146 337 4
1316 16 10
175 946 4
1460 268 6
1026 498 1
1175 1988 6
1409 1265 7
812 1110 4
1631 1893 9
1584 970 2
382 373 8
1129 178 7
400 1911 6
778 448 9
394 570 3
1519 351 5
1098 1431 7
1024 1362 2
169 575 5
663 820 2
1863 1424 8
570 1035 4
1854 1391 8
552 579 9
444 1054 8
1233 546 5
523 108 6
589 383 1
151 979 10
412 1252 8
1489 7 4
230 1358 5
1792 1137 5
892 1569 6
1475 673 4
1416 1056 2
1564 694 6
585 1879 6
655 1645 9
1805 1393 5
1829 1498 10
718 410 5
817 1189 7
1121 1650 4
308 303 10
268 1222 9
309 1835 8
1887 640 5
1544 1932 1
779 1251 7
1755 1932 4
1963 1246 7
1641 1886 8
698 338 10
386 1060 346
1569 1389 6
1487 1228 6
1305 29 6
247 258 10
1652 1449 7
190 1814 8
1097 493 7
709 461 9
1344 1819 9
539 701 7
1203 1692 1
233 1932 1
816 205 2
896 540 8
1091 976 4
1501 402 3
373 1334 7
1698 1006 2
1794 101 7
268 434 5
