3000 6000
2238 337 300
1291 2599 989
477 1768 211
345 949 143
411 2808 152
1393 424 941
2479 2994 858
2097 873 8
624 27 558
2689 598 98
1745 384 692
958 522 347
331 647 690
755 526 613
956 2431 355
429 696 4
1472 742 6
2611 863 7
2121 98 864
2314 1288 865
590 746 7
489 2256 10
994 1601 10
1606 995 759
1065 1506 9
1283 1823 6
233 2697 735
2797 173 625
1974 18 993
2481 1950 898
276 41 264
906 441 777
389 1829 592
608 1397 832
326 1680 5
1099 1780 2
1938 495 667
236 2479 4
2074 2593 204
2992 84 796
2463 26 3
232 2646 441
203 2364 7
1629 318 621
521 345 5
1239 475 831
1392 2222 819
2939 2452 10
351 476 4
2859 2822 279
2016 2959 828
1746 1948 540
1341 1603 781
1954 2400 10
211 334 465
2207 2655 103
1636 1365 7
1807 1957 1
1692 1918 921
2757 933 7
850 2924 8
2825 2200 1
2917 2377 4
931 778 1
106 1435 688
2068 1771 6
241 2472 163
2694 2331 8
1435 1988 10
1801 2004 5
1614 749 54
2208 1176 1
629 125 234
1263 439 5
1394 496 876
2270 2932 933
2505 963 6
811 557 2
1210 2984 8
1503 1088 3
2645 2611 10
636 1266 1
117 1558 174
2155 362 1
111 1111 1
663 2111 403
1806 2220 625
276 2251 110
997 26 572
1686 1645 3
874 804 251
2156 1150 949
2693 1397 184
1526 885 9
2620 2592 8
2397 2990 8
780 2350 10
1976 93 2
529 39 9
2257 368 4
1856 209 3
501 2400 4
1300 1766 820
1028 654 2
2875 1949 544
1929 839 122
2637 268 3
755 2107 148
2829 2192 498
107 30 853
1892 41 1
1988 62 7
779 1870 923
1971 529 633
182 667 7
1136 1210 893
1439 1262 1
1957 1932 798
1543 1052 863
682 2180 9
1024 490 10
1542 2133 9
2615 765 638
2355 1799 8
1030 307 858
1643 1363 771
851 130 2
2745 1534 2
669 485 4
2817 828 561
1607 2061 8
2447 270 2
342 1312 920
240 1300 4
776 2689 10
63 2828 6
1542 1263 8
1803 652 6
1733 982 886
2622 2793 1
476 950 4
205 2555 891
2033 2545 389
55 2472 284
2598 803 3
39 205 9
901 2099 1
1898 1407 99
1183 2850 7
2073 2401 201
2423 1053 467
1325 808 7
1740 1934 78
2845 2342 8
1904 612 6
2512 472 5
867 1637 8
1203 820 91
618 241 2
467 464 4
2439 728 502
2316 1510 568
1115 2878 5
774 2641 617
1463 1218 976
2871 560 172
804 1206 244
2853 1762 667
2590 2813 8
50 2414 7
694 382 327
1595 740 3
2609 205 1
1541 2637 880
1963 1996 395
2303 2984 425
1621 563 743
2530 1002 624
2432 855 4
179 346 3
666 750 940
1921 631 544
1315 2145 1
1812 2664 153
1363 1923 909
1099 1303 1
1427 56 7
289 119 5
1935 1336 10
2534 1730 363
1668 2626 5
1072 2605 808
1137 1284 9
2767 2105 8
2564 725 986
2791 2819 3
1745 2263 857
1691 2702 491
304 132 4
1830 1876 1
1371 1350 1
2587 54 453
1704 1990 6
400 2930 6
6 2223 515
425 2782 605
1889 1900 457
2159 2731 2
1805 2100 1
1748 1517 363
915 1655 692
764 700 6
760 1065 667
1299 902 596
205 1254 612
1552 2881 17
1030 251 9
2418 1039 265
434 1769 10
813 2805 498
381 220 313
1696 67 625
1588 2706 7
1804 2218 429
1962 2922 909
34 427 200
504 1407 848
2662 1627 917
2507 495 187
723 1623 760
2890 1915 9
825 1165 872
1901 2983 10
1262 2127 400
1344 1380 10
355 2034 2
2093 258 774
387 2501 161
2183 1385 617
1213 78 490
2564 1710 4
2817 1873 529
1189 2319 665
171 1278 289
2990 2451 503
928 594 7
1793 1461 27
1865 350 482
675 111 895
2634 2042 8
2155 388 2
1700 1717 4
528 1999 4
462 1204 836
1791 501 1
2847 982 7
1471 481 799
680 2301 875
1458 1323 3
1813 467 4
2002 2009 4
2003 790 6
2065 1020 2
2783 2088 10
2782 1369 9
507 476 725
2265 1374 9
1718 349 3
369 809 622
1190 2099 7
1900 1890 994
607 1839 111
2977 1764 2
1568 2851 9
1197 122 3
1426 676 7
1697 1125 373
947 65 3
833 1931 2
1652 1518 202
91 1062 7
2884 2232 299
1152 2071 311
1107 1355 780
322 563 1
636 423 121
1623 1692 796
2720 2869 379
976 2614 6
1708 745 9
404 840 117
2342 604 4
400 1155 210
216 1456 8
2930 619 725
2818 1626 57
2489 1842 6
2103 2840 5
1376 1799 516
2289 2888 890
1267 1707 310
1351 2169 3
657 2808 941
2948 240 586
2447 1753 806
564 169 671
2345 302 197
2184 232 8
1349 1117 328
2468 1156 3
2234 1750 5
10 1709 10
511 2158 290
159 1006 4
1604 2488 7
1678 68 937
1790 250 5
2324 1965 5
24 1724 6
363 1739 2
39 513 9
2692 1055 736
140 423 736
678 518 4
1446 2617 6
1988 488 9
2992 2173 5
2369 2240 2
817 913 7
1180 281 35
354 1559 156
2159 1072 979
1228 2239 868
1261 2623 473
651 1545 29
1676 2629 10
1549 2878 435
1950 1237 622
420 2700 6
587 1662 781
796 1044 447
1326 2509 3
2372 2174 2
2265 547 837
2244 2436 694
2535 2984 5
514 1759 813
1101 1391 1
2721 2562 873
2117 597 9
1901 2723 257
268 1488 598
1407 916 8
715 1312 7
2596 1193 7
2550 1690 1
2839 1475 961
1433 1836 556
2759 2788 8
870 2999 346
291 2106 667
601 71 7
2189 199 428
2559 48 577
235 1902 204
1568 779 509
2332 2067 9
975 1 8
1742 100 6
1597 1794 214
35 1467 6
1882 565 3
1002 2794 1
1314 1167 4
2753 2593 9
1410 329 5
1783 2486 6
1437 575 694
2583 148 6
786 863 3
999 484 6
144 1473 126
1109 1991 6
596 871 8
1094 2377 9
1770 1282 838
1922 1783 3
450 222 575
394 2704 97
141 1575 648
1209 914 880
2906 772 874
2070 765 744
1554 1911 594
1701 2993 79
1584 2827 178
1738 1927 277
602 970 88
184 2685 550
1821 973 460
1933 1860 704
2952 426 2
1693 2113 623
800 1667 10
795 2934 3
1138 1623 8
2130 2356 8
2542 237 332
2198 2315 563
819 2988 6
111 2107 593
2095 814 862
2307 464 732
1065 1994 2
1393 1311 10
436 2691 9
97 1094 4
515 1057 46
452 788 752
1687 415 5
2732 180 824
1907 382 8
2435 508 132
899 480 362
2929 2598 1
2339 1567 8
1403 543 544
2308 2786 3
2907 121 2
1513 558 8
47 2583 589
1950 872 9
1198 1340 273
572 1978 8
1795 2254 5
1793 1897 58
2819 940 9
2959 336 607
1889 2842 532
2948 1750 1
491 859 5
1525 858 399
2253 2659 4
646 1841 887
1532 912 764
2997 1870 214
1681 2547 122
123 522 647
2724 1935 8
770 1144 633
1359 365 493
1986 299 946
2876 2885 9
814 89 214
1273 1191 2
2629 2418 2
1729 1159 498
499 1240 5
1763 1381 666
536 677 137
2173 1059 84
2054 965 855
293 2037 8
1488 550 668
2752 345 944
1521 2640 78
412 472 375
2266 2615 97
2329 1713 173
2394 1155 573
2391 227 685
582 406 893
416 2534 214
544 2802 7
1760 1786 1
379 2643 904
1981 11 913
2725 925 5
1979 1359 299
93 1873 646
2259 1710 102
1752 2151 731
325 1209 9
47 1230 8
1237 2015 9
884 33 166
1414 1370 454
2643 2711 8
86 1131 2
1318 1883 2
34 1213 1
1164 2729 537
1157 1162 2
1815 2496 700
679 319 3
2453 2024 737
185 127 24
2425 2848 1
1116 2687 7
2814 2126 8
1713 1668 9
99 177 254
833 2803 228
1165 341 10
739 547 4
2344 556 2
8 44 846
868 2768 1
2155 259 898
2872 1484 5
1947 2422 671
408 757 884
2309 1405 169
538 223 849
369 1157 10
672 2787 6
371 1187 2
1191 2616 81
1344 1223 7
2343 69 137
2718 1202 7
117 2412 8
741 577 7
265 1395 2
2127 1720 10
1502 1439 491
1094 2101 14
1529 876 107
1122 1382 471
513 2915 491
1588 288 2
2325 413 9
1010 1105 717
2241 362 8
2012 2684 570
680 2746 7
147 1301 9
2129 490 5
2942 657 6
1641 2649 7
2722 1723 429
1 248 7
870 2974 733
1710 1910 126
2864 1482 1
2980 623 467
512 1407 695
2171 2815 2
1588 375 1
2562 1218 8
361 376 871
2824 961 6
2471 2805 7
713 1005 8
323 2812 278
288 249 400
169 140 2
1781 1698 7
2018 314 561
852 2322 315
2293 807 5
124 21 21
490 1573 250
2039 174 847
2029 17 771
2569 2034 329
2738 2084 90
519 2563 671
455 2353 3
2309 204 7
2801 1066 299
1363 1498 834
2 619 749
2432 1678 8
1351 2291 721
586 1443 8
2361 1036 355
2017 35 555
2070 2957 854
78 2796 119
2354 2678 4
1444 779 6
2013 2421 831
1448 706 830
1053 905 977
1967 397 136
2072 1294 3
2179 706 117
1256 2043 31
2164 1506 9
1882 2596 4
606 244 8
1788 230 496
852 516 197
478 2001 3
2110 2529 943
99 2262 861
2108 2137 1
1767 2142 9
2523 2138 347
2757 2087 8
2612 1720 749
1806 866 1
358 1794 893
2921 1182 5
2823 2704 3
1319 1282 582
2458 2951 3
350 2003 127
854 1617 328
655 235 272
1287 1532 6
2172 1152 1
2053 2119 5
856 1105 993
2994 2821 7
146 1147 6
1198 192 9
2117 570 7
230 1136 386
1332 919 597
1690 263 418
1962 669 9
1090 2966 2
443 2239 381
1344 2697 6
1644 1504 370
100 33 976
1872 2997 235
879 730 158
1520 2966 406
1501 2785 1
1154 2294 653
2230 2753 677
2703 369 2
2568 2005 5
309 2383 600
243 2394 9
1294 2796 3
2463 658 121
880 2501 8
790 1505 4
102 274 6
2006 2930 446
2207 2111 397
730 932 31
912 9 900
1744 1629 376
1404 280 1
1860 1989 645
315 2013 1
1554 1957 811
2426 2837 1
1096 2924 733
88 527 2
1475 405 1
3000 1753 8
2318 2860 169
559 2186 2
1740 853 7
1082 9 5
2266 411 140
2117 415 9
2288 2473 2
1913 2231 9
1848 612 4
1803 68 62
172 1926 641
2771 792 143
96 2513 824
1672 712 698
1806 74 527
1222 2076 939
2766 1248 1
1979 713 3
2758 846 444
597 532 8
1444 2683 9
244 2434 4
2326 265 100
2956 2375 750
225 513 5
1816 2414 6
2332 2249 1
365 2947 7
2906 2629 343
1624 2921 1
1694 2093 2
1745 2082 7
2598 1001 74
2756 1828 7
2796 532 9
410 213 607
1775 771 443
415 1929 6
245 1605 65
1784 636 7
1669 775 469
1229 233 447
1969 981 2
277 323 897
1250 345 556
1868 686 7
1556 313 348
1417 1269 9
221 596 1
2012 1309 535
1375 657 5
3 2611 194
2283 1181 7
427 1500 255
18 2569 3
1055 726 1
2259 2081 10
525 973 414
1180 1150 2
2644 1950 483
2725 905 580
2184 2996 346
860 2197 710
96 45 314
972 1998 3
1943 553 4
28 1363 852
1466 2791 10
618 1282 1
1882 965 166
1843 874 972
2218 1657 8
310 2400 6
1517 2080 446
1326 1661 626
430 1696 6
1264 272 209
2334 968 487
535 689 344
822 1515 2
940 1456 8
881 301 6
1180 1707 547
2374 2480 6
74 817 570
2787 1025 9
2375 1477 8
1995 990 843
2888 1196 492
602 2304 26
2897 725 258
637 1332 8
831 499 663
663 767 5
1908 2997 9
2351 2819 4
2848 848 261
314 288 6
611 1934 7
2739 1135 7
72 2915 10
2580 1850 591
408 2182 2
2971 2402 835
1762 1651 7
78 359 2
1452 1264 243
2250 1583 7
435 1036 10
1250 2200 696
2960 739 850
914 1315 2
1299 1251 431
2566 2307 332
347 2611 4
1960 1873 206
2871 876 10
2827 920 571
2699 1112 3
63 1215 9
2543 2668 8
610 133 289
1274 1953 379
1828 171 3
2112 381 3
1486 1339 3
404 2867 899
548 2557 6
486 1924 215
669 865 6
345 542 879
2561 1131 8
1902 1889 3
251 1636 5
228 1282 552
1553 129 10
2808 2074 903
2680 319 654
905 497 566
1950 1527 2
484 2422 3
501 2793 678
228 154 872
673 1262 831
462 59 10
2585 899 9
1964 2932 222
1333 2953 9
590 82 126
687 48 796
2269 1740 459
2694 2935 4
1091 1057 648
2402 1983 5
2258 2348 532
1600 2425 2
954 2440 2
884 825 914
2567 975 2
2939 59 4
657 1878 7
1851 346 4
2048 624 103
2747 473 6
109 924 468
673 1252 216
1539 2357 9
1981 1742 9
2808 1663 769
795 1118 748
969 1015 737
2674 948 264
975 1448 746
1145 1979 3
1604 1478 603
1545 23 6
1519 1222 2
2585 2056 9
1162 2515 669
1980 126 988
1438 2506 9
2191 1300 605
1250 1213 8
2463 793 591
2067 1602 873
2255 743 421
2422 2970 4
1232 1008 452
2286 753 3
2635 2825 3
2660 818 2
1900 170 5
586 1154 696
807 1814 3
188 1490 2
310 2384 5
1736 2779 6
2887 670 454
1247 2246 298
1423 2265 55
497 1933 8
1352 2599 466
2034 684 988
1793 314 849
2724 1103 9
612 2244 503
181 237 331
1303 67 7
2399 2113 571
936 1799 92
2940 2819 10
1788 2394 8
2337 2771 821
680 327 8
161 1358 6
410 1616 8
189 697 655
2896 491 7
729 1845 224
270 982 10
1112 1902 7
2655 2954 4
1830 2279 3
2736 1380 8
2839 1241 486
2570 1217 6
649 1481 8
1727 518 724
1008 2880 486
932 2724 3
2181 1504 562
2496 1870 1
2116 1566 7
1024 2530 8
2932 424 287
1606 168 693
1455 2544 536
1560 2849 583
188 388 2
1676 812 1
2158 1875 504
587 1781 10
317 511 3
126 691 2
1028 1502 21
1244 598 978
367 1560 4
1689 602 714
2499 2909 6
389 2805 6
616 1604 179
2501 645 73
2796 843 398
468 2188 4
150 2419 7
2650 2975 893
1479 862 357
1673 70 2
1667 1995 61
2522 1610 10
655 2880 378
1152 1928 175
2740 1514 390
1654 345 901
784 1594 906
1235 503 4
1988 835 4
2691 2931 137
495 2922 756
2520 1140 172
931 2046 1
1123 1707 2
750 2463 10
2792 1621 512
1151 323 767
2284 902 7
1991 1405 194
1420 2553 6
2117 2924 1
178 2220 526
96 2569 739
1786 2182 979
643 1532 6
1717 1897 691
98 1913 662
890 1997 8
983 1787 354
201 1157 491
1953 1194 2
47 969 690
222 2970 5
1687 701 9
1530 1434 5
2365 2374 3
2386 1092 5
2426 2805 9
2326 1896 9
42 2413 5
2861 2111 7
1425 2663 2
309 1024 4
1695 2408 353
2072 1335 262
1699 873 5
69 187 892
1201 605 4
2650 2669 1
2289 873 273
1871 1731 4
784 1257 10
1275 1812 946
286 2285 161
2288 2830 587
689 954 3
400 622 984
2925 611 1
499 253 808
710 1090 6
1453 1532 135
415 1290 3
737 977 9
1133 1 8
2342 1474 2
794 2928 8
1474 2725 403
1931 2116 984
1063 187 6
1487 2518 508
312 2837 662
1297 1269 9
2147 1961 8
1361 1303 9
1042 1081 10
2104 1717 989
2165 2694 8
2141 163 279
1062 2990 997
2614 1313 539
929 626 471
777 2889 484
2410 300 9
2928 62 598
2688 1257 242
219 1016 396
2302 2324 966
1146 2312 7
2421 1669 701
826 2439 735
1632 636 9
1447 1594 630
1017 2776 4
2859 2543 526
360 489 720
1574 1901 946
1789 2200 2
215 1612 787
1582 1312 76
945 1007 9
370 2298 10
222 2541 305
2619 924 547
2368 1771 2
1841 2561 742
581 1599 10
2207 2849 555
985 2973 10
2641 1749 4
902 1916 4
2856 1454 3
1166 2481 1
2657 692 633
1704 803 950
638 1530 1
887 2713 6
2317 2615 537
2113 30 727
999 1388 154
1274 2680 3
737 919 1
1977 16 8
2837 2502 7
2048 354 51
739 536 8
1114 729 364
590 1271 8
1663 2829 360
2726 1386 687
1313 170 4
2489 1798 664
2288 1984 264
2491 1392 520
1591 1319 361
267 720 149
2193 197 783
705 2593 227
2836 1838 108
2286 1254 1
1663 1210 8
1562 2834 361
2414 1520 3
79 1424 1
2617 2854 149
1604 2860 740
779 2787 4
1885 85 3
1028 2349 741
622 2126 6
388 2377 6
436 147 4
2286 2338 2
2342 1040 478
344 412 2
158 1513 423
1537 1824 5
570 1380 132
663 1139 444
1039 660 3
2819 23 3
472 2932 2
2767 129 6
2524 2236 330
578 2785 3
22 530 7
2182 2235 255
2992 410 9
2227 1894 941
430 8 5
174 2509 2
1887 621 7
1667 2350 3
1525 2293 4
606 2096 356
1612 1607 3
1902 32 10
2430 2600 1
1410 14 148
952 643 8
2656 1884 6
842 698 3
834 191 8
644 1802 729
2810 2127 4
968 945 867
1238 2354 6
1831 1120 607
2453 2851 321
2804 1923 1
2036 254 9
1930 1758 860
1753 70 9
550 2 5
32 60 410
78 1719 611
1510 2254 206
2428 1399 433
1360 219 357
313 471 667
2628 553 222
998 2635 275
1864 1591 4
158 2918 8
2550 2786 481
2957 151 9
985 2236 380
2906 2354 8
721 594 583
49 2893 499
209 105 527
2662 318 520
2324 846 1
450 968 1
2980 1170 9
845 2366 6
1597 2450 8
2117 1452 770
2281 1794 10
1521 1648 48
1422 1540 205
1354 1637 2
1131 60 6
2992 989 6
2380 996 356
2609 2306 649
1681 1384 265
2633 1805 7
931 522 417
297 126 955
2136 461 9
1196 2527 5
2324 2407 2
711 1421 784
819 2485 213
137 2028 10
2802 1454 789
1051 2368 828
1215 547 677
245 856 870
2353 774 737
2013 127 1
327 1821 323
2097 1619 193
2976 242 6
1636 400 5
1014 492 9
2475 2376 921
1344 1337 8
2043 2110 6
1400 78 511
664 889 1
2583 2001 6
2977 2764 913
1940 941 57
2723 2180 10
1060 669 9
1233 2294 435
1279 363 10
1422 2399 548
2082 2520 332
2982 940 2
1928 691 3
1344 1626 484
403 2078 257
298 2508 5
466 666 2
939 327 4
940 2296 637
252 782 1
1457 1231 453
674 1609 7
1876 2759 4
1894 2801 198
235 503 1
2961 1366 767
2266 375 181
2386 1089 380
147 1597 6
2932 399 143
844 1989 816
1261 2583 10
1885 1998 796
1900 2110 774
843 2483 42
1897 2736 603
2477 1438 1
2957 1758 763
2820 2030 1
1728 185 6
2521 1108 3
1617 20 498
1349 1778 994
337 2801 813
2322 193 7
1725 2789 223
1129 1298 12
1598 539 842
1423 635 706
518 202 476
193 375 9
2130 2263 698
1702 1029 10
2933 390 9
894 44 535
2128 1031 380
2794 2669 3
563 2825 2
2601 1966 9
546 2355 10
2350 1938 883
817 2120 610
439 1898 864
1903 790 2
1216 2576 5
412 73 8
1902 2871 3
39 258 5
2548 2461 4
931 2436 10
79 1097 356
1032 2055 1
2188 2101 3
1912 2146 764
1528 2516 7
2708 1766 1
496 2093 4
2284 1554 3
1017 1810 5
323 1942 9
134 2787 178
1592 277 4
1245 719 3
53 1008 1
899 496 520
892 2670 3
1432 2590 336
381 709 366
1105 707 343
1078 1597 5
2776 697 9
2318 316 3
2472 2871 5
217 1817 360
865 1716 245
2673 497 183
2537 1085 701
1391 366 3
2689 425 762
1903 1990 571
1891 17 445
2719 2712 4
284 2285 108
2293 878 2
365 2627 954
413 2637 905
567 2782 200
595 907 565
2543 1166 740
974 1881 5
2470 452 7
2977 2652 571
194 1408 10
471 1775 6
1744 2525 84
2162 1699 6
2688 2716 7
2029 2004 7
2020 2290 1
1238 2346 551
103 622 5
1284 182 4
406 1643 4
2123 606 9
1762 1792 942
2114 1383 10
2982 377 326
305 2749 156
2821 251 10
1858 1954 4
2198 1528 932
329 1050 3
960 1491 239
2840 430 4
1343 475 695
1537 1550 981
869 912 425
1937 1828 641
395 876 169
1758 392 2
820 442 4
521 1016 9
254 1912 482
2965 1928 892
160 2412 9
283 51 784
680 2317 4
2811 695 8
2976 1214 1
323 547 6
1078 2578 6
445 2477 75
1518 644 492
1399 2669 3
2564 2679 5
2101 963 9
2991 669 9
193 1393 293
154 541 598
1898 2607 565
1973 413 9
1055 2208 2
2149 1964 193
2721 281 53
1653 1394 265
1607 1152 10
1722 2556 33
2599 2883 2
1380 787 114
749 1074 277
2843 721 774
353 2730 371
1060 1318 6
2178 70 2
1274 2614 357
1157 1191 10
848 2481 238
2906 1839 2
2282 634 4
2773 513 483
1691 2869 5
1430 2409 551
2408 2290 1
1055 1319 5
1550 1300 71
2691 504 213
1529 150 308
2605 10 9
1279 2239 765
2282 2557 2
846 1454 716
173 2857 663
2855 955 863
16 2849 587
1804 2715 10
922 335 659
2076 704 4
726 2313 2
1998 2997 449
1978 874 3
2821 771 919
2004 2924 4
1763 2967 879
2787 2091 2
2476 1396 8
2798 1468 334
1190 1950 794
1120 2787 3
1933 82 74
815 1291 778
992 2645 673
2126 1793 813
480 1609 2
2278 383 589
1959 2449 3
1198 574 6
583 2303 3
2400 665 5
2492 2858 170
1386 2467 932
2664 345 471
2761 758 448
2983 181 267
2266 2028 7
2152 1046 861
2547 615 517
2583 437 4
2970 514 6
2832 2423 4
713 367 10
2653 1758 479
2921 2944 9
1517 1646 2
124 148 134
634 1814 69
2675 1585 82
2166 2163 101
155 1256 5
1879 1597 998
2939 1636 6
2566 2533 1
748 2204 739
2789 389 2
1225 2455 30
355 1403 967
1705 1368 7
705 166 582
1886 1594 4
2151 2927 907
211 2819 1
2821 168 260
186 159 4
1388 2803 58
1195 2577 3
1263 846 686
1197 1933 3
2011 156 283
1614 1890 4
2955 704 1
1536 1561 635
1452 1333 8
2355 1524 3
707 2666 126
1316 1121 5
586 1604 2
656 2413 488
714 2336 520
1 410 2
972 2658 270
471 490 374
514 1958 1
1301 2394 76
497 2519 539
1688 2430 2
1563 2799 202
2764 227 960
1934 2543 312
2497 612 538
668 1584 10
631 2466 295
2466 2613 432
2115 1636 72
2770 296 520
2620 509 447
2646 1647 717
1477 983 2
2304 910 7
2875 2145 7
151 1602 9
1228 2750 78
1125 2019 49
2610 600 630
2270 415 1
549 2568 658
2235 1609 737
1902 2557 7
2574 831 8
2119 1997 5
1861 994 87
1149 2205 578
1037 1977 997
2653 2472 3
1385 2755 60
2134 1787 8
1010 2033 6
1991 1148 367
1371 2436 455
1356 1907 10
2406 211 7
2429 1565 282
681 2269 511
1969 1721 2
1068 52 6
1353 1652 10
176 2263 413
2926 633 5
667 2405 9
124 2150 614
1458 48 7
2093 1050 3
742 610 360
807 1123 552
1576 1571 5
110 55 2
1297 511 1
2854 986 10
343 1403 3
2203 2687 4
485 2076 1
2445 2157 983
481 1228 6
2879 2324 1
2534 642 2
1187 563 307
632 842 952
1481 2774 8
835 155 8
1443 1758 365
160 1531 5
2418 877 8
1542 1467 105
1405 773 443
412 2372 1
2932 522 272
2744 1744 10
445 625 3
613 1773 2
1180 2307 10
2291 2890 362
1066 1199 3
988 1753 10
1793 1679 1
2850 369 2
1153 2923 5
2203 1667 475
2089 1296 2
42 1763 10
534 928 77
2753 1147 5
2281 205 8
983 833 712
1322 1552 4
2791 971 305
663 290 56
1532 1908 9
1571 1849 6
1112 2444 3
1403 1989 238
2863 2401 6
946 2588 947
1038 1147 349
339 1129 9
1580 1996 6
298 260 106
418 485 6
2411 104 617
1618 2287 492
2606 2323 164
2770 901 814
1787 1216 562
760 98 56
2559 1540 3
2586 628 6
1473 705 776
2281 2618 8
615 1631 5
353 2834 3
2712 174 4
2566 114 250
320 2765 784
2085 2728 619
2062 1051 547
1756 968 5
2620 2412 8
618 1397 1
2984 1778 598
255 603 3
1035 2500 194
470 1821 315
1321 1520 3
2611 2341 779
2919 2037 10
2907 2382 6
1027 128 168
343 2783 435
2432 2228 557
1146 2499 676
1482 1624 40
2226 70 683
2905 962 876
2352 725 406
825 1245 3
2898 2748 879
188 824 617
1192 2286 2
249 1063 7
1283 1470 912
208 1134 9
2238 1479 7
2693 2723 343
1022 2163 147
1384 2623 3
346 2440 350
2482 1373 542
957 1688 6
2431 1536 7
1873 838 4
2166 1214 2
2301 2106 7
2258 1310 861
2221 1 378
1741 1681 249
658 2343 3
1645 2368 801
94 2476 184
1838 2666 351
976 705 779
2150 2128 37
2559 841 7
2046 91 967
2581 679 618
207 1139 106
15 1348 3
394 125 157
2161 539 5
2973 779 3
2017 1629 10
360 1779 4
2566 1827 371
1036 817 148
2063 2218 673
329 1593 373
2582 1102 327
2996 624 47
1907 979 7
1206 2078 219
475 2514 457
2700 1465 108
1519 2459 3
1044 387 9
451 2879 116
658 1196 2
1028 2106 291
1030 2321 8
2952 2368 968
2871 2362 293
787 637 6
2951 80 7
568 2993 618
65 2663 5
1251 983 228
2869 2616 300
2913 60 3
212 488 560
1532 845 447
138 517 10
869 2456 6
1296 528 1
814 1237 2
1318 1817 3
2888 1434 450
327 876 262
1823 2258 9
849 1022 10
2131 1482 10
2627 379 3
1937 1012 221
167 2240 5
596 2485 6
2694 374 3
727 2392 2
1360 2437 7
2151 1467 8
1859 510 9
1498 1949 4
1350 1295 8
37 957 10
1104 485 9
2496 2619 329
87 128 842
483 112 578
2424 976 3
2662 2353 672
2768 163 6
532 2084 10
2525 905 837
2845 2867 113
1658 2974 122
1724 732 3
336 2788 3
7 613 2
1312 1156 573
2091 2474 1
1681 852 3
2796 305 66
82 1414 32
1415 2404 3
2161 1475 137
2157 1608 220
943 2863 2
2601 2740 730
2728 1312 6
2102 1130 526
1950 1410 763
2217 1512 353
1952 1273 3
2380 745 322
1877 1635 10
52 76 10
2719 1387 5
2997 1200 396
2733 1307 688
1567 1638 800
2810 1409 6
316 634 414
1538 1344 585
1247 2728 10
1203 2439 5
2182 2666 6
9 1229 4
1348 2980 6
2771 1324 6
1703 514 924
1988 1124 535
1879 27 928
1557 2873 8
1222 2235 525
113 1863 8
2668 1083 8
1155 2478 230
2238 1568 2
172 1856 637
2840 756 9
103 1618 634
1058 1231 10
1684 2032 6
2846 2856 654
1972 2379 7
1752 2024 39
648 1910 57
1138 1049 2
570 977 611
2006 1561 9
728 1961 235
2676 1556 8
1152 2923 169
2942 2456 13
1335 1737 516
940 1390 9
622 2147 3
2789 2495 7
2438 2894 577
1545 688 475
666 2917 442
1979 1443 6
896 2131 126
2953 4 8
1084 175 6
1593 1762 528
2880 558 451
2607 2611 184
2347 115 335
2098 2224 351
878 47 67
2391 2752 6
1831 2539 359
1556 1327 7
232 366 839
405 1677 204
1371 1555 6
1450 841 588
2262 132 980
2582 572 6
313 106 3
2748 401 8
24 1621 721
791 1774 6
489 292 6
1627 776 1
272 656 9
57 124 979
1636 729 5
535 2438 873
2441 2914 9
830 1746 9
2236 2233 691
611 337 3
1426 1568 814
367 45 3
2203 1725 310
417 1382 58
2226 959 5
779 506 6
1473 964 5
317 1342 594
2810 1875 747
2082 292 694
1524 201 527
492 1021 3
1015 691 995
2165 2991 9
1066 1862 551
2520 2151 8
1168 852 1
389 326 2
2886 2634 202
2457 2588 10
2780 2595 792
1935 1219 4
1408 2755 8
2674 1254 542
915 898 780
1434 962 469
1545 128 5
722 1616 2
1567 2163 752
1739 2684 319
341 416 7
1542 2354 10
2182 997 6
1382 27 7
2960 830 4
578 1584 5
2246 1723 539
2367 1782 9
2621 2050 669
2338 1746 430
2559 390 942
898 1778 378
2663 593 32
2088 2692 10
9 1729 4
795 2839 8
827 764 636
996 2476 327
452 1486 226
1320 2058 8
398 1667 9
1482 1071 10
422 2318 233
825 81 4
698 1608 349
598 968 7
321 2957 1
2337 1003 480
1763 1457 26
1654 2889 7
1359 1069 1
236 58 3
644 642 10
1439 463 614
2576 483 36
2499 2265 7
1269 287 553
1066 1 9
1430 1433 6
433 661 309
756 2254 80
2237 1633 490
156 2217 8
2721 1343 3
2737 1948 169
1742 2292 10
961 682 400
2320 973 7
375 2800 816
913 2119 567
524 19 708
1094 66 9
2800 787 7
2048 1131 2
1849 1248 145
1540 1013 7
307 2995 4
102 2794 2
2472 2124 349
2874 2054 7
1306 2563 966
696 2655 862
2390 1476 8
1080 1229 663
2866 2754 2
668 802 173
2968 2028 3
211 411 2
835 1845 1
909 4 5
1636 1212 3
691 716 435
1986 2461 502
463 2386 568
876 1407 6
2130 2580 10
2562 2005 845
2709 1597 9
1100 1009 8
1156 2673 9
11 2528 10
1422 751 10
2863 905 5
2368 1227 4
1349 603 422
73 1665 229
2607 2925 5
899 229 110
1979 2987 8
1740 1741 824
1931 2834 453
312 2686 415
1667 2781 7
2860 1378 912
235 797 539
410 1332 2
518 2964 171
95 731 585
820 981 410
2477 1366 6
1568 1517 569
1577 1584 759
2785 385 326
1568 2918 960
2460 2096 613
2022 1934 1
494 570 146
1412 1070 8
892 2718 218
2204 2818 193
491 410 1
1109 1839 460
1535 2266 519
699 2460 95
245 2249 968
1309 1576 766
2623 2954 5
731 283 4
736 13 4
506 1912 8
727 837 4
2846 795 739
1490 1310 6
2483 922 6
2801 1224 606
808 1600 439
867 2658 4
1202 63 232
565 2688 867
101 1407 229
267 195 159
2864 1031 554
2385 1472 599
621 1751 6
1996 1995 2
2948 1074 2
713 1459 7
2232 2131 900
625 483 866
107 464 7
1964 1160 7
97 1416 10
2130 601 9
337 412 6
895 2932 170
1877 412 3
52 2151 9
1704 2013 7
111 687 93
1777 995 6
2129 1481 629
1011 2311 9
2371 724 6
2298 2264 138
2944 703 563
2315 876 4
1441 1587 509
409 2118 215
2054 532 5
969 309 967
1596 1 9
800 1865 906
968 1135 2
1912 814 405
1673 2278 10
371 2558 686
793 2799 8
1195 1965 765
696 2203 779
1258 1754 6
669 2064 586
457 2609 503
1012 449 3
1793 2729 899
1802 1251 4
476 542 652
1957 338 1
704 583 10
2534 1122 3
861 2766 5
2287 652 3
1490 2125 233
553 1497 9
1767 122 454
69 1178 2
1113 2589 1
18 2970 34
98 874 131
1160 1636 3
1897 2739 557
629 1693 498
1481 2412 476
2257 765 362
408 2105 281
760 2372 148
1839 166 5
1292 799 303
373 1606 10
2442 1431 3
2692 278 256
2992 2475 309
1146 1865 24
829 2235 9
903 1611 6
2209 1416 9
2848 1301 559
1456 1188 30
1754 1395 828
1471 102 685
2015 2765 377
1487 172 8
1293 608 256
1196 2918 7
838 616 729
1650 1627 194
2169 395 2
228 1108 6
1115 1073 4
2130 2623 4
1434 2511 9
2305 22 4
723 2605 146
1624 123 902
1004 2009 6
1735 464 5
965 872 1
219 398 9
2942 2772 250
2309 1676 956
32 2836 172
1279 195 7
158 1411 777
157 1030 6
1172 1641 590
891 2234 4
2024 2085 109
2240 1477 401
2398 32 7
2856 1626 7
506 627 6
624 2089 4
1146 2822 494
554 2685 9
1451 1747 588
2972 4 2
270 2012 880
384 88 251
870 111 3
1693 2140 618
2130 838 333
695 782 10
1314 1481 692
631 908 258
2234 2753 897
754 433 303
767 2160 873
2591 2510 223
2971 2542 4
2356 1181 6
872 1442 462
2089 1785 16
1202 2402 10
2288 222 801
1555 804 254
1776 2155 5
843 828 8
1366 344 575
271 1773 567
54 1525 1
2546 107 4
2369 1108 801
1956 959 333
1305 219 29
2626 1874 1
2534 2114 7
2061 1327 621
2407 1803 668
2381 344 2
882 970 3
1989 1188 191
1624 1617 7
1436 2441 567
1640 1308 428
2733 2055 557
1894 754 681
2299 854 6
1561 1335 10
1943 1923 853
878 501 980
946 2555 1
636 606 288
1564 1288 1
1818 1334 7
367 2526 9
2613 2737 10
805 1998 163
1386 1777 802
616 2443 9
1026 2989 63
851 2849 794
1139 321 202
583 1705 187
651 468 515
667 1896 148
100 1807 1
2301 636 6
2869 258 428
470 2036 272
1819 1683 463
1762 944 854
1326 1305 476
125 1497 1
10 2497 6
1394 895 8
829 2938 4
2888 641 3
726 2822 1
1363 2992 2
1924 1704 692
1265 2677 338
226 1303 148
2740 693 8
2111 630 3
2436 1935 9
1753 1057 5
571 1182 2
1541 282 2
1654 524 801
271 2898 336
1241 1053 82
1214 626 1
2400 168 9
778 1636 10
698 676 298
2853 467 1
2798 208 10
1738 11 10
1095 783 3
2461 1555 853
2522 654 892
730 2407 320
388 2967 6
13 1737 121
2441 2162 894
2964 2929 6
2020 1027 555
900 1708 860
25 1928 607
2219 1770 997
52 1164 4
252 2114 655
1088 1156 214
1025 2952 87
1691 1234 431
106 1177 2
1459 2529 8
1460 1556 7
1997 557 248
946 2060 315
1466 396 9
87 2530 7
286 1184 3
1211 1395 900
1962 2030 931
278 1753 1
2226 2699 518
152 1650 382
2915 735 683
2911 2427 10
68 1967 8
269 2069 726
730 2701 10
2503 2130 5
2449 729 6
423 976 6
491 1295 9
1854 1116 7
2782 2948 1
201 868 952
1508 2261 716
205 1754 5
1715 1180 6
1441 1844 7
673 1951 7
1273 186 9
2559 391 7
2574 1931 822
2719 2648 808
834 789 7
1389 1969 9
2778 523 5
444 190 6
832 2156 2
864 2548 437
2428 1245 6
2309 2378 4
1364 228 1
2830 1560 63
1415 245 9
2176 410 751
2202 1277 5
1368 1372 10
2855 2768 41
2092 2481 2
2801 586 4
309 2680 602
2667 2770 644
1557 126 486
1358 1703 6
2368 1587 2
2060 1539 7
2692 310 956
2816 2517 4
320 895 1
2410 2028 532
2738 274 6
1978 929 7
1956 1175 576
2602 77 162
2328 2587 6
588 2280 3
2222 1488 2
2865 419 8
2604 2833 134
69 1138 5
2020 2347 761
1891 1907 6
1064 1169 9
2487 200 424
822 242 808
2936 745 6
1569 417 283
570 643 334
755 1669 10
2851 2455 301
622 1596 10
218 1709 280
2316 411 127
2765 2978 901
1327 1911 215
140 2771 317
787 140 587
1666 300 256
2636 1134 759
2 65 7
1906 2469 661
419 2198 5
1910 1258 1
528 2795 7
809 711 77
956 1458 9
1371 2005 104
1577 2776 7
2174 2083 806
648 1491 9
1712 2979 5
1666 2282 8
117 687 8
90 1248 1
1252 2657 311
2442 2269 74
1037 2632 555
1796 711 10
1187 1917 5
1081 2405 999
1856 1619 386
2660 2349 442
2907 1475 259
1261 1113 621
2538 1489 4
2010 964 890
2735 635 5
1979 2140 1
2277 1428 157
2713 1609 628
743 375 6
2181 232 40
2453 13 2
2528 149 497
2484 2188 980
1169 1205 2
1706 1132 891
1760 1937 1
2235 1765 207
1675 1909 3
222 1299 369
533 2935 209
1261 1887 8
1559 348 369
2827 249 10
2179 898 336
1534 835 2
2228 1333 778
2256 1044 83
2014 565 2
824 2021 391
2509 2275 372
2436 2650 211
2236 256 5
372 2781 972
649 1282 478
998 2110 658
282 1548 625
2196 641 10
300 1151 66
1354 791 5
2599 2754 9
2420 2106 195
2524 2169 321
1291 144 510
583 2934 841
1509 1022 643
839 1255 1
397 2801 1
2939 1898 4
1531 1303 5
389 2206 2
1342 919 982
2763 2691 293
2232 2806 10
2819 353 3
5 2707 9
2778 2827 787
2299 800 224
1773 1188 816
937 9 83
674 2751 504
1232 2110 527
2644 2885 3
726 2975 9
2547 1033 705
2869 2956 252
1776 725 907
2239 691 312
1479 61 398
1012 136 10
780 1412 928
495 895 223
2173 1122 743
2424 1019 805
230 1962 909
1655 1377 4
109 533 7
2743 1384 933
957 2361 48
2896 1506 4
2205 804 8
1110 522 6
2873 2881 936
2063 2390 3
1069 313 481
1772 1244 132
2270 1368 870
2105 20 8
2445 738 1
2173 1029 8
2819 324 2
415 2741 360
2173 809 7
1309 2677 170
616 2704 855
216 935 723
2196 948 68
912 1922 247
2899 2943 712
908 2014 2
573 262 400
592 2819 36
1389 2021 509
542 2500 6
816 1022 4
1171 2753 3
2888 2461 758
1392 2849 3
1833 2123 345
2395 1043 454
2269 2664 4
957 805 10
891 2329 621
2691 2153 871
1115 840 10
2018 224 153
2684 1917 9
1144 930 286
364 1125 2
2724 1629 506
570 2781 86
467 1222 467
407 2449 2
2105 432 495
45 1297 865
31 2878 989
1060 679 8
546 2693 740
394 761 8
2398 875 567
822 715 277
635 2275 2
2580 597 2
962 515 316
980 2510 5
1399 1119 549
734 751 7
555 352 257
876 2102 394
2196 2940 657
1157 1011 3
1947 959 9
1982 689 375
410 1895 10
2347 2717 3
2389 1313 6
2858 2644 7
1060 1415 10
2208 493 538
271 2572 2
681 855 10
408 793 545
2642 2576 7
2109 2289 166
1765 399 486
1767 1719 1
1014 1686 168
1391 72 10
355 1481 444
1570 2363 671
1625 1325 7
1037 1018 8
1432 398 3
790 649 30
228 560 1
1466 883 707
2775 1137 691
2283 1455 7
164 2672 1
796 1359 9
1250 2170 826
1133 398 5
1518 1296 4
1570 1574 6
963 1146 4
2682 471 4
888 713 8
1484 2541 799
776 857 6
1405 938 7
1357 36 364
465 1530 707
79 197 14
1092 842 1
1578 2498 3
1207 1876 7
1296 1175 7
384 270 6
1729 2415 1
2210 1740 1
2572 120 319
1762 486 874
2902 766 151
1450 1613 4
479 2806 975
2267 1208 285
2071 2484 2
353 352 5
826 1476 550
2038 1873 2
890 1585 656
702 1305 979
2533 2064 984
921 97 9
2169 525 1
1977 469 10
958 2533 715
1340 2803 10
1298 319 50
819 1883 453
1783 1608 9
30 506 2
411 2014 980
2076 174 7
446 1938 3
1534 1949 7
1723 1634 1
1311 2786 8
779 1832 414
1540 2640 86
1941 96 276
2029 1131 185
2902 2815 97
2903 2227 168
1481 1330 8
2075 489 1
1945 2569 6
2213 1919 5
2923 500 624
1558 733 688
669 272 133
1966 1184 3
1051 723 486
2216 2598 6
1148 640 926
2857 1924 9
389 2978 8
1771 531 190
951 1561 8
2580 1525 10
2732 1 9
297 2110 1
2285 1914 8
2941 1216 642
2234 2013 475
1441 1305 8
829 1291 6
485 1534 2
2787 1546 3
838 2821 1000
349 1706 3
2076 1 4
655 629 917
1746 2712 1
2093 2049 4
2413 1883 637
1041 1950 3
2427 1608 212
767 2795 368
1229 1533 954
441 2970 5
2964 832 258
459 415 1
1526 1479 669
2086 2456 355
1872 556 5
2636 949 10
1368 1404 7
1457 480 292
1722 2774 206
2698 1676 6
2256 2307 3
139 2773 509
1122 2065 161
1871 1547 928
2253 1315 888
2128 1211 201
646 725 936
233 2201 2
2647 2065 9
2788 1408 4
1920 1921 466
1075 140 92
1066 1484 4
781 1855 7
554 1400 866
1033 1241 9
1022 1049 6
2359 188 8
418 1147 176
1901 490 251
777 2088 5
658 2827 5
1124 1605 8
2370 1216 10
2913 508 522
1783 1315 8
1424 1152 583
2995 2030 226
2541 604 243
946 1618 580
145 2041 594
2058 2275 911
1030 1820 1
1033 445 437
407 663 783
2416 551 6
34 655 6
2495 248 427
2681 2934 5
871 2992 5
2564 2141 5
342 688 956
1096 2849 4
1818 380 79
1152 1643 1
2082 1697 2
2636 939 523
2323 1801 735
1239 396 996
831 1138 389
2345 937 4
893 919 9
572 1824 7
559 1881 8
147 2333 10
1879 2865 1
492 2824 1
981 2706 644
329 813 7
944 1979 954
2499 2643 84
2466 2183 872
2225 1328 263
2137 323 475
2765 1131 5
2609 2216 88
47 970 8
95 1484 9
1740 651 4
944 1954 5
2051 1317 198
1926 1828 3
1813 2353 785
1075 1478 6
2898 164 667
1245 2775 777
1588 2730 3
1769 1910 646
2627 685 8
469 2815 649
740 2636 2
2340 2427 7
535 1724 220
1393 81 991
2296 2216 886
2457 2313 328
2223 233 10
2925 1499 428
476 895 671
502 1793 9
1600 992 2
2833 2000 5
146 1009 198
2675 1123 4
89 2574 941
2187 1535 8
103 1863 9
971 2829 5
1526 386 4
403 1892 538
44 1787 7
2375 2693 575
137 224 10
398 1657 2
1679 1864 471
993 449 778
1557 2008 335
1413 1371 5
1705 1523 7
2900 2656 5
956 749 144
2702 1019 1
2747 121 26
1172 795 4
61 737 6
641 1731 6
238 1478 5
1413 888 13
182 1274 3
1266 1119 1
412 1200 6
1242 9 469
1109 1744 5
1267 2929 8
422 2260 4
141 2210 708
2059 202 7
257 765 381
889 671 9
1406 358 3
2550 925 10
1765 1123 34
2673 2507 8
738 907 6
925 1470 65
2413 2556 797
2749 370 9
2586 764 4
1273 1315 6
58 1133 10
1071 334 31
1318 937 32
2418 365 312
817 1939 479
1812 781 455
2985 151 83
2083 2792 396
2898 1361 7
117 140 2
1051 2483 6
2120 1370 2
2908 646 123
1544 652 1
2635 1348 1
15 841 841
2638 2379 5
2195 2261 157
432 2899 2
2079 1866 536
734 1373 9
618 1671 9
482 113 149
500 62 986
2683 2952 5
2696 1859 6
1852 2665 9
2984 2735 115
1158 329 2
2065 1416 585
2191 1532 8
427 1665 9
1525 1 10
745 474 9
1846 2721 1
466 1577 1
2081 1470 3
344 179 8
1304 1805 3
2043 1112 895
2719 2508 6
2827 223 836
997 1857 984
1457 2104 3
2101 2137 8
720 317 611
910 996 725
2209 2081 684
2909 1604 495
2332 2279 735
871 1772 721
148 113 208
1235 2052 613
432 2886 7
1513 1089 2
1396 1484 649
2785 2492 516
1377 523 5
1880 2054 832
1407 1809 9
901 1571 704
2499 746 604
856 2422 535
2986 2526 3
377 464 239
950 2539 7
2624 133 3
2119 98 5
1636 2617 7
2492 2147 890
1694 2909 188
1991 351 507
1083 1135 676
357 2792 924
2167 2520 2
2231 1140 8
623 2105 239
231 1094 784
1914 2804 10
1359 2020 401
2280 1054 395
1722 2650 9
2387 2023 7
712 2620 1
112 2641 9
1190 2199 138
2326 1833 209
2800 767 270
2840 1408 6
2380 364 10
2165 1601 3
2124 1571 9
2852 107 6
345 149 10
1367 2516 1
562 395 10
1245 2460 985
2240 1906 784
2639 2954 930
2512 905 340
750 100 127
1346 197 2
2284 1522 9
2522 1055 10
439 316 6
1575 1982 875
2611 1083 157
2514 2050 7
1616 2220 37
2818 708 10
1341 1290 4
2221 1764 9
1493 1295 118
1151 898 771
2549 1169 7
2992 2412 2
2657 1959 931
2827 2354 8
1157 999 441
2640 1949 321
438 2122 445
2627 1972 7
1374 679 260
1644 1708 7
409 2422 1
877 1554 581
653 228 582
2472 749 513
640 557 4
793 1295 6
296 2450 9
2360 1118 2
1001 1734 2
1868 1451 867
205 1827 330
2747 581 858
2418 1382 827
2310 518 814
2448 2206 10
1213 2447 6
1368 2369 991
2441 558 572
1010 1350 846
2948 864 7
874 2552 838
1055 2709 667
10 2461 8
425 2080 2
2830 2257 10
2623 2199 7
1163 1496 4
2572 2263 620
1227 2224 916
2458 2956 757
1562 1162 6
2949 932 967
2842 2005 6
1669 2837 339
430 266 10
61 463 61
114 451 364
2450 2850 493
893 189 954
38 1726 10
734 507 8
2969 1456 2
1803 2205 957
1500 1884 347
853 1273 60
2939 192 9
771 600 640
2540 1227 249
555 467 3
545 2523 83
2737 2820 950
2859 2679 871
2460 569 8
684 2089 412
1349 739 3
1987 1242 2
1956 753 859
327 2025 505
149 2764 380
2022 1201 825
1972 63 2
2992 1365 582
1257 1295 58
1356 2090 5
1677 1418 7
332 2373 564
510 956 605
404 2972 2
2150 259 1
352 426 869
2439 972 708
1377 2786 5
270 2153 6
1904 387 213
597 1203 4
495 896 198
254 2178 384
2223 1547 4
781 1637 6
772 203 736
2786 620 617
183 713 728
764 2592 763
464 1349 523
1080 2069 223
2493 277 254
2676 118 40
2881 2796 910
377 818 4
45 1117 170
658 2110 3
329 150 6
183 2543 352
28 2009 8
2710 2781 332
764 1941 790
432 2070 579
2594 571 662
1027 1988 8
389 583 932
419 2694 879
826 1072 3
414 468 1
1767 798 555
1571 1869 10
2563 2175 862
2961 715 1
1547 2264 921
1547 2483 378
2066 242 2
962 2319 3
820 1733 9
789 692 3
471 1712 9
2258 2576 5
799 160 4
998 1701 2
2778 2408 457
1039 1877 157
1110 2061 6
890 467 43
1298 846 50
2724 2974 1
350 1319 9
2754 757 2
1945 314 238
932 991 7
1937 1518 811
291 1846 2
2319 1495 3
530 2124 2
2025 2281 551
2744 1897 3
2572 10 6
300 2220 278
2513 2010 7
2006 888 506
768 842 6
2828 1472 614
2649 2932 413
2247 699 950
295 1268 313
2658 2167 983
2818 801 817
1583 1426 608
789 1752 5
1016 2310 3
2619 1905 958
816 2629 310
743 2121 550
319 2024 1
1555 383 454
1730 347 986
228 261 557
2933 1113 3
1083 2854 290
44 571 5
1547 1499 6
338 692 30
1241 2021 7
2318 361 96
2403 2158 331
1528 225 892
1549 2637 2
2019 974 2
778 1654 3
713 1354 1
2713 1840 8
1000 2903 7
2511 1774 93
765 2146 879
1098 2515 8
894 1270 254
2570 1993 9
2176 435 7
341 800 956
2002 2602 932
1645 1267 3
93 729 9
2094 2898 768
2599 1298 624
2351 2446 2
359 792 9
720 2 10
2704 92 6
1806 173 10
509 2574 515
2473 1945 608
2110 1861 220
666 2158 402
2435 1193 2
1399 1176 944
273 2944 7
2517 1981 533
1675 249 4
1295 980 840
2135 51 183
2224 240 207
1344 569 3
2471 1712 382
1654 807 78
725 1023 457
951 584 2
383 775 9
2948 1890 290
844 1531 3
1827 252 9
2565 2741 8
36 585 5
368 2901 532
339 372 671
1373 1844 716
2707 823 567
187 2264 164
1648 619 9
717 626 3
862 1596 7
1482 25 839
2634 940 441
2615 1627 911
266 1604 175
636 1770 10
1496 1697 5
2983 766 8
2626 1902 6
1000 1146 3
1262 648 347
1173 697 379
984 2708 282
1445 2240 10
770 2501 409
1800 652 4
342 1101 942
1518 903 204
566 2910 8
2065 2447 4
1475 2453 195
410 1907 7
2564 1619 8
653 278 167
1687 1452 301
743 1015 916
2851 390 912
2507 2422 479
460 2196 979
72 2701 6
1097 52 6
1377 1551 5
2452 2522 337
732 2257 449
1638 2315 3
1484 2374 8
159 1165 204
918 1599 5
1762 869 8
2167 1651 110
154 1473 194
13 1023 9
1525 2018 460
2114 2056 8
2035 1217 2
557 2300 1
1825 2767 3
1525 2131 10
177 330 472
2588 661 9
174 667 3
2136 2885 912
469 1682 205
303 1826 10
2474 123 8
209 1855 6
1069 18 7
1034 1210 4
1277 1229 839
931 2307 5
1954 2934 48
2844 882 662
2635 2350 455
2332 2212 3
428 2922 2
2098 2617 9
2949 1074 2
371 2715 779
2241 1550 427
283 1312 10
2472 2061 825
2289 2590 898
799 2973 144
929 2563 4
1710 156 5
1519 145 716
1741 2500 616
2989 2615 686
1248 2367 183
1344 1308 665
2914 2218 612
582 502 598
1920 1302 9
2073 1222 8
2635 1401 994
1155 55 7
1674 236 549
975 2967 165
1905 2990 241
2089 810 890
2870 2136 2
1745 641 408
2404 1946 202
1598 1569 9
229 447 2
728 424 5
2033 1737 643
2908 2378 10
2329 1560 7
141 1096 4
762 534 3
2314 1210 327
2493 270 2
200 700 794
192 1115 4
2449 558 684
2281 177 1
1946 1212 7
1752 1135 332
2694 385 7
622 88 3
2151 811 9
1028 2155 4
2902 988 9
327 1639 2
2070 1236 9
1300 147 664
1963 612 924
682 2493 714
1887 1525 6
2243 1068 3
1483 254 4
108 2116 2
77 2475 3
1690 1757 4
1493 1372 2
1066 1332 973
2715 553 195
1320 970 24
345 742 721
403 1054 10
865 1105 8
2137 1118 1
869 2532 602
2833 1188 5
1709 183 7
2188 1889 684
1918 1097 10
1467 2033 255
1961 978 31
708 490 194
1621 2079 5
2720 2181 1
315 974 29
340 493 347
2459 2791 963
11 2494 9
1602 292 804
551 802 7
2813 1262 831
2246 1706 246
127 23 482
616 2035 9
135 173 43
1922 31 452
1513 2833 1
2945 45 196
329 2535 2
2124 1174 10
2648 521 10
448 1221 473
1504 203 4
567 1271 3
66 2396 677
227 743 778
954 2274 10
1831 1769 9
983 2143 9
2128 2989 2
2374 1910 616
2331 2805 137
1925 153 6
2948 55 5
2364 1402 8
2996 1383 7
23 1937 173
155 73 94
1752 2338 206
528 392 2
2962 1957 234
1266 2681 109
2177 1535 9
2387 2852 156
1761 43 967
35 2738 945
444 1066 145
1285 1202 9
2545 438 9
1352 2473 9
2014 388 2
2147 732 5
1682 1683 5
2682 1271 442
1906 2295 997
2718 2037 5
2677 1889 737
1262 2523 8
1801 704 100
2512 1197 382
2928 2206 7
143 1496 1
408 2716 689
1793 574 782
2727 2359 759
1776 582 8
1951 1009 3
1395 2318 316
2752 351 6
1270 2352 667
2042 1127 5
2025 1286 10
1728 2935 2
2063 1835 6
1471 1761 5
2706 1214 831
1934 2976 890
1712 1476 838
1326 1722 114
2425 2927 8
1194 1033 777
171 2057 4
2129 2681 790
2266 352 139
39 521 908
2498 2251 5
900 2321 527
2207 1041 384
905 602 312
1276 99 8
1508 2097 523
2761 396 740
2202 1667 6
1326 2289 1
789 1152 178
94 2888 9
353 1448 6
2371 1781 8
2935 2068 396
1958 2042 474
704 2562 6
1080 2362 3
1108 2792 190
113 2610 622
1366 1059 3
458 896 7
2852 530 2
1497 2114 5
1313 2453 3
2241 849 586
1425 1681 544
1875 2152 499
2400 1886 6
2643 1005 125
202 1726 7
1248 241 710
75 2618 4
2988 2516 8
161 2957 213
2817 793 446
1287 2254 10
1342 2305 3
946 2518 2
2009 20 836
1015 2454 7
107 2127 8
471 1765 10
345 1346 300
335 1019 104
1433 1637 4
1321 962 473
2994 305 441
2232 299 6
2569 1614 7
886 932 399
539 877 836
2987 839 764
53 2777 934
457 2279 5
2641 2271 3
1706 2887 6
17 331 9
1179 655 131
2887 1220 673
2957 1691 569
2282 2161 293
917 1509 1
2147 1814 100
679 2892 7
1500 1206 514
2482 1344 3
1434 1811 8
629 2722 7
1026 2234 5
2571 2699 239
604 2498 144
1119 2868 1
1525 530 4
1574 2488 1
197 842 1
2006 2193 988
2552 2462 447
750 1379 9
2076 1971 2
2237 1470 3
1328 2424 819
2345 596 459
1602 2384 394
1409 949 789
2546 2409 7
252 2946 10
2664 181 1
819 2864 363
2457 1312 973
2970 745 506
1020 2296 841
343 2475 921
1176 647 8
1899 906 902
3000 1308 2
1533 2266 413
121 1844 411
2055 455 5
1414 2181 6
2583 1985 587
2185 383 106
2171 1825 595
2101 1815 10
1740 2481 6
207 1355 5
2525 446 191
182 86 925
2084 1031 4
2560 2602 409
2229 2422 4
985 2677 354
2738 330 8
218 1446 7
2657 1477 4
1224 839 492
840 1685 685
2911 2382 7
644 1911 2
554 2534 5
1676 694 701
1107 1689 4
1617 936 30
902 1565 10
1930 652 3
1864 326 546
494 669 3
327 2657 6
2869 1226 9
453 2163 4
2480 1860 691
534 2245 4
2363 1131 6
1907 449 8
507 810 4
1736 2629 257
1222 296 182
1273 1965 3
1359 2327 734
2224 1952 1
1793 602 10
2475 771 2
1151 1092 2
2039 230 1
931 636 2
1015 1664 607
2603 1163 225
752 2583 7
2248 1022 9
964 2345 9
648 997 2
2323 895 4
485 730 716
2379 2711 813
2320 118 7
2735 804 7
131 2995 1
2034 797 9
2478 2719 2
774 389 8
2934 1693 591
1561 1615 10
1254 748 874
67 1694 448
987 842 315
641 141 883
971 2804 988
1404 1090 6
21 1969 6
2957 329 632
145 1555 870
310 2737 374
2335 690 7
758 2779 7
389 2044 8
39 652 6
1744 989 10
530 1583 4
1408 2656 1
1057 1408 8
622 2985 7
2550 200 3
1703 1612 397
1641 2556 7
2014 1756 270
895 252 461
386 2717 2
679 495 3
2817 1043 531
2863 1221 641
2014 551 5
2659 2034 9
662 1954 9
365 177 435
1958 2169 552
438 2931 1
605 2285 321
2994 245 262
868 2627 4
2888 1986 5
1516 666 788
593 1447 874
1818 2453 86
1449 2377 463
1880 2064 58
1148 2951 8
543 471 5
2226 2574 826
345 2683 910
2987 2873 437
779 1259 8
1261 976 2
915 2031 307
1526 836 2
1548 534 4
1176 930 1
1228 2399 2
269 2174 6
566 1119 669
2130 1249 6
2420 563 316
1880 1072 770
2712 642 3
1138 2064 3
1111 278 9
513 1313 7
1333 2101 447
1808 306 755
2418 2646 36
2782 480 20
2238 1441 3
1261 2081 630
693 2719 3
2208 649 854
1106 1807 7
449 502 153
2830 1871 7
1880 305 4
2099 221 233
1238 2368 242
2993 1697 10
493 510 4
2405 305 566
238 52 3
410 1430 709
2062 2558 966
2750 1227 919
2805 2769 5
1320 1707 286
2215 2419 2
581 1282 778
991 1364 206
2825 451 10
2141 2969 946
1388 1719 156
1933 1157 4
888 9 229
2355 189 591
509 1291 510
1 1561 9
1645 1184 450
231 1924 428
705 144 775
2965 2260 953
2941 1760 654
269 2291 211
502 400 7
2286 2372 408
2219 2163 7
1865 2550 180
2930 1784 452
2067 192 362
2698 1925 10
2695 1408 7
1740 2382 6
145 2217 2
2639 1246 6
1370 327 1
338 2730 991
2949 1211 687
1779 889 450
998 1319 3
1898 550 605
695 739 9
2309 2526 3
1924 1431 765
726 1034 290
1385 899 3
888 938 3
185 1167 957
2732 2451 6
1759 2677 269
2437 617 161
1160 1743 3
1265 2477 3
2197 1162 735
226 1233 7
2030 2635 10
1608 77 821
1515 1222 457
123 1797 8
2292 2318 99
960 2330 10
1533 2937 212
1550 2662 4
2626 2825 4
1050 1972 6
1018 1499 229
2045 1507 8
1394 2852 738
2983 1121 794
1055 1936 580
2885 662 326
925 1590 4
470 2593 560
1225 1261 4
1902 2524 587
504 1332 8
692 2394 845
1315 1971 4
1987 699 6
1600 1572 8
2761 191 9
239 480 188
2017 1121 10
2525 2140 419
2656 2536 3
2999 2225 105
2142 2387 2
55 616 314
535 1770 2
1033 1530 256
1269 2374 885
674 2064 87
2382 2466 5
2465 2363 8
2450 2504 10
1658 585 8
2558 2885 833
2758 895 5
794 1134 2
2211 1730 999
1094 890 416
2823 337 701
1428 2309 8
2281 1707 727
1906 2088 9
1866 2526 4
1821 210 8
1330 2590 931
561 202 3
2735 1373 630
698 1625 307
1475 1472 628
345 1656 3
1131 347 967
539 2896 1
214 2207 939
2787 263 5
1716 1072 7
2780 83 208
1253 2085 5
1941 1737 6
1134 1489 710
34 223 395
1676 1654 10
1171 201 3
373 1465 10
455 1603 5
2732 1602 8
758 1829 507
274 1565 315
1292 276 3
2070 2607 596
208 1999 536
2175 2325 535
1818 732 973
2622 1908 354
768 1588 3
2912 2630 1
182 1974 7
1889 473 607
57 484 7
1152 2118 6
2080 757 33
197 1262 4
2750 2871 10
2240 1752 8
893 2824 979
1085 1641 9
52 1332 5
2344 1279 10
1861 449 776
231 577 723
836 2252 2
1640 1961 10
731 2429 999
587 2019 6
895 2195 10
2560 10 6
1280 502 4
540 1770 29
1202 31 10
466 2635 270
1747 605 714
2887 2764 454
1741 44 2
491 1830 530
2811 3000 861
477 428 656
920 280 8
566 886 658
2261 2853 9
2951 2602 4
2455 1065 836
1234 2034 978
959 2948 35
418 2095 2
861 2617 5
2967 1204 7
2314 2749 670
2070 1902 5
822 2473 533
2152 1 8
1184 2258 688
2215 541 1
1595 2108 719
806 867 958
2603 601 5
197 1537 4
410 829 2
866 667 6
383 590 5
1980 1053 962
477 827 2
2817 2620 818
2165 1149 677
1616 2841 138
1818 1161 8
669 2455 3
1654 923 9
1877 2131 6
2777 2673 9
96 2519 9
2346 2520 2
2213 1439 5
1133 739 1
1908 356 707
2572 1727 4
1693 2675 7
1670 2641 599
164 1822 9
2871 360 7
1440 1778 998
1672 1750 10
1850 895 312
1015 2452 53
316 2683 229
48 2252 119
1359 584 548
1581 332 7
2963 1047 10
2507 2538 7
1752 1894 315
2631 1830 990
2758 1018 2
1912 1564 214
1715 1804 205
963 1365 480
2602 2428 824
1236 107 746
2812 852 6
1968 368 563
1159 2203 3
2125 1726 7
392 991 233
2945 1202 10
687 2759 14
2096 1580 328
2158 2591 598
2957 259 5
2522 799 25
1948 2781 7
33 2086 9
176 2287 1
2571 2428 645
164 2595 7
2146 1149 690
237 2502 428
871 990 9
264 1349 219
1615 2553 125
1186 1382 3
403 1530 171
2121 838 10
1688 1829 3
805 1111 84
1372 342 3
3000 1696 610
171 2356 1
2522 402 353
2547 101 979
1339 1677 2
2216 1417 165
1280 2293 619
1264 344 558
1902 1865 4
1708 544 397
1216 657 10
2081 533 8
2345 2327 467
470 1381 9
11 617 10
1687 1932 8
2227 2173 2
2464 2355 6
2117 1529 502
1107 864 928
1132 224 9
2349 949 1
2644 1448 372
1497 650 8
1179 2652 10
2807 821 5
2596 215 790
686 1084 831
1740 2836 10
2661 118 282
2178 845 1
2355 2921 2
1373 1878 485
2254 289 799
2794 1251 3
1354 1085 6
2266 1386 627
188 1463 6
1108 1759 408
1154 238 2
810 111 399
1588 424 8
801 2580 6
1381 2743 10
912 2524 1
2686 925 309
404 107 739
100 2175 1
797 1419 5
2115 1770 2
2397 2287 37
62 289 7
1328 1794 1
1167 2948 374
2315 264 9
335 2215 870
566 1001 1
1949 985 244
939 419 762
1907 2394 9
9 2367 735
59 2398 947
2028 641 7
1554 644 689
1995 2204 712
1478 1333 897
421 1202 987
1579 2131 148
22 1381 733
2648 932 52
477 198 8
980 1837 10
790 512 431
2356 283 781
2228 1332 1
1044 1148 460
1192 2841 8
919 2907 388
425 1683 9
1278 2822 273
2808 386 2
210 1952 1
1532 256 10
2061 381 687
1981 835 314
698 610 4
2201 342 198
1884 1239 8
460 1186 683
1272 2920 2
2759 1411 857
1307 2064 5
902 2751 3
2028 1578 7
2404 1365 704
990 764 133
2458 1421 575
1693 1659 3
375 1619 657
2364 2217 362
1462 894 2
1297 2135 6
1717 2981 5
2697 1334 779
557 1768 5
506 966 9
190 1960 296
856 2991 125
1527 2201 370
2492 1347 6
305 1453 5
1362 2145 9
2422 496 621
504 457 912
2145 1558 17
456 2739 2
2511 2011 4
2843 350 238
2751 371 208
2667 1656 494
1203 2034 1
1077 636 8
2525 1258 8
478 1440 578
846 128 78
2164 131 435
1469 1583 833
1687 753 591
330 1372 466
1791 2423 623
168 620 724
372 2772 627
1878 1382 488
2923 1254 42
1787 1665 1
779 481 756
378 1282 581
1481 1190 677
1018 2146 3
102 1147 4
922 967 2
851 1264 8
1857 579 449
1916 600 2
1612 1268 818
468 394 8
1126 98 9
2747 924 904
833 669 6
2690 386 677
1582 101 1
2035 2417 447
784 2817 9
927 2723 203
1563 628 270
1930 1126 566
2021 76 265
509 225 9
2145 2640 10
1780 518 694
2702 2624 732
366 2954 715
2028 943 855
1085 2233 2
1214 1458 6
1355 89 1
1604 1628 632
1593 596 6
925 991 634
2382 1921 9
2876 907 782
124 1636 3
332 1056 9
2016 2202 10
984 597 3
252 2759 989
2361 235 9
33 868 4
2957 285 10
2803 1777 5
1618 1654 728
2585 1872 211
398 460 1
2885 722 614
2593 507 85
431 2393 8
2906 2264 2
2163 430 4
616 2833 10
375 603 791
783 1962 780
1942 2557 556
2276 2509 4
631 88 615
897 282 615
487 226 4
1064 357 3
82 613 531
1091 713 5
44 1983 196
2882 813 8
755 1873 1
1549 130 826
1040 2603 6
2282 1363 918
571 1600 663
399 1946 737
860 687 5
2566 2891 9
2692 1913 713
2144 609 3
681 2935 734
1187 1032 774
1617 1860 6
2335 2997 1
519 151 259
582 1893 262
1042 1434 286
1447 238 7
1891 827 466
1837 2446 654
90 1019 851
1886 203 4
740 1494 10
516 833 2
1730 656 543
2282 166 974
207 657 6
1926 2569 567
2439 785 4
1828 1468 9
2858 1237 6
883 1068 2
2501 210 6
2411 1779 430
476 2732 1
202 349 9
1893 855 3
2914 2103 852
1850 2650 138
2677 2867 3
4 721 1
557 293 87
1690 1047 633
695 2772 492
2637 2987 636
1114 2169 10
1100 854 4
688 147 7
730 118 425
145 1072 5
901 2826 14
2309 1351 6
880 1104 75
633 2585 944
2276 674 573
298 436 878
2552 2644 6
1508 2220 150
1631 689 7
853 2779 752
1724 114 250
1754 1575 1
2772 612 8
1877 521 5
2007 595 7
1779 421 185
2227 2675 1
807 606 33
2727 2807 770
2228 1821 902
393 2238 4
2264 1119 799
2657 86 632
2661 2293 5
1975 1324 6
2102 717 733
1411 902 8
2591 2971 939
433 1661 1
755 2134 313
135 1031 77
2262 637 3
677 370 1
842 1168 6
640 91 156
74 1703 9
1131 2662 2
2288 2668 942
545 1999 8
2992 1982 1
2155 1222 3
1185 2403 6
367 586 360
841 607 135
428 1568 7
1314 30 8
2143 1672 738
2230 1633 7
1540 1637 1
513 2090 488
1282 1600 755
16 558 266
603 1640 315
2231 1407 10
2106 918 658
138 947 69
665 303 440
2222 129 4
2052 538 741
1423 1442 892
2245 716 9
1568 2812 186
290 743 443
1938 103 10
1267 2491 9
1592 2158 952
652 1924 3
2486 2748 93
585 2620 653
1183 744 10
2240 814 319
2843 1775 3
237 1022 374
1698 1349 428
297 1500 4
749 1887 3
1734 2275 187
2608 1616 1
823 1259 8
2679 1666 494
354 2616 10
1977 504 883
565 1535 4
2686 171 736
2622 2605 8
1767 2948 8
1798 2948 1
815 2312 900
2626 1972 10
2026 327 771
1373 555 18
80 495 167
1615 787 128
286 1131 650
1002 148 703
180 2377 8
1231 2788 749
1907 1408 8
506 1841 2
2643 482 7
1572 2190 35
1140 1074 492
900 2147 219
281 1501 8
1630 604 3
924 835 3
2960 1670 1
2140 2923 766
915 477 5
262 2200 7
362 2971 6
448 1729 1
974 2801 131
2428 2327 6
2797 1038 7
2236 2547 429
1110 189 109
582 2520 117
313 2054 921
1477 335 2
1538 2928 2
570 2237 520
2561 822 223
1121 1973 199
363 1925 684
2410 608 10
349 1772 8
2713 2696 2
766 795 731
128 2476 922
932 1752 279
2281 261 321
766 208 818
2310 2357 538
1501 2345 4
1594 2922 66
159 2763 4
2801 2547 934
888 476 865
2208 1624 440
392 2917 979
2971 1920 4
718 108 10
726 1431 10
2825 2315 943
1992 2507 173
2134 1529 3
1769 2702 987
2706 592 8
235 10 2
995 2583 4
940 2611 112
1906 51 6
357 683 9
1788 2396 508
2207 2732 346
996 735 2
848 1408 1
1145 2270 538
598 1235 843
2789 759 6
2008 96 124
2762 2172 9
843 899 578
531 1016 552
349 1230 699
11 1831 757
1474 2773 8
1118 1074 600
611 407 308
927 1699 10
1657 2273 4
1832 2972 251
657 2948 9
870 83 1
1485 2046 5
2250 82 6
1986 1643 860
1533 1014 9
1301 1996 841
2403 774 3
2861 769 3
2802 1852 7
1621 2368 3
2193 1443 398
2704 74 9
1129 2491 456
2462 1465 948
1400 2390 9
794 2376 8
682 2595 448
2964 923 479
1298 2930 5
2613 839 2
171 1671 389
814 1603 6
2688 2015 349
2284 1400 7
1662 2945 4
156 2009 1
1053 1673 485
1968 2669 2
1610 767 6
472 2620 5
1598 1205 787
2921 2442 734
1662 1866 601
176 2460 561
2668 1864 2
1674 2685 9
2713 1477 3
2486 1297 675
1521 444 2
1226 2999 9
2885 1695 6
2810 196 4
334 914 6
214 205 380
1652 174 833
1502 1011 2
1634 480 7
372 1951 34
1607 789 2
306 324 306
735 155 5
2855 2726 2
1569 1016 10
2194 1484 683
1317 2522 8
1592 544 701
2100 2348 5
2498 1293 24
1406 886 201
408 1525 972
2069 2553 6
1754 2033 10
238 23 6
694 1202 7
471 1596 540
1084 143 198
663 141 358
895 1275 1
495 830 466
2599 2864 284
2504 440 237
114 2731 592
587 1469 5
2896 233 2
868 2725 653
1512 2855 630
974 2049 461
113 1756 742
134 1909 884
613 2903 957
2891 666 960
275 2076 7
2149 740 9
1245 1057 6
2466 1455 610
2709 11 257
1254 611 598
1210 577 986
1310 14 731
2895 2989 2
2718 1838 701
2245 2531 683
1681 1960 6
2284 2504 813
1403 318 827
84 2025 8
2163 807 32
1457 340 10
2867 665 3
1684 2332 5
2928 197 2
869 10 274
2230 2631 803
1385 2125 642
2590 1499 379
220 2627 5
684 620 5
2636 2397 10
587 818 823
484 1529 262
2454 95 5
2834 2815 330
58 1683 8
1353 377 128
1498 2842 627
483 2299 553
780 862 34
2647 2398 549
477 657 894
658 295 7
1325 1425 9
1737 2077 8
2046 935 4
1754 2348 70
1285 1181 374
2510 507 3
2138 1099 730
1839 751 496
2364 1893 909
1988 632 1
2923 2238 52
2890 1857 5
2400 2668 5
1139 1517 413
1983 2845 499
2571 1596 433
1454 2045 368
2328 1967 515
2277 1613 4
1988 563 807
1305 152 5
2380 1628 3
17 1793 2
1894 682 7
2818 224 343
2317 1586 6
2206 428 1
155 594 356
1022 153 851
156 2214 10
828 1094 329
1301 1390 869
915 2943 7
1607 713 950
353 706 8
1956 1904 749
2810 332 3
1683 1081 304
2521 913 4
794 492 9
60 532 8
2350 165 3
2466 2469 2
789 1815 2
898 2100 3
782 1438 185
2389 2617 231
49 74 10
1135 2138 106
2278 2457 958
98 1794 545
1436 1040 8
2621 268 2
2149 627 46
2810 2078 8
2928 2940 904
199 1406 4
1380 2636 322
1888 810 8
625 49 802
592 1000 737
1289 539 4
1184 1061 6
1826 2823 623
465 1024 3
269 774 817
1161 2855 524
2792 625 689
966 2652 417
1039 367 1
1458 2288 397
1926 2224 408
467 1987 419
1440 1259 9
2326 2997 5
1417 2601 402
732 1344 5
518 188 9
525 157 166
303 2004 112
2523 2240 828
2019 2724 1
542 1860 300
2689 1360 7
210 2873 5
2677 1894 676
354 2747 2
2692 461 1
2384 78 64
770 126 2
1360 2937 870
2380 2024 960
336 1731 113
785 2767 699
1671 174 329
2529 1191 992
255 2354 6
467 1559 717
2339 1263 393
2179 1382 87
2812 2473 536
2823 984 64
1067 2291 79
383 1329 7
656 2074 7
1250 1531 207
2565 2400 3
2189 1067 346
808 708 87
2969 2710 10
816 601 551
1859 2221 338
2391 603 675
1667 1248 354
2424 2794 659
1557 2442 976
566 788 7
1748 2166 361
1266 829 509
670 1139 5
1090 2967 4
2199 712 655
2652 2958 3
1442 2871 7
2332 780 527
1218 2447 457
2374 2594 8
2428 715 630
1691 425 261
375 2968 478
2206 2747 352
1358 1243 1
2577 650 541
1868 1156 9
2577 2968 4
2985 2457 10
2580 2533 9
2648 549 3
1543 2468 472
1470 2337 7
1875 410 10
1197 1293 5
2727 2183 924
555 2399 872
2291 688 704
142 2533 9
2204 1117 460
640 2660 698
1467 1453 10
754 1891 1
858 2605 755
610 2115 558
2717 521 914
1262 2760 1
373 2052 204
1387 2747 10
2522 2382 954
2818 2191 606
1935 589 4
2396 2127 8
667 1510 71
933 778 6
2428 2125 271
1166 2343 105
356 2560 9
814 2320 10
1752 1500 817
748 2594 1
1219 2335 899
284 2234 7
2012 970 10
806 2859 6
1585 340 199
2594 2984 125
2744 2966 94
1936 1710 492
2306 945 10
654 2130 885
1593 2584 1
593 2590 6
325 1091 926
1622 1917 421
2612 1033 771
1081 2124 387
40 515 9
2851 1899 9
875 2746 6
2433 504 2
623 989 213
905 260 241
244 2664 2
237 2619 5
2126 1861 476
2851 847 5
1638 1493 912
640 2214 898
2076 1538 338
552 2602 996
1009 2629 567
889 246 4
1511 952 9
1546 76 272
1737 1358 1
1399 2496 709
419 1214 2
2430 809 262
977 562 582
42 2374 266
270 675 736
1815 1059 759
2725 1738 542
2482 1916 22
1790 2965 316
410 1637 2
734 1639 224
2617 2680 610
717 1254 225
587 1028 447
852 2383 2
1273 471 3
2880 1448 1
2875 2621 2
2421 1947 6
1437 2905 543
1698 352 807
1156 2111 6
2809 2297 3
162 1394 175
1804 982 613
2901 221 8
2571 1980 2
2711 2451 207
1199 2877 4
63 1000 365
2673 1748 10
1887 2531 5
1992 1956 82
104 2211 5
539 2683 675
2201 1209 3
14 694 3
279 1963 2
2965 2576 10
1966 1318 5
1972 1243 43
1553 710 705
2131 965 8
2597 227 7
1841 974 749
1588 2013 8
748 641 984
399 824 894
1755 2994 6
2138 1799 411
876 1297 4
2480 959 377
290 303 9
612 2016 3
36 2852 593
2400 228 10
5 2279 2
321 688 127
1344 1345 1
2594 1433 497
777 2261 949
1049 1733 779
2182 2158 9
1087 1286 7
2862 803 255
2181 344 6
986 590 24
514 2469 609
958 2885 10
157 777 844
2024 1267 409
332 2054 531
1464 957 9
151 72 76
2248 214 2
2747 960 823
754 2398 28
1920 2487 8
377 1451 270
39 2733 9
820 1913 608
967 2238 113
548 1965 887
1585 114 7
2521 760 4
524 2056 8
2577 713 276
312 601 201
1587 1394 991
2550 2111 312
2203 2651 543
1213 2035 211
2415 1569 853
239 1975 522
791 1888 245
413 1160 10
108 2341 6
375 1625 899
2851 1647 695
858 2814 279
1558 2447 5
2298 2970 826
538 1671 9
2722 1426 191
1892 1014 261
2976 2417 7
128 1683 818
1095 774 3
475 983 417
577 1949 6
1481 1295 422
857 1190 756
978 2254 7
335 98 720
2555 2137 321
394 1660 255
989 955 10
794 641 5
1989 1603 9
312 1684 8
1623 229 367
1882 47 544
1262 903 3
1192 699 669
519 1547 7
2910 953 4
2667 725 445
2442 2284 152
362 1166 67
2208 223 10
1930 1905 3
2256 2098 736
1847 959 7
2269 248 91
2027 1820 6
1352 585 8
653 1135 10
770 2077 345
2729 982 776
1244 798 9
307 941 4
2395 679 316
828 84 6
272 1650 2
1262 2926 56
1209 130 9
2893 2659 7
2836 1963 2
88 2269 8
1117 2788 336
1512 1352 7
551 139 4
643 2232 256
944 1135 67
1787 1843 819
9 594 2
2937 1521 208
2670 1457 9
2967 240 1
1085 1682 661
1240 821 6
1082 2473 180
1281 2951 3
75 2617 405
1501 212 8
902 358 3
1656 2190 715
228 2869 1
1410 984 461
2187 1675 193
247 2185 8
1337 832 274
2305 2986 181
1470 2107 10
832 2968 10
552 2423 1
2294 2390 10
1510 2560 5
370 34 559
2937 1313 45
156 2989 9
222 2995 6
2611 2769 276
1408 2205 251
1413 132 3
2296 1375 5
2735 838 360
615 834 170
1908 2160 10
1984 428 847
2496 2869 108
154 1530 8
615 940 634
1720 2509 590
1451 2754 2
420 2844 644
2693 1291 2
113 2746 812
2133 1309 721
1879 2100 779
767 2511 502
1347 1084 5
318 444 8
815 2056 189
1390 2762 591
537 1133 5
791 2702 10
2449 885 551
174 798 4
2302 161 9
1301 777 28
983 1030 502
2995 1940 4
2361 56 192
740 1030 252
628 866 42
2937 88 1
1913 265 855
826 572 962
2651 1848 3
1078 455 839
1656 1031 248
2416 85 270
594 619 920
601 1396 4
776 2575 7
2533 53 261
2460 824 2
1038 2555 10
1637 116 3
659 1436 1
1017 2772 565
1844 2003 319
857 6 10
2967 599 2
1833 2517 9
1993 2852 167
2096 1468 177
1997 1990 306
2911 2614 632
2436 1860 353
636 189 9
1127 516 959
1436 1431 42
2179 707 2
2764 1919 4
1707 1455 981
402 1924 58
1339 2409 10
963 115 9
2987 1376 3
1987 1730 326
2401 1005 172
2317 2799 961
1666 2581 647
2256 579 261
202 1555 8
2287 1421 954
2067 573 467
1854 2277 935
821 1524 2
1400 1136 4
1926 2617 97
2059 1050 797
1904 1796 655
833 184 7
987 2036 1
1488 64 897
886 70 916
1850 90 2
839 468 194
2042 1082 7
1664 498 1
1638 2056 19
1845 1805 448
1279 428 10
1278 2255 5
2500 12 3
1592 2382 3
723 2538 224
772 564 7
1112 410 7
2963 551 8
1410 1733 8
2091 260 411
2871 2216 9
1648 1665 536
958 130 845
145 1984 9
2087 2615 7
2025 2626 6
2484 804 8
2546 2388 1
2796 1102 3
2295 91 1
1707 488 12
1129 424 461
1261 1003 517
2508 2277 348
1160 2735 4
2261 591 3
1078 391 121
1407 694 10
1753 645 829
1459 1272 1
2993 2281 2
1597 1252 948
440 267 9
1350 2884 553
2734 1449 10
2094 1814 3
2295 2981 291
2674 2145 8
288 1831 62
1016 2042 562
2787 2260 875
549 2190 221
983 1626 464
1272 1141 5
2113 1346 5
1201 1320 7
822 2316 10
2881 1294 6
729 2497 185
2577 1586 117
711 76 10
1982 2463 1
2726 2857 358
1558 858 10
1544 1973 631
10 205 10
1128 911 3
283 2671 965
462 228 115
1819 680 5
508 2731 3
883 721 992
407 1515 648
1024 667 4
2466 144 1
2771 2430 9
1454 2858 970
1660 1531 6
1707 2114 667
1211 2138 9
2110 2558 407
85 1631 2
2558 2105 4
64 2341 9
1786 1680 928
2858 1220 4
1653 2643 8
1493 1553 565
1939 1917 2
763 2195 8
42 1679 168
1745 2112 923
842 270 5
993 1315 31
2094 2514 868
1255 915 7
415 1107 538
2235 1260 10
1711 860 837
2776 2714 3
2066 2133 763
1675 149 870
2746 1009 669
2429 2801 9
381 833 417
2420 1733 2
2935 550 93
2917 1136 1
1421 943 3
2060 2759 2
2686 67 2
685 1604 565
1331 169 326
2182 2394 3
2253 2047 357
275 689 4
2470 1349 571
353 2044 908
2669 964 9
2368 2871 5
902 1225 256
1936 464 1
507 1060 7
2051 2086 2
1356 1559 2
1601 2367 833
2026 2651 9
1473 2602 358
1332 1752 6
942 1115 8
1818 2488 8
740 1778 858
2010 202 7
2291 1216 10
2319 2096 4
715 1560 233
108 2779 156
1661 2481 7
2939 1055 5
2362 3 9
2562 1189 125
1773 1824 3
150 401 7
2193 2827 6
1702 100 896
2565 2354 603
2640 2695 212
1457 1399 794
233 1168 486
1266 472 592
2895 2323 573
1012 215 4
2591 2400 1
2897 1681 9
1526 200 2
1279 2225 5
2742 2052 779
2959 2709 714
986 518 6
713 1235 969
1216 845 250
1520 1026 7
299 1828 309
1231 170 5
1985 2172 677
2871 2089 4
2547 1620 1
1853 2820 6
1789 305 745
1380 1812 383
1322 641 9
1525 1182 7
1956 2852 3
183 725 322
421 501 9
1479 256 140
970 250 338
1359 1143 4
745 1214 8
2509 1053 7
1364 2357 11
1662 810 983
530 2794 7
1216 1884 255
1462 2307 1
976 573 6
2132 695 7
1402 2956 941
2054 924 721
1377 655 45
2681 2572 839
2406 2947 931
2301 148 118
1596 1847 295
2039 2190 2
2968 790 118
594 41 8
645 387 2
1812 294 4
2307 1730 7
2080 1219 175
498 1948 3
95 687 396
1057 737 4
2989 170 281
2323 1776 940
257 2621 3
526 1050 9
1868 96 10
2877 77 801
259 2606 10
2144 539 312
195 855 4
2254 1139 443
2242 1921 820
681 498 132
1589 2827 8
1127 2207 7
272 2041 8
458 1636 6
2014 2489 1
2999 1622 8
1039 2866 863
2602 358 388
2121 2108 22
672 1719 816
2014 485 8
2970 1025 171
2580 186 485
600 2736 395
1281 361 107
2097 1861 7
2896 1214 4
190 774 10
1521 69 192
134 2806 1
2994 2332 735
658 1 5
1211 772 236
338 1240 175
2286 1843 6
1050 2820 223
2 805 282
90 60 848
2978 305 234
1220 2670 2
1354 2211 2
2783 1781 618
502 1158 499
2036 533 2
2477 2047 10
2038 1165 10
2401 307 512
2775 2583 1
2064 1579 312
842 1752 1
1676 1001 892
2617 12 3
1253 2062 8
791 2916 7
1398 1420 3
956 1299 4
117 1270 2
1351 403 8
1714 2669 10
1924 175 35
581 1121 10
2632 1339 253
1762 1740 542
2786 68 4
708 1199 6
2000 708 694
1913 762 945
2336 2116 2
918 2340 838
1311 644 462
2532 645 380
1749 2016 954
442 88 494
1977 1856 346
2680 1538 992
998 308 10
2862 1121 9
1870 2557 5
2690 538 992
2017 539 1
339 835 2
1256 332 146
2367 826 670
1331 2791 5
140 2703 606
1573 2036 10
2157 945 1
2626 1530 1
852 2936 719
2818 1047 793
1489 1283 650
624 2612 9
1685 841 9
1961 2584 8
135 2634 4
2964 317 823
718 1512 22
2455 1834 314
1483 1003 5
2157 787 4
1423 2569 4
2136 1920 721
2124 1692 6
1237 2422 442
491 1582 5
287 607 1
754 924 630
497 952 44
262 577 752
567 2050 741
78 2205 537
1427 2013 2
2134 1769 724
2174 1031 510
696 1537 7
1042 624 8
2068 82 634
197 970 8
1100 1601 719
2646 739 9
2886 2055 3
2644 2053 916
1319 2926 5
1774 4 10
1011 2722 3
781 1760 82
2379 2213 999
2939 946 6
1074 1647 6
1625 1673 987
1560 1347 5
2602 2818 917
1040 363 880
144 1448 269
2316 1647 3
2690 1645 9
2610 2758 95
1391 11 569
2541 2558 897
1754 1634 185
26 2568 6
2722 714 475
1868 1225 683
2775 1675 370
2809 1169 5
2316 2132 128
78 1263 10
59 431 9
532 2272 4
842 776 4
2145 2729 10
723 2284 3
2040 506 1
2523 739 376
1637 643 6
202 994 667
2352 126 4
1650 305 549
1437 2996 8
2667 2784 6
1369 412 907
1349 2630 10
520 1637 2
512 1080 290
2090 338 757
1596 1309 9
2370 2661 818
166 2608 101
1475 47 4
1711 114 477
451 2692 2
2331 647 25
678 886 10
2642 895 910
1822 2967 10
889 1448 703
1885 1970 831
646 70 2
2380 249 10
2781 2631 4
2262 479 9
2983 2766 11
853 645 2
506 1651 579
87 2905 2
2718 2052 2
897 984 6
623 1971 475
2738 599 330
2515 1930 569
2724 2373 7
867 1634 694
1563 2328 5
2644 1008 6
418 2894 8
1507 1348 8
901 2037 636
819 2604 7
1207 344 971
322 2469 551
889 367 1
2727 984 3
210 797 55
303 2195 296
727 2694 737
2672 120 6
2244 2809 25
1438 471 396
815 833 1
2375 1985 9
1783 1883 228
2925 237 6
2537 2739 9
261 1420 10
2344 972 3
25 109 9
594 1048 2
1431 1917 1
484 2353 95
255 904 5
2473 1745 109
396 2904 233
1425 2472 585
1518 1681 552
2573 1918 875
973 292 56
1281 2959 6
1786 1687 288
2085 2286 8
478 2557 101
682 417 1
1190 2753 4
2371 1675 495
680 650 713
1306 1537 139
839 2263 8
1898 2332 1
1426 1821 1
937 1207 786
2112 1097 4
1807 2350 10
2909 2621 602
2936 1386 5
1933 579 6
2914 1179 6
1419 1335 69
508 2625 1
553 1465 2
1725 2276 4
2505 1776 681
245 1338 1
2136 74 634
1144 413 920
2451 2366 404
2143 2548 452
388 779 2
936 1592 5
1480 2081 644
903 311 7
619 1091 2
261 517 10
1208 2165 6
2557 1142 6
1762 132 994
2703 730 523
1329 205 4
1637 1000 355
976 365 6
2558 2483 9
1382 987 10
294 1794 10
1221 2836 355
1591 1895 340
2998 1578 4
2715 281 5
682 929 443
1367 37 36
1873 1616 2
1130 1211 2
2101 575 1
373 2098 645
1091 2260 2
2358 2644 359
557 1841 733
682 1966 4
122 251 536
2510 1102 597
2330 260 9
1635 1271 752
2160 1033 1
2785 498 89
2132 1664 694
1715 1270 499
1214 1651 7
2815 1779 404
428 2387 884
496 800 966
2014 2116 8
745 1481 7
2247 2289 35
2341 1894 378
2018 2122 2
2001 1780 639
1026 2129 931
1773 2556 33
414 133 820
327 1 9
1442 2127 399
568 192 1
926 1029 721
878 1429 8
643 265 8
1316 884 314
905 2060 657
1513 1607 3
2025 1651 742
147 2558 1
2806 1291 431
807 1778 8
623 1263 4
445 834 536
1014 2199 561
2838 19 10
2275 1257 7
1445 857 875
2059 541 151
1266 2290 1
410 1460 1
440 1353 7
1374 1234 2
1588 2501 909
317 1883 764
2946 1433 73
1649 721 518
11 1397 1
734 1718 194
390 1444 868
40 790 8
2768 2184 9
1052 1274 7
1687 1747 5
1133 1416 931
571 1744 146
2402 1574 552
719 980 847
2116 396 456
2763 1357 9
1226 1068 562
2422 1873 2
2545 254 4
2096 2118 161
2574 2540 8
606 1124 338
205 2400 6
1128 2868 682
967 229 719
2243 1066 437
2411 753 547
1194 2735 7
2534 1035 6
2295 2819 341
2462 2005 7
1254 390 611
1961 501 146
1620 212 1
2742 1055 1
230 2539 595
1552 1117 1
2311 1927 8
2302 1294 453
2228 382 853
2953 1086 10
1206 2284 988
2632 2400 4
1778 370 859
793 2312 234
1841 2874 671
502 2197 8
361 200 10
2689 631 4
2826 2542 10
2941 1600 8
10 74 585
2246 2519 3
881 2073 385
2516 669 1
530 2884 10
707 2832 46
2348 2227 361
1807 1480 3
1265 2817 116
389 2606 848
1610 2693 898
789 2654 9
2985 1000 660
2611 2660 6
1917 911 3
1763 2304 6
1003 1875 333
502 1740 7
2117 607 10
784 1656 268
1068 1242 6
262 28 72
2369 2845 236
172 1030 1
2749 2489 974
2144 194 2
63 126 10
2266 2749 10
2675 2188 984
604 982 4
1229 2194 457
641 1100 7
1787 2596 546
1185 505 815
1183 948 382
2724 157 254
2792 987 10
1268 363 8
2573 933 10
2108 688 977
306 1469 6
1139 2874 7
2876 2804 316
1557 402 7
1107 1070 9
2992 1377 1
1211 1358 8
43 1753 4
2240 585 3
571 22 902
2668 217 6
1720 127 243
1823 1955 365
2875 105 3
2039 2852 2
595 49 998
253 1203 4
537 709 7
2475 1035 6
633 399 1
1364 1229 899
1866 333 8
79 2657 9
806 1874 62
1717 206 754
552 12 208
2225 1553 712
2036 1421 5
2008 657 7
747 2867 633
170 703 8
1057 1785 8
290 2864 704
675 2977 5
133 156 10
825 2958 746
80 1633 547
1444 287 899
1684 2156 197
1120 2835 8
1318 1259 178
1526 2427 583
1166 836 714
106 1600 6
1229 1390 974
643 2517 8
2705 612 328
1674 2269 484
1351 851 153
2642 160 595
611 19 2
1578 764 7
962 2578 439
424 2099 586
1546 2154 484
2039 2150 190
673 1697 739
2151 2758 3
1694 66 639
2544 1858 4
2779 1391 347
1295 2042 4
628 739 711
1281 213 6
2879 2113 183
2711 2001 3
1135 2726 1
1546 1564 4
958 2824 269
1876 2690 293
400 2597 2
1699 2574 7
2813 2611 6
2935 2739 213
921 505 8
822 239 8
2924 1517 1
2183 1532 5
553 773 6
2932 1896 199
2085 884 8
212 1413 105
506 2419 582
2872 2783 289
1541 2342 3
1613 767 788
1325 186 410
4 20 1
1232 1481 5
2145 1845 932
412 63 756
1955 1170 985
324 444 481
774 447 2
2780 1303 8
635 1603 3
1041 2093 396
1633 52 1
2524 2712 5
1852 1642 7
1306 1289 8
2874 1908 225
2583 2477 409
2705 2361 9
2204 1773 6
2351 483 750
134 304 71
10 1295 5
1057 380 4
2923 2189 2
2173 831 451
1553 1886 548
1763 2815 5
1014 367 428
2657 1124 4
2097 1491 645
1279 1388 10
1391 2794 531
2120 2503 433
1453 1649 8
2954 2148 6
462 2495 89
2650 2027 289
2916 207 523
2410 1809 372
1082 2267 8
1748 1950 935
89 46 326
2555 2139 3
1397 2660 7
2003 183 771
2013 2728 9
2262 1625 987
726 2115 260
2847 1896 520
184 10 277
601 2550 275
147 907 7
2916 147 678
2598 2024 890
1176 1436 170
581 2102 7
1508 739 2
2660 1407 8
46 2650 6
2194 3000 7
1156 2007 663
633 1036 858
2933 2182 3
920 2490 677
2533 670 659
1984 1727 592
1860 1865 783
483 154 3
2483 529 695
2777 684 4
473 1093 7
1852 197 2
145 2299 317
1877 1699 1
927 1416 667
2628 880 3
86 2122 2
254 2164 6
703 2856 649
2334 2061 9
618 529 321
828 639 9
275 876 498
1430 1065 701
1689 2534 5
2356 2110 514
2790 2084 8
50 882 570
411 437 473
2013 2244 6
2319 1159 634
1165 2033 959
2257 55 759
2879 2716 8
1695 1480 236
1057 2571 10
1190 1492 8
461 2225 459
2694 1066 425
2954 1149 3
2939 2281 90
1514 352 8
2820 2319 6
2623 1608 167
1091 231 4
2325 2508 613
1603 2962 5
1565 735 849
2532 121 4
1383 2429 432
314 1198 102
920 2541 3
590 2847 847
113 348 2
2105 1878 398
733 2596 6
87 1944 10
2240 2831 10
2820 625 9
1357 1227 440
1358 1302 44
1214 2078 310
676 2299 590
1281 2919 305
1439 2095 78
976 2610 5
2698 755 423
162 598 2
1815 1046 3
2724 2956 6
417 459 989
195 2663 10
2825 2914 6
2796 1292 5
2788 2192 3
2822 1206 9
1534 378 8
1045 1472 6
1979 2721 5
2983 1110 6
2581 1404 5
1567 977 7
1328 1369 506
2875 1229 831
14 1838 8
2641 1458 6
2839 2475 168
2110 1358 845
2076 1160 3
1736 814 8
2977 2209 938
2865 2168 10
2757 2734 9
747 1242 1
2333 2770 2
2711 2322 643
791 2989 9
2216 1064 6
765 2214 1
1445 1865 396
531 905 949
2223 2394 734
1499 1033 47
2362 1506 4
2626 2951 6
814 2053 5
1190 1076 9
1984 1242 283
383 2551 4
129 1352 697
1517 1316 178
2170 2256 2
2769 2930 233
869 2014 345
2115 2173 358
2330 2396 192
2966 2815 1
2687 1798 598
2377 1703 1
99 2814 9
2326 2965 879
494 2635 609
2258 2015 655
1142 2829 7
2404 1629 172
674 597 4
178 551 8
658 1618 10
732 2963 781
2895 1136 170
2420 293 167
1869 266 147
1576 840 272
879 202 1
827 2311 538
2036 2034 339
2894 2130 177
1688 69 974
1522 975 677
2887 1759 2
1543 377 8
1486 1543 459
2719 1790 2
1337 927 78
29 2007 6
1269 2891 378
960 404 441
2231 2423 705
916 1782 3
262 87 57
1781 241 319
933 687 279
241 1325 105
2559 1721 7
1585 2787 895
843 926 5
1714 1798 67
1852 1514 390
1006 2863 192
1227 178 162
2807 2239 3
2950 443 6
898 596 6
943 2691 696
2227 29 7
1650 1621 22
506 114 9
1750 1577 9
1537 396 66
301 2811 4
2227 42 367
588 702 5
2844 2348 9
511 1700 6
1062 2092 1
707 872 4
1643 348 141
2579 1513 200
200 739 2
2455 1629 89
726 2506 660
614 2864 7
500 1289 4
2484 705 1
1563 2571 4
834 588 4
410 2856 3
2700 100 1
2455 2766 978
1849 1098 6
949 994 273
1001 2245 824
36 2456 908
335 407 325
2456 60 1
454 2627 10
539 2804 8
1198 1369 529
1057 2173 418
2685 2859 210
776 1234 3
275 2477 8
1580 302 6
283 2857 243
1744 300 5
2707 2470 789
1769 1860 612
848 2975 863
624 244 318
492 2205 54
2325 1219 985
1116 2208 5
2358 2037 4
2894 1760 1
781 2673 10
2579 1458 9
2086 1344 949
2926 2987 392
2392 1794 1
2935 772 10
1702 2548 633
914 1189 1
2859 164 1
1144 678 5
875 1088 4
40 1252 3
2511 2656 534
1209 1149 278
2879 1563 493
1848 2185 1
2950 530 10
2069 346 665
13 2508 644
45 1992 8
2750 1606 705
1974 45 478
1401 1124 9
489 486 4
779 16 8
1174 1079 3
89 2853 445
2699 2869 536
1458 434 5
1320 1408 1
1570 98 306
2463 1857 2
959 2463 3
104 2193 338
2330 1375 2
2305 2506 720
531 1413 7
1432 2047 131
102 2268 5
2117 2502 111
1832 602 4
845 1243 545
1240 1141 503
1387 1450 4
2109 2169 10
636 290 4
54 234 6
1221 2181 2
1224 1971 10
534 133 3
1377 2864 658
2242 538 935
43 2164 947
1971 2948 10
2939 106 9
1017 1362 849
1792 1750 8
368 545 559
795 589 144
540 970 8
2209 1789 685
1472 2831 10
1692 2042 871
1022 2852 10
2097 1834 5
1836 324 7
1151 2325 397
1092 603 216
1281 1677 203
576 1534 4
2083 983 1
1525 18 8
1579 2503 1
2806 2126 8
1353 776 9
1528 2514 138
1327 856 5
2267 72 10
799 687 234
1209 2120 288
481 367 4
480 2888 245
810 2153 623
1528 1928 467
68 2876 385
2667 1214 164
1073 2230 674
1438 670 173
514 906 6
75 2894 886
2734 725 4
1617 737 592
1349 2846 4
338 475 1
2506 881 568
1516 2776 1
1849 2904 2
956 283 725
2063 875 302
1331 1333 436
1877 854 699
993 2139 10
2544 2359 566
1 1379 530
1438 2341 253
1019 686 502
1745 1575 27
1096 585 9
2014 598 3
1247 969 6
1486 2677 147
1766 437 9
2477 463 1
1246 336 8
2074 2948 7
1536 2939 6
58 328 949
1356 2003 4
847 2035 718
850 2550 921
1862 1326 5
2134 1532 223
2543 2667 10
1880 1580 10
2467 1057 9
1197 901 45
1067 2521 8
1839 24 330
2923 1922 1
2161 1773 188
322 775 852
98 2051 250
2996 1364 359
2782 1970 2
2108 1379 556
389 2152 87
2514 687 5
305 1732 9
262 898 371
2481 1461 9
1381 1214 10
2928 915 8
1024 1173 3
2089 2423 1
2063 1867 1
299 2410 346
2672 292 219
566 693 9
2826 2040 473
729 580 5
934 2512 2
2438 941 3
2220 1404 8
1963 1461 541
43 2463 132
1715 670 965
2286 2658 504
232 1026 222
2411 2584 2
2545 795 7
302 1494 709
2636 842 2
305 2314 1
411 1233 9
2478 372 6
289 2739 352
2490 52 10
2125 2061 753
725 221 682
1092 1249 371
1498 951 646
1622 359 118
986 467 191
1740 1983 380
2530 738 798
627 163 33
452 1536 9
2671 995 2
1868 1145 749
2365 2768 547
1559 1525 291
2544 1878 564
639 1487 421
1267 1955 2
2504 721 911
1969 1043 10
33 2778 887
2947 1766 136
2625 965 9
512 1178 5
160 2395 1
1295 1471 10
821 2865 399
2184 1870 228
812 376 4
2219 1909 436
30 2754 7
2860 171 2
2924 206 4
2888 2824 847
2028 948 1
2989 1749 159
1532 1711 1
2554 2918 9
1807 2280 654
1512 2914 319
2263 891 667
1036 1949 1
2347 2849 831
1593 416 869
1998 1870 731
585 56 283
1019 621 454
2906 2025 861
2136 2663 901
198 2154 2
799 487 361
706 815 148
2395 1122 66
925 1064 544
991 714 5
675 323 1
1906 2036 95
328 8 8
638 900 5
343 917 9
2031 2872 1
2370 474 705
2385 1481 5
1962 1179 290
2161 1351 99
1509 2758 10
1291 114 647
586 1398 7
1529 846 394
1900 78 671
820 2085 730
549 584 140
2247 1100 9
1278 2100 2
848 856 417
1643 2851 182
2686 42 373
1291 1866 47
1369 2457 702
775 1306 109
2316 149 47
76 2430 9
2242 2128 1
1017 1995 27
502 146 19
975 1378 7
2286 2234 1
1041 1125 317
1823 935 294
56 1750 653
2990 623 912
1808 2138 7
618 205 118
832 2411 732
