1000000000000000000 90 90 10
228643063430340449 805663137
469556876789916049 866237462
412136417157084434 430519984
591419686461102132 166271679
647541558569137687 395260941
382153197071050830 956486380
596330566814520464 956803040
824621724198181707 100905460
904744556450639708 388203065
320390138146322913 444036779
248881883155996323 504902346
694475061454757070 146650065
280956745090844474 307541116
661728665686761137 837033595
912969769265391070 748368829
463551072380923456 16218805
580639315760954248 667400681
49204410978108818 868647595
667587771711076927 254622435
181212939964393024 753364456
441525959891686966 847046012
189377596438690683 620437560
329896846945812763 978560006
118328822986193517 143849199
109804633192768984 344407018
51785997857511044 912153557
473446007674429393 429121912
546451266434142721 515175538
76861930454340634 552166267
784372420903350158 997763325
813554780607417996 644036209
994794432988047674 590134824
60185234321091553 867498039
850930865819711808 365812706
649691971119408866 47811092
595195024437473930 716870494
611415838813579529 886491332
874471259807811295 299454628
569529689319869730 790001559
119630874016923290 206974174
540172200365640656 178463263
411395742527225254 768798191
541096198846843648 579097598
593420007274714026 179809968
71678698777346222 222462882
866515523308873140 112455875
964757290054719118 850477758
834809476861234621 851388788
542821899631038322 161471099
286790944226683099 86934761
749268178917877888 169329034
632602294219933443 425994084
189230539086552992 152817985
789369090387842981 331476477
371811306434166177 953313587
479795462761741376 155625220
35645562165308512 869811795
697972506087478634 744957384
611437071237835800 847316876
947426725381403833 437307350
376231722493432402 173115653
288636954178482395 750594144
897419706266206838 815494852
583100292572208590 846173943
804484399837683035 893318116
121653662091278257 965074633
158167331214056665 955187020
263119675753768789 211791883
19030803849438600 564323121
350107971708413288 964437769
461432877801246801 649441816
100453256882845390 140123370
894005009548656393 283103583
998161716167338660 641214765
603871379346718804 635758246
346841382035109613 913326012
909465847478254717 402889169
350723393562081030 842048165
42105149696694097 758913213
335936325237282655 550255128
750415802297815278 728430945
212107378031996717 550293234
576667138953656109 594690560
41466201400919641 760477636
438183732486949933 121599690
546430556783467778 168718961
726735542469159865 627565067
806202750606855655 523572866
452287369174026386 987462252
490682300935404683 422630972
2 84 155581020
2 84 492913531
2 54 74833041
2 28 190989698
2 54 125288842
3
2 71 321781560
2 71 217336111
2 54 108997207
3
3
2 54 18656068
2 71 86172376
2 71 11986604
2 54 1226417
1 25207
2 80 151291585
1 96790
2 79 39235670
1 548081
2 3 128836590
2 1 617318016
2 18 699397265
2 37 840033508
2 43 397222013
2 62 360255250
2 54 1635332
1 510261
2 88 290644270
2 33 592019799
3
2 45 10236389
2 70 204683985
2 59 156387085
3
2 76 284989054
2 10 31203095
2 86 111153287
2 33 170663302
2 12 72001653
2 68 116667427
2 67 188478787
1 325177
2 80 92887593
2 35 2919323
1 988321
1 758317
2 46 67964488
2 74 311983266
2 59 392686634
2 20 273129358
3
1 854220
2 49 64461458
2 60 274764601
2 57 720800041
2 90 375029129
2 66 495582007
2 6 712795382
2 1 170317625
2 81 349757362
2 66 42469133
2 66 34711122
2 79 325539649
2 82 181041577
2 86 41624644
2 25 299287385
2 15 355141464
1 384956
2 55 946049741
2 14 138529279
2 24 108002017
2 51 149349138
2 63 710816945
2 17 223293222
2 7 494444314
2 52 372813165
2 73 146141218
2 80 25649782
1 732161
1 957597
2 57 40292735
2 1 2125057
2 22 351660791
2 90 4131355
3
3
2 70 521101654
2 29 9621659
2 35 26810744
