100 40 90 37
68 585709419
29 269401432
60 340689475
38 646668582
56 733729394
95 957622527
19 397824086
62 667028
92 867165367
94 551407515
53 172222336
15 298059587
71 419519638
57 532295225
25 840253507
49 384987921
17 147146333
10 757174543
59 134073011
18 811294814
36 827677328
87 565763708
66 74238570
83 758100251
44 220372281
74 116267275
21 100975041
9 318354158
58 860071049
82 959335535
72 600175932
14 788557157
89 265301752
73 438996681
77 858784167
6 411448646
34 241407700
43 411809252
93 41085933
96 421448507
2 4 473428585
1 23
2 39 35765651
2 4 92670580
2 4 26816075
3
2 39 2670441
3
1 44
2 30 818788319
2 1 299621776
2 1 3305265
2 30 122464647
2 30 13123055
2 30 4359345
2 30 85707
2 30 25799
2 33 256080544
2 30 339940
2 30 39237
2 1 280864417
2 30 86308
2 33 5193061
2 1 413885
2 30 537
2 33 3468210
2 30 11246
2 30 159
2 33 464249
2 33 31963
2 1 1307181
2 30 8276
3
2 33 34261
2 33 18277
2 30 1596
2 30 831
1 67
2 33 5924
3
1 96
2 30 498
2 30 18
2 30 13
2 30 1
2 30 0
2 30 2
2 30 0
2 30 0
2 30 0
3
1 69
1 35
2 21 247229391
3
2 13 413884949
2 40 360106589
2 19 22688993
2 34 198971144
2 34 100731441
3
2 13 1427222
2 40 32108441
3
2 40 19288319
2 19 97252356
1 57
1 13
3
2 8 86400
2 9 308053557
2 26 41883226
2 8 514800
2 22 314513341
1 40
2 35 620696835
3
2 19 13043398
1 55
1 29
2 31 452026123
2 31 51444002
1 21
1 6
2 15 100554543
3
2 24 150603694
2 26 36360490
2 13 331618
2 40 244234
