1000000000000000000 100 100 8
846774406199068265 36255152
258284538920380657 928837245
550665443563322573 626749581
409020782351797423 28429865
372033602113336792 217983702
65005210559553131 213328782
802852149302990100 72712607
686078516355674635 156904896
660608309066968115 74143101
501335091773028335 995321964
516542655526922653 177548687
445957328003528002 596319060
429582378579247205 717994431
750614761870671781 484068224
430397197245571990 944930933
282877018765167289 377647202
597513094679781906 723503150
597551069299310643 774820175
243110577194862199 397379060
302140433075836498 813485248
223793756335882961 332096888
20911743844432320 72577788
77417923375854063 181022527
157838017934308828 386384501
998666144240192101 17234755
976207199737551834 63783058
557477149576616550 335706331
304337423096669473 75218944
227093288550967951 606139267
842509270774093090 584778007
524339864116426148 412506119
475877447934929418 970687124
725436259490092044 163013220
340116899730109587 646212875
353100103900270803 624055795
426347244414010418 696374855
320279750154634651 305656824
704320828897258713 348619024
150940986786156050 158978827
298215399346848188 290909786
462281631859826365 848626378
861383929560270043 390990466
349700718817373254 228088694
287065835965058370 497399805
267623928533739402 575284643
841763150354695306 308033546
929498601423757506 62765226
660035089504948694 531145929
897589387872437830 62622604
384216933779949894 838163984
428745904831455307 615526078
338291220501292223 277871390
2344681307124882 975533792
330111698004784140 497811478
300935540472453674 654544869
79418894786157933 80102816
285840553103182254 251777110
467626910725308424 270059852
765980656767436774 20303317
380875040642017152 40111427
692120206193231357 461368094
118842349168401076 602722367
845179246981962540 218571191
705836223469774084 88562772
83164319340362662 499625518
5517237397616275 437446283
515335467362923192 692911421
919504591382135462 744034134
556686297545422830 14893660
128616216893530788 683000585
186781842284636964 23958449
529531774506162652 706962535
298419963104620821 367666941
681045837631162459 325408865
373332329051853378 154988198
146647712776054363 921867893
260945020049979559 681582566
886053578689915277 901290629
749616761331226751 248228417
674987045543722794 814517111
955991030271471654 387844181
65986424366203839 802200694
769077767704017900 295627982
856590861059423481 617438066
158499896503924527 405958544
588013064863606195 59365480
205052200823274609 480454283
404028867334007054 745007190
820658476151708294 404522095
770672022041629696 389048994
889768240008382829 656263168
121973648674128319 474609780
306231658049642965 730898296
365088832709677085 611923266
341095768093275755 371421722
533301180164483323 563920769
565012427929011159 272154713
859852651526392510 857299979
650876591805462240 489219520
671352289583347717 380333267
2 21 238906116
2 84 502638560
2 1 1033740
1 531531
2 59 7059761
2 8 32675771
1 290792
2 67 146567080
2 78 153096826
3
2 32 235879825
2 53 928582557
2 43 72844177
2 80 127491537
2 2 52034474
3
2 25 16781731
2 69 13678178
3
2 34 81846417
2 68 245831815
2 63 200117817
2 13 576006195
2 18 626100502
2 17 587683408
2 38 153595537
1 208051
2 41 677435997
2 2 792932389
2 73 114911072
2 3 351073509
2 25 55702
2 46 211804087
2 88 712608581
2 4 16191462
2 13 9794410
1 736626
2 4 7482037
2 99 481068771
2 19 397011899
2 42 6996770
1 952294
2 100 56359400
2 90 282620425
2 56 76287650
1 56238
2 4 3514882
2 90 41507941
2 86 33858818
2 26 62801572
2 98 436264334
2 27 317431460
2 46 92591868
2 81 319292968
2 36 408161239
2 77 312920450
1 718062
2 50 675724798
1 662417
2 69 262804
2 74 19288489
2 20 619702844
2 52 122186355
2 4 143031
2 51 363399219
2 31 89019440
2 98 359577161
2 45 272405982
2 20 54006457
2 17 26157317
1 20463
2 95 166648563
2 90 1710993
2 81 17117194
2 82 666553747
3
2 33 50593285
2 32 708259447
2 100 203363137
1 652838
2 94 409947320
2 60 10596494
3
2 26 915231
3
2 53 25321394
2 94 187940249
2 80 524510071
2 29 479017767
2 80 11616357
2 53 15698144
2 79 218875144
3
2 65 317291869
2 79 10709244
2 36 181413744
2 90 51036330
2 44 173097659
2 22 28857851
2 13 131500920
