1000000000000000000 100 100 7
845948167315952137 287115434
544508055898794310 768945875
805487373026513365 172733263
752017664286625123 277382229
837766650252190341 455696577
484652716531226709 239996230
942332221073706088 846378677
894042495145381156 574342403
657020654888586727 906733154
275116893410397423 720628538
6768469783086572 562483935
213282594214204356 653061877
250218989795111839 308959034
650688883920242213 163032748
344262883612001504 493923079
241232033157606753 716658850
393415599809471697 626928409
822161223112892470 971483905
330543972876180591 659052421
114529793326809771 562940611
488219661571405394 967007725
732511630991508721 345510584
449651735965051954 56198977
17706436829294649 783572472
4527237679734533 782415504
575199042057726558 111296317
815906250980332839 418772711
616311281049157412 626940133
249065296498951768 401478072
767867971291982505 120530003
527700221441216178 612337522
856853050184450844 688842727
725877195024980210 94956279
603069056629960672 850186387
356686246678842776 12349138
745066865362610836 869311608
625016280357201876 798829106
522490120365630148 887228381
329410369525860923 415809456
433088375634499372 934288938
705628344284273841 439377208
629967864444346321 643082342
763449371209740821 176627286
624369490944952927 313546564
630998003653885834 947684215
471990796109389451 112756833
123707777043980407 645982386
969067814116242030 354920708
176117215591303566 255117778
654367057582290700 695644755
945396823658445442 168683394
792526404149234931 579614360
363243875053517703 242380517
702448387408145357 799982898
162514155440501801 766655141
711543250258390779 163450309
750553875411359960 612711639
393383095752928816 281533164
132969823586339282 767869987
386781211547718946 964226937
69018895858390028 443574825
484252417345869355 211105262
954651116786366095 545204744
307741505508061897 138461549
68600145030046702 406900814
446956402521887493 655184597
260300371800516388 284907182
666411670712294619 632625783
671282352511785077 472995261
127207989256090418 193497985
39197487968610871 362200748
805873019740277611 680162794
823920289317905148 630328070
224873430282201495 306263827
856734164691195657 711547606
769788047227902760 168204641
350567947524717621 411941745
235729024644283825 130444311
708350251328557379 422804727
40901122372067568 783384591
929700578989305498 773876692
770781193034843805 121616475
883779565133504960 705723065
142613486657711021 258509442
402759198857716106 54475695
248783971233662497 949522557
917270712485083066 809554474
507608773898164032 447861790
3757569302559949 363781135
753977260838475513 932216560
383409498343267370 592962018
569398951541380950 663121008
581385874714748410 518672696
399558425775195970 519556617
90686316204656961 669306601
657190001182130713 573897932
22984467093306394 945757024
93796457902566844 15510193
371843389321357605 320348607
4524994929564440 436943754
2 8 247037007
2 11 45075303
1 997761
2 34 577339431
2 90 194490509
3
2 50 670796982
2 67 245723568
2 62 158448841
1 433205
1 67137
2 37 614219
3
2 40 47692138
2 26 19029803
2 50 20143394
2 57 413865396
2 38 344016394
2 72 490536212
1 425090
2 43 56138886
2 60 515068451
2 84 69672226
2 33 8583177
1 807648
2 54 700403794
2 36 74250179
2 86 203566350
2 41 392024467
2 48 278029140
2 61 395471852
2 34 155091831
2 34 794910
2 6 79124183
2 48 60568370
2 7 620333850
2 2 142428913
2 7 88048781
2 45 829787039
2 51 92154450
1 782297
2 70 140861353
2 69 201180966
2 57 119169117
2 69 59523311
2 38 474933425
2 26 21472909
1 993308
2 96 201129794
1 526804737798027707
2 75 99341441
2 82 121273849
3
2 60 74148606
1 47251
2 23 21965202
2 37 692638648
1 538469
2 14 50356118
2 80 99077698
2 81 181467583
2 81 317293895
2 12 600387274
3
2 86 332058745
3
2 87 678262213
3
2 74 79319277
2 89 43162791
2 93 177260983
2 27 170002775
2 98 3001548
2 30 12557824
2 82 201053
2 8 40459229
2 17 139956900
2 95 272258384
2 7 38317952
2 81 94876635
2 54 20598780
3
2 80 347911456
2 92 632767973
2 41 10845441
2 44 101969440
2 32 686390640
2 6 137366413
2 89 108576608
2 99 12409153
2 80 288346322
1 251051
2 25 136981229
2 22 93964227
2 5 299011496
2 23 25907855
2 55 250131504
2 52 325197686
2 7 87384422
2 25 390567212
