1000000000000000000 100 100 4
843469442076669161 379396890
40772021933617753 11347429
781150759244592228 410313395
793111771042862648 632879615
398617080212617495 165939977
844539833839607887 665079093
827029812226793541 486293728
77782591776303827 230213859
513756159220410648 872534889
486422602792448711 840384477
863494590405518628 993150577
386377152926727599 827020182
902995079282648993 74551435
925901942828658871 209029483
275805051974051322 106984295
185565532322420091 528077093
690349563013457602 595522831
90354476523890613 994796782
104910908734288941 948669584
209791609712880752 59774743
824681710453988760 661768299
110658361896694361 83159361
72264214260026219 516629373
918328629632872416 129142144
336396563103739212 221855977
746392008771937888 724136035
911317161718032394 223478486
312549519603165133 14432953
748670242087669272 975521194
489136902997783348 531092833
369073351283104426 138294879
111181336815456546 919577742
500433568753933207 719096241
767065325996009188 834003125
190986061068014623 48020075
482122920967071538 796064155
462168069679632579 147443019
609402790648039525 271059035
291805466653991764 413334433
819432867680128369 342095042
993036439510447802 790761768
757030693688571673 808491179
973164816054945497 1039240
540255673406137862 790039867
111399397672942794 175899180
635230229718861150 983103875
128910880373525275 68457400
643768297630412977 916991935
162279597121211175 3282276
135802537746334669 110130268
925177029065034858 79725796
213751791538246377 471879206
274574640651287551 991268511
137370739261837438 154825915
570430405010934625 894588836
381237866554571617 246107833
543436124137849853 505929583
223774971358501627 676975124
968894388114226080 278408502
172570576713186606 618817644
945076620877122838 809972386
353344739521371012 854849115
301679889046946710 40646392
292118756874812980 676922386
670316935383260426 207566425
15080566035753373 788235823
978978855797034929 70680637
915750979693529518 960730428
197062247997572310 984340481
263359022383399185 93645260
16582006963026043 310789256
617837413535506919 191191874
296879496712395478 462537317
531800509492210620 404378604
497129720865221832 189208109
797455513103256766 13714365
682760891900331938 125237168
178595674021301179 718634739
64479595102098389 955946973
582833890862863660 268127969
143038610526078306 819984322
678527032074360155 573818844
640907679691443454 643333484
858014324827902741 405420893
422852196961357307 288423420
586412430891472734 532446216
605536443937371875 350326122
877499189257227344 368982608
26643988818365688 607673162
24795353694552764 172724473
234603124513076072 907543804
375673056785187008 404404259
996824310206308293 253397065
710065030579593958 102896842
773299333389418513 94741947
128526490475664303 439460858
181656033403589880 524210612
359080286699155850 758674094
674879667840793555 471561206
464815864673646816 696098745
3
2 79 563491696
2 38 228819300
2 50 103475263
2 48 757689637
2 48 27386364
2 50 6614207
2 22 65790188
2 43 334075
2 52 77456806
1 256350
1 681505
2 85 286308519
2 11 233568633
2 67 2891625
2 41 518789179
2 55 578884357
2 76 11045578
2 21 572426146
2 98 431467234
2 79 230528023
2 94 9438567
2 33 154726811
1 6435
2 64 286536589
2 70 46425844
2 90 36183532
2 14 56433092
3
1 380558
2 55 203125975
2 65 126208505
2 58 639950984
2 45 151089938
2 40 203842461
2 22 12520873
2 69 121181220
2 36 416890061
1 864085
2 88 362503071
2 83 395085074
2 16 393323879
2 83 69193796
3
2 73 417249527
2 82 442205818
2 88 5622799
2 83 130627094
2 84 231105323
1 344360
1 533297
2 31 77487394
3
2 99 294498814
2 68 800972312
2 50 40704
2 50 9
2 85 1274147
2 68 109312203
2 48 96257742
2 45 4146264
2 54 85514254
2 23 487286271
2 100 645085439
2 42 783616249
2 4 55998988
2 62 8869342
1 840976
2 68 32205792
2 19 424188636
2 16 71330123
2 45 17046374
2 11 618045155
2 44 313720815
1 65569
2 41 10845813
2 8 25927918
2 26 68437837
2 94 75371531
2 37 133034684
3
2 45 984261
2 39 404994325
1 800758
2 47 47823795
3
2 9 288081670
1 398450
2 100 49865972
2 69 92780289
2 56 57320929
2 61 267005104
2 69 746599616
2 80 123603475
3
3
2 20 27411122
2 7 64591590
2 66 314367246
2 86 1118192
