1000000000000000000 100 100 10
881401573409861101 554388152
333833510308084279 420732493
879498296484634327 654032009
59620460150787307 239296031
388853305848972798 558817413
572573540043161125 18079207
861603086445284511 291977351
292490828448138738 357296511
546148556189334749 461363198
300327632240692782 696655287
482680919315563564 724108256
929856239747969581 204718184
593593006211085619 861360027
847354521714332948 201774133
446369136396543519 937402047
581081016096253825 241923669
59433845356029667 69864915
278236857886111422 641328574
432035387212598665 242880174
911766023200710181 716498092
538594875799880830 446537112
310620054418404202 13079380
791905244874820323 396066451
392646788610091628 506997054
152695849836899848 220451283
968762012225168772 709571875
347228311817403931 95956480
447124753701451343 259522950
22827740661017695 312462835
552674957846885162 543577592
568014848784207506 923140580
488357003207779286 717138850
190162061461710405 585402593
998989181286937595 218611499
498035525818881107 202148303
321562409417991305 885022420
522729569048371135 12097045
407544919825427747 810727218
628527737420364950 941931611
852541493606626586 935865751
723012646385490611 206612806
392255397628744085 286020931
631984692359365983 681091968
312387906393736911 188607867
271071811924647665 152172382
292679379488683413 650374504
563220942637327949 877739735
443392689321880627 230406007
922918712873905644 829449128
947065053774775581 191788558
290333343951688234 98812617
845584758184079798 995783838
131690061618928845 104017826
678184858449382922 939410837
995830234412857188 625836832
607911020417793441 822357063
856323521537760649 855792079
286541702856511002 486724948
666031354329401022 844050807
277278384403419106 998471715
601392547321990386 885033334
205564096024836825 961709112
275289483974890464 336498711
729739062090363281 373512769
701156341272932436 70281539
22610074842588624 302088751
254613104282234808 703514432
925493326228609183 89734612
863976226450308303 961704703
815596443359222661 384874718
298279045489551423 159354410
442698472086964011 330379621
652794410540850742 91864244
877077195682867094 135694580
220512548818106796 183423635
711328472419830908 723564305
445569605844934541 294155888
452825022953574138 873772563
785269419845580686 705516128
826542297882335358 398669492
496376087527665125 94511683
648391113061478984 38493094
973450640082327658 918435270
287844035070878387 925746414
707519831589955651 69203918
481181768005889693 674281322
304235355013547845 194583888
506951064685940115 104896923
752449632887778632 308267139
740792740995793832 911378619
906655313957560882 464318214
589542684404706547 565873684
215648218002783032 592132746
708383165422672212 324972050
269965833948358908 874661553
774744545030052963 539593396
940434009640754302 39220646
939067233236300755 439011602
144095148931256895 952063631
80983655298108752 533040546
2 1 37785084
2 72 116310758
2 12 79456378
2 44 11106147
1 988539
2 58 347540769
2 100 66491116
2 1 378885907
3
3
2 29 177417803
3
3
2 7 80075829
2 12 108406885
2 99 944690927
1 724384
2 97 12138669
2 18 138709909
2 37 8592969
1 716210
2 38 563589078
2 26 640235744
2 28 51743407
2 9 394429295
2 47 634899094
1 452590
2 77 126366950
2 17 36744628
3
1 703750
2 81 31832916
3
2 79 289851682
2 15 69845672
2 11 198801434
2 20 518424665
2 59 607011971
2 79 217777196
2 59 53355478
2 15 179070020
2 77 82773828
2 90 715799104
1 532068
1 925884
2 47 12191405
2 90 128784817
2 40 687194069
2 92 15463742
1 168987
1 381527
2 74 4682889
2 37 1996202
2 83 509270596
2 2 169119260
2 11 123697258
2 27 24248655
1 850676
2 85 68294110
2 88 61360362
2 40 45631063
2 38 113105154
3
2 17 25624788
3
2 10 156337594
2 77 51652097
2 50 787012
2 16 34289949
2 33 177170550
2 38 29282289
3
2 89 78102127
2 38 59776004
1 739885
1 182016763253706766
2 36 662552277
3
2 86 411361886
2 72 148113571
2 88 3748422
2 91 404168374
2 56 363726408
2 10 321491436
2 16 147582273
2 27 31523996
2 100 419831725
2 35 174357088
2 78 262039954
2 32 181149858
2 67 543969090
2 24 248979740
2 10 49176060
2 56 82640490
2 21 220100112
2 98 14892542
1 474208
2 24 195545652
2 20 74776747
2 90 30796987
