4 100 100
43 43
43 53
53 53
53 43
4 100 100
6 86
16 86
16 96
6 96
4 100 100
64 43
74 43
74 53
64 53
4 100 100
8 86
8 96
18 96
18 86
6 100 140
46 67
36 117
11 137
11 67
26 42
36 42
4 100 100
42 53
52 53
52 63
42 63
4 100 100
17 66
17 76
27 76
27 66
4 100 100
68 57
68 67
78 67
78 57
6 100 140
54 64
44 114
19 134
19 64
34 39
44 39
4 100 100
8 81
8 91
18 91
18 81
4 100 100
9 89
19 89
19 99
9 99
6 140 100
68 94
118 84
138 59
68 59
43 74
43 84
4 100 100
74 3
74 13
84 13
84 3
4 100 100
81 26
91 26
91 36
81 36
4 100 100
88 63
88 73
98 73
98 63
4 100 100
7 42
17 42
17 52
7 52
6 140 100
67 62
117 52
137 27
67 27
42 42
42 52
6 140 100
39 91
89 81
109 56
39 56
14 71
14 81
4 100 100
77 28
87 28
87 38
77 38
4 100 100
22 4
32 4
32 14
22 14
4 100 100
44 27
54 27
54 37
44 37
4 100 100
20 72
20 82
30 82
30 72
4 100 100
13 53
13 63
23 63
23 53
4 100 100
20 3
20 13
30 13
30 3
4 100 100
66 22
76 22
76 32
66 32
6 140 100
34 41
84 31
104 6
34 6
9 21
9 31
4 100 100
72 81
82 81
82 91
72 91
4 100 100
22 23
22 33
32 33
32 23
4 100 100
30 34
30 44
40 44
40 34
4 100 100
6 12
16 12
16 22
6 22
4 100 100
59 33
59 43
69 43
69 33
4 100 100
19 59
19 69
29 69
29 59
6 140 100
55 40
105 30
125 5
55 5
30 20
30 30
4 100 100
41 87
41 97
51 97
51 87
5 30 40
22 8
22 24
17 28
5 16
17 4
4 100 100
30 54
30 64
40 64
40 54
4 100 100
78 9
88 9
88 19
78 19
4 100 100
39 51
39 61
49 61
49 51
4 100 100
63 30
73 30
73 40
63 40
4 100 100
81 84
81 94
91 94
91 84
4 100 100
44 57
54 57
54 67
44 67
4 100 100
58 80
58 90
68 90
68 80
6 140 100
62 88
112 78
132 53
62 53
37 68
37 78
6 140 100
40 73
90 63
110 38
40 38
15 53
15 63
4 100 100
52 60
62 60
62 70
52 70
4 100 100
87 63
97 63
97 73
87 73
6 100 140
89 63
79 113
54 133
54 63
69 38
79 38
4 100 100
9 80
19 80
19 90
9 90
4 100 100
74 79
84 79
84 89
74 89
4 100 100
60 79
60 89
70 89
70 79
4 100 100
34 11
34 21
44 21
44 11
4 100 100
32 70
42 70
42 80
32 80
6 140 100
34 74
84 64
104 39
34 39
9 54
9 64
4 100 100
50 65
60 65
60 75
50 75
4 100 100
17 27
17 37
27 37
27 27
4 100 100
4 81
4 91
14 91
14 81
4 100 100
64 72
74 72
74 82
64 82
4 100 100
38 26
48 26
48 36
38 36
4 100 100
74 2
74 12
84 12
84 2
4 100 100
40 73
50 73
50 83
40 83
4 100 100
16 48
16 58
26 58
26 48
4 100 100
67 32
77 32
77 42
67 42
4 100 100
30 6
30 16
40 16
40 6
6 140 100
61 93
111 83
131 58
61 58
36 73
36 83
4 100 100
7 54
7 64
17 64
17 54
4 100 100
2 34
12 34
12 44
2 44
4 100 100
34 50
34 60
44 60
44 50
4 100 100
48 74
48 84
58 84
58 74
4 100 100
76 63
86 63
86 73
76 73
4 100 100
39 61
39 71
49 71
49 61
4 100 100
84 4
94 4
94 14
84 14
6 100 140
54 54
44 104
19 124
19 54
34 29
44 29
4 100 100
47 59
47 69
57 69
57 59
4 100 100
48 21
48 31
58 31
58 21
6 100 140
86 36
76 86
51 106
51 36
66 11
76 11
4 100 100
3 47
13 47
13 57
3 57
6 100 140
70 66
60 116
35 136
35 66
50 41
60 41
4 100 100
4 79
14 79
14 89
4 89
4 100 100
64 85
74 85
74 95
64 95
6 140 100
44 95
94 85
114 60
44 60
19 75
19 85
4 100 100
23 75
23 85
33 85
33 75
4 100 100
15 36
25 36
25 46
15 46
4 100 100
85 1
95 1
95 11
85 11
4 100 100
79 47
89 47
89 57
79 57
4 100 100
34 39
34 49
44 49
44 39
4 100 100
46 59
46 69
56 69
56 59
6 140 100
60 89
110 79
130 54
60 54
35 69
35 79
4 100 100
69 78
79 78
79 88
69 88
4 100 100
19 31
19 41
29 41
29 31
4 100 100
84 21
84 31
94 31
94 21
6 100 140
40 54
30 104
5 124
5 54
20 29
30 29
4 100 100
88 55
88 65
98 65
98 55
4 100 100
53 21
53 31
63 31
63 21
4 100 100
45 67
45 77
55 77
55 67
4 100 100
76 58
76 68
86 68
86 58
4 100 100
9 55
9 65
19 65
19 55
4 100 100
64 70
74 70
74 80
64 80
4 100 100
21 37
21 47
31 47
31 37
4 100 100
43 78
43 88
53 88
53 78
4 100 100
64 54
64 64
74 64
74 54
4 100 100
2 54
12 54
12 64
2 64
6 100 140
89 35
79 85
54 105
54 35
69 10
79 10
4 100 100
63 4
63 14
73 14
73 4
6 140 100
47 92
97 82
117 57
47 57
22 72
22 82
4 100 100
68 39
78 39
78 49
68 49
4 100 100
57 59
67 59
67 69
57 69
4 100 100
10 6
20 6
20 16
10 16
4 100 100
63 66
63 76
73 76
73 66
4 100 100
52 33
52 43
62 43
62 33
4 100 100
72 18
82 18
82 28
72 28
6 100 140
96 36
86 86
61 106
61 36
76 11
86 11
4 100 100
73 18
83 18
83 28
73 28
6 100 140
46 51
36 101
11 121
11 51
26 26
36 26
6 100 140
66 67
56 117
31 137
31 67
46 42
56 42
6 100 140
67 58
57 108
32 128
32 58
47 33
57 33
4 100 100
15 37
15 47
25 47
25 37
4 100 100
41 44
41 54
51 54
51 44
4 100 100
71 50
71 60
81 60
81 50
4 100 100
5 34
5 44
15 44
15 34
4 100 100
50 70
60 70
60 80
50 80
6 140 100
66 82
116 72
136 47
66 47
41 62
41 72
4 100 100
11 4
21 4
21 14
11 14
4 100 100
31 42
41 42
41 52
31 52
4 100 100
21 25
21 35
31 35
31 25
4 100 100
87 2
87 12
97 12
97 2
6 140 100
30 99
80 89
100 64
30 64
5 79
5 89
4 100 100
18 74
18 84
28 84
28 74
4 100 100
45 76
55 76
55 86
45 86
4 100 100
87 68
97 68
97 78
87 78
4 100 100
86 63
86 73
96 73
96 63
4 100 100
10 8
10 18
20 18
20 8
4 100 100
82 42
92 42
92 52
82 52
4 100 100
55 48
55 58
65 58
65 48
5 30 40
21 17
21 33
16 37
4 25
16 13
33 285 285
1 147
2 144
4 143
20 142
282 142
282 154
278 177
274 189
269 200
262 214
252 229
237 245
232 250
226 254
204 268
190 273
173 279
160 281
139 282
137 282
112 279
80 268
76 266
70 262
42 241
31 229
25 220
19 210
14 200
10 191
5 172
3 164
2 159
46 470 470
1 236
3 235
468 235
468 253
467 263
464 281
461 293
455 313
443 340
441 344
426 369
414 385
404 396
385 414
376 421
358 433
348 439
332 447
312 455
293 461
286 463
271 466
261 467
248 468
222 468
200 466
190 464
177 461
169 459
148 452
132 445
123 440
106 430
96 423
81 411
64 394
49 377
41 366
37 360
25 339
20 328
15 316
11 305
7 289
2 264
1 249
50 377 377
1 188
374 188
374 202
372 217
371 224
369 233
365 247
363 253
358 265
351 279
345 289
340 296
334 304
328 311
309 330
304 334
295 341
284 348
273 354
261 360
237 368
229 370
220 372
213 373
204 374
171 374
163 373
150 371
145 370
137 368
122 363
112 359
98 352
88 346
80 341
71 334
60 325
49 314
39 302
34 295
28 286
22 275
17 265
14 258
11 250
10 247
6 233
4 225
2 213
1 200
65 642 642
1 321
640 321
640 337
639 351
637 370
635 381
631 398
628 410
622 429
613 451
602 473
587 498
583 504
580 508
567 525
550 544
541 553
532 561
520 571
515 575
507 581
492 591
479 599
449 614
434 620
420 625
417 626
394 632
386 634
376 636
363 638
353 639
342 640
298 640
289 639
265 636
260 635
238 630
231 628
213 622
192 614
172 604
154 594
149 591
140 585
121 571
109 561
98 551
93 546
82 534
75 526
70 520
66 515
63 511
52 495
44 482
36 467
29 453
26 446
18 426
13 410
8 390
4 370
3 361
1 341
67 589 589
1 294
586 294
586 317
585 326
584 334
581 352
577 368
574 379
572 385
568 396
565 404
563 409
557 422
550 436
544 446
532 464
521 479
513 488
504 498
489 512
481 519
476 523
464 532
457 537
443 546
434 551
416 560
407 564
389 571
369 577
365 578
351 581
335 584
317 586
271 586
253 584
246 583
230 580
222 578
208 574
187 567
178 563
163 556
159 554
148 548
143 545
130 537
127 535
120 530
112 524
100 514
81 496
73 487
64 476
54 463
43 446
38 438
28 418
24 409
19 397
14 382
10 369
7 357
6 352
4 341
2 326
1 316
73 645 645
1 322
642 322
642 344
640 365
638 377
635 392
631 408
621 438
614 455
609 465
600 482
590 498
588 501
578 515
571 524
566 530
559 538
534 563
528 568
519 575
511 581
504 586
495 592
482 600
469 607
461 611
452 615
438 621
427 625
421 627
411 630
397 634
383 637
377 638
364 640
356 641
346 642
297 642
287 641
279 640
272 639
266 638
255 636
231 630
222 627
202 620
186 613
172 606
163 601
156 597
143 589
132 581
115 568
104 558
86 540
76 529
72 524
65 515
62 511
57 504
51 495
41 478
36 469
31 459
25 445
19 430
13 412
9 396
7 387
6 382
4 370
3 362
1 345
78 664 664
1 332
662 332
662 357
661 366
660 374
658 388
656 399
654 408
653 412
647 433
646 436
642 447
639 455
633 469
621 493
609 513
599 527
593 535
586 544
578 553
554 577
545 585
540 589
528 598
514 608
508 612
503 615
491 622
469 633
460 637
453 640
439 645
433 647
423 650
412 653
403 655
388 658
375 660
366 661
356 662
309 662
287 660
269 657
255 654
251 653
240 650
233 648
221 644
208 639
203 637
192 632
172 622
165 618
155 612
143 604
132 596
123 589
117 584
110 578
98 567
84 552
73 539
64 527
55 514
53 511
46 500
40 489
31 471
27 462
22 450
13 423
9 407
7 398
6 393
4 381
3 374
2 366
1 356
83 696 696
1 348
694 348
694 371
693 383
692 392
690 406
688 416
684 434
683 438
679 452
677 458
673 469
669 479
663 493
654 511
649 520
645 527
642 532
634 544
624 558
621 562
610 575
602 584
586 600
573 612
568 616
554 627
547 632
535 640
527 645
522 648
513 653
491 664
484 667
469 673
445 681
434 684
430 685
421 687
411 689
399 691
392 692
383 693
372 694
322 694
312 693
296 691
289 690
283 689
274 687
261 684
257 683
250 681
226 673
206 665
184 654
168 645
157 638
145 630
141 627
131 619
120 610
114 605
93 584
85 575
78 567
69 555
64 548
57 538
55 535
50 527
43 515
31 491
28 484
24 474
21 466
17 454
13 441
11 434
8 421
5 406
3 392
1 372
81 740 740
1 370
738 370
738 396
737 407
735 423
732 441
730 450
725 470
723 477
717 495
714 503
710 513
705 524
693 548
685 562
680 570
671 583
659 599
649 611
641 620
622 639
610 650
590 666
580 673
565 683
560 686
553 690
542 696
524 705
515 709
508 712
495 717
477 723
470 725
450 730
435 733
429 734
416 736
407 737
395 738
344 738
331 737
323 736
316 735
303 733
289 730
273 726
259 722
247 718
239 715
226 710
217 706
193 694
186 690
171 681
156 671
141 660
129 650
120 642
98 620
90 611
84 604
79 598
68 583
61 573
53 560
46 548
35 526
30 515
24 500
21 492
17 480
15 473
12 462
10 454
7 440
6 435
4 423
3 416
2 407
1 393
84 903 903
1 451
900 451
900 479
899 491
898 502
897 510
895 524
890 549
888 558
884 573
880 586
873 607
864 629
861 636
845 668
837 682
825 701
818 711
804 730
787 750
770 768
766 772
751 786
743 793
731 803
715 815
708 820
690 832
680 838
666 846
634 862
617 869
612 871
601 875
586 880
573 884
549 890
535 893
517 896
500 898
480 900
424 900
409 899
399 898
391 897
378 895
367 893
352 890
339 887
328 884
318 881
294 873
279 867
267 862
235 846
228 842
216 835
211 832
187 816
183 813
170 803
165 799
151 787
134 771
123 760
113 749
102 736
94 726
85 714
74 698
69 690
63 680
56 668
41 638
33 620
26 601
23 592
17 573
11 549
7 529
5 517
3 501
2 491
1 479
33 907 907
1 468
12 455
33 453
888 453
902 454
900 510
890 558
874 613
869 628
851 665
797 745
746 796
731 808
671 846
626 868
586 883
539 895
497 897
474 898
417 900
378 896
328 887
260 860
217 837
161 797
127 765
116 754
108 744
90 721
62 679
49 655
46 647
14 559
30 920 920
368 460
551 460
551 470
548 486
546 492
542 501
537 509
533 515
529 520
520 529
508 538
499 543
492 546
486 548
478 550
472 551
449 551
442 550
437 549
427 546
418 542
408 536
400 530
395 526
388 518
385 514
376 499
373 491
370 482
368 472
43 856 856
301 427
552 427
552 441
551 448
548 461
546 467
542 478
539 484
532 496
527 503
521 510
508 523
502 528
496 532
491 535
484 539
480 541
470 545
461 548
453 550
447 551
440 552
415 552
405 551
400 550
392 548
381 544
373 541
369 539
360 534
354 530
350 527
338 517
331 509
326 503
323 499
315 486
311 477
308 470
306 464
304 457
302 448
301 441
54 1048 1048
343 523
702 523
702 539
701 548
700 554
698 564
696 572
692 584
688 594
683 605
682 607
673 622
671 625
664 634
660 639
653 647
649 651
637 662
622 673
619 675
607 682
599 686
589 690
581 693
575 695
559 699
549 701
541 702
506 702
497 701
491 700
477 697
473 696
464 693
449 687
442 684
433 679
423 673
417 669
413 666
406 660
397 652
391 646
385 639
377 629
372 622
370 619
366 612
356 592
352 581
349 572
347 564
344 547
343 539
39 1126 1126
445 563
680 563
680 577
679 584
676 596
673 605
671 610
666 620
661 628
659 631
654 638
640 652
635 656
627 662
622 665
610 671
602 674
596 676
589 678
584 679
577 680
548 680
541 679
529 676
520 673
515 671
505 666
498 662
491 657
487 654
472 639
466 631
460 622
454 610
452 605
449 596
447 589
446 584
445 577
45 1090 1090
413 545
676 545
676 559
675 567
674 572
672 580
670 587
666 597
658 613
652 622
648 627
643 633
633 643
626 649
622 652
616 656
611 659
604 663
595 667
587 670
580 672
572 674
567 675
560 676
529 676
522 675
513 673
509 672
499 669
485 663
476 658
467 652
463 649
457 644
444 631
440 626
435 619
433 616
430 611
425 602
422 595
417 580
415 572
414 567
413 560
52 1162 1162
383 581
778 581
778 599
777 608
775 620
771 636
766 651
761 663
754 677
748 687
742 696
735 705
730 711
711 730
705 735
700 739
696 742
690 746
682 751
677 754
667 759
656 764
648 767
636 771
620 775
608 777
600 778
562 778
546 776
541 775
532 773
525 771
510 766
500 762
486 755
471 746
468 744
461 739
456 735
450 730
432 712
426 705
422 700
415 690
406 675
401 665
397 656
395 651
389 633
386 620
384 608
383 600
54 1206 1206
398 602
805 602
805 621
804 630
803 636
801 646
798 658
793 673
789 683
786 690
778 705
769 719
763 727
753 739
740 752
727 763
723 766
716 771
710 775
701 780
683 789
673 793
661 797
654 799
642 802
636 803
629 804
621 805
582 805
574 804
567 803
557 801
545 798
530 793
520 789
502 780
495 776
486 770
476 763
464 753
452 741
445 733
441 728
435 720
430 713
424 703
419 694
414 683
410 673
406 661
404 654
403 650
399 630
398 621
54 1316 1316
490 657
823 657
823 674
822 682
821 688
819 697
817 704
813 716
811 721
808 728
806 732
800 743
792 755
785 764
777 773
773 777
764 785
759 789
755 792
743 800
736 804
728 808
721 811
716 813
701 818
693 820
688 821
674 823
639 823
631 822
625 821
620 820
612 818
597 813
592 811
583 807
577 804
565 797
554 789
549 785
541 778
540 777
528 764
524 759
521 755
513 743
509 736
504 726
500 716
496 704
494 697
493 693
491 682
490 674
55 1292 1292
466 646
825 646
825 664
824 672
823 678
821 687
819 695
814 710
810 720
804 732
800 739
792 751
789 755
785 760
780 766
766 780
759 786
751 792
739 800
732 804
720 810
710 814
702 817
699 818
692 820
683 822
678 823
672 824
664 825
627 825
619 824
613 823
608 822
596 819
589 817
581 814
571 810
563 806
554 801
549 798
540 792
532 786
525 780
510 765
505 759
499 751
491 739
487 732
481 720
478 713
472 695
469 683
468 678
467 672
466 664
4 100 100
10 10
20 10
20 20
10 20
5 40 30
12 25
28 25
32 20
20 8
8 20
6 140 100
50 60
100 50
120 25
50 25
25 40
25 50
