169
153 76
1 94
86 145
157 138
98 141
142 88
53 74
13 24
14 13
90 29
78 164
37 92
31 79
139 75
147 66
90 127
3 65
167 89
36 44
128 124
12 13
155 110
59 100
43 24
106 105
118 98
13 42
55 161
18 156
4 168
65 135
100 4
16 41
112 107
46 42
133 125
41 93
111 42
22 164
124 70
48 96
15 18
114 104
64 46
55 153
128 130
134 169
136 46
37 58
137 100
26 49
25 56
86 8
93 106
69 95
145 155
40 49
155 30
2 141
166 9
32 80
114 79
7 114
7 134
153 3
6 3
123 114
14 4
144 84
131 12
167 52
167 3
126 103
36 66
157 95
27 109
146 138
80 107
104 73
36 28
28 129
109 42
109 102
67 80
61 157
23 94
142 123
26 154
98 143
126 137
26 13
47 66
26 90
77 163
43 101
1 67
85 78
27 97
45 107
140 119
109 115
94 120
99 79
66 81
155 93
25 83
119 10
38 159
7 164
50 163
48 6
114 98
19 152
21 152
152 7
162 90
55 117
116 49
74 75
9 163
133 83
14 153
157 36
82 120
43 7
87 150
101 30
68 129
79 54
168 62
78 71
72 139
87 11
15 150
159 19
37 127
121 14
17 80
36 101
160 3
69 108
55 163
158 11
3 113
39 162
139 112
150 147
34 82
57 135
130 91
67 132
151 13
144 164
115 63
119 30
33 99
36 25
148 24
128 43
154 51
5 112
20 164
14 139
122 14
35 129
60 79
165 117
149 85
