868
359 697
808 105
61 575
101 506
168 367
281 800
642 15
327 61
24 231
627 601
33 206
397 282
125 489
123 196
349 263
205 239
537 546
311 393
784 524
562 505
210 456
447 857
226 534
214 679
471 437
527 385
628 91
153 37
862 269
181 296
562 348
818 187
237 523
714 444
298 693
618 8
707 98
662 347
293 825
855 315
837 70
182 328
486 29
494 361
826 413
663 208
573 195
47 354
568 91
146 646
851 164
657 405
518 122
79 835
216 628
331 371
27 259
229 49
762 246
428 777
820 525
141 147
664 7
731 323
177 789
577 505
53 213
525 53
4 267
296 355
317 396
211 614
629 100
180 603
530 743
627 142
357 273
223 777
596 545
276 821
497 57
570 717
783 444
212 481
196 857
613 54
83 326
467 158
172 368
278 853
163 257
802 555
860 862
337 371
446 264
495 166
671 623
853 411
470 531
344 311
729 589
687 652
157 301
755 393
191 652
185 786
344 183
13 657
809 8
241 2
738 609
790 408
261 448
619 243
863 503
175 349
659 740
267 862
210 96
169 154
855 54
453 541
761 31
38 331
360 254
604 775
86 355
188 632
862 534
19 291
89 848
681 760
208 313
504 860
380 151
679 40
255 367
92 591
644 512
698 561
726 179
789 784
426 285
530 590
849 107
638 11
580 822
504 483
745 565
394 601
757 404
779 93
549 626
704 323
822 584
99 565
624 463
470 60
640 329
470 353
37 45
867 279
666 759
783 616
80 129
739 42
56 722
367 322
364 180
204 629
259 180
358 486
311 265
514 487
583 516
673 215
455 186
177 288
796 384
345 366
321 647
645 13
204 702
804 493
170 31
592 564
733 210
426 197
81 557
502 677
794 287
569 19
127 461
631 361
862 356
806 725
112 652
26 350
139 289
73 746
515 287
415 736
17 487
388 570
137 826
600 657
270 452
324 286
667 218
267 152
742 727
72 592
380 174
765 459
666 553
688 686
610 517
629 41
597 657
712 589
845 309
792 275
513 270
279 732
839 516
749 579
183 95
12 789
476 38
162 796
639 346
133 105
860 279
467 366
828 609
788 30
58 747
397 511
554 482
816 627
389 555
861 444
493 61
127 620
232 389
831 317
556 85
142 3
395 764
504 818
829 839
576 188
465 334
637 798
609 427
259 237
554 635
63 763
345 834
23 111
222 152
489 679
281 8
302 173
317 658
424 391
609 311
768 600
13 369
375 220
396 679
608 451
532 130
514 227
838 428
323 502
728 404
679 773
73 115
69 577
153 693
201 176
43 592
609 150
124 241
364 392
34 135
229 85
242 625
616 763
455 662
245 208
444 555
635 350
487 654
627 717
166 689
13 682
324 585
611 283
487 443
238 365
471 382
118 809
360 728
788 538
547 194
436 352
647 743
517 586
655 150
733 125
259 108
242 635
729 602
653 145
793 40
348 488
75 381
540 821
61 248
262 297
440 592
480 601
135 60
653 609
106 718
419 714
142 617
740 679
628 687
134 366
386 118
129 179
795 57
429 286
628 190
196 338
105 504
803 444
660 835
32 258
545 67
136 736
59 414
535 94
367 807
10 735
562 866
359 673
689 48
256 274
723 565
342 345
356 693
692 248
605 824
736 33
501 844
440 262
502 612
509 62
257 589
523 416
302 735
550 589
650 160
525 407
573 387
822 562
804 762
179 470
286 514
301 739
395 685
609 546
425 355
133 664
777 299
31 78
718 486
693 194
675 562
551 719
330 185
844 510
20 640
600 811
437 103
703 690
449 552
722 787
41 479
749 803
297 574
431 828
102 328
99 12
425 74
640 643
28 527
228 164
644 562
788 399
281 699
243 680
353 343
377 128
555 75
154 351
67 484
766 84
840 77
254 473
498 678
782 51
217 727
50 418
852 76
489 722
344 648
733 521
624 647
350 633
770 135
559 40
370 791
747 13
179 672
865 421
643 594
238 785
367 127
64 459
6 200
424 743
740 116
385 675
674 682
224 356
728 773
363 528
823 252
573 229
197 68
588 440
12 282
810 439
774 452
813 266
860 468
827 405
811 244
149 177
16 433
555 247
730 830
262 575
753 734
100 649
690 383
640 72
620 840
148 110
721 307
487 822
380 665
249 462
127 130
448 421
629 355
29 355
390 797
538 627
663 823
208 23
778 43
783 506
824 593
684 533
424 144
543 606
209 675
410 139
747 741
36 667
448 791
208 554
44 616
689 143
144 623
127 560
112 814
311 466
490 601
481 22
426 701
300 662
428 268
476 716
636 519
132 5
124 591
605 514
236 586
126 339
756 525
316 573
60 687
675 464
57 54
467 450
424 161
380 297
842 418
752 606
312 417
459 90
682 295
634 426
348 470
167 248
696 13
177 98
128 828
88 284
601 185
201 813
345 13
845 788
731 362
171 740
1 492
391 36
72 24
525 310
838 613
439 243
640 522
847 595
435 118
794 844
695 636
169 626
845 498
724 482
120 279
127 803
121 476
355 727
61 260
669 277
561 290
662 294
426 790
262 284
441 400
696 323
422 562
477 791
199 576
374 747
347 641
319 577
89 523
687 71
781 12
719 564
830 269
328 287
395 124
361 385
56 642
422 335
644 198
587 629
567 781
609 46
720 556
614 127
836 756
548 751
410 572
758 854
797 204
355 526
725 82
289 380
368 489
376 845
354 52
683 531
704 507
420 613
14 498
221 453
208 609
505 862
653 325
819 670
799 87
453 750
637 845
681 460
249 478
485 826
711 645
841 434
344 124
668 297
627 225
270 276
608 620
679 862
1 156
485 146
97 402
700 279
366 542
126 294
117 267
345 457
208 65
267 184
21 522
414 239
29 332
571 67
7 850
346 198
846 864
555 766
740 76
18 748
320 520
54 189
118 784
433 452
251 357
360 544
782 578
670 647
469 501
84 598
592 545
138 839
152 792
740 558
51 862
114 485
128 817
259 737
706 508
813 331
709 331
235 666
293 10
457 22
426 609
617 104
500 478
378 558
773 430
308 704
233 731
271 35
845 769
773 445
773 318
64 833
849 449
569 163
734 554
444 801
97 486
340 188
398 418
752 240
539 126
149 200
41 688
772 533
129 630
119 11
763 779
485 828
35 776
326 135
554 796
274 575
739 525
379 839
857 442
694 845
622 554
220 289
566 844
284 708
499 592
514 423
851 270
262 267
806 353
412 768
401 408
496 531
335 841
237 629
267 208
528 235
744 252
752 501
791 307
693 314
845 272
587 581
495 52
47 859
141 165
73 470
557 12
561 66
525 669
857 841
50 644
389 656
636 132
387 775
341 352
278 421
706 453
193 461
680 438
159 513
799 838
258 862
188 55
166 259
446 595
282 403
643 25
820 283
180 449
472 844
504 109
259 767
785 648
351 858
304 480
666 132
154 557
856 131
139 251
414 804
706 615
679 156
179 250
267 525
270 440
125 39
760 444
465 693
383 209
152 474
35 156
812 224
217 333
229 487
860 657
715 303
432 856
306 396
471 657
178 53
289 621
452 854
46 509
657 709
280 428
838 446
243 294
156 219
202 29
132 866
612 155
554 705
856 427
487 421
259 862
599 334
823 736
772 385
815 783
349 355
94 185
808 409
303 822
539 207
444 177
805 651
679 453
359 345
230 473
267 789
122 200
803 698
837 513
868 301
487 253
694 336
334 660
536 453
761 357
4 607
352 364
400 428
691 229
267 627
9 16
616 454
729 194
417 133
529 654
320 384
208 347
805 167
102 661
748 557
860 373
491 867
356 446
391 771
160 353
754 783
803 832
234 504
424 180
56 710
458 722
490 11
517 149
249 618
139 713
475 459
632 449
273 406
600 141
826 563
372 687
312 113
327 292
789 501
203 50
525 582
843 414
291 780
709 516
192 755
751 834
616 305
863 359
10 546
816 140
177 90
846 12
676 836
110 337
