907
769 332
148 168
335 594
448 1
724 653
1 446
800 705
311 375
583 721
123 889
898 621
53 94
289 1
486 817
893 324
13 361
548 142
455 381
326 220
902 845
273 35
410 610
610 746
362 766
440 407
317 526
716 39
670 600
139 805
211 878
844 104
762 347
664 641
531 571
191 563
489 561
391 240
292 469
289 443
80 222
732 889
563 587
901 545
16 783
413 240
228 32
576 33
590 80
504 288
350 417
862 289
162 24
627 62
405 167
736 444
447 210
431 667
351 358
159 318
799 646
752 789
564 57
224 332
727 502
159 692
717 456
13 18
104 791
240 243
664 119
539 493
663 204
401 410
523 152
526 851
585 156
652 308
264 723
692 350
614 82
62 266
585 353
208 591
776 860
713 11
412 841
35 683
522 848
506 675
801 334
478 642
518 284
472 697
423 613
362 21
450 102
634 554
608 900
566 577
55 225
807 700
402 278
57 183
70 74
261 873
901 298
135 582
140 324
314 133
640 614
616 244
100 792
421 712
272 495
455 462
154 444
526 350
254 449
620 654
827 170
869 815
288 349
431 197
232 139
623 100
79 5
430 458
587 444
389 738
204 202
202 258
174 141
743 271
463 713
768 316
427 265
179 399
57 212
630 829
799 874
474 789
432 89
513 110
138 435
618 636
654 130
181 834
768 802
552 480
169 662
43 827
164 643
754 457
244 348
899 793
812 17
408 764
753 863
1 715
119 29
517 462
374 675
183 530
745 418
893 542
9 225
444 270
688 471
13 889
204 151
781 17
244 293
813 690
565 393
899 24
451 739
422 776
45 794
551 21
96 109
359 199
9 426
197 202
571 583
470 677
681 597
238 305
543 700
526 216
462 279
118 209
309 443
472 489
337 164
498 536
355 160
94 16
803 580
503 197
53 272
215 628
436 641
202 357
346 753
176 327
274 208
33 891
94 18
170 871
28 518
491 313
202 244
460 571
660 125
233 795
803 388
660 10
783 557
2 494
809 533
154 906
19 605
241 647
200 309
149 489
446 876
479 865
671 707
415 276
668 881
206 662
153 157
250 588
92 489
569 385
399 834
575 532
742 350
239 277
616 48
838 594
632 386
668 688
98 736
563 182
575 797
587 765
248 603
535 513
881 859
664 694
258 116
29 831
391 481
367 283
279 520
219 15
16 117
575 804
817 541
44 413
63 865
141 832
187 467
240 596
691 477
201 885
669 753
881 40
431 858
827 437
577 372
534 578
567 41
375 549
42 619
362 436
144 575
638 730
753 757
625 344
526 865
842 846
761 773
439 508
740 84
505 902
743 433
584 569
344 885
369 683
680 115
819 438
532 189
724 780
202 211
671 258
839 533
447 193
165 607
69 453
67 180
279 229
104 230
111 832
890 815
877 772
489 821
761 207
67 586
293 379
630 803
529 688
488 699
592 858
901 462
339 262
800 739
459 882
744 455
169 731
316 641
363 894
669 99
367 444
341 60
816 92
376 33
233 440
696 258
559 479
442 83
577 376
710 862
792 857
841 611
349 192
820 632
561 813
264 493
177 321
166 774
141 563
110 345
19 511
5 41
665 103
264 132
613 6
267 888
776 543
742 345
476 373
310 700
793 235
197 153
164 18
590 142
419 266
511 187
679 350
519 172
395 136
147 898
406 601
628 900
151 172
376 709
647 93
726 492
561 786
356 521
515 901
151 500
892 379
719 262
322 126
75 386
391 537
489 58
362 803
464 887
381 150
245 895
116 683
792 829
704 301
177 422
455 385
513 840
703 98
386 498
889 428
361 393
280 106
297 591
771 796
286 282
772 871
399 31
238 404
218 673
249 475
546 595
655 353
54 96
466 656
258 776
516 575
630 506
435 706
251 810
166 452
560 513
256 602
423 143
784 178
61 192
78 170
219 205
900 264
404 753
521 360
375 846
350 196
897 649
113 589
598 650
270 853
597 12
818 34
425 742
899 202
278 771
66 692
643 286
156 385
538 297
855 42
48 674
531 748
632 193
666 302
477 307
777 579
526 499
547 777
510 787
303 449
712 197
422 875
525 49
94 8
346 12
733 779
272 682
803 380
453 343
306 26
482 888
688 202
709 729
68 614
559 259
227 383
105 870
884 481
856 797
226 413
686 450
315 25
403 702
882 285
540 804
231 414
754 614
106 587
289 756
563 645
594 88
347 145
94 206
7 715
180 34
487 261
716 663
512 543
568 390
658 483
488 361
449 332
323 609
496 885
190 888
226 835
494 676
113 249
120 349
617 660
267 502
274 632
846 433
705 167
188 563
552 179
587 614
477 16
879 707
364 493
904 748
397 291
790 50
850 722
774 661
730 202
424 276
318 299
523 404
113 313
572 216
575 449
106 823
202 610
881 281
18 790
101 50
107 512
883 409
352 611
108 632
91 670
849 153
622 243
487 411
132 745
368 803
4 385
847 859
124 699
422 758
230 28
461 489
563 741
18 23
346 526
17 483
208 51
197 179
57 421
163 864
350 378
377 696
295 773
258 534
889 56
121 93
630 509
332 74
499 722
649 879
135 392
501 191
735 80
766 685
720 177
279 524
429 715
583 466
677 303
436 635
603 104
507 385
888 287
216 218
269 237
577 135
213 89
394 367
386 443
90 412
473 226
64 427
758 654
487 526
355 99
625 838
796 186
23 808
748 872
704 644
49 391
624 229
115 824
450 168
199 857
382 346
874 878
440 81
250 20
905 776
698 697
131 349
763 890
837 288
822 780
85 49
211 413
579 494
133 602
441 713
11 436
531 778
145 173
692 163
886 163
478 789
389 494
595 481
304 726
865 16
632 330
322 621
340 769
234 442
522 1
387 216
591 453
878 846
89 843
197 465
609 646
798 811
354 790
868 393
122 819
806 397
233 3
211 648
94 631
749 66
445 317
104 195
479 725
588 804
108 659
366 769
800 433
782 531
106 634
888 385
399 154
688 581
247 200
179 583
281 112
736 37
607 320
442 438
77 837
178 670
135 96
175 469
59 281
695 843
332 333
245 836
728 617
571 478
422 497
358 276
324 629
867 65
365 397
406 11
760 823
888 36
494 149
577 27
838 433
625 511
23 871
9 238
870 671
659 678
750 636
626 603
47 570
718 238
22 292
35 434
380 87
464 71
57 896
179 16
385 882
170 161
797 242
398 589
273 371
865 289
569 155
133 587
312 257
650 416
794 813
338 743
544 435
819 815
880 707
907 764
114 441
818 687
435 197
332 526
423 810
22 604
92 651
436 331
785 788
84 154
630 336
203 650
396 662
188 555
894 115
762 13
404 541
237 99
376 490
872 599
253 521
615 9
241 154
95 468
550 287
611 289
606 761
395 257
485 736
436 814
755 901
482 825
185 519
236 377
892 171
223 734
487 376
52 449
811 42
591 833
360 382
351 154
796 688
711 513
167 275
603 362
466 708
34 435
114 86
861 651
629 762
730 866
264 469
227 427
38 107
375 826
785 179
161 255
857 830
413 843
330 650
164 129
288 558
30 444
51 839
328 498
112 737
149 606
483 164
3 341
522 223
268 28
263 310
385 871
612 775
332 618
751 889
706 168
397 422
622 400
5 373
579 350
33 774
291 370
759 166
780 110
146 158
14 575
671 657
521 127
341 865
306 118
556 639
801 856
134 525
852 466
550 553
288 179
654 384
22 701
562 302
81 714
92 329
672 865
595 770
611 528
665 532
577 633
18 630
855 246
216 689
408 136
733 596
224 220
622 313
654 717
748 231
864 176
409 760
423 278
352 245
80 862
214 697
441 527
593 611
395 878
577 137
118 668
767 792
855 369
458 756
824 562
420 26
232 579
23 898
260 472
844 32
775 600
357 165
735 198
855 427
315 303
403 888
46 780
266 84
574 736
92 217
439 300
505 345
571 652
693 665
719 874
221 618
796 815
489 670
97 200
529 342
319 544
726 771
73 790
452 854
785 639
454 641
903 220
828 97
704 746
732 194
184 597
197 5
747 359
146 531
72 8
893 468
734 484
469 252
684 94
510 878
736 493
208 296
494 47
128 65
76 503
390 424
3 300
728 211
294 557
894 88
290 42
443 637
277 875
15 288
573 372
170 325
514 796
603 867
887 684
