176
134 168
22 169
39 132
38 8
101 52
57 148
77 128
163 3
95 103
148 66
123 71
166 49
24 27
69 120
126 87
68 83
102 95
17 157
78 175
166 131
65 136
169 111
97 161
142 25
72 36
37 129
23 85
97 75
48 126
142 33
145 126
63 25
4 64
103 123
52 46
155 116
115 126
52 76
11 114
114 53
51 14
115 171
4 35
23 165
25 127
88 134
55 162
110 36
60 165
120 61
134 112
118 96
110 79
105 99
7 78
167 85
135 173
73 33
161 54
112 160
16 21
81 65
82 29
15 162
125 147
155 79
30 121
100 23
156 106
84 165
27 144
127 45
173 174
150 86
154 19
104 67
133 26
164 161
132 67
118 103
122 29
151 14
80 165
1 35
164 158
53 164
2 44
59 41
165 33
124 112
66 149
19 48
123 79
65 108
61 109
37 115
123 94
6 126
132 5
32 117
97 34
116 107
99 98
90 32
55 43
156 141
47 150
102 152
13 99
122 167
137 11
38 50
79 41
143 163
159 109
117 167
122 64
163 89
46 18
38 139
168 146
156 28
172 47
140 110
38 33
133 78
67 161
52 105
163 12
50 166
119 114
176 161
123 165
16 103
66 46
116 31
44 117
37 89
105 40
168 161
70 82
20 146
170 33
23 125
27 66
109 85
123 97
74 138
79 133
139 30
165 115
153 72
22 125
10 12
103 28
9 134
115 52
83 79
135 125
39 113
56 172
42 120
130 19
86 165
74 75
65 17
115 77
133 14
58 16
64 93
99 55
65 147
127 92
75 62
173 91
