452
288 280
331 426
111 225
30 131
51 452
342 163
311 284
260 262
188 370
391 231
216 302
452 442
116 255
140 198
25 401
408 18
431 424
49 429
372 72
77 383
84 276
375 295
354 99
304 444
337 361
187 161
302 1
265 119
37 302
88 171
274 31
170 244
172 440
53 179
302 357
365 169
158 15
301 449
152 297
57 288
228 196
32 323
102 95
238 183
364 305
108 96
318 9
73 391
214 139
284 104
187 315
201 200
333 205
77 377
222 391
97 406
314 333
348 135
126 26
249 44
277 411
301 254
240 18
164 247
387 222
95 293
52 59
347 316
278 404
427 407
270 383
174 51
1 434
350 114
416 148
291 410
249 245
67 9
210 235
261 269
142 407
138 338
128 160
273 198
233 222
155 152
1 278
185 439
446 78
152 285
309 285
40 447
206 275
79 332
65 181
128 287
182 50
273 146
73 322
218 229
384 391
117 196
288 385
424 90
390 126
66 147
75 395
329 41
121 73
172 330
248 251
109 323
182 55
180 149
296 396
58 331
360 420
209 308
196 90
429 41
181 56
305 423
338 232
7 401
75 281
87 31
322 33
28 36
227 331
45 197
90 366
327 447
357 263
84 65
391 74
79 121
228 180
101 22
219 385
430 423
81 371
60 306
63 54
120 279
120 307
448 261
391 180
76 423
298 363
43 353
180 4
254 12
13 107
28 196
304 370
13 33
151 247
228 34
260 391
232 441
110 283
120 111
367 253
224 179
178 439
429 248
392 338
386 432
20 17
204 277
285 229
81 356
285 214
14 204
446 380
184 403
403 325
437 228
403 178
203 28
271 304
238 409
319 89
160 378
299 353
159 110
399 315
19 310
288 80
132 60
166 409
54 322
403 57
241 302
223 65
103 248
416 73
42 101
259 15
422 393
55 272
162 424
156 164
407 115
363 382
229 89
27 36
83 333
368 190
365 54
238 71
154 438
135 55
6 248
397 142
303 438
304 333
110 421
418 327
223 334
328 66
141 133
153 158
347 195
16 131
394 150
369 447
105 51
128 46
9 389
317 420
246 195
53 340
147 38
441 68
310 87
238 237
91 93
443 155
54 419
58 199
165 197
345 5
241 176
299 343
96 121
114 65
407 163
27 265
236 155
110 435
167 194
197 200
73 198
267 302
24 44
275 127
122 157
389 88
447 294
163 446
290 163
354 67
412 307
104 287
383 57
265 10
160 425
75 221
159 163
222 401
355 248
235 338
345 195
242 448
36 415
283 264
31 127
275 53
187 421
299 120
163 60
278 175
64 285
423 441
97 344
385 217
375 65
451 28
346 373
54 35
347 288
346 356
67 239
92 410
291 11
309 281
197 241
186 407
32 101
359 428
187 129
266 190
152 209
14 150
12 347
42 335
228 67
427 8
412 48
104 373
123 396
220 34
285 212
243 363
278 234
69 331
402 243
367 79
27 428
62 55
344 73
138 433
285 296
302 73
59 150
154 288
379 283
189 381
157 400
144 16
347 405
345 269
372 446
142 29
182 358
440 321
26 351
192 72
73 42
226 423
445 196
207 100
86 46
324 90
273 18
299 142
391 181
78 250
257 243
244 228
447 429
292 242
414 373
182 147
282 300
85 444
415 268
373 17
188 393
398 108
47 51
258 35
51 193
388 304
322 452
261 376
28 429
333 313
322 127
209 363
256 25
381 173
362 227
326 429
97 106
157 331
360 197
100 222
167 444
409 181
1 368
195 104
133 38
23 438
407 202
147 230
126 67
79 61
239 70
14 33
65 374
214 436
195 228
440 304
319 213
269 93
293 79
208 226
3 146
51 2
211 223
79 289
181 336
177 244
312 1
130 257
194 39
241 320
452 125
42 136
82 96
143 187
126 410
339 24
112 441
304 186
215 21
344 214
349 121
344 381
132 252
118 379
296 450
191 137
304 24
164 413
440 94
255 178
432 177
423 195
79 215
168 120
244 282
113 120
286 136
214 60
191 225
341 275
413 389
181 98
331 73
101 30
38 260
352 185
124 255
134 5
42 417
259 183
367 145
432 337
