922
509 777
375 44
448 479
731 102
251 584
764 650
297 229
852 184
277 654
420 230
67 32
799 286
89 745
563 125
832 632
900 431
628 724
37 672
422 593
643 83
54 493
632 572
66 231
201 81
209 567
809 135
907 600
257 558
377 524
782 706
764 745
790 711
754 863
74 410
56 211
358 851
426 713
198 499
421 393
881 110
15 769
615 1
164 250
462 575
260 890
483 148
181 175
178 769
563 818
321 846
282 347
509 711
917 568
785 247
174 418
724 687
88 412
779 295
477 636
180 820
576 541
300 724
221 259
714 875
242 501
96 377
45 592
323 271
410 129
401 27
760 656
598 456
285 249
136 679
248 883
364 488
85 633
243 609
533 540
142 337
303 486
644 377
395 255
638 668
790 848
418 579
569 407
420 184
676 456
332 7
225 681
750 828
107 12
290 435
834 902
474 147
631 689
847 288
377 683
753 356
211 613
672 730
256 345
770 505
237 570
458 273
61 439
767 52
57 744
633 527
307 702
553 721
634 883
800 313
341 131
96 169
684 397
206 711
870 454
415 196
843 802
120 551
491 565
711 181
878 511
463 719
850 105
180 881
310 771
409 469
826 634
19 327
585 731
553 409
405 307
658 697
386 420
454 4
871 144
271 718
797 188
916 721
301 774
721 358
477 67
873 174
669 305
749 317
441 459
173 112
437 449
791 177
203 259
514 775
190 524
295 787
26 796
850 739
297 296
454 306
600 585
217 554
783 59
448 673
678 373
593 714
793 33
772 216
335 886
114 455
462 622
211 71
73 98
838 687
353 382
339 105
485 771
675 279
767 491
479 247
208 465
377 50
377 260
15 512
319 267
764 803
317 17
94 78
609 39
588 614
210 849
760 294
616 696
178 825
727 522
639 377
653 368
594 241
826 152
791 484
840 140
398 557
519 350
795 23
161 119
856 807
108 647
874 555
182 732
179 859
123 174
678 596
406 889
112 712
332 192
683 464
306 351
895 711
794 159
818 337
127 71
735 490
354 194
78 570
509 683
359 143
825 770
849 246
129 475
34 628
22 660
222 680
839 685
553 863
629 747
786 483
625 475
231 293
587 106
106 642
314 669
480 219
912 739
482 370
761 186
98 778
367 628
262 867
809 878
908 588
708 598
128 661
801 268
766 402
555 390
416 643
777 857
534 375
663 708
434 808
577 450
580 627
124 47
634 373
478 510
677 103
4 488
535 157
897 557
533 26
398 352
802 155
823 296
254 573
292 181
40 116
542 341
685 372
552 608
672 290
920 96
207 399
515 501
472 477
747 301
258 645
58 598
600 806
891 391
784 864
230 854
402 760
229 11
183 141
518 478
750 414
758 97
98 79
717 212
244 764
537 740
19 307
857 876
607 445
140 722
185 818
353 767
285 158
813 70
110 413
515 22
683 900
594 602
392 670
702 763
25 176
471 602
464 820
162 718
88 410
97 334
896 383
513 809
708 304
432 827
618 317
39 7
213 815
377 294
22 100
614 652
628 850
189 61
119 149
677 201
470 133
690 478
389 21
451 239
446 896
531 547
699 4
626 325
400 809
184 713
194 346
592 762
521 797
401 227
217 698
330 397
188 841
879 834
139 160
860 475
582 465
184 906
341 455
421 869
130 707
402 556
634 106
56 492
818 12
915 383
338 832
296 149
786 701
77 818
503 758
465 87
137 263
222 693
574 918
392 655
67 883
708 748
883 764
888 623
140 539
484 876
372 222
376 809
855 814
34 743
790 886
459 62
904 30
72 853
113 434
741 752
266 188
94 529
698 302
215 308
330 97
698 60
850 563
592 431
887 533
574 604
399 135
373 778
361 509
86 850
613 669
774 192
880 696
587 807
543 688
838 239
564 359
91 474
551 278
719 543
196 886
720 613
452 551
802 750
311 712
104 208
164 702
282 6
170 859
301 135
408 483
883 57
595 617
464 543
599 807
269 600
617 53
219 491
571 428
652 296
206 436
316 21
65 5
33 9
160 568
420 205
77 691
275 136
283 465
288 343
608 398
651 291
62 535
193 861
558 200
600 667
330 440
480 48
130 454
765 149
347 55
369 192
283 652
726 718
727 353
589 210
295 773
160 581
106 18
917 543
648 329
833 374
820 816
254 358
672 184
288 266
877 646
480 695
810 358
349 891
790 757
98 858
541 14
370 61
790 893
370 777
779 913
919 779
727 171
193 431
424 875
520 225
598 915
49 723
884 495
664 84
818 281
293 370
777 178
833 308
261 20
132 261
509 546
915 764
688 674
732 130
772 906
481 693
783 311
541 398
166 124
590 2
694 739
144 552
716 639
916 829
891 388
325 464
277 874
618 729
17 392
198 300
825 168
67 299
297 348
709 393
26 683
277 191
167 290
554 115
635 362
680 236
467 630
567 58
67 900
867 383
27 84
606 746
90 346
222 321
728 620
130 834
894 753
909 438
271 8
632 89
921 883
630 298
302 545
421 420
905 438
804 285
761 238
903 588
312 273
557 549
64 809
166 333
703 375
357 812
495 214
518 855
733 414
344 634
458 75
514 176
532 62
233 557
67 864
585 184
362 790
163 836
263 504
170 668
550 184
34 371
771 531
891 833
121 193
462 32
740 240
362 641
424 665
634 811
727 617
222 718
379 345
783 711
460 759
356 921
383 318
574 522
652 353
737 693
312 384
149 649
786 831
517 899
548 47
149 70
683 589
627 853
751 437
686 842
92 915
591 801
482 880
126 377
465 653
665 287
184 93
315 277
318 899
782 553
375 809
734 199
270 244
896 528
1 28
485 222
322 475
154 844
258 236
549 423
34 434
180 16
686 697
892 483
21 825
401 5
199 380
544 805
99 764
555 746
688 781
705 385
220 685
184 883
153 876
410 506
827 559
228 463
454 515
9 901
837 13
38 804
299 145
331 268
745 702
95 366
394 47
117 768
468 561
764 408
501 671
682 602
504 456
723 508
680 830
404 414
238 309
569 138
564 885
432 648
625 487
395 810
111 602
741 356
293 577
93 403
662 248
858 35
51 299
710 265
46 529
74 566
103 324
780 107
420 285
414 276
758 266
23 414
455 396
652 372
80 266
241 289
63 524
93 478
178 652
784 914
868 699
470 227
193 835
730 611
862 916
406 362
317 136
170 589
807 721
61 165
560 599
912 569
272 154
476 526
911 634
801 294
252 138
619 290
418 590
592 122
489 646
626 788
326 222
99 898
562 388
332 490
93 150
618 26
192 637
700 461
722 232
648 462
835 340
857 174
40 774
122 10
398 47
441 381
211 537
601 872
31 891
298 790
602 639
834 544
403 646
850 683
586 541
266 759
69 184
68 727
272 764
75 128
264 530
457 298
612 624
742 356
583 337
83 497
910 699
278 546
442 248
833 99
883 379
477 795
360 822
696 261
794 578
411 352
692 827
361 366
5 203
328 867
401 240
443 838
553 195
768 234
601 687
803 76
509 3
818 922
291 461
605 225
88 777
758 354
600 357
734 837
202 537
640 274
467 610
534 43
687 24
564 58
273 218
29 791
172 449
618 498
756 866
657 876
251 762
677 852
507 579
758 325
516 391
599 776
721 109
403 738
539 457
213 10
723 762
365 544
160 597
36 466
571 178
130 387
552 817
563 715
680 253
212 562
147 635
474 378
514 603
350 867
64 36
151 149
130 900
589 538
273 779
94 32
536 448
799 801
62 248
282 197
121 54
852 279
502 64
792 138
837 850
223 147
476 215
106 312
888 552
427 402
172 523
55 345
31 453
302 245
159 379
226 224
45 419
101 22
710 594
739 313
41 47
912 495
473 464
533 117
412 118
875 283
127 530
795 603
838 525
707 500
659 830
551 417
72 420
555 312
694 134
184 809
704 687
180 284
709 640
686 672
468 778
455 301
116 821
437 26
106 612
146 449
615 484
894 819
204 269
319 707
496 788
336 290
360 244
317 355
429 894
202 320
431 631
665 620
666 471
648 224
430 680
12 527
756 758
882 26
372 798
472 736
651 437
47 238
541 280
621 484
755 916
385 413
342 759
888 425
47 509
296 494
187 162
845 125
824 591
163 895
447 579
691 82
183 498
904 426
238 235
698 790
607 759
560 444
9 200
789 835
266 448
719 363
312 909
42 124
150 200
725 478
486 880
437 108
58 433
83 672
415 865
626 156
509 401
520 608
