844
490 552
640 681
675 839
813 617
537 437
264 141
324 804
436 561
396 161
74 361
477 742
141 659
425 170
767 671
518 299
349 467
401 154
5 240
527 516
839 275
766 804
154 753
811 461
155 826
139 92
64 766
173 367
2 786
290 490
665 763
245 317
826 477
305 786
713 538
783 72
740 606
143 469
237 489
104 143
593 460
600 638
24 22
791 757
100 358
36 809
755 708
746 254
30 632
349 269
741 23
98 323
757 789
58 184
335 778
125 472
456 675
830 739
364 178
399 27
576 449
838 296
603 97
523 190
591 236
426 512
831 307
171 644
313 227
735 306
747 40
436 747
169 42
431 491
445 322
785 669
219 759
444 23
561 475
635 217
152 727
757 436
719 253
522 336
118 9
697 393
721 774
473 203
513 329
39 480
525 71
527 496
48 378
45 137
282 596
501 356
396 605
602 791
130 302
439 123
826 465
13 328
389 357
803 239
174 641
608 775
839 245
653 225
653 755
798 413
168 325
834 268
630 147
156 716
126 125
403 264
435 288
421 578
236 529
169 229
631 485
394 152
573 746
775 607
837 512
571 71
557 68
201 266
717 429
618 402
832 317
500 515
469 154
757 369
311 10
132 585
684 690
699 751
412 302
353 369
678 320
37 351
383 621
169 203
215 718
715 813
513 130
559 392
116 223
325 537
436 54
230 269
122 621
130 515
440 475
421 568
718 724
832 662
510 575
91 625
775 557
527 514
331 797
575 774
393 77
652 726
788 748
503 560
163 385
300 526
170 125
410 198
527 433
728 119
593 264
790 314
139 68
7 363
576 260
543 334
281 496
536 212
606 141
199 787
679 202
747 299
323 824
155 835
602 718
137 793
623 304
282 634
655 729
554 51
599 417
808 102
735 212
164 87
462 113
446 443
726 676
416 638
400 830
276 830
821 510
728 316
605 651
280 331
836 401
99 827
36 802
548 138
529 632
459 424
175 594
80 557
312 399
787 117
750 332
104 52
714 289
80 410
91 608
295 518
367 755
314 210
333 101
371 457
60 483
80 373
230 442
742 828
582 278
692 120
230 253
793 754
496 565
711 665
767 815
281 498
573 522
46 50
76 765
517 126
134 133
212 19
422 206
457 458
755 53
500 169
755 808
256 248
242 711
452 115
251 123
606 588
344 98
768 680
566 246
420 194
434 127
777 468
84 173
259 665
169 178
311 98
587 104
670 381
612 458
49 688
566 138
133 237
557 230
507 647
234 24
481 26
376 827
570 462
475 564
752 694
446 843
603 595
595 592
562 494
404 59
4 341
791 23
189 539
594 171
6 434
315 347
343 348
718 286
42 479
769 699
779 558
409 789
666 736
476 795
63 516
96 425
503 348
788 230
297 394
707 764
386 231
499 7
507 339
79 152
792 522
428 804
187 327
487 704
655 70
529 764
381 272
338 378
372 448
99 321
561 142
736 31
462 185
244 49
326 765
191 486
89 713
308 206
740 37
496 500
299 507
597 588
248 439
227 562
4 582
788 241
684 766
579 573
497 233
534 311
618 807
372 835
358 649
232 30
777 350
609 131
486 358
321 555
270 633
781 733
294 488
703 557
817 326
706 397
123 705
67 43
638 818
668 52
418 61
837 492
335 248
564 132
740 3
606 259
628 825
384 81
684 219
794 323
121 580
9 602
390 793
446 165
350 425
347 747
380 733
586 183
310 398
359 573
187 540
712 342
798 98
786 723
78 516
213 813
791 284
276 93
193 796
227 542
784 747
488 641
113 654
188 258
13 604
226 514
177 8
803 202
416 143
192 416
770 691
831 277
274 327
316 505
18 505
434 577
588 755
740 392
430 679
672 398
716 406
774 11
552 749
255 477
324 582
235 338
206 511
317 34
206 791
575 664
393 95
716 469
89 832
464 727
666 414
744 17
301 126
102 799
489 732
141 111
344 352
369 745
9 435
17 90
201 386
61 115
181 409
217 736
243 107
568 457
344 816
717 733
816 320
533 805
261 795
369 200
434 804
701 742
12 293
703 801
621 752
755 80
640 69
645 527
721 791
40 389
514 258
827 110
287 720
767 840
827 819
746 500
573 640
137 271
786 519
633 450
25 841
16 500
36 296
482 576
309 572
363 529
488 734
425 774
326 117
635 609
743 32
121 632
712 300
563 823
152 747
779 402
594 455
113 106
435 73
354 817
508 165
762 786
225 88
627 121
582 379
608 405
162 416
663 24
756 437
295 683
758 646
315 195
443 551
542 344
617 238
326 115
377 541
657 830
516 447
217 223
46 230
658 305
441 273
240 771
231 812
655 326
281 550
471 747
637 843
273 105
583 403
802 298
221 474
211 245
685 80
316 573
463 436
841 78
486 281
427 822
40 786
408 208
65 300
365 30
589 438
737 657
829 200
331 679
157 559
58 665
151 632
443 367
648 444
641 548
561 646
149 313
295 36
789 776
483 497
709 720
222 151
816 355
621 138
335 524
129 751
842 76
218 732
828 650
791 632
186 496
38 643
774 488
741 291
228 483
319 187
192 220
89 761
162 639
395 121
197 425
265 162
426 827
302 569
159 714
307 428
692 245
803 727
57 196
341 531
191 391
453 350
698 489
1 394
804 757
307 66
265 29
282 256
95 366
545 431
114 779
318 404
844 378
187 791
598 211
81 404
617 441
173 99
796 787
518 451
178 677
20 567
439 726
330 29
172 620
461 287
174 137
124 267
514 361
706 713
56 104
15 183
172 802
173 438
454 569
71 674
638 148
150 827
263 832
136 613
278 605
822 803
707 247
208 633
730 550
262 655
798 603
62 71
281 33
43 438
488 124
642 756
1 695
692 750
440 656
287 32
131 276
714 708
263 340
495 632
556 343
461 477
253 163
411 554
35 780
758 725
788 404
710 716
194 337
612 700
560 590
768 143
335 317
107 189
178 381
693 53
785 316
501 369
162 610
498 502
176 375
138 782
303 38
746 346
557 722
248 457
307 805
528 484
4 815
355 765
774 441
208 570
207 525
441 72
348 485
292 591
166 21
789 623
590 285
686 813
738 451
104 387
493 11
603 108
135 14
169 660
498 15
682 757
827 87
684 604
169 546
151 490
732 190
171 228
82 11
827 86
355 342
617 303
158 303
335 469
14 130
79 543
208 11
449 320
647 806
209 645
333 691
398 843
506 297
320 470
94 152
615 724
335 344
57 71
87 431
40 614
358 704
17 98
419 39
651 415
257 605
204 406
58 216
422 167
368 712
179 340
7 109
637 800
701 632
205 174
731 831
355 322
638 544
51 469
532 380
136 215
839 810
281 21
576 41
480 626
39 808
35 39
789 567
825 635
71 702
99 380
677 370
14 279
504 446
470 360
171 367
519 417
573 509
567 140
99 795
484 832
772 659
771 34
343 189
221 43
557 378
342 814
57 153
699 79
749 83
524 182
611 727
24 436
12 496
791 527
721 833
636 69
682 424
196 527
152 28
779 76
345 784
377 194
386 475
312 701
621 820
766 466
241 180
290 601
581 320
355 791
441 661
241 696
687 17
535 211
368 520
344 388
392 75
795 382
309 518
283 528
103 355
698 252
515 128
726 144
553 477
214 114
362 117
86 584
264 624
85 518
303 521
375 579
791 755
407 697
574 443
268 662
250 98
255 673
72 366
477 212
189 295
300 244
307 146
374 442
30 547
682 55
622 555
698 174
18 249
131 264
367 549
782 47
760 323
478 710
439 563
22 530
112 342
691 326
423 370
314 178
160 264
248 194
40 177
145 641
629 831
529 481
616 713
432 345
667 359
755 619
224 268
630 51
537 689
325 507
44 804
174 773
