339
216 294
222 139
208 81
183 271
69 71
51 330
57 48
104 324
62 2
260 4
102 333
334 195
114 314
151 34
15 95
324 166
116 234
6 204
339 215
40 169
264 19
332 294
267 130
24 74
248 21
80 195
79 315
253 48
8 239
120 324
245 158
105 23
62 199
251 34
298 221
207 122
107 35
98 144
277 96
207 259
147 304
303 5
299 105
249 68
213 44
45 218
186 260
155 110
171 149
323 8
113 80
123 180
164 270
141 272
40 282
326 211
60 223
84 310
287 152
304 255
220 127
42 311
205 295
12 48
72 63
316 293
14 265
239 167
71 44
102 94
159 336
55 249
137 168
30 134
228 128
115 119
97 20
29 193
215 153
141 220
19 55
278 122
272 8
304 266
92 197
8 10
22 164
157 82
242 125
278 59
14 141
63 257
230 122
150 308
95 37
157 102
275 225
288 232
81 237
149 249
325 135
174 169
184 247
178 11
286 41
224 196
36 46
246 250
269 182
80 98
88 87
255 40
128 30
99 246
242 68
135 195
318 91
137 219
262 7
334 109
101 212
272 300
227 102
290 79
327 193
13 185
172 135
102 284
136 330
321 188
327 295
168 32
188 107
13 334
80 154
107 271
128 18
36 14
270 68
239 233
288 13
124 121
155 337
165 261
292 137
98 65
11 79
283 333
220 297
123 206
194 122
227 68
38 287
42 91
103 109
162 119
75 31
1 232
327 77
78 38
68 137
229 328
49 40
265 133
41 178
19 88
241 334
69 68
14 293
100 275
61 284
43 122
289 309
27 156
19 146
184 199
72 317
117 187
288 84
52 235
338 32
318 119
306 182
273 331
145 161
252 42
101 122
198 229
62 152
270 191
168 243
39 318
113 217
312 327
285 66
255 14
260 325
128 258
120 8
61 187
313 239
210 145
42 138
91 142
110 166
244 136
79 80
211 289
281 192
120 254
307 45
231 86
189 148
74 268
242 9
229 318
102 119
163 55
16 13
155 274
203 242
31 84
45 286
124 157
79 278
265 129
74 239
134 89
131 189
261 112
108 120
13 227
162 206
66 68
173 159
39 335
318 319
186 210
132 5
7 63
226 241
76 221
240 95
301 202
219 267
305 152
322 155
224 103
265 81
295 70
311 56
120 156
160 137
90 97
25 85
84 37
153 276
14 83
251 86
74 85
159 30
238 319
250 135
190 108
28 226
275 126
327 20
72 68
207 314
118 182
163 143
197 162
55 200
192 65
189 39
52 162
179 18
34 227
116 111
256 166
277 81
84 296
182 239
105 186
158 47
139 181
329 206
107 80
255 53
308 91
195 100
216 201
9 50
170 132
128 136
175 319
159 73
3 287
209 221
62 8
219 323
273 194
271 248
153 275
33 13
253 320
52 111
216 93
1 176
214 132
99 253
54 250
270 211
72 222
263 5
238 106
287 291
98 202
81 67
219 93
313 221
64 107
17 305
38 26
232 140
170 200
58 247
302 295
193 319
279 98
321 112
182 236
140 177
91 204
280 56
102 128
47 204
60 179
