620
585 126
119 93
424 246
425 8
136 63
496 431
464 148
505 238
480 559
466 413
72 101
560 166
275 493
436 90
11 133
45 180
167 67
462 372
126 443
399 318
457 64
372 245
276 509
534 265
280 498
294 590
143 85
66 283
172 378
72 132
95 145
459 594
49 183
137 190
607 264
312 294
616 529
160 335
139 27
495 149
382 587
598 178
1 154
144 414
34 276
357 111
95 80
190 189
387 154
382 478
327 118
472 57
564 194
270 606
514 579
530 414
596 548
381 479
212 487
594 375
365 70
146 278
128 542
216 31
186 173
153 565
611 387
64 450
355 84
277 103
329 186
279 52
181 469
45 580
398 539
250 554
528 32
446 593
59 115
15 279
133 177
121 544
109 36
437 432
319 233
415 35
173 522
133 546
258 363
599 271
253 346
341 394
121 5
530 288
584 152
6 73
107 164
441 107
419 492
452 600
361 429
547 440
355 206
61 203
48 321
555 108
327 423
534 186
508 578
421 194
356 296
65 466
27 306
147 11
208 503
210 41
50 201
437 136
333 352
73 69
106 63
115 114
190 269
361 487
264 490
337 454
343 81
604 354
497 409
587 295
564 236
354 163
419 503
569 552
190 372
43 117
331 174
317 516
587 373
83 440
381 215
589 138
413 107
509 247
614 512
59 46
462 619
396 592
255 413
611 504
293 295
142 55
485 290
319 74
272 144
434 476
478 190
599 113
381 100
340 423
316 101
284 410
97 307
154 52
455 41
442 315
229 358
315 409
260 4
95 616
511 569
353 482
323 116
173 200
117 262
614 93
546 176
251 143
470 243
311 416
482 345
491 146
562 435
304 103
336 290
551 378
470 489
66 94
252 149
91 507
173 408
458 426
285 441
92 81
54 88
458 587
429 32
506 128
181 579
91 461
401 607
235 586
347 28
385 353
535 544
149 374
460 373
21 361
421 282
2 143
256 164
324 319
474 444
518 341
602 248
413 421
218 379
566 295
542 279
185 86
134 411
293 369
583 476
320 50
531 496
545 470
133 10
385 476
230 152
149 9
584 496
468 143
516 14
413 149
407 274
488 61
141 342
289 183
230 436
286 458
587 561
386 540
601 347
131 107
564 231
227 192
147 393
409 453
103 56
127 341
140 183
505 308
113 488
151 330
537 583
321 63
72 519
243 583
170 418
360 137
302 93
305 496
331 264
114 539
451 427
183 231
21 158
616 618
296 259
507 476
55 42
197 438
121 383
25 72
400 510
292 501
591 314
244 455
552 178
494 367
405 133
615 567
508 438
361 493
238 124
605 11
572 553
116 493
270 79
546 517
104 384
385 408
493 149
384 503
90 550
277 218
501 332
390 152
250 276
265 120
66 17
12 67
291 189
73 133
146 307
148 445
606 433
307 382
344 275
582 15
310 7
526 565
89 4
361 138
363 439
538 7
568 293
306 67
600 175
446 301
167 205
155 196
261 267
444 237
553 603
142 173
223 516
382 413
326 332
510 238
101 295
330 239
577 560
63 45
225 47
620 62
93 103
195 566
275 217
574 42
133 346
219 11
355 615
512 227
118 51
63 53
182 473
164 588
513 255
38 335
133 67
199 173
486 503
186 363
52 89
392 577
421 52
167 213
234 441
6 150
389 221
191 218
99 291
453 412
59 333
478 112
583 401
22 566
463 96
235 73
527 301
454 162
454 380
430 547
435 201
300 170
39 156
167 155
294 536
75 599
207 277
592 361
194 122
381 386
587 2
471 172
12 18
330 433
21 557
270 373
276 194
297 387
448 123
211 596
590 73
319 294
270 66
113 29
130 505
541 487
543 518
558 508
378 533
409 455
573 143
290 162
610 23
608 433
384 587
437 246
459 295
422 410
455 198
498 441
377 19
361 118
92 377
453 47
87 438
290 590
281 414
101 33
488 397
584 104
500 530
615 149
107 501
523 555
26 494
276 481
444 505
112 425
553 198
251 428
480 304
299 257
527 420
532 177
126 427
20 310
89 13
79 77
441 184
313 194
169 480
11 370
587 590
274 534
68 596
229 429
448 416
157 548
67 113
144 220
238 581
524 5
165 70
341 72
216 117
348 548
354 226
369 228
78 382
527 149
521 166
571 404
367 607
595 251
135 189
153 301
58 155
22 35
198 600
34 57
473 76
298 355
617 310
291 110
475 349
575 80
276 378
161 620
583 591
113 108
427 417
36 351
402 227
447 186
181 279
364 270
334 615
126 43
237 328
403 353
54 118
590 221
171 230
556 361
524 530
476 295
610 69
93 117
500 413
620 322
456 151
354 56
349 597
186 359
197 361
204 101
601 287
422 144
16 78
60 519
560 501
40 63
240 78
266 306
318 566
499 280
24 81
410 168
141 376
368 1
291 81
549 469
175 129
600 339
101 56
416 509
37 35
590 141
7 294
267 546
268 56
209 129
507 445
371 131
569 133
349 231
2 365
443 406
295 201
73 616
14 441
391 503
536 388
465 24
473 198
477 483
98 525
271 303
600 53
100 194
361 348
325 241
136 187
480 404
576 567
6 483
159 502
395 66
338 360
105 208
583 309
82 433
563 530
257 396
249 74
111 131
346 170
235 366
222 198
448 362
609 7
515 198
361 259
520 275
593 38
141 179
202 83
64 437
184 612
36 302
44 569
102 570
455 161
342 449
242 296
224 411
281 3
224 560
440 53
98 369
214 549
495 193
384 53
86 518
30 279
241 106
444 476
188 142
199 263
17 613
535 96
467 193
73 59
569 350
350 570
254 544
39 93
199 601
455 602
71 459
405 484
125 433
60 232
502 533
441 273
