457
201 409
457 168
431 76
41 452
8 180
141 151
195 331
348 374
456 217
243 390
322 274
338 272
189 17
111 437
328 160
372 353
138 55
6 365
125 217
88 101
258 60
204 34
65 423
202 278
78 140
186 357
76 35
50 331
48 365
61 312
128 318
116 418
165 369
144 174
22 130
107 322
47 106
117 74
172 67
212 25
256 212
435 193
382 14
165 25
306 429
341 326
272 26
328 190
219 358
130 126
240 295
187 331
309 323
209 400
123 392
48 95
447 107
197 298
202 316
61 343
183 349
366 130
251 65
320 139
388 260
117 406
128 202
382 301
42 92
80 262
106 117
413 110
334 363
398 375
36 302
263 107
367 14
145 404
22 306
366 150
430 396
26 328
171 161
178 365
342 366
382 446
152 255
106 248
208 429
57 374
159 55
266 357
140 221
309 74
259 159
438 354
82 208
149 199
292 46
336 139
70 266
405 58
439 365
212 237
303 211
181 282
38 240
406 228
231 12
107 379
53 293
271 175
228 253
446 394
354 446
121 162
116 113
215 422
36 340
385 349
63 219
116 313
56 329
434 386
190 320
13 186
146 153
78 357
65 136
405 183
105 154
79 446
107 3
268 345
250 33
98 186
413 427
449 305
393 207
74 5
254 445
412 410
65 366
270 321
383 96
223 338
414 327
72 200
168 430
28 180
393 241
440 222
260 147
194 7
86 165
294 336
45 433
201 130
68 52
216 91
34 245
429 129
212 397
241 40
267 280
375 54
426 100
384 299
39 273
108 239
240 293
74 305
287 413
159 255
201 90
102 324
201 300
179 400
344 251
446 359
265 386
230 391
239 335
172 320
436 280
76 379
379 176
188 69
110 443
184 170
226 159
206 185
151 196
20 4
293 116
127 147
130 192
10 352
106 235
156 221
16 275
337 355
145 271
317 25
269 358
448 387
403 414
166 286
365 81
157 168
247 242
154 66
169 139
225 120
351 305
370 268
121 19
373 411
201 296
127 64
146 118
335 189
151 254
51 353
428 426
186 382
44 380
102 1
261 328
4 272
12 292
258 298
395 286
129 282
447 413
333 12
312 437
285 195
440 219
140 19
21 262
163 293
34 132
308 271
321 175
436 90
99 420
19 319
424 78
349 375
316 135
240 312
129 455
376 240
329 380
412 78
290 225
444 147
65 72
279 220
174 143
417 449
272 11
41 374
150 379
254 3
242 107
416 154
331 164
136 39
19 27
78 365
356 349
80 437
146 228
143 272
365 391
225 187
104 96
331 10
159 315
263 335
387 266
246 95
389 150
427 408
73 445
26 259
326 164
252 238
446 101
426 346
283 110
287 89
403 201
177 300
127 335
59 390
171 33
149 312
215 272
271 231
227 298
235 43
4 451
378 190
325 176
132 171
271 186
364 329
377 106
365 36
442 2
380 173
137 325
31 98
22 329
321 83
140 123
207 300
148 409
312 104
92 228
355 216
307 433
59 116
264 134
382 373
171 32
275 61
98 372
15 142
421 202
291 305
347 108
339 198
111 24
281 224
84 236
193 168
447 339
109 32
401 159
248 289
447 268
149 399
322 264
89 30
111 191
371 378
218 193
279 315
29 422
379 398
368 317
142 254
115 304
215 87
130 437
147 102
305 100
145 233
328 402
185 194
339 441
360 228
188 159
412 62
220 332
312 45
179 419
284 212
337 34
66 272
87 10
175 158
31 85
457 447
249 295
362 135
380 182
48 350
133 22
212 424
213 183
192 454
433 252
386 192
75 12
353 124
202 179
407 408
94 14
99 37
412 310
131 339
244 361
99 391
68 74
77 329
257 450
343 277
155 132
269 201
98 205
288 338
84 210
39 167
22 384
224 140
210 107
276 50
53 114
297 433
330 114
71 296
286 258
381 61
425 5
8 322
296 304
39 232
18 236
122 394
186 366
49 207
328 112
192 41
119 403
26 366
453 136
314 199
424 234
65 74
97 31
103 351
112 23
212 316
415 171
310 442
337 259
259 125
48 450
186 184
107 203
248 363
311 3
361 177
432 434
413 7
26 211
289 93
231 214
229 87
380 9
286 68
