682
290 159
414 50
42 282
487 437
623 332
49 77
394 363
397 241
650 675
56 430
432 307
98 67
120 664
11 515
33 304
575 503
552 437
441 630
599 327
385 615
144 440
293 232
91 648
545 86
579 391
88 596
217 163
281 681
551 1
682 419
89 511
634 428
323 140
535 476
395 438
269 119
425 443
3 486
379 149
452 531
359 539
249 424
657 261
532 611
180 341
90 679
650 340
101 178
466 353
335 171
235 607
300 214
502 557
666 355
323 277
170 680
477 341
496 520
439 503
320 648
397 292
406 564
546 436
212 259
349 328
491 26
197 622
21 646
282 432
119 580
371 308
208 606
404 642
112 395
36 97
651 207
493 591
290 204
569 299
406 492
393 426
572 114
456 449
420 218
521 33
308 177
644 101
438 468
66 495
486 359
80 217
23 443
134 20
525 529
132 105
415 126
407 556
364 668
3 551
470 579
71 148
326 429
542 176
359 280
331 655
275 233
340 378
526 623
20 238
48 274
593 464
605 543
401 64
342 194
633 153
138 305
411 425
340 437
628 214
161 419
600 46
447 413
435 323
591 557
251 585
90 594
12 172
240 550
90 409
272 132
614 466
5 104
15 340
265 60
252 223
225 289
150 495
363 624
526 497
366 399
609 520
671 567
281 31
340 113
560 641
475 560
209 313
234 448
31 213
85 390
548 428
584 339
499 451
359 104
262 459
465 92
318 452
452 363
56 58
337 353
518 663
411 623
679 653
511 198
14 109
493 616
72 460
592 493
428 576
359 638
608 141
562 271
643 337
252 560
352 296
35 200
557 525
166 123
461 171
334 143
185 232
248 172
136 2
123 506
225 90
83 58
530 461
433 570
55 399
227 221
681 315
348 264
132 682
395 608
133 502
603 4
294 77
138 577
547 211
384 467
228 453
71 377
200 263
257 233
32 424
569 432
41 618
261 145
405 199
254 336
154 265
158 56
617 261
182 302
121 356
622 22
367 52
506 206
544 164
493 100
115 603
515 160
625 632
594 136
296 505
25 247
359 592
621 552
251 200
43 360
654 514
72 54
498 120
561 16
222 375
286 620
295 472
67 479
360 246
56 330
114 214
472 503
467 236
507 592
578 197
226 237
160 326
219 318
70 586
4 425
94 531
661 579
297 152
598 662
669 642
181 433
440 273
172 459
607 353
304 667
633 329
67 38
114 532
654 205
118 387
140 208
27 503
205 608
602 58
462 618
525 125
68 455
495 584
152 319
285 643
479 343
548 369
354 281
456 169
14 311
572 456
75 47
93 524
363 554
190 572
488 175
610 598
129 357
616 216
388 287
93 264
670 226
188 207
392 258
560 243
15 328
314 184
571 586
502 533
237 106
380 402
399 367
278 465
602 601
564 37
269 36
117 538
246 493
91 124
427 274
3 499
76 478
425 212
252 464
273 317
620 565
591 644
303 675
210 424
289 179
120 646
579 406
594 337
424 15
283 560
362 532
79 127
85 555
141 591
274 176
472 397
309 34
54 623
638 103
519 91
318 304
586 109
656 246
598 171
44 475
495 170
640 512
190 372
98 540
306 113
268 59
56 532
674 247
576 196
427 318
77 81
252 165
253 279
168 611
615 522
129 625
169 613
411 410
296 467
247 246
202 420
490 106
663 676
455 663
344 109
512 201
270 448
559 29
570 359
484 339
76 549
532 18
221 88
278 563
647 325
569 492
538 631
367 34
15 16
151 97
18 677
305 489
476 107
517 425
242 215
413 481
591 237
374 540
230 267
143 534
53 51
516 356
6 237
397 422
189 59
258 445
582 353
239 279
132 435
226 63
659 375
654 157
589 131
324 21
583 448
98 433
650 404
501 636
137 381
606 403
543 466
28 471
532 39
158 463
590 285
62 5
139 247
209 274
560 431
633 246
338 436
147 190
57 459
318 594
425 30
293 10
633 245
158 508
379 510
389 308
231 592
517 24
560 199
367 88
512 130
444 567
436 326
89 291
306 240
182 513
176 678
611 347
483 6
455 599
162 646
258 552
537 446
65 200
308 604
565 459
308 650
197 146
88 672
173 611
175 383
148 469
445 370
56 573
350 361
195 148
346 611
432 565
266 192
20 658
356 467
380 293
376 106
7 542
230 360
377 322
370 74
179 102
644 500
225 217
513 246
220 616
309 504
665 366
629 370
592 456
230 164
552 13
412 646
399 413
468 108
110 359
340 615
433 202
569 592
598 586
479 316
13 187
401 278
290 524
134 287
334 340
378 191
252 373
265 594
482 38
451 440
91 624
400 26
375 156
423 214
135 3
136 627
125 652
573 473
592 90
122 429
501 570
203 132
437 174
318 131
308 366
203 659
169 312
184 382
362 193
480 626
676 527
271 566
142 648
232 73
381 51
292 183
616 77
492 379
307 17
621 197
573 152
421 532
438 666
630 452
418 176
485 621
268 230
298 247
649 160
466 426
359 673
288 313
638 415
251 184
668 509
588 241
271 655
616 657
572 581
407 476
284 274
90 340
276 87
242 283
445 618
650 401
237 495
502 244
409 365
472 296
337 293
142 95
547 631
651 134
442 227
600 77
555 250
340 327
167 79
452 491
45 56
269 120
434 307
380 186
47 524
594 503
57 474
215 260
386 373
52 587
225 109
457 420
411 493
232 301
639 376
546 368
407 637
296 454
577 627
542 229
109 562
130 528
431 572
584 640
350 137
568 533
401 541
417 609
558 308
334 536
607 148
397 635
480 459
82 599
645 678
232 396
654 127
471 473
276 590
69 190
223 341
344 458
378 358
669 345
448 650
129 615
557 253
458 310
486 19
47 456
523 344
325 651
84 408
326 358
257 492
9 604
397 660
457 506
492 254
640 251
619 165
31 27
339 342
416 603
398 408
326 553
61 236
595 174
231 612
414 560
116 271
27 132
89 650
8 138
570 478
597 51
137 559
321 326
545 55
175 456
98 494
567 651
224 130
509 548
537 560
351 214
128 398
85 225
560 192
333 235
574 363
387 633
111 286
595 255
137 120
532 20
96 27
450 292
427 84
609 299
99 472
551 40
120 226
630 548
211 104
623 155
397 256
78 512
228 241
246 476
