2
1 2 3
^ ^
0.1 0.2
2
8 9 10
^ ^
0.5 0.78
1
1 2
&
0.5
1
25057 26182
^ 
0.32 
2
25060 4162 6404
| ^ 
0.94 0.76 
3
25060 4162 6404 15127
^ & ^ 
0.18 0.49 0.55 
4
25063 14911 24268 6423 8272
& ^ & & 
0.07 0.28 0.16 0.18 
56
25067 25659 9365 30486 18586 11747 4533 1963 27704 11059 10381 16660 18289 32628 1357 31884 1310 18021 16326 29040 17086 7393 24960 8959 22308 7357 518 23390 29037 20464 32133 22494 9269 24310 31125 2690 12555 32374 11351 5308 10273 24610 6592 24440 12360 10974 15156 29787 2844 15909 17751 31821 10620 17577 32 1845 25662
| | | ^ ^ & & ^ | & ^ | ^ | ^ & & ^ | & ^ | ^ ^ ^ & ^ & & | & & & ^ & & ^ & | ^ ^ & & | ^ & | ^ ^ | | | | ^ ^ | 
0.20 0.65 0.16 0.95 0.31 0.76 0.94 0.82 0.50 0.22 0.59 0.30 0.69 0.67 0.26 0.71 0.82 0.53 0.30 0.15 0.63 0.84 0.41 0.43 0.48 0.32 0.72 0.48 0.90 0.15 0.24 0.13 0.82 0.86 0.55 0.83 0.41 0.79 0.33 0.01 0.59 0.09 0.17 0.57 0.26 0.16 0.07 0.22 0.68 0.96 0.12 0.36 0.61 0.68 0.60 0.37 
5
25073 14388 12325 13077 6448 19601
& | ^ | ^ 
0.48 0.98 0.84 0.73 0.24 
6
25076 25137 30189 4372 16762 23528 13870
^ & ^ | | ^ 
0.31 0.97 0.62 0.28 0.61 0.18 
7
25083 13865 381 19730 4623 31381 20095 20095
& & ^ ^ | & & 
0.71 0.28 0.44 0.80 0.91 0.28 0.62 
9
25086 24614 18246 11026 14938 2540 23208 17167 28470 6938
| | | & & ^ & ^ ^ 
0.48 0.43 0.75 0.45 0.78 0.22 0.74 0.66 0.40 
10
25093 13343 21206 26384 2799 10393 29433 11313 28725 27410 9197
^ & & & ^ | ^ & | ^ 
0.69 0.06 0.07 0.60 0.91 0.47 0.23 0.77 0.04 0.72 
15
25096 24091 6302 17680 13114 14320 32545 8386 12469 21262 9049 17056 20930 17704 4478 24087
& ^ ^ | & ^ ^ ^ | ^ & | & | & 
0.17 0.76 0.06 0.56 0.38 0.56 0.32 0.94 0.15 0.09 0.64 0.22 0.90 0.20 0.33 
20
25099 2071 24166 8975 23428 18247 2890 5458 28980 15114 8902 17100 10301 1483 26670 8657 7346 5666 1865 2143 169
& & ^ | & | & & | | | & | | ^ ^ & | & & 
0.97 0.22 0.37 0.96 0.13 0.84 0.63 0.80 0.34 0.25 0.22 0.45 0.85 0.58 0.45 0.76 0.87 0.37 0.04 0.67
25
25102 12820 9262 270 975 22173 6002 2531 12724 8966 8754 17144 32440 18029 16094 25995 1396 24091 3696 25667 11585 13844 26283 20583 19101 30699
| | | ^ ^ & ^ ^ | | & | ^ | ^ ^ ^ ^ & | & ^ ^ ^ | 
0.62 0.61 0.36 0.07 0.55 0.71 0.53 0.67 0.86 0.68 0.23 0.65 0.77 0.29 0.04 0.87 0.85 0.13 0.01 0.60 0.97 0.59 0.58 0.70 0.05 
30
25106 23568 27127 24334 11289 26100 9114 32372 29235 2818 8606 17188 21811 1807 5518 10565 28214 9748 5527 16424 23000 29325 8530 27598 936 8990 26845 24490 17881 2940 2608
^ ^ & ^ ^ | ^ | | & & & ^ & ^ ^ | & & | | ^ ^ & & | | & ^ ^ 
0.22 0.27 0.17 0.33 0.38 0.91 0.71 0.79 0.77 0.09 0.89 0.98 0.84 0.80 0.13 0.90 0.93 0.54 0.94 0.24 0.52 0.81 0.62 0.17 0.36 0.32 0.56 0.86 0.00 0.04 
35
25109 1549 12223 15629 21604 30027 12227 29444 12979 29438 8458 17232 11182 18354 27711 27903 22264 28173 7358 7181 1648 12037 23544 1844 15539 20049 15385 8197 27874 23325 5609 2360 26533 30978 32240 18241
| | ^ ^ | ^ | ^ | & & & ^ ^ & ^ | & ^ | | ^ | | | & & & & | & & | & | 
0.12 0.05 0.10 0.23 0.21 0.49 0.19 0.45 0.06 0.80 0.23 0.46 0.11 0.65 0.90 0.94 0.96 0.94 0.73 0.15 0.79 0.83 0.99 0.36 0.93 0.44 0.30 0.59 0.22 0.69 0.37 0.11 0.86 0.96 0.03 
40
25112 12297 30087 6924 31918 1186 15339 26517 29491 23290 8310 17276 553 2132 17135 12473 16314 13831 9188 30705 13063 27518 5791 8859 30142 31108 3926 24673 5098 10942 8610 23497 7696 23929 17202 16916 8567 27303 9921 615 31431
^ | & | & ^ ^ | | & & | | | ^ ^ & & & & | | | | ^ ^ | ^ & & ^ & ^ & ^ | ^ | ^ ^ 
0.26 0.43 0.61 0.81 0.77 0.57 0.03 0.01 0.78 0.25 0.25 0.21 0.48 0.90 0.70 0.70 0.47 0.19 0.33 0.03 0.48 0.69 0.41 0.81 0.06 0.32 0.74 0.56 0.36 0.90 0.04 0.61 0.50 0.44 0.67 0.68 0.16 0.32 0.65 0.12 
50
25116 23045 15183 30988 9465 5112 18452 23590 13234 17142 8162 17320 22692 18678 6559 29811 10364 32256 11019 21462 24479 10231 20806 15873 11977 9399 25235 8381 15091 31328 11611 11866 21627 16880 2165 15592 10623 8216 14500 9642 30601 16456 20321 14535 114 1549 26331 6467 18048 26780 24381
| ^ & & & & & ^ ^ | ^ & & ^ & ^ | | & & & & ^ & | ^ ^ ^ ^ & ^ & & | | & ^ & | ^ ^ | & & | | | & | & 
0.27 0.26 0.63 0.66 0.77 0.09 0.58 0.39 0.47 0.00 0.18 0.20 0.30 0.27 0.49 0.95 0.70 0.63 0.09 0.06 0.92 0.73 0.96 0.14 0.27 0.21 0.77 0.03 0.93 0.59 0.63 0.57 0.87 0.29 0.45 0.78 0.23 0.33 0.98 0.65 0.80 0.60 0.74 0.39 0.08 0.39 0.20 0.20 0.37 0.42 
60
25119 1026 279 22283 19780 9039 21564 20663 29746 10994 8014 17364 12063 2457 28751 14382 4414 17913 12850 12219 3126 25712 3053 22888 26580 20457 13775 24856 25084 18945 14612 234 2790 9832 19895 14267 12679 21897 19079 18669 29772 621 23421 26982 18958 18396 29261 15835 5955 16582 9531 3662 9073 30690 28720 21205 745 31381 3085 32158 18609
| ^ ^ | & ^ | ^ & | & ^ & & & & ^ & | | ^ ^ & ^ & & ^ & ^ & & | & | & ^ & | & ^ & & & & ^ & | | & & | & ^ & | & ^ ^ & | 
0.05 0.87 0.00 0.11 0.22 0.47 0.18 0.21 0.42 0.42 0.21 0.84 0.69 0.51 0.17 0.94 0.51 0.03 0.91 0.98 0.46 0.05 0.29 0.58 0.54 0.08 0.47 0.94 0.46 0.17 0.79 0.82 0.17 0.63 0.73 0.75 0.01 0.83 0.14 0.68 0.51 0.88 0.59 0.87 0.27 0.36 0.04 0.33 0.30 0.93 0.98 0.09 0.05 0.53 0.51 0.75 0.47 0.11 0.52 0.41 
70
25122 11774 18144 13578 30094 12966 24677 17735 13489 4846 7866 17408 1433 19003 18175 31720 31232 3570 14681 2975 14542 8425 18068 29903 8415 31516 2316 8564 2309 6562 17613 21371 16721 2783 4857 12943 14734 2810 23658 27696 28943 17553 26521 6661 5035 2476 32190 25203 26629 6384 27449 1902 29457 17174 24369 22415 29907 1179 28283 13671 8810 26552 15805 10516 16718 17044 5843 12305 2006 9657 28017
^ | & & ^ ^ | | | ^ ^ & ^ & | ^ | ^ & ^ & & | | & | | ^ & ^ & ^ | ^ ^ ^ & | ^ | ^ ^ ^ | & | & & | | | | & & ^ | ^ & | & ^ & | ^ | & ^ | & & 
0.12 0.51 0.16 0.45 0.00 0.08 0.43 0.01 0.55 0.92 0.96 0.75 0.64 0.17 0.30 0.52 0.31 0.16 0.05 0.07 0.27 0.58 0.26 0.48 0.04 0.10 0.91 0.24 0.60 0.36 0.78 0.40 0.49 0.13 0.85 0.67 0.91 0.32 0.28 0.68 0.24 0.56 0.07 0.49 0.23 0.03 0.60 0.74 0.29 0.67 0.51 0.29 0.77 0.71 0.47 0.24 0.67 0.60 0.32 0.27 0.39 0.16 0.29 0.16 0.63 0.79 0.27 0.80 0.14 0.57 
90
25129 503 21104 28937 17955 20819 30902 11881 13744 25317 7570 17496 12943 19328 29792 860 19332 7653 18342 17257 4605 6619 15329 11164 4852 20866 12165 8748 22295 14564 23615 30877 11815 21453 7549 10294 18846 30173 48 12982 27284 18651 32720 31555 9955 3404 5281 11171 2442 18756 30518 31150 4687 22909 15667 24835 22697 6310 13143 9467 21980 4349 6329 11995 6758 27680 8017 7246 29338 5408 21947 4626 16011 16600 24120 9969 299 20605 5878 31475 27316 17014 6033 20178 25159 9581 10201 12206 21203 16806 5078
| & ^ | | | | & & & ^ | ^ & ^ & & & ^ & ^ | ^ & ^ ^ & | | & | ^ ^ & | | ^ & | ^ & & | | | ^ & | & & ^ | & | ^ ^ ^ | | & ^ ^ ^ ^ & & & & ^ | | ^ & ^ | | ^ ^ ^ ^ ^ ^ ^ ^ & | & & ^ & 
0.73 0.21 0.24 0.77 0.99 0.39 0.60 0.26 0.09 0.64 0.04 0.90 0.85 0.04 0.32 0.17 0.02 0.57 0.84 0.57 0.36 0.35 0.78 0.45 0.61 0.73 0.05 0.66 0.06 0.38 0.08 0.30 0.87 0.36 0.95 0.59 0.85 0.87 0.11 0.50 0.05 0.37 0.87 0.89 0.93 0.29 0.62 0.54 0.50 0.70 0.64 0.45 0.02 0.41 0.97 0.08 0.77 0.41 0.47 0.69 0.35 0.29 0.74 0.67 0.60 0.20 0.08 0.96 0.70 0.41 0.75 0.46 0.26 0.13 0.24 0.09 0.33 0.57 0.62 0.21 0.86 0.78 0.66 0.33 0.69 0.28 0.63 0.19 0.53 0.83 
110
25132 11251 6200 20232 28270 24746 1246 8953 30256 19169 7422 17541 2314 3106 19216 18198 13382 26078 20173 8013 16020 22100 30344 18178 19455 31924 705 25223 32288 2181 26616 19245 25746 14404 25279 8970 20902 11086 4627 22009 26455 2816 3052 11233 28800 20252 8211 20539 23116 8558 15668 29390 25070 9392 11316 26045 19091 8876 5572 23748 12181 26016 1591 12735 18162 16614 25488 21100 10236 3284 2528 15217 27218 6626 463 9377 12558 24330 1400 17019 30272 26485 18298 16627 10908 17235 12363 23414 32111 11 1488 13864 24792 27540 12587 23664 7732 10018 5845 2230 3802 19718 13548 6507 19721 11727 31694 22346 28958 26806 5350
| & & ^ | & & ^ | | ^ ^ & | | & & & | ^ & & & | & ^ | | ^ | ^ & ^ | & ^ ^ | | | ^ ^ & & & ^ ^ | & | | ^ & & | | & ^ ^ & ^ & | | ^ ^ & & | & ^ | | & & & & ^ & | & & | & ^ & & | ^ | & ^ & ^ | ^ & ^ ^ | ^ ^ | ^ ^ | | | ^ ^ 
0.48 0.93 0.68 0.05 0.97 0.22 0.42 0.59 0.68 0.40 0.12 0.81 0.53 0.99 0.92 0.79 0.55 0.55 0.61 0.16 0.87 0.37 0.50 0.31 0.97 0.70 0.78 0.75 0.98 0.23 0.84 0.10 0.76 0.98 0.73 0.38 0.10 0.11 0.02 0.92 0.75 0.82 0.36 0.48 0.38 0.61 0.25 0.49 0.11 0.33 0.21 0.36 0.76 0.42 0.77 0.31 0.28 0.23 0.10 0.64 0.88 0.26 0.85 0.47 0.65 0.27 0.54 0.28 0.17 0.31 0.66 0.00 0.65 0.76 0.62 0.75 0.03 0.59 0.77 0.91 0.43 0.81 0.97 0.91 0.47 0.38 0.68 0.53 0.79 0.83 0.56 0.04 0.30 0.46 0.21 0.13 0.15 0.71 0.66 0.41 0.26 0.81 0.23 0.03 0.39 0.53 0.49 0.83 0.15 0.86 
130
25138 32748 9160 2823 16131 32599 7471 3099 30511 6873 7127 17629 13824 3431 30832 20106 1482 30160 23834 22295 6083 20294 27606 32208 15893 21274 10554 25407 19506 10183 32618 28751 20840 306 27971 6321 25013 5680 13785 7295 24796 3913 9252 3359 952 21180 14070 6507 31697 20930 18736 25870 301 15127 2614 28465 11881 14007 23200 19544 25352 3813 24883 14214 8202 27250 27663 16040 4800 31804 29225 3632 16864 19445 18684 8193 4309 31782 25212 20875 3416 12659 10060 9527 15172 32544 16688 13061 21158 31956 27077 3187 9236 27037 4464 6050 5953 53 29332 9652 30670 24708 25864 18552 1122 12901 1480 11081 29692 26029 1770 29491 25992 13162 15316 27224 28081 17512 13741 31378 14071 8442 1041 15194 26625 19958 28169 5865 17460 15106 14138
^ | ^ ^ ^ ^ ^ | & | ^ | ^ & ^ | ^ & | & & ^ ^ & | ^ & ^ & & & & & | ^ ^ & & ^ | | & | | ^ ^ & | & & ^ & & ^ & | ^ & & ^ & ^ | ^ ^ ^ & ^ | & & & ^ ^ ^ & ^ | | & ^ & ^ | ^ ^ | & | & ^ ^ & | | & ^ & | & ^ & | & & & | ^ & ^ ^ | ^ | & | | ^ | ^ | ^ & & & | | ^ ^ ^ 
0.54 0.58 0.77 0.10 0.76 0.59 0.81 0.40 0.58 0.98 0.57 0.92 0.02 0.06 0.06 0.37 0.38 0.45 0.29 0.55 0.42 0.75 0.74 0.01 0.04 0.15 0.29 0.52 0.81 0.92 0.64 0.21 0.14 0.01 0.07 0.96 0.66 0.52 0.50 0.53 0.98 0.08 0.12 0.68 0.86 0.37 0.28 0.95 0.06 0.78 0.01 0.70 0.41 0.05 0.01 0.06 0.61 0.49 0.63 0.95 0.15 0.08 0.01 0.01 0.16 0.58 0.79 0.00 0.37 0.17 0.98 0.62 0.82 0.43 0.71 0.35 0.41 0.49 0.15 0.91 0.73 0.61 0.91 0.41 0.25 0.26 0.92 0.52 0.15 0.46 0.53 0.74 0.36 0.93 0.28 0.74 0.30 0.29 0.89 0.90 0.48 0.33 0.36 0.58 0.32 0.73 0.10 0.00 0.42 0.46 0.83 0.32 0.00 0.66 0.03 0.38 0.09 0.19 0.25 0.21 0.31 0.76 0.31 0.46 0.24 0.64 0.11 0.61 0.11 0.26 
150
25142 10729 27025 26886 26446 3758 10583 172 14255 725 6979 17673 3195 19977 20256 4676 28300 15818 25665 13051 17499 3007 9853 6454 30496 32333 31863 9114 29499 30568 2851 17120 2003 26025 12933 4997 27069 19361 18364 16322 23967 20846 12352 15806 19797 5259 17000 15875 19603 10733 3887 24110 20684 1611 31031 29675 8275 16573 15630 1057 15553 25480 20145 14954 19606 16184 12366 29894 18467 29680 9806 14224 28071 9471 27795 7601 16568 2739 20734 6419 6372 22130 22325 5977 921 7430 18851 24269 32066 15161 23488 14233 17843 26786 16786 13627 21447 27838 24692 13363 11335 10819 32022 24574 8206 29872 2757 21832 13675 25641 32748 13406 16583 7042 21467 14306 28808 13466 2504 9154 20533 18154 27923 8298 1754 15453 25295 22073 21678 26722 29821 23858 5107 5440 30746 21749 16670 31659 31069 14573 20024 22676 18490 17610 17796 5445 20650 32050 32610 13740 8110
^ | | | ^ & ^ & | | & & ^ ^ | ^ & & & ^ ^ ^ & ^ | ^ & | ^ & & & | & | & | ^ ^ & & | ^ & ^ | ^ & ^ | ^ & & ^ ^ ^ & ^ ^ | & & & ^ ^ | ^ & ^ ^ | ^ | & & ^ | & & ^ ^ ^ | & ^ ^ | ^ & & | & | & | ^ | ^ | & | | & & ^ & ^ | ^ ^ | ^ | | & & & ^ & & | ^ | & | | | | & & | & & ^ ^ ^ ^ ^ & | & ^ ^ & & & ^ & & ^ 
0.75 0.90 0.52 0.90 0.56 0.37 0.25 0.50 0.03 0.26 0.23 0.20 0.47 0.19 0.08 0.21 0.34 0.04 0.28 0.56 0.94 0.21 0.57 0.83 0.23 0.26 0.28 0.58 0.47 0.33 0.95 0.60 0.55 0.47 0.53 0.78 0.02 0.09 0.71 0.92 0.67 0.52 0.41 0.41 0.28 0.95 0.28 0.38 0.40 0.32 0.01 0.52 0.88 0.05 0.70 0.34 0.82 0.56 0.11 0.33 0.26 0.65 0.51 0.22 0.05 0.67 0.48 0.19 0.62 0.22 0.05 0.74 0.79 0.52 0.67 0.58 0.61 0.41 0.30 0.72 0.56 0.55 0.60 0.61 0.09 0.41 0.30 0.88 0.84 0.79 0.98 0.30 0.64 0.83 0.69 0.33 0.33 0.23 0.37 0.98 0.37 0.03 0.38 0.86 0.86 0.00 0.29 0.15 0.35 0.18 0.93 0.70 0.97 0.13 0.85 0.80 0.92 0.46 0.81 0.09 0.42 0.24 0.73 0.56 0.39 0.20 0.15 0.25 0.34 0.50 0.05 0.55 0.67 0.25 0.13 0.58 0.97 0.71 0.35 0.44 0.46 0.92 0.96 0.81 0.72 0.71 0.32 0.93 0.82 0.14 
180
25148 32225 29985 9477 14307 11612 16808 27085 14510 21197 6683 17761 14704 20302 31873 6584 16400 19900 29326 27333 7562 1201 7114 20483 26934 21682 8944 9298 16717 5802 8852 26625 29865 11927 15625 2348 31180 13956 27522 1608 22308 21943 18551 7932 24718 6187 22859 1842 28184 23105 6955 20591 28683 7346 22329 32095 1065 21704 490 29621 28723 3278 10668 16434 9646 26821 14541 24834 13031 25432 3736 2639 17717 22290 13249 6417 8318 10191 11779 10275 12284 8304 14087 31644 5185 22739 23176 13916 21113 14339 16309 3557 2288 26283 8662 28781 19668 17873 15411 20785 5435 15808 11569 3851 22375 31046 5311 10567 14409 24864 29168 14003 30533 27571 1001 21237 30261 5373 12798 30241 688 4810 16152 27275 17548 6443 19546 21722 30113 17188 28420 606 18128 29605 23959 29092 5701 17083 30778 18759 23288 19208 12380 12552 27002 27505 5019 16673 30190 20758 32228 31703 30549 23943 14044 1359 20496 15669 32383 3490 24479 16934 19719 8499 25007 22253 18960 21313 15956 7642 16121 30392 12179 4206 2189 22861 24611 13073 19427 13513 26484
^ | ^ ^ | | & & ^ ^ & ^ ^ ^ ^ ^ | | ^ | ^ ^ | ^ & & ^ ^ | & | | & & ^ ^ ^ | ^ & | & & & ^ & ^ & ^ ^ | | ^ & | | & ^ & ^ | & ^ | & ^ ^ ^ & ^ & ^ & ^ ^ ^ | | ^ | ^ | & ^ | ^ & & | ^ | & ^ ^ | & & | | | | & & & | ^ ^ ^ | & & ^ | ^ ^ ^ ^ | ^ | & ^ | | ^ & ^ & | & & | ^ & & ^ ^ | & | | & | & | & | | ^ | ^ & & ^ ^ ^ | & | ^ | | | & & & & & ^ & & ^ ^ & | & ^ ^ ^ ^ 
0.46 0.61 0.45 0.18 0.87 0.87 0.57 0.57 0.70 0.07 0.17 0.26 0.38 0.23 0.63 0.31 0.02 0.17 0.72 0.06 0.06 0.48 0.87 0.91 0.48 0.60 0.36 0.11 0.98 0.55 0.16 0.77 0.19 0.50 0.82 0.87 0.51 0.58 0.07 0.45 0.01 0.15 0.46 0.86 0.72 0.72 0.21 0.35 0.07 0.20 0.08 0.88 0.52 0.44 0.88 0.79 0.42 0.91 0.02 0.76 0.95 0.46 0.57 0.07 0.86 0.96 0.56 0.80 0.02 0.65 0.92 0.04 0.70 0.65 0.22 0.46 0.46 0.24 0.84 0.77 0.29 0.56 0.50 0.05 0.80 0.30 0.27 0.08 0.04 0.68 0.67 0.66 0.20 0.86 0.63 0.07 0.78 0.71 0.15 0.76 0.62 0.31 0.16 0.24 0.06 0.75 0.22 0.05 0.88 0.09 0.59 0.97 0.49 0.80 0.57 0.66 0.59 0.70 0.13 0.89 0.89 0.08 0.04 0.26 0.29 0.29 0.62 0.53 0.55 0.11 0.68 0.79 0.04 0.59 0.50 0.73 0.66 0.95 0.78 0.20 0.82 0.73 0.59 0.44 0.77 0.49 0.82 0.74 0.31 0.11 0.53 0.43 0.89 0.66 0.05 0.95 0.26 0.84 0.21 0.34 0.13 0.96 0.11 0.26 0.85 0.08 0.47 0.61 0.36 0.50 0.81 0.45 0.92 0.85 0.08 0.45 0.23 0.27 0.32 0.93 
190
25155 20954 177 24835 2168 19465 23033 21231 14765 8901 6387 17849 26214 20626 10721 8493 4500 23983 220 8846 30393 32163 4376 1745 23372 11032 18793 9481 3935 13804 14854 3363 24959 30598 18318 32467 2524 8550 3912 19662 20650 23040 24751 58 29638 7115 28718 20578 3997 2709 10024 17071 3914 13081 13627 1748 26622 26835 18118 25416 9125 13843 1192 17913 32454 4689 16715 19775 7595 21184 30434 23822 7363 2341 31470 5233 68 17642 2823 14131 18196 27246 5849 24543 9450 5280 27501 3564 10161 13516 9130 25649 19501 25781 539 11167 17888 7907 6130 28206 32303 20798 23885 15896 3777 32220 7865 32070 15144 24088 25588 14599 11715 15332 13304 28168 31714 30048 23092 18561 13612 24235 4381 13484 574 30200 13797 21371 5781 7653 27018 10122 31150 21001 17171 3667 27499 2508 30487 22945 26553 15740 6270 7495 3440 16797 22155 1297 27771 27776 23579 18171 32568 14871 13351 1441 21281 25095 22416 14071 9389 5119 18460 25402 29297 20040 23739 20518 19339 670 8976 27754 23872 32063 31276 3929 996 16961 19101 24802 25338 21800 32679 32194 18589 7864 9681 11256 24607 25864 21156
| | & | | | & ^ ^ & & & & & | ^ | ^ & ^ | | | & ^ & & ^ ^ | | & & & | ^ | ^ | ^ ^ & & & | & ^ | ^ | ^ & ^ | | | | & | | & | & & ^ & | & | | & & ^ & ^ ^ & ^ & | & | ^ | | | & | | | | ^ & ^ ^ & ^ ^ & | ^ ^ | ^ | & & ^ | & & ^ & ^ | ^ & ^ & & & | | | & | ^ ^ & | & ^ & & | | | | | ^ | ^ | & | & ^ ^ | & ^ & ^ & ^ ^ | & | | | | ^ & | | & | & | & & | & ^ ^ & | | & & | & ^ ^ ^ | | ^ & 
0.56 0.42 0.14 0.53 0.18 0.48 0.74 0.65 0.44 0.30 0.01 0.23 0.06 0.16 0.95 0.74 0.70 0.92 0.78 0.59 0.96 0.94 0.54 0.85 0.25 0.43 0.14 0.87 0.79 0.22 0.92 0.73 0.39 0.75 0.22 0.79 0.60 0.36 0.23 0.43 0.16 0.69 0.42 0.57 0.33 0.40 0.97 0.03 0.37 0.13 0.80 0.53 0.41 0.06 0.99 0.35 0.94 0.78 0.34 0.10 0.81 0.51 0.35 0.29 0.89 0.89 0.89 0.92 0.94 0.21 0.35 0.08 0.84 0.66 0.91 0.44 0.53 0.91 0.80 0.87 0.95 0.13 0.46 0.67 0.81 0.15 0.72 0.89 0.36 0.87 0.42 0.98 0.37 0.42 0.57 0.70 0.69 0.15 0.47 0.80 0.51 0.32 0.12 0.85 0.37 0.50 0.57 0.91 0.34 0.29 0.30 0.68 0.16 0.11 0.75 0.19 0.45 0.61 0.66 0.68 0.26 0.07 0.60 0.43 0.26 0.17 0.45 0.50 0.84 0.61 0.33 0.30 0.20 0.28 0.68 0.50 0.71 0.59 0.76 0.12 0.33 0.39 0.78 0.39 0.07 0.36 0.35 0.02 0.17 0.21 0.87 0.37 0.81 0.80 0.43 0.77 0.85 0.59 0.42 0.03 0.81 0.12 0.45 0.03 0.49 0.61 0.05 0.99 0.53 0.47 0.53 0.85 0.33 0.36 0.40 0.48 0.84 0.98 0.57 0.44 0.04 0.26 0.93 0.23 0.20 0.01 0.75 0.64 0.37 0.81 
190
25158 31703 18041 16131 12483 23392 26146 18303 31277 2753 6239 17893 15585 4405 145 25831 31318 9640 2050 32371 9040 14876 19391 8759 5207 22091 7334 25957 13928 1421 17855 24499 6122 23549 3280 31143 4579 22231 8491 28689 19820 7205 27851 12505 15715 23963 31647 29946 24671 25279 27942 15311 24297 32333 9276 2958 23017 29401 10548 6930 32094 2742 29222 18653 11090 26391 1418 861 21262 19060 11014 1646 18570 25135 7813 4641 12327 21368 31113 32443 21152 3950 18114 20993 27966 12934 29663 14771 21068 29489 5540 3927 28107 25529 12861 18743 615 2924 1490 31917 12969 6909 30043 21918 10861 16423 9142 10053 31895 23699 23798 31282 2306 9212 19455 15250 32441 26001 11856 29104 20074 1179 31263 6588 8471 25695 10923 4812 9999 19270 9934 14880 21277 315 30161 7338 22015 11605 13957 25037 28185 14006 3215 21350 24427 11443 30724 9993 10177 31285 19254 27789 17193 26718 13005 17866 5290 13424 1049 19361 18227 15595 17830 17469 15058 2550 9745 3737 21030 13568 21787 26434 13335 29607 29436 27231 21956 18905 2554 30446 24765 10041 17977 22352 18803 29636 24533 21256 10733 20404 27438
| & & ^ ^ & & & ^ | | ^ | & & & ^ & ^ | & ^ ^ & ^ ^ ^ | & & ^ | | ^ ^ & | ^ ^ ^ ^ ^ | & & & ^ | | ^ | & & | | ^ | | ^ | & & & & ^ | ^ ^ | | | & | | | & & | | ^ ^ | ^ | ^ | & & & & & ^ ^ & | | ^ | ^ ^ | & & ^ ^ & ^ & & | ^ ^ ^ | ^ | ^ & | | ^ | ^ ^ ^ | ^ & & ^ ^ ^ | & & & | & & & & & ^ ^ ^ | | ^ & | & & & & ^ | | | ^ | & | ^ | & ^ & & ^ & ^ ^ ^ & ^ | | | & ^ ^ ^ | & ^ ^ | ^ | | 
0.13 0.88 0.43 0.68 0.03 0.57 0.61 0.60 0.17 0.52 0.10 0.46 0.68 0.16 0.18 0.85 0.79 0.91 0.63 0.48 0.27 0.66 0.08 0.84 0.02 0.62 0.10 0.97 0.65 0.73 0.99 0.50 0.01 0.07 0.23 0.45 0.51 0.42 0.17 0.10 0.42 0.80 0.00 0.82 0.22 0.78 0.33 0.31 0.71 0.36 0.74 0.62 0.76 0.60 0.03 0.46 0.68 0.39 0.08 0.27 0.73 0.66 0.12 0.41 0.43 0.68 0.36 0.34 0.71 0.64 0.35 0.13 0.49 0.06 0.73 0.96 0.06 0.35 0.45 0.76 0.30 0.21 0.11 0.04 0.53 0.51 0.97 0.16 0.60 0.76 0.34 0.99 0.99 0.89 0.57 0.91 0.24 0.22 0.99 0.07 0.98 0.78 0.15 0.64 0.76 0.42 0.05 0.44 0.40 0.54 0.77 0.45 0.39 0.53 0.37 0.42 0.53 0.78 0.26 0.75 0.32 0.40 0.94 0.77 0.34 0.83 0.10 0.88 0.60 0.03 0.91 0.56 0.86 0.40 0.34 0.93 0.59 0.63 0.04 0.67 0.27 0.76 0.61 0.96 0.52 0.00 0.13 0.56 0.57 0.22 0.40 0.68 0.42 0.44 0.26 0.10 0.31 0.91 0.63 0.24 0.07 0.07 0.16 0.53 0.77 0.24 0.79 0.27 0.12 0.65 0.71 0.19 0.28 0.53 0.10 0.51 0.23 0.20 0.57 0.10 0.69 0.06 0.33 0.69 0.52 0.35 0.30 0.60 0.59 0.34 
200
25161 9683 3138 7426 22797 27319 29258 15376 15020 29373 6091 17937 4956 20951 22337 10401 25368 28065 3881 23127 20456 30356 1638 15774 19810 381 28642 9664 23921 21806 20856 12868 20053 16500 21010 29818 6635 3145 13070 4948 18991 24138 30951 24951 1791 8043 1809 6546 12578 15081 13092 13551 11912 18816 4925 4168 19411 31967 2977 21211 22295 24409 24484 19392 22494 15325 18890 14715 2160 16936 24363 12238 29777 15161 16924 4049 24586 25093 26635 17988 24108 13421 30379 17443 13715 20589 31826 25979 31976 12694 1951 14973 3945 25278 25183 26320 16109 30710 29617 2860 26402 25788 3433 27941 17946 626 10419 20804 15878 23311 22009 15196 25665 3093 25606 2331 400 21955 619 6880 26536 10891 25377 32460 16368 21190 8049 21020 14217 30887 25617 19638 11404 12397 10384 11009 16530 20701 30195 27130 29818 12272 161 2437 12646 6089 6524 18688 25351 2025 14929 4638 1819 5798 12658 1523 22067 1753 12449 24651 27066 26072 17200 9536 819 17828 28519 19724 22722 26467 1830 25115 2798 27152 27595 17765 10149 20849 18774 3322 24192 31049 3276 12510 19017 18640 6617 31256 29627 14944 952 26630 29064 2929 19800 32755 18849 10439 29879 15083 30641
& | | & & ^ & | | ^ | ^ | | ^ | & | ^ | | | ^ | ^ | & & | | | & | & ^ ^ ^ | | & ^ ^ & | & | ^ | ^ ^ & ^ | & ^ ^ & & | | | & ^ | & ^ & ^ ^ & | | & & ^ ^ ^ ^ ^ | | ^ ^ | ^ & | & & ^ ^ ^ | | & ^ | | & ^ | ^ & & & & ^ ^ | & & & ^ | & & ^ & ^ & & | | ^ ^ | ^ | | | | | | | & | ^ & | ^ & & ^ | ^ & & | & | ^ | & ^ ^ & | & & | | & & | ^ ^ & ^ | & & ^ | | & ^ | ^ ^ & ^ & & | & & & ^ | | | ^ ^ | ^ | & & & ^ 
0.59 0.05 0.61 0.84 0.10 0.14 0.06 0.07 0.83 0.25 0.07 0.59 0.94 0.06 0.24 0.78 0.10 0.49 0.43 0.09 0.69 0.92 0.26 0.07 0.11 0.16 0.69 0.59 0.05 0.28 0.68 0.03 0.44 0.14 0.08 0.56 0.43 0.31 0.83 0.11 0.33 0.14 0.89 0.53 0.97 0.48 0.84 0.75 0.16 0.74 0.35 0.49 0.81 0.46 0.86 0.81 0.27 0.79 0.77 0.98 0.96 0.96 0.76 0.41 0.56 0.87 0.54 0.42 0.84 0.65 0.93 0.00 0.92 0.04 0.57 0.43 0.79 0.60 0.50 0.02 0.46 0.56 0.19 0.44 0.46 0.02 0.20 0.29 0.45 0.80 0.24 0.89 0.95 0.63 0.99 0.65 0.93 0.27 0.54 0.83 0.71 0.72 0.29 0.11 0.42 0.17 0.75 0.25 0.04 0.44 0.81 0.49 0.19 0.21 0.31 0.37 0.16 0.34 0.32 0.22 0.21 0.82 0.45 0.53 0.29 0.65 0.91 0.10 0.98 0.91 0.93 0.30 0.70 0.76 0.78 0.42 0.46 0.92 0.85 0.12 0.32 0.34 0.18 0.02 0.73 0.54 0.85 0.56 0.39 0.83 0.57 0.53 0.23 0.70 0.48 0.53 0.61 0.73 0.89 0.09 0.66 0.87 0.74 0.15 0.15 0.69 0.17 0.56 0.12 0.88 0.96 0.23 0.28 0.07 0.72 0.40 0.27 0.55 0.30 0.37 0.63 0.29 0.47 0.48 0.71 0.13 0.50 0.01 0.53 0.97 0.63 0.57 0.07 0.43 0.67 0.47 0.69 0.14 0.49 0.74 
200
25165 20432 21002 31489 344 31245 32371 12449 31532 23225 5943 17981 27095 4729 11761 27739 19418 13722 5712 13884 31871 13069 16652 22788 1645 11440 17183 26140 1146 9424 23857 1237 1216 9451 5972 28494 8691 16826 17649 13975 18162 8302 1282 4630 20635 24891 4738 15914 484 4883 31010 11791 32295 5300 574 5378 15806 1764 28175 2725 12496 13307 19746 20132 1130 4259 3593 28569 15826 14812 4944 22829 8216 5187 26035 3456 4077 28819 22157 3532 27064 22892 9876 13893 32231 28243 1220 4419 10115 28667 31129 26018 12552 25026 4737 1129 31603 25727 24977 6571 7068 11899 9591 1195 25030 17597 11696 31555 32629 22923 20219 31879 16256 29741 31757 22181 1126 17908 22150 17424 229 20603 19492 25565 24265 16685 5174 4461 18435 9735 8532 24396 1530 24479 23374 14681 11046 29798 13666 29223 31450 10538 29874 16292 865 735 15093 27384 7757 5534 10604 14256 19212 17646 12311 17948 6076 22851 23850 29941 3136 3780 16571 1603 19348 337 14525 2942 24413 6597 14641 23796 25029 24696 25755 8298 31109 22793 2227 8966 23619 19290 21342 2669 19231 7643 21468 8488 15753 9484 7235 16972 11861 3133 5932 10330 16145 15256 26028 9060 9622
| | | | ^ | & ^ & ^ & ^ & ^ ^ & | & & | | | | & | | & & ^ | | & ^ & | & | | ^ & | ^ ^ ^ & ^ ^ | | & ^ | | | ^ & | ^ & | ^ & & | | & & ^ ^ | ^ | & & & ^ ^ & | | & | ^ | ^ ^ ^ ^ ^ & | | ^ | | | & ^ ^ & & & | ^ | ^ & & & | ^ | | | ^ & ^ | & & ^ | ^ ^ ^ | ^ & ^ ^ ^ ^ ^ & | ^ ^ | & & ^ ^ & | | | ^ | | ^ | | | & | | ^ ^ | ^ & & | ^ ^ | | & & ^ ^ & | | ^ | & & | | & & | & & | ^ & & ^ ^ ^ | ^ ^ ^ | ^ | ^ 
0.23 0.77 0.15 0.84 0.87 0.34 0.35 0.16 0.69 0.76 0.15 0.68 0.56 0.38 0.25 0.44 0.69 0.87 0.38 0.77 0.95 0.71 0.84 0.32 0.69 0.54 0.74 0.87 0.39 0.51 0.62 0.11 0.79 0.68 0.12 0.34 0.17 0.24 0.26 0.28 0.24 0.61 0.65 0.65 0.20 0.27 0.99 0.17 0.61 0.85 0.03 0.54 0.13 0.18 0.68 0.33 0.81 0.23 0.10 0.87 0.63 0.03 0.41 0.47 0.28 0.90 0.79 0.69 0.08 0.55 0.84 0.00 0.86 0.52 0.57 0.95 0.02 0.67 0.02 0.97 0.93 0.34 0.23 0.23 0.84 0.62 0.68 0.14 0.19 0.05 0.39 0.34 0.51 0.05 0.62 0.88 0.33 0.44 0.14 0.23 0.77 0.05 0.95 0.77 0.51 0.83 0.41 0.63 0.81 0.85 0.70 0.43 0.85 0.02 0.97 0.48 0.04 0.38 0.59 0.76 0.15 0.88 0.28 0.41 0.74 0.29 0.01 0.97 0.38 0.92 0.47 0.92 0.99 0.40 0.61 0.42 0.93 0.24 0.74 0.33 0.58 0.29 0.89 0.51 0.69 0.17 0.59 0.84 0.98 0.01 0.75 0.87 0.18 0.88 0.86 0.55 0.00 0.27 0.21 0.76 0.64 0.00 0.82 0.61 0.78 0.03 0.72 0.52 0.66 0.73 0.43 0.24 0.35 0.59 0.33 0.95 0.54 0.43 0.79 0.48 0.49 0.89 0.94 0.90 0.87 0.89 0.54 0.70 0.93 0.03 0.39 0.65 0.42 0.95 0.57 0.38 0.47 0.54 0.02 0.06
