10
7
43585941 34793077 38398398 39112928 35729902 33940703 42276577
45692299 46048121 47273265 35440371 43623340 35019069 30070284
30
489494016 118001664 648876096 375274944 693753984 752431680 119180160 975243456 493998912 212566464 329294592 94279680 935630784 315836928 179758656 356038848 504890496 938462976 157709376 520648128 301371840 147996288 167042304 827551296 500841792 487935360 989518464 228533184 566153280 167042304
601783000 708990100 267824375 559820625 940459975 838357975 796472950 735791875 434590975 72438275 25332125 706012125 97035575 883607725 245392875 466768575 240983925 783400800 654574375 867867000 474890325 753234300 312880750 152186125 44205525 605611825 226558150 257652850 479686025 415098775
30
557546535 79864708 735765338 402823993 48676474 21830380 467075323 121906694 434952089 749294975 244093850 317304988 985691707 364897533 185752710 812656845 165173190 66790178 627749122 454842531 377588211 973211954 420144494 796420471 317736188 843309038 351136513 758644159 603866809 738836371
169074906 338640302 347399624 205992787 636953603 845566995 246810641 266819267 915057572 936041106 965916336 253392293 634685667 332915726 569549266 868436415 402245844 13673660 751523080 682987305 411784659 480516036 617753565 284893752 88830049 654548076 34209032 679494998 99846593 566118462
25
640359434 957413457 421267616 999146610 172468296 223239835 737539803 269349938 324329005 64775984 889040152 119566304 949966171 153777988 784741386 470365588 120636516 360619402 135161026 582386714 536387621 696477964 886238815 157127685 977927951
748433959 441704263 580333369 378328489 528374847 27956313 576489914 692106142 240768892 579272694 476818342 476959769 472360317 980289156 677711749 666853033 207707071 602358042 384827674 224621782 54887679 629355419 968893835 779962414 550818632
27
713897184 504894390 557732175 490804314 164894730 358888530 622311690 833662830 720761580 780825045 761140380 252191940 806566530 334639305 511801290 780825045 162249360 74364290 643032390 648997440 701149020 411863760 966735770 987982710 363993630 912652650 236215980
475284810 182530530 258318060 478056150 371821450 803134332 924241890 434444010 288708420 44618574 101405850 509926560 557732175 129159030 339489150 598828230 401567166 763212450 772244550 236215980 743642900 657536880 764889840 927596670 984233250 763212450 286833690
30
486962476 82873791 548777306 466951342 511161287 400277878 955168137 446997694 630319690 103779676 709129993 602519918 315149978 669879067 842555428 90142976 551252625 951427763 454689378 3755521 193963770 329511182 378890798 760921161 535739666 393130661 881676950 328663335 815251745 355305951
358382024 567966399 183350882 948473911 517703329 612246908 214810596 353091739 955633679 552036121 893961354 154787633 676039 789042254 123243302 395605210 722400679 840185577 926625392 342566224 911629862 686900929 801884798 958668403 249202184 396288802 713743030 211239756 606356289 457006121
21
766461150 561043350 194306175 189486675 877149000 678719475 344085525 648356625 59386950 245473200 370914075 357981750 350270550 505431675 199928925 968157225 794414250 660807000 816798150 362265750 459164475
808249728 477679488 212729088 207512448 638324544 897893568 314453568 396794112 986658816 546648960 349075584 100516416 85360704 76657152 137142720 76904256 114766080 567488064 984023040 912362880 465159552
30
339489150 594914320 417086670 365061060 826755930 520550030 111546435 44618574 74364290 637408200 821921100 657536880 516636120 853002150 509926560 563603040 111546435 111546435 751470720 240253860 932933820 594914320 274575840 601380780 875210490 74364290 334639305 74364290 882671790 557732175
82192110 872090310 243374040 133855722 328768440 275585310 931740810 630479850 312330018 121687020 411863760 106696590 872090310 63740820 34321980 484984500 743642900 648997440 148728580 909532470 648997440 297457160 608435100 713897184 509926560 966735770 193993800 605537790 304217550 288708420
30
886103262 180375498 473959332 324336474 783924066 179930826 698674176 976113900 934537410 296488908 860797476 683520804 877004316 164028636 521696700 663943176 698647572 330183000 383474790 217980864 902061558 895007556 962352990 692975988 350193834 41635800 85715694 779612616 950938614 875576718
821024586 269189748 447426522 727634880 748667214 910445976 244015776 189018342 376973082 653524200 702394290 938601792 975876858 974367486 493683552 572958792 764199270 969790068 45621756 938257524 615896478 202087512 369316782 156103434 80506278 592570872 47533788 421826508 534309138 459627966
30
352406600 118152958 632631285 897073034 38581466 54526395 159941474 539550165 629395624 301369068 76386695 75722556 660298496 928404477 517931843 627839121 770749434 810020029 160621461 563890782 951768103 486319561 276256409 783322617 648020450 112443474 868676809 887231037 466886266 954318365
185250156 996749831 746924563 298879581 184529254 401607206 714196945 546933673 883075336 160988555 748157410 142616383 819464464 502961459 930818889 206898874 720464199 105661171 453888253 261139788 431539339 341879265 268707593 470994524 577164042 902073172 353027675 406256004 466297832 965688724
