10
4
148728580 87297210 82192110 91861770
541796970 480507720 120126930 828630660
4
8 3 2 5
8 4 5 9
4
161225856 208118592 27789696 399110976
94444350 995881250 736294650 894823475
1
704042612
79696630
2
547335360 874253952
937482000 429369850
4
77 829 406 699
694 407 189 379
4
17552412 859539960 511256376 466054776
346719924 196138152 689600340 496134864
2
562236444 198689491
954085951 677558882
4
679123599 90535445 943509996 557190725
79379443 967477973 862204343 24750453
1
360209200
697626280
