10
4
792595584 556744320 743668992 264344256
620965800 671359325 607545575 867867000
4
500212 3185724 5438248 18941
2352997 9739941 3392147 8575454
4
191682225 246303225 928075050 101584350
921890112 272638080 586020864 187524480
1
864521856
347301500
4
196019775 788041800 917606025 873989550
238949568 237164928 179809344 495470976
4
258140883 985646519 443811368 102613819
862099238 387895970 610784174 155069376
4
453236569 270613116 69930962 322987060
145449405 937802962 323175390 782901648
4
114086016 146513664 905389056 604777536
804672050 917951125 702376675 312068575
4
933738260 240141473 178907456 496735393
116565449 760043361 78736350 406807401
4
4629 85702 49999 96606
37446 65707 33389 80298
