10
100
505346842 396433037 445645123 484602272 200961046 588174587 455388934 587942212 49660842 459735199 955271174 891874060 911338890 252529186 356338598 135104970 700553425 398208811 592439562 291921994 7278040 557344788 993003830 477830353 74665360 654017364 332709091 947493547 130801944 969359006 696990140 212706312 156211198 716028950 287429506 292997397 348900552 448206122 343242172 772093322 927157322 141576204 35127015 156418717 982028817 913205524 502882457 981048068 878836420 353802878 858662350 593549866 872275950 339294956 851980129 600058316 96600273 803485144 437835629 205450245 525504595 129749620 292640348 257803623 45133088 303261504 924254793 673717044 809831295 173857827 651651429 760720675 439100480 356366010 877214195 117572 894026770 707766423 119140021 341903133 657501537 383088013 762082035 55699072 117558298 555439742 908111204 187554367 537770233 381921813 661279311 626275342 66096459 586551238 79807299 99291101 311177503 69353557 161465031 470063022
746418673 369317520 822411499 593871278 283331741 818898619 851333769 78347815 414110004 407924231 659471582 225170491 734710522 109089799 12390994 202308925 952144466 693942249 157635016 591853691 478268973 341079585 732589143 708171618 258410438 147977401 761233837 271988899 415407993 445048219 825955676 384474805 669702726 777273497 467359893 832308477 853396362 53504542 269658675 128575811 661056305 511511572 22868417 6539533 486182983 182150969 259678111 889498701 576218825 840664671 185726632 877988111 203398013 941033093 934041472 3498209 774299680 743021279 386907794 76548472 277822636 344637293 802889549 60074872 635201567 144062828 265798247 767405925 934627309 876799616 963232699 414922508 499494765 509146209 544658114 701010453 837739617 80589894 633063816 565963762 584615941 864959524 849136145 629054426 771718519 72661281 569443875 792738947 26944456 950122316 80530450 51477734 53275365 440107668 471539761 701699089 235760525 124795385 535855606 489429941
100
196656768 45923328 62840448 874310976 865662336 945191808 385615296 731085696 245564352 931544064 83026944 862507008 637870464 699931584 464099328 700349760 981307008 892691712 237714048 860644224 598866048 233437248 62935488 794667456 318174912 815044032 319144320 472747968 431329536 984272256 520515072 606906432 646785216 432717120 21498048 409299264 34328448 137998080 486775872 101692800 726637824 467292672 12336192 448379712 871155648 53963712 260333568 262196352 561477312 107072064 426121344 968077440 460829952 905370048 692461440 631236672 765129024 953802432 138625344 840020544 654369408 34746624 595805760 142864128 892064448 132409728 313670016 926601984 755910144 917706240 487346112 962337024 323269056 703372032 727094016 806794560 91428480 792766656 816070464 229293504 550129536 299147904 659216448 459176256 93500352 69930432 695559744 195801408 281280384 52785216 638820864 652449600 422490816 575543232 245089152 497040192 534067776 814283712 605119680 77115456
1237600 921586575 681685550 520604175 800881900 195192725 49465325 830236225 169937950 214530225 218320375 540985900 995958600 196236950 513913400 414363950 677353950 913271450 319378150 28348775 583451050 294278075 120279250 267205575 128981125 517278125 192485475 514918950 26531050 856380525 963626300 818246975 43780100 82841850 18061225 683928700 48305075 905459100 497863275 608319075 160888000 569760100 68145350 290333225 433817475 278769400 189314125 467967500 538897450 504786100 369616975 705509350 980411250 746814250 764140650 675690925 466459175 50586900 11409125 867557600 577108350 537969250 248177475 552008275 878347925 907160800 124378800 83499325 580627775 437530275 243729850 479453975 612844050 252122325 564693675 781544400 469089075 332295600 88527075 31056025 995687875 404153750 844507300 253862700 633883250 468006175 449287475 792257375 127550150 278576025 399126000 349467300 459033575 221491725 787461675 578694025 408485350 951521025 547638000 286233675
100
888983550 564095700 666617175 473141025 922773600 269249400 88893000 876078000 595235025 604713375 565488000 2249100 112187250 42143850 203784525 759687075 149056425 974502900 368049150 634621050 638797950 825098400 505592325 953136450 391370175 272221425 308769300 852676650 813076425 740168100 393137325 592129125 249435900 994878675 271578825 550333350 448695450 633871350 580642650 10683225 874123425 945077175 661155075 379615950 288554175 871258500 293266575 587363175 600000975 362399625 809943750 789969600 881325900 878621625 144236925 720434925 493757775 760731300 324914625 46374300 41688675 986605200 692588925 57700125 93337650 673043175 537909750 597055725 702468900 340872525 344835225 961865100 299960325 866198025 520479225 818324325 831390525 450810675 84501900 347941125 828713025 615717900 298246725 615637575 326521125 458950275 898220925 201642525 324861075 595877625 252622125 27310500 399054600 610095150 348717600 952333200 584230500 934206525 825660675 423875025
279090240 417084096 879909888 105376128 948714624 46785024 989102400 263907072 578745024 96123456 737962368 465406656 630115200 215282496 237768960 681238272 991765632 14798784 239581056 676872768 241448064 882188736 239581056 157652352 218659584 157899456 483912000 786586944 138927360 445638336 148591872 314563392 447066048 232662144 2004288 179095488 18944640 675939264 513619392 521581632 877905600 502746816 17324736 832301184 273955968 680798976 143924352 867252672 772502016 707403840 59304960 54280512 903906432 906597120 30311424 682089408 770003520 723383232 203174400 700045632 90851904 522570048 482758848 768465984 452117952 401763648 315991104 435671808 4722432 504751104 260365248 664517568 665451072 985697856 98759232 867637056 837929664 317858112 721626048 840318336 651256320 751470720 103124736 271622208 776208576 727144704 460739136 87804288 409396416 760860672 300972672 524519424 102328512 459503616 144418560 310856832 807343680 610593984 375955008 979932096
6
733466463 881494368 926861502 13934490 849937614 378047511
992379735 172107324 341417205 703770810 885769284 56771757
96
740838189 49596820 208426218 482766102 52121524 542262175 214332209 961513982 520698321 571290720 563846514 106952846 570849664 737492470 681562266 70936019 41631317 272826268 192860668 782396797 367824886 170588132 639894255 547022294 216822606 922998076 24730563 34860826 148810571 124231954 548957591 704688556 530286372 212391608 513698724 573586013 44886205 294199620 874867175 518867778 794766830 79253405 971104498 611422357 681829302 508385306 311490949 448359989 487482072 942731328 336708834 342533884 385249410 889740033 304261529 282708283 5677672 739667467 53874513 696926373 152323808 863617391 259725830 610771546 892872708 632281221 341680416 691365129 597826229 858853996 501871909 616852327 818848316 756758145 955922240 206065041 207765415 848381534 939895957 626067806 188090210 659250956 988457197 5900895 165818289 229041527 726143418 130169039 51337286 496842255 254841730 703302886 410391982 28658630 259074101 783859307
106480605 521448004 40447407 419850431 503536957 207758122 677709318 649650001 984190350 188668788 761547402 896386491 818734059 239826769 417893762 896040964 623942319 98839972 353643367 997677317 239341674 89784786 434228977 532488671 847798721 92829282 436330279 992394975 538811889 925413853 427694806 944725054 547374058 340667327 158796099 80974179 320125113 48882548 935404470 613400788 93366091 158491697 904374653 849221230 214745531 23746450 733963321 49069293 528591778 161844683 28229656 887340993 502465964 32409377 496115620 248918488 640080532 491455822 666569813 534480408 643967038 966370678 214466798 24897180 852766733 327070667 569248043 61918857 870554139 892304959 100347247 475170927 540907003 257935678 370931704 897529178 262643381 866333039 499473975 702497341 609605227 641605041 145280135 931061131 186537736 608804119 888077008 484009295 300705860 337862811 495955229 708034173 572678106 726482757 428728729 602865186
7
905343075 780116400 248391675 440555850 496301400 624553650 105279300
216929856 753063168 184421952 985780224 468371904 659136192 296552256
54
30907246 31806620 32958542 44598525 46442037 46167290 44777019 35414837 46395306 32646127 33681446 34980547 31549847 33555651 37758601 39193204 49766646 48192042 30495870 38614117 40353742 49264836 37682044 39251552 43597256 36906332 39109812 49370960 48442660 47024248 35243803 39881282 30305598 42628046 48592331 34785867 37524781 46883160 46105997 41041123 33743283 48877041 42964221 42647519 46251941 49252304 44741394 30111946 40982339 45412042 48083746 44109372 34097080 48015065
37806747 38618352 41488033 49919613 34560918 46571484 39301752 44634615 40471171 32790940 41389841 42481734 49282939 46693400 48441849 37523028 47338861 37607600 46461264 45842860 31205387 40791978 44112666 41017496 43646239 36130170 39936268 45873577 45426585 42854434 42941941 46138899 48668368 31291714 45718473 47165192 35971107 33809155 39827753 43375016 47145476 44905496 47357367 44653471 35388283 34374753 40984182 34435343 47492607 40841408 37515731 41631075 43630100 40687417
100
2126844 4356234 2489393 9490981 6744443 5768916 4925277 8308169 3193657 321443 1932985 5911660 5564910 1805798 2789687 1809159 9332453 2998466 9968796 8891016 8202876 2578959 8621953 964050 5463976 9536857 561492 9130170 9309679 8271968 2579284 1866123 116205 2899864 6159768 3784195 6563152 3311914 1562249 4889427 193371 6633585 1272547 5497123 6367079 9179006 1237944 9130124 777693 7414420 7500269 1941660 304445 2556973 1071163 6474326 3967898 8396019 3139888 5817520 8582684 560840 7966251 9814035 2127869 8015039 8150627 2235101 3642764 5374752 4646881 1885538 5466925 7047144 6504833 5804263 1284695 9053895 7138037 2456614 6841620 6351136 2280642 9603918 5371013 9748108 3473345 7066624 1590235 6441304 3205663 4656082 4181599 3987458 4493021 7988176 6010860 7289280 589777 7506166
6244335 4131321 2780580 5352631 7458030 3355081 8930258 1315705 2784254 6617089 5911469 2050198 6366027 9614373 7430489 533085 6398228 3544429 6549841 3498895 7669164 1294661 1892193 4633698 758394 9665741 7217451 8901122 9148922 5164633 1201314 5470859 3061434 9868146 3935634 2008720 5141214 463059 4285718 8270231 88476 3942509 895904 5059739 8854593 6249700 2793844 5238921 6748714 6483471 6716589 965571 7172043 8920060 9539895 8080288 2204844 4305897 502739 1919977 6907495 5585100 4596631 6340830 2322348 4857421 488043 7942703 6960189 229574 8838925 3601283 9307378 7409482 1189134 9328757 4407350 2419355 7716690 4925842 3028871 1731890 7244052 7675484 9502586 9554107 9667424 2823754 9365557 1538199 8082967 5749958 6670324 2927192 2274415 2149422 5302533 3160264 4086384 7323475
91
339387594 444384408 177925137 821312310 975575718 434216679 590632380 444634047 249706470 476844225 856902735 584040561 872319630 741697710 730511184 590308524 646200672 196115049 512097300 369128370 252492981 6220734 779649585 598006851 619846890 887432910 77286885 702679809 248856348 567179808 120184311 906068124 411708687 546054951 923549601 876239637 339677715 214534359 345574593 766162332 907606440 213083754 58712394 293001969 252789849 769596555 28310412 756851472 795842385 312811161 917099469 625581840 639750540 788717553 951866760 774042828 305342232 42033810 833544621 669740955 592858890 638198730 204656751 452750688 508595607 170294280 11213514 6720012 632072454 387844548 717799836 218110269 524295876 670968909 879714342 14074242 812723379 664768416 727029732 44159115 20652567 405892773 800396610 381111042 271836630 894213645 764455341 685819056 236765724 61971195 339988077
130237341 764320401 343219890 360647391 993927558 836378361 866982753 944714940 954329415 516725742 582542727 5471817 42040557 927645030 389861901 149925087 794331057 153629190 729060579 83116293 430971372 421201716 140560251 465084204 598040586 706937166 803911797 93783300 121911543 673337106 401534211 541959522 541885305 942980961 26792337 770028363 623665692 590241054 79897974 553422675 523722381 815604348 469388790 790917075 310996218 659768889 329638179 783131037 322466118 444424890 928259007 467978667 74770254 140405070 540407712 688281711 902633901 956576166 198463005 880901814 787091526 642037773 94511976 321710454 340757235 782604771 232892946 846923922 226112211 976506804 137841210 467290473 435754995 192667332 792441897 688315446 456441297 916465251 492537747 72246876 182675025 896365938 122032989 43126824 196094808 574162953 417477372 942265779 688895688 653177070 412228206
100
573667380 419939520 763212450 695524830 872972100 254963280 787386600 48498450 527310420 987982710 414315330 334639305 541796970 371821450 681020340 580041462 393693300 367447080 95611230 133855722 148728580 803134332 297457160 748017270 293543250 551861310 805074270 987982710 520550030 811246800 478056150 270059790 594914320 818007190 594914320 956112300 605537790 956112300 63740820 818007190 111546435 575344770 698377680 962821860 966735770 610569960 267711444 818007190 111546435 966735770 520550030 686439600 34321980 249339090 111546435 727476750 764889840 557732175 358888530 11741730 497668710 127481640 349188840 686439600 377541780 300690390 951080130 628716270 936990054 291736830 981608628 879248370 406816410 904113210 367447080 425904570 737922570 162249360 141968190 634956630 133855722 780825045 875210490 297457160 312330018 692762070 509926560 520550030 350574510 915854940 927596670 580041462 375735360 133855722 743642900 318704100 652117620 557732175 350574510 176125950
780825045 763212450 580041462 191222460 789405540 46966920 918617700 713897184 583473660 267711444 478056150 171609900 818007190 608435100 509926560 385342230 587086500 111546435 304217550 121687020 953214990 911770860 708077370 803134332 960269310 478056150 659578920 701149020 823727520 377541780 774954180 314954640 236215980 211351140 882671790 300690390 557732175 587086500 393693300 796760250 594914320 356948592 713897184 399218820 936990054 291736830 533482950 587086500 790965630 580041462 111546435 551170620 174594420 74364290 436486050 541796970 288708420 286833690 520550030 481410930 411863760 566312670 148728580 624660036 750403290 9699690 148728580 727987260 127481640 709840950 780825045 813632820 312330018 312330018 737176440 567872760 713897184 116396280 733019430 516636120 557732175 211351140 312330018 111546435 813632820 291736830 81124680 866125260 111546435 924241890 704503800 340510170 328768440 324498720 23483460 318704100 365061060 520550030 648997440 860501070
