10
27
818007190 997356360 851809140 734894160 780825045 159352050 872972100 557732175 405623400 763212450 243374040 455885430 921470550 497668710 966735770 775975200 828630660 286833690 981608628 645795150 713897184 358888530 780825045 89237148 111546435 429024750 629909280
39369330 433062630 551861310 188770890 520550030 960269310 414315330 356948592 853002150 148728580 144354210 140900760 622311690 858049500 152642490 44618574 258318060 95611230 594914320 144354210 557732175 743642900 514829700 417086670 328768440 258318060 713897184
100
472953600 912920400 19786725 764426250 159418350 388398150 570494925 498550500 526958775 696658725 23802975 752484600 918650250 417797100 876426075 2784600 599170950 44741025 309358350 318247650 362238975 233344125 169351875 373082850 681022125 47659500 991799550 190852200 69454350 16386300 128707425 660030525 627552450 103806675 460931625 587229300 401839200 921809700 280066500 122549175 552609225 826463925 690179175 536437125 805873950 506154600 537882975 791576100 30737700 209487600 788737950 745041150 509314050 823090275 278754525 777492450 409684275 249355575 556036425 249462675 956322675 370244700 512473500 682387650 877871925 586318950 82895400 704343150 963471600 117113850 32531625 171761625 675372600 935839800 379642725 480075750 489313125 813879675 363042225 371690550 666804600 533598975 379160775 147208950 192378375 755055000 114489900 795163950 476916300 987729750 270481050 623161350 356776875 328288275 768522825 864029250 648544050 195430725 385238700 181320300
583989120 26028288 990200640 14524224 207073152 528198528 304926336 457581696 60073728 397233408 864150144 860223936 509830464 694636800 789607104 262259712 446462016 787657728 169650624 952833024 279749184 148948800 450113664 868296000 224315520 38410944 287656512 278705856 82917120 174180864 144336192 563397120 765253632 949922688 531301056 666521856 372358272 498353856 829418304 47498880 820797120 947259456 929083584 811983744 947341824 524354688 449427264 238812288 819671424 93377856 830187072 705344640 255093696 359453952 26961792 56916288 771239040 343035264 173219904 802703616 469552512 187167552 358190976 611170560 901627584 476883264 481935168 837133440 898442688 167728704 585361920 585471744 704109120 532152192 258004032 145983552 822966144 591649344 390094848 827935680 181786176 246115584 454506624 143100672 758417088 232662144 80391168 133902912 252650112 286009152 567680256 235105728 758883840 246362688 897069888 856352640 324035712 98896512 339877824 650240448
98
978678701 191797060 454873692 296834538 518087427 373076067 924863121 703881464 877527794 286760760 248986199 110608953 770482636 441544961 360043684 577722288 347497150 272975885 242326721 338673881 105005719 829979423 942063551 488671001 346562034 383183944 944446118 477351160 569577316 65986921 365424367 505901011 951934907 394433949 358441226 802592219 56963907 102375581 714487917 334309437 188465893 503649718 57336818 483443961 157142713 995910643 564543837 534281202 625492560 674767808 170759050 59981831 349865593 504585081 897388492 542776850 818580763 401077677 920542623 684025056 613618434 102028927 196912870 558453434 794634995 240315075 418999119 558124875 97121024 995305766 143645502 846392855 689278447 64701065 312553670 149282848 34247486 719908189 367505677 590035303 528337628 124596043 443154283 191842651 827306207 701311897 299185159 584247092 596510824 25622961 782017782 214793810 141469328 753286898 369870501 52644053 823332202 184136953
305025721 146364764 614618459 880615827 124925801 474443684 631525180 678423746 363991628 630320691 539210386 789209785 21343959 462030998 698294142 743990247 864927700 562798236 646907800 714017304 653066271 827722588 683088406 275962687 98574619 870939223 449608588 823579484 459096407 54030284 376742366 436040514 653734081 491098465 819891215 664517854 573221649 406022617 433585867 142535393 61379318 659023547 817770499 316897119 252675709 65874354 230285055 610573054 45211738 120122002 368838613 850226559 365034285 318318455 448623098 891464717 157812655 833386554 165420948 966010227 944922979 853852846 709379671 86529014 82153435 940930263 869889020 561229669 720827030 483801045 773077305 197076971 7778316 800032233 788937292 523028324 568128253 895192298 292359067 167578554 856019241 553040488 707193795 40150957 866441499 585468884 178407775 31181332 720309975 307176298 209685905 665901390 732362176 690769534 761079319 527038148 28694666 513703008
99
164761212 314913508 176070972 158262027 959237279 328896722 387095423 111145320 123031601 948112165 810612088 933324392 947670185 119913794 583387805 88665115 33259226 212381442 493267852 881946065 520354835 673117907 195180349 483032186 438124323 490785750 834369536 135241953 329271215 857899900 756181998 501006779 897718745 995855861 546864857 304939778 835705871 339244367 169487773 959838649 742729218 164208814 797278053 460621392 985062078 544989536 239673616 200003232 627168080 177314046 524842241 347496864 787821463 611408434 845008528 671237112 773612931 427563136 154618893 458765230 745765163 849992962 607876038 149543849 946703758 935082841 951308644 751297932 249692872 793356850 193910262 901021352 96164068 855936081 128113986 463150380 73918754 234877916 889862974 32617585 980271578 661032372 995244481 220224004 739699818 247967083 874590262 576410653 32422390 510587350 118365390 361851490 260695578 888811833 637053648 418391743 250910429 568829877 648547977
617561945 367698695 220527307 466485019 87029579 931475237 739646336 846634646 105865760 754905060 517159720 501058272 58224439 81455738 363786332 563418947 374798424 803024937 344700356 664558356 91835887 923435359 302147307 901683783 307506914 53430762 414075662 231338822 87138821 638505868 627787160 90556466 266189196 48699560 379083068 784021147 629054349 14185990 38711057 482932736 467845378 963058789 410669714 590254665 272148019 792802395 688463314 527542470 766688780 296196901 319897347 36638910 376306084 790257104 108349670 734871852 881961938 922459967 523315947 658048699 934848530 447765318 457176104 111504666 962108147 906167405 440097581 103757290 606263112 956248062 789397609 420133714 742036009 627227172 813937509 720979259 306744515 229534305 883116663 270562292 567247772 559295308 972704810 50876903 981893276 393165409 84145138 937459237 404540279 258033412 100368268 316636320 815094189 196518504 426873876 206498292 241953894 535077907 490427322
27
904780240 712667520 449403480 819303640 193570320 689457640 904043560 552697360 804487440 193289240 584825240 531274360 59633680 241729440 230211040 786111040 319370600 151475400 541981360 489825200 578484080 352060040 290801280 405507720 691643720 532133400 376636520
936903680 156325120 630763520 325019640 313779440 930276600 338495120 184555400 787708920 848911960 660997520 57652240 298308440 432158400 959182520 435121920 359063280 684684440 609441000 463346280 607046640 45731560 576266520 225795400 378786760 879382320 706962320
100
869897600 13305600 788972800 407721600 54753600 416697600 997304000 869070400 882640000 956912000 33000000 792950400 835278400 133724800 336652800 918403200 945947200 410256000 564449600 813102400 986708800 899078400 779750400 194990400 454502400 825774400 348884800 472648000 495950400 57692800 152609600 520185600 953497600 466875200 951720000 98507200 529355200 619784000 665843200 529496000 402441600 526592000 988416000 837460800 992041600 307507200 135308800 103259200 54788800 422206400 270740800 242422400 15136000 828801600 365217600 572739200 918368000 160934400 604190400 779099200 35270400 413230400 567564800 220756800 624835200 90904000 557286400 249550400 561915200 862505600 996512000 981059200 606830400 480040000 898444800 415236800 609998400 397108800 904340800 721740800 157836800 733480000 46129600 760425600 597203200 209598400 754723200 322590400 721811200 760337600 382025600 672408000 43172800 707625600 613148800 784308800 310288000 743160000 221372800 884593600
301781025 230481342 973008855 275466555 103628889 418483611 764372700 448181370 650552175 61818120 112442148 696957534 850583916 964989207 482515488 718719183 751842 689773266 498638322 691569333 714959973 33874659 187459272 995647653 249068547 699714288 808647840 470151864 785925504 591490809 562043664 17334135 380097900 329014413 729119664 510960177 895318515 302992326 520650585 485898777 218535408 205294635 920881143 454613796 665087787 519230439 731082807 285115194 29363607 955883565 162564948 285240501 941347953 43105608 574031367 94272633 385360794 683925606 923679666 608031333 210557529 568392552 734591403 900873792 154545300 471404934 116451972 590488353 1378377 197066142 972424089 679414554 708652854 569687391 710114769 235493622 494210808 647962497 321537762 654937920 449434440 690650415 819716625 985957245 969333183 884416806 736178625 682254846 109810701 846574092 458122392 938257047 75476583 843692031 175304493 827610966 431891460 47491353 30574908 322498449
100
93658950 986739075 741908475 896614425 834309000 694918350 558446175 918436050 945559125 899345475 255112200 564176025 776207250 262769850 483261975 881941725 34164900 660057300 805632975 675586800 118506150 939374100 610389675 545995800 506154600 656656875 824402250 122308200 465885000 688840425 958759200 615664350 45892350 486153675 836210025 45597825 556652250 576787050 75103875 134356950 282235275 116605125 763248150 949307625 575260875 515338425 738936450 796422375 684369000 396537750 282931425 110768175 102976650 781481925 134089200 667661400 748280925 112401450 855916425 663163200 58717575 850427550 185604300 694008000 686618100 758268000 731278800 619894800 202499325 776448225 501201225 514454850 550975950 569156175 458977050 603936900 434986650 860146875 291151350 358651125 682414425 716900625 195430725 396725175 251658225 842475375 30336075 716177700 303333975 24686550 676309725 726164775 502700625 940070250 369039825 592852050 81181800 942051600 687983625 585087300
368514432 271210368 519714624 37614720 149799936 425622912 777004800 250014336 355198272 905883264 862310592 422108544 716683968 681842304 706470336 199330560 15595008 664819584 348581376 694774080 706799808 672013056 601231488 247268736 48350016 546868608 926694912 90714624 391055808 48212736 741888576 439103808 79238016 171462720 4804800 574434432 90055680 740186304 60952320 127368384 453573120 849680832 140739456 270633792 863875584 934382592 71989632 418237248 214651008 852179328 427023168 234199680 462304128 776400768 333947328 491023104 207869376 434353920 599803776 559251264 801660288 313190592 475702656 337626432 236149056 685219392 168442560 223738944 626243904 445830528 610676352 210999360 382407168 138790080 993028608 232140480 34951488 56531904 320713536 42858816 782605824 162759168 966561024 845452608 928946304 547225536 960301056 419362944 706085952 21909888 307177728 531191232 635908416 275273856 992259840 65592384 53347008 308660352 659218560 887487744
100
545157984 446349756 806621946 621168186 525209790 306463608 346369824 817182162 289647498 337683690 395721396 358136856 425481840 405184896 219124878 469999890 609617886 895728450 836332650 718715544 265285920 634437030 10001106 711831474 358947138 930001662 737983800 499328874 551698530 217216788 408552444 887877114 394585638 56963622 19236384 565851066 418218852 372645444 826034574 143149056 938158218 848381436 616351020 101092974 985977582 891398526 641908878 900547914 495901626 409314702 385676904 641017224 843975960 171920988 894960060 337759434 435077310 969323754 812317428 534676740 622352784 582422472 434216184 405921558 461261322 784465950 26438082 94151700 913894806 363659946 377707488 422012430 981519222 732829344 725169948 842429766 193580994 9267432 591525774 202025772 793557606 674758434 649113258 532269852 394798662 611776056 609565290 866006916 334980594 586816002 486103026 409664292 386043624 897059784 94050996 757990290 717932142 367015752 693203328 675743400
777332418 145255944 100573638 694469460 419427270 869857842 285964776 406319736 724648578 92958018 981265620 884531238 528839022 39504282 659042496 30161070 177822798 199233804 977975388 947539770 669015642 157265904 490551666 230986560 244887510 778210914 468771420 63859962 801119976 877424388 777692868 328779570 436811370 688818174 544354974 664009044 914960658 359031354 525707034 624628038 148721304 255902742 273095160 677913042 506085456 629869686 783894036 763309554 347677830 747126804 161360640 339352968 825627504 948841998 106534188 441563820 264185868 392617776 73850298 221983428 568473864 53064414 144096546 637638378 542524962 302743056 923531232 698484648 466833120 964278858 450437676 878093154 700294554 947366070 822362202 91679136 308902518 908987172 499306056 926755380 164432526 174316770 984272844 692608962 857232582 892897776 950163606 475050810 961546428 242854314 317355072 352530546 328966170 409591386 108124134 620669838 637654344 630669204 672529704 59327418
99
688881862 380305414 2519346 901086086 13755050 650975840 64692172 989436944 429070686 205543884 749577830 157705268 453192700 602007862 95184946 745407878 998240176 792898998 456870366 15000244 943393724 299223014 620888478 762319350 180697920 456580786 589903418 418529974 391338412 459389712 487044602 778883326 774829206 334349068 927264118 22818904 12480898 430171090 814443750 743467692 649933352 206325750 851828528 26757192 430084216 671941432 380392288 313673056 743120196 670493532 799240800 720417124 698264254 981328704 798372060 325980206 223584718 799877876 854782244 958625632 941540412 275651202 221992028 665599630 84817982 850843956 641014288 409408204 114355142 542846668 593581084 740137522 82472384 753342370 33330658 70338982 474418914 392757354 743496650 353693012 855593068 275014126 812764186 721459612 823131150 726440388 276693690 266066104 612982944 196653778 115194924 437700170 766344512 359223990 655203708 257523494 373297578 394668582 925179142
538589842 150581600 17606464 285294216 918750466 506446462 439003280 755572136 386792006 621091184 90464792 628967760 314918250 897640084 343094384 924918520 996879150 922457090 430171090 18822700 712048262 148959952 20849760 554719448 565636614 767589706 647790460 953239444 351897616 797242698 679933840 524545212 145716656 498801550 404398470 787281146 71555218 444099888 342631056 635512268 76709742 536794446 620888478 129760798 82675090 425219272 787396978 602644938 480586968 858257204 415721048 253614164 846818794 67443182 525298120 810534420 191180716 648977738 753660908 753052790 905400828 779520402 899377564 67327350 767850328 726440388 519187982 982834520 248285892 981647242 328731216 32461918 915188632 366955776 267369214 749780536 165842466 102482362 454988096 281645508 245129470 175543396 255525392 892919930 484959626 964156610 760755618 743120196 83688620 938152326 835554132 544294568 200128738 485480870 200823730 298296358 199781242 202850790 141343998
74
332304525 704817450 728914950 886627350 958449375 329906250 776719800 791281575 52463700 894017250 696532500 750350250 404757675 214169400 103848750 660363300 984887775 786198150 746896275 811982475 286863525 172010250 217829925 125892225 770867550 689601600 707066550 946951425 309423375 47277000 114531975 627212025 661235400 465494850 101175075 891653400 880339050 327048975 948351375 699871725 96653925 279645750 241984800 712459800 152238825 259644825 900913725 775767375 902015325 71351550 462912975 538934850 28595700 784293300 361508400 235696500 740091600 559624275 38142900 555194925 336206025 78110325 745668450 850331925 682028100 39623175 310123350 202625550 300851550 136219725 878812875 712838475 863987175 207777825
358694336 779082304 894653760 338834496 742565824 807142336 382141760 699963264 259907648 67523456 194498304 718990272 793048256 58810752 312632320 899266368 752431680 68548480 743014272 70278208 809833024 495791296 237421184 946545600 347803456 775879104 234538304 84308224 473176704 477020544 626033408 161953792 657488832 137737600 835266432 816944128 141517376 590093504 313208896 899138240 23639616 752816064 896063168 86806720 539931392 470229760 757941184 202185984 188220032 144656512 723731008 427370944 879598720 133509376 425128704 672992320 264776512 963138176 533076544 204428224 807975168 664728064 837380544 673697024 51827776 415006592 564211648 420708288 644611968 567607040 527246720 327367040 740579840 738273536
