10
99
631036800 755310400 830796800 962641600 611409600 193089600 764139200 820145600 267009600 267867200 472424000 875112000 582630400 653726400 921907200 540505600 180528000 578603200 165956800 833945600 78852800 534691200 68164800 125020800 444848000 744035200 3009600 965020800 548641600 601782400 669486400 894744000 183374400 258334400 209835200 744728000 128921600 782052800 965401600 664270400 199899200 225089600 607297600 128436800 878289600 374616000 703483200 240843200 897547200 354654400 516540800 774681600 869992000 441451200 294176000 539846400 13867200 804291200 258395200 566691200 739908800 254086400 628540800 913638400 28582400 756078400 373422400 653024000 766336000 911057600 19310400 306387200 396691200 348849600 3483200 549865600 762576000 335244800 31707200 792526400 179128000 321601600 731699200 745206400 179230400 930480000 559686400 312152000 397651200 644035200 212878400 617480000 419960000 421587200 718204800 589776000 333889600 422024000 275824000
931323393 291756465 567891324 500350851 36756720 534350817 696080385 110270160 300026727 557323767 940512573 68459391 431432001 100162062 74891817 390080691 516891375 352864512 631296666 512296785 784755972 720431712 488864376 940972032 428215788 175972797 698837139 719053335 487485999 495296802 952917966 723647925 967620654 81783702 173675502 192972780 252242991 259134876 806350545 668512845 864242379 861026166 350567217 231107877 351945594 53756703 416729313 323918595 51918867 746620875 964404441 985999014 736053318 653810157 946026081 737891154 906053148 175513338 16081065 872972100 29864835 807728922 998404407 47324277 361594233 27567540 418107690 337242906 475540065 820134315 323918595 534810276 675404730 269702433 699756057 794864070 934999065 261891630 702053352 691026336 311972661 722269548 9648639 749837088 651053403 26648622 707566860 210891681 469567098 529756227 758566809 88675587 895945050 96026931 61108047 936377442 906512607 334945611 36297261
27
692516825 308632467 620562033 874467165 242456669 912938845 747599853 315055832 708412848 764945753 79533454 453933337 544410295 920019243 149161012 128986429 622983088 827194823 688160473 609161476 20464158 472848948 345095036 779830051 784537845 184697877 920335273
900221322 486829629 167343176 263247754 317031351 637549198 941236569 329410224 962130708 104854113 710056204 639844062 70974813 940720704 375622429 651803460 53712197 304626179 588418467 104083980 682394790 838880042 8600130 450097219 260197223 504662340 144465048
6
983247360 927582016 315254528 43964992 298580928 118018624
420269850 789864075 737161425 151351200 337837500 812837025
42
138021140 36829508 951594686 211485960 147194746 264542476 981875912 5186880 451275342 991576720 679181488 467618580 398817538 287699126 330918056 156299862 671382474 588576114 956728878 132201046 679896744 516712124 827858692 420372726 419474532 635032470 541155380 761122200 812860298 541668616 780420370 48931882 397171060 865526564 42395706 736604194 761775422 456229378 409838222 548419964 213718740 653008070
486975548 535744448 458111968 126891672 709533108 212171512 800771806 129460648 701717170 851180730 364448266 871006768 533522234 125586724 681654894 159345522 466855576 564600284 595201750 314994358 897215580 845132046 92159196 51053134 341998438 900445808 184908764 515794068 508539606 518743102 543658498 677109480 229635352 661285438 209545018 786563252 773569758 892309182 354232890 5693034 53745190 86879122
46
687943256 420383106 685365863 662464517 732566142 715562232 384659561 806553202 661785124 62003760 12940213 628619992 980648669 173840436 393099245 670378709 363659296 887176433 776215869 178192742 762972665 462463001 417303964 78428735 357245616 668481242 294351057 452210759 604135103 969807839 338465699 496373514 265800304 48116341 756931630 372256599 748130152 795515357 711346181 52916682 6031025 185165071 708804239 109142397 470524691 478327759
149466317 401793249 662555894 218352420 520438204 401552580 368055457 387183874 916441253 173137503 1408484 827809983 614836365 262336503 747690515 900478117 633578253 220529491 629089692 832202371 8476897 419598641 233394161 342809896 930278063 21973588 98180236 71393608 456014559 974829674 632517028 828938292 316381373 352063404 292727743 275137044 284172889 633929296 759648890 719319419 261784666 736114841 647237591 135855993 700533977 359396422
68
849985136 472593506 233259754 560629927 675155663 427627486 333151533 244328084 765230928 180967787 982333066 195724298 835878967 881694528 876734404 41953093 572992497 838612159 998926698 765950640 948951003 817595688 903567665 919825137 104801697 785650866 167017214 811905822 618634709 869756888 659971858 293302581 672771022 286359645 311481599 882112847 368021654 58489431 491851514 634745881 603619016 407058421 753931997 408317679 872493622 103018487 570675567 992115971 799359652 924084980 991658382 11650639 16954938 211856645 350810317 862407546 694427305 647963602 517375859 171312570 588797482 201775805 377088866 760785207 392142179 248437728 382456074 890011353
225294251 592369624 307293987 127435672 797531812 586057626 736790054 809682874 327377687 395856461 365579214 332844785 853908198 566604038 917106463 899088333 198464266 972075181 366887829 527997288 854158591 279194825 511084651 491478806 521796275 935427584 560881321 228731685 134709190 275702889 798807009 488998081 621731803 26838427 410292883 703419574 510055777 282646364 626484782 648976328 316446823 990952270 695699466 718825569 371946575 134098601 727729574 692742622 498034108 73745672 711162088 210052986 516860435 245568323 566757730 985162750 865504068 392645253 768990222 549594122 320971651 107052638 307713175 749731059 385833734 803540122 655759377 218847629
100
56111 60246 9811 2518 76416 38989 88195 25306 2291 1660 53996 27366 24128 79478 7688 43523 77985 1621 5173 11865 53047 48053 55059 89433 56580 10007 4648 91636 59378 26527 20863 42593 17323 48406 52709 85307 54944 94792 75659 75648 50819 57255 68839 92660 64268 12551 6514 3292 28247 1344 55275 74595 63780 59215 69427 45881 92150 91605 62447 31471 71541 28599 29673 25820 78284 47036 34479 62810 30603 85234 70707 54954 28294 45417 14569 364 30804 26230 57772 16296 29746 90769 1369 75176 37982 73816 41651 52987 50876 13258 1853 37684 50227 33805 14915 54056 60113 72872 71154 81268
61571 64362 82971 72245 83038 24737 85300 47630 72953 67299 62070 58822 98129 21225 28608 78086 33955 47727 57715 19903 33717 37141 33460 23971 80942 50625 55310 56295 89338 38939 82477 16040 48103 49808 74851 66 17898 75567 26279 9914 50938 95247 90961 19926 70740 23975 51199 36799 46486 74996 81907 13702 94532 94551 47859 3772 83910 73140 42344 23417 21543 27508 35360 4374 72087 46436 79692 78514 13962 65556 20866 35249 39384 49497 54107 68536 54171 59403 12470 23155 26516 80423 49396 77999 17926 47663 39291 67072 10169 68069 43987 84412 90552 787 7723 37982 93716 62822 1717 65476
100
557732175 334639305 433062630 101405850 387987600 750403290 340510170 803134332 19399380 780825045 643032390 401567166 436486050 334639305 520550030 300690390 497668710 411863760 171609900 549151680 780825045 733019430 904113210 411863760 334639305 557732175 334639305 380570190 133855722 286833690 811246800 998047050 866125260 504894390 557732175 594914320 434444010 713897184 818007190 148728580 301831530 605537790 557732175 956112300 490804314 281801520 270059790 382444920 89237148 13123110 541796970 580041462 387477090 19399380 133855722 20281170 31870410 944863920 643032390 868888020 326058810 979668690 480507720 126095970 657536880 911770860 966735770 847752906 998047050 199609410 944863920 368588220 356948592 803134332 401567166 821921100 780825045 520550030 737922570 463346730 111546435 520550030 912652650 912652650 39369330 860501070 818007190 858049500 520550030 89237148 981608628 234834600 703600590 520550030 46966920 628716270 541796970 463346730 89237148 590539950
580041462 695524830 65615550 281801520 243374040 587086500 127481640 178474296 343219800 131231100 911770860 915854940 821921100 648997440 998047050 787386600 314954640 979668690 524924400 349188840 541796970 135795660 34321980 507029250 758515758 371821450 9699690 746876130 121687020 148728580 780825045 573667380 490804314 19399380 191222460 739728990 520550030 68643960 417086670 320089770 860501070 297457160 411863760 78738660 608435100 701149020 334639305 308897820 111546435 263655210 368588220 304217550 520550030 425904570 326058810 708647940 318704100 297457160 966735770 591681090 286833690 688677990 148728580 509926560 818007190 387987600 328077750 637408200 805074270 853002150 340510170 308897820 267711444 993777330 637408200 692762070 689559780 343219800 538047510 249339090 839879040 629909280 171609900 202811700 378287910 365061060 111546435 535422888 308897820 577416840 520550030 334639305 780825045 334639305 774954180 611080470 764889840 520550030 320089770 356948592
98
463924500 472022200 18624450 701642175 910809900 256958975 574728700 234307450 123714175 47692450 742609075 236551900 25286625 586277250 602302675 353336750 91556400 958619675 172810950 828960925 980649150 918596900 898550900 94042325 693978350 896741300 815570600 223955875 468498225 609197550 964500225 640258775 330275400 389040925 860053350 955660225 961692875 111118475 421304650 987431575 689999375 405321800 329892550 577325125 620002500 175249750 356579600 198805750 769007525 41119650 40139125 764521875 630591975 949625625 247453700 562917550 176048275 975331825 929047275 390289575 143673725 69121650 146110900 601843450 47113950 315872375 50873875 651578850 557794575 799295575 897278850 239342025 209683825 44703100 670373275 261541150 626929225 191932000 84532500 37692850 529956375 834390700 535485275 549874650 406783000 186284800 340776475 99450650 697459750 312093275 937930175 562120000 607875450 660976225 315849625 388579100 608133175 273151775
386793792 90478080 911566656 741920256 61072704 760015872 70120512 626560704 660489984 517987008 334768896 479533824 642394368 520248960 712514880 484057728 160598592 612988992 891209088 983949120 753230016 952281792 391317696 821088576 542868480 67858560 330244992 321197184 115359552 108573696 897994944 694419264 185480064 18095616 603941184 257862528 855017856 753230016 818826624 416199168 522510912 384531840 893471040 895732992 974901312 248814720 300839616 165122496 370960128 529296768 314411328 784897344 701205120 375484032 140241024 968115456 778111488 199051776 461438208 375484032 151550784 97263936 714776832 848232000 203575680 133455168 40715136 411675264 807516864 67858560 461438208 655966080 151550784 744182208 517987008 855017856 900256896 420723072 271434240 11309760 393579648 581321664 303101568 65596608 327983040 273696192 522510912 746444160 778111488 730610496 309887424 907042752 551916288 54286848 904780800 726086592 411675264 554178240
100
873742470 871641930 173349210 725698650 121397910 892316400 475634610 181613190 383292420 411057750 257686350 298994400 355424610 212886450 598487580 823355970 978787410 36670590 887938980 14103390 688306650 854802450 261688560 629434320 238935660 941303160 115535640 319315050 640736610 210707100 318073740 241146210 398570220 913982910 627424320 715354650 84823920 873849360 320423970 319861950 263278050 329608770 663650670 320540070 899939250 341441460 227770620 887146170 132876480 421899810 357479970 935407380 944686650 568019100 961705140 609503100 141535260 424041960 816734730 390697470 137257740 467356920 268580010 568906860 551369010 487249080 310970820 680138220 428387010 617791440 550331490 756852690 513137370 233140050 342001560 666750690 308182350 243040590 657541200 208122180 562262130 44382300 993850170 644073600 76124550 74404830 512918910 132582480 968779650 402847860 850327980 826282290 898890660 118348410 818591580 412186590 444630240 818987820 338105640 271664970
169075080 787315650 549171600 795030870 269558910 166056300 225679350 441881340 985556730 186442200 300726120 328130730 8235090 971736900 755170110 695030430 152917710 245354130 205406100 340206270 699394890 972485940 986378070 205195020 385330830 698004450 858854820 363192570 654800880 244348620 294765750 521699820 217256880 732619170 661313070 840511800 924863910 489670260 925801170 278367000 81832590 547023600 312653220 468178410 312806970 595371720 278720160 897855960 715217340 903968580 583892700 692782410 564790590 757867410 893243790 364160040 799657890 208535790 962225040 274679910 79168140 989895810 87728190 81858450 954138150 269820960 272536380 196723950 616723920 458675550 373341300 65258610 218599980 590594070 532725390 956873880 215302440 193194540 734875890 17767530 407827740 133897770 300706830 547048830 968202900 855723480 338038680 884268960 603533370 183282300 19448640 950127750 511349190 392745000 511252830 768701580 500376690 172645200 300734160 55561530
