10
30
415933056 629563968 839165184 290195136 674764992 7204032 218915136 232809984 836390016 139746816 772085952 695730816 381376512 539390016 726314688 582043968 634315968 434009664 72781632 5683392 919492992 649598400 346059648 931962240 65178432 165274560 948119040 59342976 884119104 763418304
321505275 247790725 829308025 581478625 583219000 607274850 101057775 26956475 214878300 547676675 23321025 355616625 193142950 403844350 15895425 969930325 327847975 404424475 542107475 604142175 336047075 656817525 173147975 81758950 639259075 380097900 988997100 865005050 972173475 38442950
22
74364290 866125260 162249360 111546435 354323970 851809140 580041462 478056150 157477320 377541780 733019430 120126930 520550030 598828230 880629750 174594420 682401720 399218820 371821450 989368380 493152660 966735770
872090310 847752906 297457160 860501070 803134332 557732175 743642900 127481640 95611230 750403290 111546435 11741730 263655210 425904570 987982710 605537790 429024750 624660036 148728580 811246800 127481640 541796970
30
349399704 688356534 572355646 301329886 165933426 366804494 746613102 338444582 414839386 476786468 326779298 798012532 6275038 424700160 785206332 633150170 962490708 575231220 684584526 339480720 732270158 161928578 183617624 756881346 259395402 704992952 707624044 4307540 423792084 416282994
382078798 990000754 98712518 197494888 296300542 135873782 501816768 232723580 911638452 479650400 114173094 254109934 225121354 248475206 857759276 109132108 356198632 768325432 221035012 451930798 495029482 918472306 620215908 14156672 746554892 360366468 57185504 583974362 323286698 853870848
24
34321980 270059790 831527970 365061060 557732175 716245530 81124680 984233250 13123110 234834600 531990690 953214990 969969000 111546435 44618574 739728990 317026710 531990690 845404560 131231100 541796970 141968190 377541780 608435100
95611230 270059790 875210490 308897820 148728580 803134332 350574510 688677990 734894160 743642900 387477090 966735770 254963280 998047050 77597520 692762070 111546435 101405850 350574510 987982710 463346730 860501070 484984500 971110140
30
520550030 557732175 433062630 148728580 847752906 814773960 243374040 297457160 551170620 334639305 135795660 620780160 191222460 140900760 872972100 594914320 377541780 780825045 34321980 254963280 111546435 814773960 577416840 411863760 630479850 981608628 956112300 811246800 787386600 806566530
961015440 382444920 414315330 475284810 293543250 334639305 580041462 310390080 780825045 371821450 111546435 818007190 541796970 320089770 915854940 573667380 111546435 209969760 984233250 535422888 240253860 737922570 708077370 96996900 174594420 478056150 157477320 297457160 314954640 120126930
27
629828325 79013025 591566850 656656875 426445425 54781650 957955950 570334275 278513550 121826250 314820450 105065100 354447450 881727525 666162000 775323675 320925150 546745500 611942625 526503600 645170400 682414425 362453175 451640700 345933000 274068900 621635175
359371584 608617152 53594112 711439872 510818880 888311424 373868352 495580800 168634752 130223808 655374720 239224128 357586944 722037888 200648448 901764864 328016832 494235456 771293952 91263744 30421248 175608576 751058880 385262592 144281280 771815616 536325504
29
390597978 500138528 556235272 327791744 112088474 411427416 144845672 876599792 579887706 916877262 52324186 511785048 461734450 647736314 160094462 119565268 958138376 633225434 456332858 22980996 770549252 619250160 11979968 855946898 968605340 55864654 444979462 222136110 905124236
689764996 317816650 221344658 62623956 498902452 991423126 939902722 947848642 412060800 231856568 513598658 147889640 189832470 928707654 7952680 350943266 681476396 91052448 165511818 382228882 242781438 365459436 675199562 319117476 824451156 11214620 456432594 769035276 632149368
21
668855616 216345536 734093184 811849280 168425664 791790912 86133696 4667520 836156288 40068864 651705472 811047424 882137344 905403136 305064320 475751936 382210048 972256384 591255104 986833408 392334976
637714350 841031100 585810225 483660450 339373125 626412150 271621350 677210625 355773600 231019425 360196200 356817825 781387425 277456725 895146525 947480625 305466525 953377425 379483650 317382975 867075300
30
3968 46557 51935 74623 92283 61127 98520 55577 902 40961 20355 37841 62720 86667 16711 70465 5533 1306 76133 88728 39238 16856 17229 75642 19670 5026 31591 83293 72157 7304
64780 29006 769 57168 57098 52842 11928 62196 82947 6662 16431 6783 86127 7848 25575 94196 26613 88299 2483 7015 95670 86718 41947 26242 26083 8038 79548 65890 53122 95960
25
442350909 622494015 961178504 355424797 855559068 301659358 274797523 2533531 612208454 229187959 742386260 614644316 108956848 353485132 483813330 555817262 90639087 639467920 614027505 643386590 22069502 709112789 423790367 77792442 191283235
344164821 283325757 578732700 276511664 79028257 557475611 954628948 862341711 134334200 243276579 515885825 837169641 358211854 664502069 994359223 96890794 336799155 562264885 298555972 166218962 36370191 994748755 31860686 288396108 543792821
