10
10
949 978 359 122 853 353 210 925 167 363
742 237 619 833 325 351 505 467 768 452
15
755 402 133 916 86 240 516 37 494 205 380 646 778 298 153
947 86 707 159 795 667 626 306 249 205 780 591 395 820 402
5
506391990 954963645 221335245 825913755 646957925
763669855 432308820 748773800 862133425 76918315
15
9 2 3 8 2 3 5 10 4 8 4 9 6 10 3
3 5 4 5 8 10 5 7 10 7 10 7 3 2 3
4
1308660 9825096 4967477 7704810
2290441 5240040 8613978 2856219
15
182764890 501290559 672460866 736467039 171033093 701167698 380625399 896872284 405893565 357147252 454361292 335773053 900381636 899922177 507352923
281112000 139672000 362793600 916531200 163716800 780748800 680326400 92289600 700481600 160534400 224182400 587329600 122699200 911227200 463216000
7
604511424 697099392 810063936 909779904 881724096 568491264 554691456
610175475 210159950 58360575 337632750 467271350 15237950 166882625
5
9009792 171528192 71907264 141647616 594551232
160965350 548991625 420435925 24597300 674259950
11
758325465 91227360 789180053 701685729 631951668 510279796 868158550 7120738 805292084 716122300 213496973
691521138 938498020 711842080 639426280 804191019 429097012 553495053 411322424 9933293 597483895 690141043
15
36656484 36832669 48131589 47735221 47539600 43061606 46923544 36065259 33488141 31871107 47843524 42467410 36243379 35356687 30502410
41552659 44141865 45964256 48218942 35283376 34031840 32983513 37009144 39914607 32761819 47224077 40065889 43765918 41282402 37210883
