10
23
437629784 417015974 841940920 534865266 301718868 476810046 656444676 163508180 590676806 971064704 294987828 75275464 566024372 564481842 443267030 349312930 679470442 298325302 410116658 498882248 721062660 433030240 198537634
818017682 770956494 858712428 361849492 732926118 50398662 249244802 200781314 899715680 839949654 601334286 780436042 951067906 132545396 820149178 316386926 684911366 156693002 590508530 240887094 46275900 778781328 593537498
24
877329999 833042210 397560436 878112543 328191409 297053393 367098732 425709284 399769370 311143690 346112690 301577892 225624476 590633771 191414951 466356121 76722360 386528065 259229243 549278730 137951957 808553746 110649539 821545179
282453171 671373248 806230425 352757548 866582990 935839905 755935362 355106829 672270984 289621605 847542514 951306213 821969057 440261393 16226483 894541802 693080531 628538365 513665999 405097693 266147189 236834598 293757178 307061755
23
318563042 927705660 468525617 689878280 131681088 218445213 573130131 81925277 814479673 350040747 9472078 2797739 527801358 315776006 687963416 971850131 475304207 439298272 958179348 465741864 773068583 293877703 551738831
863495185 564284581 931518574 740632746 409475780 283468997 744489802 739715284 910307496 69982395 508770486 194871089 706500984 427544467 157759693 433832182 730675512 32590684 188864130 413038493 261595033 789085962 830900679
30
107844022 598953537 101856755 143898846 846784246 688266488 407276870 170166073 57727852 48982661 815555741 876297708 843795680 474037564 63917399 288343055 667087421 377806198 43772960 288464449 990216799 194612600 934901604 244764674 361776184 781938443 19965582 379114736 927986752 886174861
613382406 747398652 814148258 781231022 897804765 355483821 987724738 644623980 472707389 315230201 436823296 381083560 27934179 18495048 32278818 655977504 360061394 908514068 390933088 117892229 911036511 72466240 828351979 648411127 964426099 782610829 372367303 183088997 978177382 792979824
30
586978371 974367989 345103367 931977592 972150774 259603211 504454153 145729899 508950316 450367925 425954431 956519200 4278197 236441695 73674468 847485639 962347918 266458626 75068812 243903002 24945865 471825200 551095188 212411297 611361835 138744431 336734251 162623671 301379617 660505846
659433985 876197917 774266493 36276100 238276269 88237093 103943084 405337583 388958367 491705942 574784644 490214655 455092267 585504864 373694944 946164037 726373578 40881589 703131499 229232479 911602643 558153148 417515014 794302124 289076823 466487861 532470491 358446522 91790888 8999361
7
726600198 333876969 259607222 939266556 169819007 594133000 868436391
298858005 17113882 156480287 277061972 759396377 248112513 98887985
9
752233629 821695357 213081400 66152695 231662655 962248518 810255887 170802128 472401440
877219200 691891200 123552000 500385600 796910400 18532800 401544000 55598400 790732800
30
907886700 96336450 852167925 19037025 299880000 596787975 904486275 748495125 244321875 513731925 784748475 681905700 203275800 335785275 211147650 547629075 296934750 619225425 631916775 97327125 738615150 598528350 834630300 564042150 204882300 316641150 183248100 750048075 316801800 277817400
496816320 925871232 313794624 461892288 768905280 88023936 541926528 276015168 204547200 326891136 126489792 450827520 446791488 331174272 149909760 888256512 676433472 22404096 268519680 643925568 64576512 108423744 645023808 400528128 592912320 170364480 757950336 723218496 987537408 313492608
8
34478794 7315823 823194739 807068410 519643884 966959511 276499089 557906076
603824777 266636411 465389558 973136278 848187758 710650709 222262959 243470710
30
960483238 351831337 956274956 504722218 209261976 462538076 663674011 694739045 137908199 121086784 435750315 976582425 760825208 862161443 140355215 309897896 278739769 522786992 177403772 889391074 784348565 277081623 512186829 135738064 534172912 166249083 798986825 290646356 789594036 3245385
976893610 628143516 632361730 536428893 259438088 56943744 247014768 109954845 750760647 569803773 341053713 281611239 704870881 616146300 786517886 430372085 507342220 742828515 385040656 502316969 181547828 2489344 361205273 949928980 711738456 36479212 496876380 908054609 538370756 960334947
