10
9
342828288 179378496 643116672 555052608 939128256 568130112 881248896 798564096 450261504
585114075 940382625 844275250 675188150 859899950 358671950 381335500 77582050 364434525
21
750403290 262462200 787386600 382444920 853572720 178474296 730122120 803134332 567872760 326058810 334639305 932933820 375735360 986305320 547591590 834173340 637408200 490804314 352251900 940869930 176125950
780825045 286833690 831527970 178474296 795374580 144354210 953214990 17160990 875210490 74364290 853572720 514083570 419939520 120126930 758515758 997356360 475284810 756575820 426786360 426786360 68643960
11
562998917 996654366 138991434 833516582 819444878 6206583 358803575 276444791 519405773 745318742 519306833
689350909 472313424 23870017 360051319 978432861 9906409 65098911 135083663 653571425 648598959 758810427
28
199339875 595797300 49962150 438815475 667581075 49025025 101745000 40457025 440823600 633924900 949361175 624526875 399804300 589826475 405507375 424838925 757330875 795431700 893240775 722978550 659843100 235164825 774573975 543666375 474586875 625330125 338650200 734357925
638846208 869558976 981799104 733706688 67322112 926694912 360112896 482374464 39673920 142798656 761876544 74597952 10790208 120476928 990969408 485861376 414667968 76712064 587915328 723328320 225605952 852069504 369667584 528225984 406321344 354923712 67129920 577948800
26
407 423 182 164 876 391 311 297 99 975 504 577 989 418 860 640 253 740 912 443 438 134 895 607 561 454
319 923 928 140 58 81 838 102 902 977 324 708 309 437 502 445 317 638 323 793 177 574 49 972 894 740
5
301390840 807311496 975682488 252137504 331749512
555073032 12892592 624119576 543452536 969508784
30
874514459 852343569 251223518 973411670 64114820 358283772 335828948 865312903 922726805 110533269 671913627 819819000 59745140 529506208 150479329 320266128 814221408 696190222 708501248 264338074 459694235 203703962 101917431 659913072 668242120 697512244 390311194 780077844 769936596 570643437
885489605 437237229 839531264 251652258 170441271 31479019 951459366 84314373 394308915 261197860 882682801 465188867 595462791 505216166 640870230 464984884 117108992 880966996 817710608 88669042 24387792 284634196 141857639 20532226 27884857 846999296 46922414 184710253 88634260 787252609
30
334639305 879248370 695524830 594914320 557732175 761140380 164384220 95611230 504894390 912652650 629909280 334639305 818007190 407386980 514829700 102965940 89237148 436486050 312330018 497668710 795374580 541796970 74364290 293543250 557732175 199609410 354323970 40562340 111546435 567872760
572281710 334639305 297457160 652117620 634053420 847752906 171609900 111546435 790965630 116396280 507029250 191222460 823727520 785674890 74364290 308897820 629909280 334639305 74364290 634956630 987982710 205931880 469669200 74364290 689559780 652117620 52492440 65615550 981608628 111546435
13
313872000 361587200 512491200 448073600 556920000 397134400 820622400 159806400 714105600 163425600 391185600 43201600 523099200
811899396 111189078 332365572 532512981 203823081 604754073 430548426 207993555 989003169 807022062 615604374 791718543 881383734
4
656287346 381058678 772604525 406981190
327600273 693744051 841394554 137895296
