10
14
674848031 844414480 517324093 739653187 538004831 513180668 732661930 722684144 399755629 533869105 909074881 273237107 118970709 641802700
117231660 281136548 708544564 389443208 39622583 472984897 65897678 49306103 483259595 552874322 63543909 701872710 333623147 491830339
15
6 9 3 7 5 5 1 8 6 7 2 3 4 10 3
7 6 8 5 9 7 4 4 4 1 1 5 3 8 3
9
228995448 589370729 42618277 808847648 474580862 445449890 592633281 974469674 462803735
56120648 931236921 575061545 421271894 337757208 188411577 981728581 21333671 25964997
15
848816453 830236022 628056311 846265082 451618241 911747907 931837943 331162856 78889858 306757820 317629061 785299867 775811904 41357667 244892980
117983040 243704199 307249965 299332267 45062839 645795643 918721284 160132133 170656789 440809998 830341448 627569138 793176865 309499147 10159177
6
439053186 918001513 328783026 219459086 943659409 37836084
938843598 139338199 491822903 331908850 37172863 481826631
3
665844270 116092405 899438397
266867887 73774883 231937069
6
38823456 41853349 47539864 33228646 42483853 40976604
43571081 49948162 45068210 41210705 31703887 43262870
15
618288300 187317900 254630250 854363475 742845600 426606075 784052325 480477375 110687850 158668650 203490000 446285700 521282475 101102400 471132900
471144960 240294912 374335104 589205760 251002752 122014464 551810688 209159808 435287424 167920896 969498816 714679680 436275840 526221696 541487232
7
876839040 870414336 159572160 998794368 193121280 358034688 973646784
345019675 470133300 62305425 630131775 684663525 476011900 309902775
14
43816262 33669898 43249415 30471188 33173328 40867811 38653571 30754098 33818423 37435984 31835992 43590743 33717936 34177789
38110429 39094226 44763189 31385647 40128235 37403111 42812701 32636180 33496382 49939731 45845817 45667698 34786080 34677331
