10
10
74824748 311333316 487237820 250660292 553871884 155642880 988850992 653379660 58737324 833119760
184157224 85518988 945567460 131829172 961570148 284231788 663199720 8225148 364149248 57817000
9
488316213 808930716 612371694 814949014 402305673 454927253 576092583 517175901 325636773
393748982 257911577 335043324 417110650 193240938 984500242 242131802 181971944 398301277
23
202642275 215820275 2799775 993843675 381020750 859566950 60071000 989471725 189575100 314486150 275618750 471693750 380827150 539269225 366882725 598885650 950322725 756067950 707812875 646924025 584188550 421245550 120905125
850082688 753846912 435734208 211184064 823350528 331478784 438407424 796618368 884834496 558702144 248609088 708402240 56137536 251282304 40098240 237916224 507911040 48117888 326132352 128314368 446427072 735134400 77523264
21
632130048 26934336 964960128 778605696 691568064 384988032 703999296 915121152 246343680 428725440 804285504 935535744 173010816 56434752 318536064 464859648 40810176 346591872 549217152 278049024 870851520
370158425 315897400 332566325 21928725 817821550 550770675 269951500 692359850 640419325 495813500 75609625 874248375 725929750 63620375 765068850 588594825 768201525 855104250 944327475 438187750 400556975
30
168709275 862636950 419671350 51515100 773770725 486287550 697113900 185791725 889974225 889786800 170610300 969897600 989844975 617431500 80003700 972093150 289919700 797841450 920417400 922800375 70096950 297363150 349547625 399563325 355973625 995414175 39734100 266304150 127609650 244348650
536160768 427599744 943168512 8154432 929824896 749082048 920544768 882847680 373017216 686427456 349377600 580968960 91977600 333041280 289907904 536490240 806986752 726128832 607985664 964254720 907118784 733404672 692659968 510544320 724893312 929028672 346412352 624157248 513537024 262232256
21
945037548 128276764 473266332 542190418 364398111 885898475 122570833 449229165 127318100 591348604 763908600 682036498 274396507 484993663 299641342 340449109 438148854 211105895 742218708 486518648 840245791
679242837 467259331 889005208 386764807 492640841 983049837 774882185 394946006 766819053 437491600 868505638 783790865 582481438 47769813 811049239 705413555 740510225 739724349 550896346 373427593 959324366
30
19628455 42011970 865860303 911080456 174048567 83108597 80376527 33647250 891322614 499844982 864621394 792974182 282474192 357307258 640326505 907322130 786263940 372259251 928614596 7903742 731553537 530568181 230180951 532379276 980535010 692141723 631461600 638320760 558640082 644479979
216757905 189798455 66659516 746050032 232119173 944141198 26283972 848624777 318086626 653134713 853943090 710312785 285080565 874327272 840823984 483721315 331379776 551880758 822354260 794232439 226245877 592230639 927268342 349312821 145543783 747395803 890750224 855111257 94535441 296721425
22
425914125 993740475 767109525 477875125 35555975 879610550 988785525 841156225 400111075 760016075 235589900 181845300 27941550 661121825 348495875 740958400 986344450 934501750 332559500 282837100 27020175 40595100
23588928 589076928 262709568 79814592 249460992 850817088 72705600 622683072 38776320 972316224 549654336 644979456 858572352 841446144 678585600 755168832 823996800 507969792 84661632 983302848 873436608 882807552
30
335442107 120519256 26998244 106678572 385113729 639487849 737674795 545720791 597026859 995677046 114683569 38666628 945947184 427821966 680406181 524762238 828720893 813381184 489702136 513687174 735783477 826978243 36780282 566008443 132053467 55074747 556815259 343494690 604253650 861668808
886366910 495990495 630304818 376238577 950489771 119087397 934085383 719804514 365792570 754726973 106040662 87514504 319144111 245930685 463980881 720478836 781916564 754858412 370660367 443863574 316069117 627999295 484580096 80479581 236167932 679708722 31537363 906918584 247813709 880133826
3
397606846 730006277 852259793
126501284 643479529 105106274
