10
26
72060653 211969919 467475518 245416956 957899094 568587587 780524786 970389411 410524785 259221270 37870648 665430212 804035926 988663241 303545956 400495416 233708463 991109984 591559322 906001486 449299517 520396691 107795282 613838663 37424978 32182861
552967899 275663321 180855637 205212208 43062741 198547631 920531265 55716623 680668598 836649959 371976486 784537714 186346822 295242643 550889639 160072726 443439394 559633465 5387642 149934187 102881853 972702547 615136747 834822932 838873178 437201872
44
335552000 763168000 757131200 139238400 864225600 339024000 551208000 906136000 807800000 87136000 708187200 291222400 728179200 1568000 330836800 15870400 33588800 288556800 442075200 941147200 822416000 987952000 801830400 747062400 792512000 952828800 243140800 868616000 540769600 962864000 380251200 323086400 844692800 783361600 601641600 514326400 651369600 655659200 916888000 469380800 52908800 389233600 446230400 139361600
941694039 42204591 367304652 929616831 431825823 235111734 956724912 91760526 852690267 592505199 625980069 688991589 547018758 427821966 374459085 849145869 6235515 517744656 122281731 834902640 962697879 940709484 497725371 485976348 650987766 565003296 641076579 39250926 375312366 718462602 129764349 161467020 284995854 950817582 633528324 223822170 5447871 459459000 882883287 870477894 923184405 723779199 387520848 164223774
47
8 3 2 7 6 1 6 10 7 10 9 8 4 1 10 3 8 1 4 5 6 7 10 9 3 8 4 8 9 3 8 8 6 4 6 5 6 8 4 7 6 9 1 8 1 5 6
9 7 1 6 10 1 6 6 2 2 4 1 8 5 2 8 5 5 3 3 9 3 4 2 2 10 1 2 3 9 6 10 3 6 5 2 2 2 7 4 9 9 6 10 9 9 8
7
317026710 23483460 148728580 211351140 823727520 557732175 634053420
67897830 936990054 111546435 924241890 58198140 154448910 111546435
48
962 85 646 433 924 506 863 174 817 435 627 392 973 922 754 697 848 221 254 699 623 916 903 207 323 645 205 422 840 475 937 764 279 907 941 448 789 893 559 557 66 625 242 36 323 480 877 223
921 583 314 32 479 679 784 888 343 703 106 312 102 665 638 348 539 73 150 499 469 433 698 128 330 200 380 604 8 318 155 794 824 177 960 393 822 643 692 670 458 874 921 599 218 6 804 785
50
68211356 392578584 50019294 827889938 305891984 44888244 619430748 442113784 306623754 177759490 625657288 859179384 205240268 94096962 871349282 698880186 537819774 25818924 382442054 270476048 958797962 989864846 670434684 787581968 67858028 247960048 925233534 916699970 815793650 861917676 479611584 211632214 698084332 180050060 216299954 614556900 854785300 640368896 453253142 331222484 313356038 873801794 990641648 407025196 872992950 474160114 687512204 974644030 152349318 409130442
119825822 21271558 636633838 733907288 50266970 412758982 285390300 110835010 805564458 408512984 742361180 253835858 519701322 828430322 29296780 244561864 577284260 179319156 921230016 201616924 292264608 651990616 391065682 378499156 880344424 137711320 96141588 157952338 476489654 197816916 403338634 158713552 321098944 804720108 907553278 642762520 482573304 917781604 343718864 287227086 783240710 171105146 799301546 675031412 107713080 674202650 70229136 41964628 559359792 280305148
10
285156300 401692473 265787214 876328376 308789481 929767111 921594310 590945432 661217193 810729920
347256195 986545989 778615266 505719060 731056508 62167742 85637279 24458070 354660460 500012513
50
873750462 542455992 263360447 577141483 232930260 129937613 457127620 28318413 437010194 429714253 463566149 386875409 755816617 747028144 492313268 445187364 751108790 960595183 191703033 258763766 802831375 233589197 368496624 492130671 812715430 449736411 343139458 951568540 333223647 714152745 210597853 659056085 478840785 389066573 844050663 439796783 103524560 464137757 317790231 304786149 340694246 554308919 372354978 13480422 115306036 450308019 538002213 844661966 72125815 519321746
203984666 500045854 336089626 284255895 814993923 211336180 729554405 937953155 382350179 471259040 760071921 284676662 302706131 509080436 866359253 336692990 457445180 723727179 488526365 463534393 952910231 414272898 240718419 516725693 434207727 7708769 37654677 541106362 275197496 997193973 635890083 234264012 513105509 299474958 360255942 699584680 386216472 454460116 494877565 334565338 271148606 57129044 118092625 151071231 142155734 78580222 847797871 59780670 195878947 800036847
1
68874624
244423025
50
77627904 451774464 678033408 98426880 398241792 444907008 505350144 973615104 58203648 440354304 589979136 876605952 115089408 161163264 154635264 937640448 895630848 704074752 554784768 958534656 131831808 200191488 791675904 285101568 248924160 887874048 432966144 938250240 713256960 322071552 322053120 463951872 785682432 599906304 246686208 90160128 921437184 899859456 811739136 608256 137972736 264744960 890677248 298753536 368202240 243242496 349017600 453777408 48792576 490661376
582718464 299039232 709304832 184619520 234579456 278429184 454811136 191927808 62487552 94156800 68748288 982606848 221956608 871558656 422753280 864182784 740043264 766963200 808717824 420218880 876086784 368361984 122750976 242946048 489944064 702993408 846571008 524473344 393615360 33649152 847927296 883021824 749400576 892025856 759662592 377985024 994326528 854639616 342145536 808300032 843976704 148985856 60718080 527852544 809243136 934439424 340388352 653566464 15899136 474567168
