10
15
719162314 364969100 268237016 792820606 21447198 789185508 41349146 968656234 652366102 453880316 914487734 325664408 408355834 331440260 313836236
122376490 405315586 460351058 159191784 435986158 629837640 221935204 927539958 908993620 874733522 295238368 49614928 354916214 121988234 880457748
15
392004405 932244348 972913266 520841250 405963006 336533775 581062200 901408626 199076004 862538424 791964942 762669861 83965320 991205391 528661512
871485939 139544790 146277951 334498998 835905252 577253601 502109073 215011488 334036185 279709893 866148582 103150290 641276442 78304221 733850436
5
9 4 10 8 1
10 1 8 2 3
15
679753984 57931328 964774720 915334784 530292672 602684992 139676992 541859136 365886976 513810752 167370112 582405824 248195584 485692480 18229120
510201450 974709450 136196775 8204625 911849400 134429625 680731425 267344550 522571500 192240675 205999200 230108175 443807100 789537375 262548000
12
965725680 338089680 639493920 583493040 50396160 876907080 315068640 202279440 673492800 881817000 551925960 631411080
819586080 971098800 435871200 388115280 854302920 432744600 755988720 563760720 96229800 236625720 508199880 773567160
15
282591936 251456832 199013760 888909120 905294016 52272000 525533184 628271424 813865536 101179584 727702272 623234304 117735552 215816832 889403328
74565400 553400575 374722075 556649275 555373000 494266500 27033825 888519450 605379775 879624200 43896125 858352950 687138725 398043100 948968475
9
31749101 41078517 35477405 31849649 30896312 39283664 46478333 38606572 32229093
31563841 47511950 31871426 31879576 32173040 46571033 32314494 33933417 30031226
11
35920421 42502182 46818065 40104116 46190441 46385075 46658265 46465875 46589257 34873636 48667638
35421665 49536489 35962663 47568742 35953011 49210649 44109061 49104689 34191153 33197843 49368760
6
998734275 255112200 999269775 601928775 808069500 79682400
275548416 913900416 190599552 258553152 648730368 641701632
15
83225506 632200998 504479976 404856683 283291008 787786545 833993160 982461025 279080802 763138194 18828810 558607896 877084978 810939899 15197728
912676688 507926034 717602028 936016158 405861995 345566221 17801329 169287734 249890641 794895486 377918177 744147404 355457641 959217350 93139277
