10
6
5813216 438228 7265609 7657009 2607071 9369269
7871674 3334113 3510794 2496768 9537287 5634999
9
614926528 171607600 431841744 875770080 497056864 42489280 147019680 5459280 951726016
514704304 267716320 367151392 94585200 284830528 900645776 102719104 721048160 926951888
9
30570 55580 70918 5456 350 1303 34159 95133 80149
11386 87870 51439 57119 95825 15526 99236 30512 45963
6
986305320 557732175 95611230 594914320 334639305 65615550
283936380 727476750 95611230 708077370 504383880 286833690
15
375198075 421974000 367379775 370351800 665840700 279182925 223410600 14137200 565113150 100058175 688412025 412736625 378089775 678023325 580990725
208912704 188512896 359755968 495498432 846578304 570535680 841855872 894900864 291747456 726623040 288370368 208253760 715338624 98923968 654990336
15
312330018 371821450 818007190 111546435 703600590 713897184 601380780 818007190 966735770 743642900 68643960 520550030 312330018 689559780 199609410
981608628 375735360 563603040 297457160 509926560 695524830 978176430 730122120 290990700 310390080 371821450 385342230 191222460 509926560 748017270
15
650465023 158009839 942050005 720172882 517662379 811630118 984881885 905098662 901531826 228548450 507534170 310635195 297345308 650119860 407409938
410678632 943350486 571423086 396763367 219875305 553693101 98795918 892648185 409123338 653606369 533598884 1998919 810385810 883535107 300526551
12
9604401 8854584 3774827 9290517 740752 8415544 4036533 616310 8467596 6683330 1128750 4506506
9450135 5829852 8132978 2411853 48536 9112475 4024019 9061905 9916647 2488363 4633427 2741627
15
736488467 811973448 990114697 978895632 876086211 843588603 792275055 458987386 860413554 785123053 660502700 42880409 814394724 280926360 345510737
824040000 742089600 148176000 780494400 637761600 511660800 439387200 638971200 481723200 981892800 497448000 767793600 85276800 545832000 943488000
15
115354842 792187358 123850564 112357094 50275490 141130364 229296652 969748376 387292032 998831990 798445872 288201998 692140872 663270706 846492214
114639104 554283892 132645628 963348172 56212620 534214692 93097992 173832646 845078332 84798244 28146290 477056038 991707648 3209960 448458816
