10
13
626352119 936573587 954708537 973604093 937866188 24677067 68071350 654566481 123147033 752660195 52086280 189861961 653397657
438750829 723784764 144609111 340658507 907597147 555296994 491981713 529155824 609105542 200615566 47095089 999230096 293502505
7
344836875 899404905 123101880 442735380 518603400 466133490 718948740
353339595 218530845 596862810 459060915 89239485 114239670 863729430
15
30644563 37637921 47917069 31501085 34889061 35566175 42409365 37384136 49106356 35333924 37060673 44599042 36512350 36351817 32312410
35512797 47934120 44843302 34359979 43856794 30053156 31763006 32612455 39384401 30167449 37836991 40171004 44977634 40165301 47637680
7
80436 19543 71506 66690 67318 41974 82514
56445 84152 9318 30392 67533 36712 1213
15
334639305 743642900 111546435 44618574 334639305 148728580 39369330 737922570 956112300 780825045 196846650 813632820 780825045 911770860 573667380
155195040 682401720 909532470 557732175 58708650 481410930 924241890 557732175 358888530 557732175 966735770 314954640 790965630 411863760 486748080
3
48785621 42186508 47571102
34098765 31550974 31062653
4
394020900 238886550 287670600 295408575
33304128 942207552 98814144 763139520
1
88246
45594
9
349413750 687689100 54915525 196769475 337097250 520666650 768763800 139524525 953270325
117621504 332876544 366317952 738593856 201636864 323541504 897921024 230795136 180633024
6
7 1 2 6 2 4
1 3 5 8 9 7
