10
43
72869370 330821540 943019210 20696130 197558200 315934850 265968080 318113390 864321780 110574870 133784700 444329060 438389280 312415670 771817620 790828640 973062580 108805970 473208680 530977230 923021330 724504200 253278550 814485350 670413100 381588970 140162050 745954440 901282480 16581110 325431050 370901090 215498570 488477080 211625610 140832370 697393480 279011390 920842790 889309820 524879180 445325230 825703900
28879620 737445100 136866310 302211910 522998560 221987640 723638370 212947630 198824360 665497420 38664430 1880620 799794170 904662010 775606790 579296130 43123920 645220240 331436000 330923950 382352390 889458780 118264930 687766940 733795580 811999580 587470310 897986740 238131180 406651490 125740860 250792780 303803920 895622000 132071660 234062710 298897550 52312890 264869500 2550940 517803580 694274630 467911290
47
794591424 305914752 854732736 240945408 890600832 982751616 249480000 578660544 565297920 9389952 376643520 608160960 712381824 178352064 903431232 607476672 349462080 45448128 817020864 577615104 148243392 565583040 118819008 205951680 60388416 142579008 654521472 725307264 985108608 733822848 791436096 954657792 386774784 668017152 281147328 573756480 489227904 439483968 266625216 991666368 955703232 108041472 542317248 670184064 772903296 246039552 101369664
286272350 999903450 846905150 304797675 350743575 202657000 751377900 361301850 313074125 313422200 291454800 702995475 815075625 949974025 501692100 868099050 908978525 750527050 443254175 229845525 369346250 180844300 268636550 21116550 123605300 559008450 939067675 675961650 158296775 763212450 130876200 478371075 880204325 514029425 32061575 646220575 210546700 636783875 466497850 603562050 114516675 432773250 779804025 748051850 596561875 753582375 854176050
41
650567440 934248680 261095320 719745480 562300200 749388920 636443080 106290520 522160160 364847360 391535600 845847680 742135000 736536240 263033000 764673920 785367120 813930080 837253760 745533800 439031760 525965480 46348800 979096720 95927920 105802480 207267400 131919000 478863760 711194520 605344760 853275160 854094040 792890480 104304240 365816520 388865000 194561600 537578680 716702040 205873280
256327920 150158920 407965200 428229760 868157320 468161640 973599200 927890920 193444440 691528360 763393280 394602200 569984640 541178120 991710960 379617720 868023400 941751600 371522600 507627200 123733440 810439400 944703000 143149680 744838960 621899920 402172320 305608120 975939200 684508720 658493080 115931400 542537880 801865280 50252280 495770000 202469760 74994440 554303960 359708160 975384200
44
538307196 624513932 548331224 247938068 79897188 66680908 247968364 433894860 635549824 767735416 274449308 73877972 842667476 563282104 11043228 841405460 770456960 100631524 28153580 185666740 212226756 637643160 262916696 876945328 649915672 632332764 855099028 480607792 419683208 804555696 451735480 420783916 375247936 500205888 303114616 229864432 964035100 8399720 730638636 610430268 894269152 442097292 87844204 391817608
915436004 962173716 877897916 177828476 935191096 651701764 620587016 751276400 320831728 389658640 26413072 305643632 661252984 500717756 319820564 166229000 125935740 556927840 188799660 609421512 394711716 262837736 621784744 30911468 890961876 62026944 181199340 475701240 541569812 914437664 355859280 68239612 463605604 496944560 412959344 180140632 117580680 914163908 143777872 252701904 763218316 177108036 484749580 477375724
49
610729301 420747327 501777848 46126899 626852611 780753883 243790404 191537346 339934686 355249986 950691833 125271300 314192879 63913234 605064187 504575929 720841121 262664688 347372662 229132904 358832617 213192980 126733607 165446281 734430697 710747730 608557950 433467853 706437193 506466961 269535266 198742852 911217307 729423233 991515525 45012396 208515489 550120714 334836216 42785379 782329834 626692352 702775073 666193671 227192420 734971523 916981156 791987196 690439750
32619158 346814195 857606750 51500735 828363998 337405341 939126903 360818744 634576943 415564422 629460139 534294904 534105286 299020293 274629628 191421139 492282791 99688017 950418898 356837481 199289090 752870976 922130209 910452697 746358327 723703981 280146867 993232240 679501186 305329486 531395095 900502512 533116584 579206320 611445562 205073869 322141820 309142603 551743738 573883739 869259300 386332310 579399678 742993160 372705025 688996308 527168096 281859578 677771402
21
973496160 133855722 617795640 478056150 734894160 74364290 851809140 411863760 318704100 818007190 979668690 713897184 141968190 270059790 67897830 371821450 688677990 648997440 750403290 131231100 803134332
51482970 966735770 60843510 509926560 845404560 133855722 851809140 643032390 240253860 936990054 466466910 121687020 564293730 974563590 407386980 535422888 68643960 188770890 520550030 74364290 401567166
50
24 394 733 206 549 99 537 831 540 758 896 357 40 195 814 673 902 700 651 785 569 696 586 484 372 826 331 703 467 975 417 132 499 284 964 886 909 134 632 927 783 320 845 954 850 89 21 585 357 931
193 431 561 244 84 271 851 705 502 124 381 470 890 783 814 512 8 780 133 956 804 77 50 84 54 326 677 689 184 103 948 164 123 509 105 163 922 361 602 586 461 655 128 456 591 480 881 894 289 169
36
382780398 322948626 693323631 371532161 758941183 664735071 874078205 692336645 867492626 607098492 366580214 690703013 516653137 436213778 360522162 164962798 460718258 656975319 782288507 170067898 4577573 804002199 652721069 885836952 284183900 454251798 949854906 189926737 23194171 351230880 952713762 639549911 914629716 440229790 698564867 492982490
769996800 6480000 285379200 99100800 169387200 183988800 531921600 281966400 684028800 471139200 724852800 259588800 754531200 349833600 913420800 198720000 19742400 327326400 317865600 797169600 157766400 42163200 809740800 224424000 14428800 464097600 259200 748526400 36547200 558100800 313632000 326116800 262396800 246153600 386856000 462931200
37
447883751 67719398 613102198 827893351 685592915 796957950 609354956 26599166 473157759 221431960 159386303 778223707 472389946 615086332 543711448 858816595 809528550 772784039 990908787 246763819 223448314 158518984 577826114 42677277 717634435 40317893 263369674 8050648 534219678 21929396 762448868 565113085 148111872 109845986 553503805 234760866 878249327
365920335 462689239 757534931 412655430 726736432 866628229 94996236 278170613 514374764 102523251 671663296 560077694 303231008 528993180 570958293 124281337 699159323 762406482 971944741 194983953 179570786 932420026 834909951 550636421 583831725 555333965 311611812 148799400 926445287 836914264 67915722 32628194 8475314 666642044 298841373 3345452 868241122
27
828958705 281632285 995199605 704026590 247803850 440851480 490011575 145244720 204514070 19875985 30009290 286174555 687047960 862142305 15888975 304314180 831088515 267523840 301937840 217785760 566750990 768697625 441820320 468906140 937956355 209173745 867645580
128129850 617831585 599626215 323156020 770002405 569973680 431030290 385013000 69484790 12195585 504993955 23655115 282542870 313061855 695404655 312969220 766309340 561417640 750959215 857219700 326071885 911106090 32449595 948901285 446690115 491568710 656036510
