10
50
625877525 293103426 406335930 912510445 640290805 895699077 172233698 211873431 487101153 993454007 675042732 526404879 645722220 140756616 205720944 432323430 584064767 525011578 708984133 534511824 698205079 645663018 315883568 713350022 106013479 483756845 761364890 467563019 154873026 833663831 168964887 941595473 895657763 470011087 676128453 666484819 135015496 830509680 258289031 786402694 994214221 917486141 5826359 439228218 603070468 467702235 67567962 565914921 378906528 62322442
603544370 297262680 836958892 247315354 924164098 234472007 318628739 187742373 529460393 855477077 653115554 463938475 466032203 653939 750881131 553707000 89827507 720266404 327765984 291787881 303330643 266568302 587621762 317131243 359475116 335954476 23282350 686497812 805130183 607885201 392390362 816686052 507109694 414260847 754878047 271890333 251495790 686446761 872366781 659962303 982848438 6223217 416226538 169482027 433632056 245033789 27932751 746633030 170040871 657755670
47
151092396 504220255 106313053 768909141 385286902 489179964 990312050 779900121 729056713 486525193 755610713 418458502 813221409 960818716 890898736 147682808 471919371 520920477 673623181 97467188 743112942 284414403 926080848 642707780 666213548 45702657 507455949 742089712 575612037 539638463 754423670 382094856 304832066 158557113 881895196 922437516 60812570 533922961 982167758 828460269 371194252 565235671 691835859 132773179 952295630 616894278 553300020
514777263 535225691 244164921 169442196 609610463 324717085 204826336 913393481 340643303 324065560 385534058 323745331 972847304 973697032 297910431 185124849 897078644 505730225 752248640 324988664 663754273 782818652 410522970 302533231 63461034 190617141 948002484 777788011 512190756 389613378 458053134 936605670 16509108 297381799 284981268 427515660 985101754 404464697 865955860 224704623 68822936 731461159 179488023 64568504 152015292 14773850 787763340
37
32672880 913940880 963057840 757890480 927315840 677900160 4907280 295491120 84163440 894946560 714569520 53439120 301386480 881063760 789851280 996702240 19960320 420072000 192427200 173548800 129913200 106867200 582514560 704628000 844228800 891099120 188922000 583828320 968395680 49917360 384517680 527689920 230896080 63651120 135819600 384799200 749864400
64170000 846182880 772579200 467118960 868069680 413928240 598511520 819929760 89788320 274636560 26992800 821177280 540159600 726984000 64390800 370982640 151904880 643913520 475548000 348731520 552320160 57805440 915050400 959629920 896740560 941888640 826642080 512189760 744272640 92128800 232982640 437879520 963477360 66102000 405813840 105553440 574356000
25
202811700 978176430 414315330 385342230 261891630 764889840 780825045 300690390 733019430 594914320 334639305 93933840 334639305 89237148 872090310 213393180 924241890 860501070 828630660 847752906 681020340 588153930 713897184 52492440 811246800
425904570 465585120 308897820 743642900 931740810 371821450 594914320 341200860 26246220 320089770 624660036 880629750 605537790 385342230 436486050 591681090 514083570 31870410 758515758 573667380 624660036 267711444 176125950 305284980 987982710
21
857447232 350499900 664442988 659824251 306802062 504981912 140920614 664246446 568497735 897017688 66988065 423941094 389841057 156218133 634437576 562241148 585072777 342408921 223238955 580748853 179180790
589560486 393051243 532334007 276010482 603973566 947594496 485360469 258157917 708959751 984478878 742077078 771918705 209906856 92276469 462332298 275715669 110980716 805265331 91228245 964104024 757571139
42
869992578 961410758 62899837 323112608 612733550 249807129 864119256 45245772 852410702 497710598 257649535 891936045 551785234 822266302 519742496 275891980 617123936 285202302 785966181 912013025 6697691 502456955 925931622 884076908 640531661 466142677 672657986 42326141 415423008 559509236 846977978 101907078 220854634 711712001 208136929 612592365 762270327 974675702 538999076 571480910 242130889 245942697
246187557 731141593 358186906 210143934 101705968 558962261 831033049 177302554 389218830 311695384 653970603 7160230 75269194 104618969 494999778 525796502 114001888 822555370 634459826 490321293 77724647 926271962 348200307 700833364 4285190 472915520 929082385 748536789 390597389 26424783 471903068 130181051 106142764 64183262 730244333 250332446 390308457 912063152 539870870 452845932 629103904 766282055
6
5 10 8 6 9 5
1 10 7 6 7 5
50
421581888 251102592 492680448 806906880 136648512 98414784 898200576 130336128 173759040 948070656 346439808 97785792 961212096 862505280 44209152 218821824 544100544 687465792 133144128 264491136 307195200 150935616 930301632 871198848 492635520 252472896 693665856 743962752 462691008 633731904 85093632 652219776 671426496 878589504 507663936 552951360 222168960 657296640 870165504 849094272 518581440 272420928 92529216 651029184 168861888 732955392 37155456 512381376 371419776 490636224
26736325 89044725 771720950 455302925 665070175 513487975 98796775 630905275 867867000 256498550 828597000 640493700 198673475 795315675 58577750 596216775 295604925 576843575 602140000 723026150 909689550 52981775 91171850 141797425 894472425 948861375 286965525 964765725 15609825 757747375 393518125 559793850 853369825 687683150 368287150 520032975 711637850 149978675 70522375 559728400 132601700 797410075 401339400 37175600 587904625 151254950 748846175 889269150 276853500 93135350
13
368907264 874805184 190080000 294338880 811926720 725383296 804988800 429447744 536044608 474515712 887977728 342201024 152520192
813257900 328737500 435751225 900199300 160346550 751300550 820026025 519830675 611954525 336936600 727863500 315588000 957554325
45
300638571 564411197 67407860 688582678 51139838 974758362 272216781 44057409 832358652 895015009 475358678 218489179 612948733 961492437 702408316 666300770 519748038 785543869 251090644 667747301 874904109 112715537 795594473 192449198 740233769 628853305 318437929 306492539 188075683 205114219 303371715 594189867 930223622 703774888 337019916 325275635 390645752 214629340 24249384 477931904 206056766 953561958 196568298 379369110 267489508
890169009 579387760 458075419 539456720 209875414 162951596 41452684 416087252 739400257 991775091 302906499 503690817 489269121 294382385 106282472 979177914 162418536 790467405 469400521 528415109 493109576 662833457 289752032 227967955 958417650 105201814 446946580 282449110 391358114 572392559 49002752 582939878 540055201 969771828 734944360 971685998 637358035 302853193 961160486 674883036 597623258 344136267 984668432 203706456 431289154
