10
30
387999381 810986904 227985758 963019876 711530512 41860511 550811118 815571141 718562273 652334914 999699246 566758478 711006725 464558094 119915705 378139993 679924245 230742512 361742524 323620143 915295381 530949848 702388456 409138184 990445092 651085890 780653328 223645149 499770271 600430259
927088591 747384209 778078015 164685290 525115822 657607379 71494423 564733169 466570559 635799626 264586504 975558311 495974864 364917784 124980141 13219778 601352934 131858727 983869887 701212974 753867023 719732468 422546033 377622245 800476586 44442216 294077784 964706106 295222928 164697819
10
5 7 5 2 10 4 6 10 3 10
1 9 2 8 6 5 10 10 6 6
30
94130028 889846008 614235372 214400043 658736364 611584434 10929687 623470197 465522096 107906214 50367822 749759145 570060315 784503816 760449813 398379486 649827474 896256063 810839364 273329091 676271667 138478917 808166697 985996833 54365958 571646532 452962734 189303048 686267007 403529259
205078302 302076558 169877322 556240671 606195642 599177175 506981028 491553438 465261348 884153010 502200648 337277538 864640368 604544238 997578390 769336974 757842333 235716192 584749119 13710999 400921779 660583329 972590040 139956489 592571559 276392880 732897441 256032807 146627292 703367730
12
595393344 318619392 441767872 690126528 735285824 667302272 577676736 529226880 496181504 571497472 640785600 258026496
780954075 675303750 330330825 929647125 40265775 643747500 205999200 274034475 792314325 728949375 8078400 537087375
1
938
267
30
706580875 994218225 491716225 251175925 992741750 225325100 606455850 931005075 575925350 179904725 601100500 551050500 148498350 278002725 688938250 669018350 342266925 459534075 910434525 835084250 150225075 141241100 758182425 406130725 899298400 192116925 888637750 162562400 424774350 319594275
800025984 844530624 478006272 381124224 65596608 833867136 11280384 996727680 834630912 817034688 155222784 733959360 457119936 248021568 11632896 497981952 579089088 677704320 691246656 915326784 277221312 45327168 563901696 603853056 23207040 863683776 153636480 463142016 576974016 739070784
30
368999620 728693933 942378459 875685283 48025153 507835900 247258880 669268886 699534462 835107592 873801071 311623158 375917311 828271246 190483436 677910904 255773925 313046789 346303991 759504427 752909124 165904343 250125777 124483469 575029675 861629615 843188049 690937511 407062535 810955607
554299200 169041600 294840000 884520000 15724800 699753600 231940800 39312000 149385600 204422400 503193600 235872000 114004800 471744000 530712000 982800000 526780800 330220800 982800000 963144000 845208000 566092800 589680000 790171200 880588800 613267200 98280000 746928000 74692800 286977600
26
74364290 790965630 557732175 213393180 334639305 634956630 557732175 133855722 713897184 419939520 401567166 68643960 806566530 761140380 466466910 494684190 116396280 580041462 580041462 171609900 429024750 790965630 343219800 774263490 304217550 931740810
401567166 51482970 193993800 434444010 188770890 581981400 924241890 68643960 750403290 466466910 860501070 682401720 51482970 527310420 796760250 577416840 368588220 44618574 127481640 774263490 557732175 634956630 341200860 966735770 987982710 356948592
6
44044875 734652450 108572625 590924250 278700975 823411575
348114624 9472320 581188608 211713216 568064640 297513216
25
270381207 940443009 754704639 926360466 92058519 581134728 974502021 500769372 957665001 501843288 520122048 68318709 110827956 129617013 674016909 592696650 194965362 184400160 872495328 680625600 459946854 438752691 35103792 621281433 318848037
482172483 897233925 325367436 24995079 833151492 924100719 276581691 33263538 66672867 785004429 169206450 482257311 732384498 735726342 108045549 918978954 401542125 456260502 386783559 143495421 54091971 238048890 157422105 508644822 374477064
