10
21
544313088 682710336 131858496 726010560 493580736 724984128 425342016 219048192 538211520 722798208 404889408 477119808 280044864 138454272 296695872 983854080 529505856 980128512 302398272 318593088 858249216
629319600 276371550 554831550 368108650 686133175 270531625 638988350 971941425 290487925 743256150 237541850 929282900 882215425 257846225 330671250 52172575 988107575 802196850 265078450 362114025 672132825
25
395442432 333039168 236326464 511999488 971726976 776628864 422699904 94355712 228210048 364858560 526103424 98898624 161111808 918998784 248510592 438134400 833443776 880412544 328439232 366797376 713104128 575524224 987161472 126821376 882522432
713012300 77620725 9127300 625684150 59520825 258851775 709956975 688801750 881364575 175236425 684431475 290255875 665596750 635739650 451182550 711774700 988494325 460657925 204784125 239204875 381954300 357859775 632490950 711542650 912652650
30
858620700 24793650 474051375 398197800 604633050 467384400 180463500 455148225 168869925 236316150 271498500 342425475 937392750 680379525 893722725 827936550 717462900 154063350 240948225 670365675 593307225 933644250 261136575 28863450 451908450 936000450 211549275 559436850 715079925 790424775
409972992 698178624 589150848 936249600 264209088 335896704 863326464 19136832 503350848 522542592 418237248 7001280 724728576 255889920 44039424 924196416 269343360 419253120 404371968 180056448 327165696 835019328 1729728 300451008 849516096 279392256 246060672 581820096 407145024 682034496
23
49948292 46197796 42601746 39637694 36808183 48276352 44253754 35921818 45773378 46890211 32793813 31966081 47984613 36852496 37282227 45010872 38388262 49267896 49965451 30871496 39738009 49816413 37613535
47834122 33718367 39355420 41236896 48996572 30775531 39552808 45932622 47189898 33425998 43223524 30401866 48377575 38305893 39402585 36235424 47438563 35374002 47354480 37329745 33752208 32179263 43962661
27
137287920 953214990 587086500 743642900 557732175 772244550 557732175 74364290 939338400 267711444 133855722 730122120 504383880 912652650 82192110 557732175 44618574 334639305 520550030 74364290 202811700 943854450 580041462 551861310 743642900 297457160 806566530
283936380 733019430 540119580 371821450 538047510 46966920 709840950 790965630 275585310 312330018 795374580 818007190 713897184 111546435 334639305 572281710 681020340 465585120 617795640 101405850 847752906 557732175 695524830 956112300 566312670 252191940 111546435
30
2752894 568136647 868403216 778526317 412560519 405573952 70513860 891475407 119202924 689613701 232942060 339321041 663233723 664053635 618236639 166365306 781509555 377207420 185890279 537272421 152557256 31486596 699481794 691033922 55215907 541552388 936621345 102520659 940095007 4923195
769601836 852604656 135205325 602115256 12267516 468318468 423442800 630890464 621723679 3380110 500437506 232225902 444907032 73545762 599222957 840357870 57611996 910447205 732721491 29940802 705402454 33867924 144340743 529502238 263925732 426900989 113935505 41848715 743071448 181373828
30
96247 4607 68877 97891 30333 90459 95283 39012 67352 31157 98296 74083 81737 19234 27688 12557 75206 99943 22435 82595 97690 77858 90910 123 79299 23935 70976 8189 63763 355
97221 38663 47952 74949 30174 24170 9716 40624 32719 67274 60045 94883 61008 70530 76702 63345 42701 92894 37821 68129 9894 8703 48435 85967 98927 62587 8607 61865 16208 21146
27
612257210 909490905 508556020 566654880 647391195 722588655 310448730 860841750 524335845 626154370 20572890 196961320 992091695 653748600 350539490 191622555 451130190 332840620 104683450 225110345 950336550 521689200 223209490 357970105 862051385 865052735 425100300
973074050 133632835 600779320 275751305 722552275 959831730 4902205 792256355 197989055 812001600 969990845 594612910 670210550 855211945 427965225 634157970 609465045 868881730 23719760 518242195 475904970 57343975 123473720 84920015 43656000 537605450 82600790
30
481602696 878117622 106899886 129681518 28185404 25334668 36235570 228190860 615030264 595781940 42177466 356873596 758899294 925606062 792717798 51844894 404562778 490204734 71185962 803459930 119531552 744141490 389085116 831148326 418457898 566155358 202909596 198992246 463287100 194101792
358377360 11432526 956865632 91227228 434659110 66323894 494160620 828324866 429940920 850110146 878378104 749478276 200220772 727307912 124233450 570318306 977315602 210380586 458047340 434284446 48529264 391142098 300551024 162277322 107300598 304673968 213738420 140184824 469365476 897944064
10
468174384 813900228 647936040 50212632 188658672 684648696 562874412 796490676 859024788 77971992
526007388 135044976 458267472 600224208 676609464 289279380 718036716 95446236 333122340 230153496
