10
2
89370248 59590876
641060242 54318360
3
5223670 5023485 9128715
9459167 2565814 9810429
4
493152660 796760250 356948592 594914320
199609410 401567166 48498450 605537790
4
616333725 380392425 987247800 623482650
948192960 321207744 216408192 436166016
2
191222460 936990054
853002150 304217550
4
91633 54052 81323 73227
41612 55258 20716 34231
4
143320320 385596288 971593920 817344
696768800 924448525 562875950 143638950
1
34289158
47636597
4
166727925 307617975 324941400 314900775
388502400 417084096 422657664 959257728
4
516281194 286781495 333528338 925779855
549016468 152044277 9149910 342660500
