10
100
44423634 48883173 33858053 40308705 37181019 34227234 31951556 48873967 33270202 41982132 34816783 32844599 47276781 32219692 35354405 47664311 32353573 31884255 30680457 49017474 38541147 39513614 33538924 44947700 37777473 40521621 40973704 39534004 39469249 40592135 45246598 44383713 35138032 41823423 43829811 49756326 43594975 31885439 47214293 41852228 44161659 47611924 43571329 43507797 35288617 46343089 32750504 30189591 43703347 43990208 35413480 32645484 38792163 36145551 34184743 37732093 49032073 49656293 37716628 49509245 43754793 44760076 36345320 43380116 41599885 44774576 34566743 43112881 49366330 30648150 44008888 36170314 41589292 45482332 47896802 31396624 33929719 44681978 36538000 31565075 43743971 30310545 33743484 30963449 39597196 41040565 48109258 49963228 36207154 34854241 40692346 34659385 31306979 34822800 35863260 46469123 43934187 46607261 39810739 36276913
38708367 32812479 40001680 36022029 32399987 31153113 43289599 34131364 35196734 37382372 44945198 36546534 47335071 40643225 41630532 35895389 47387705 44906633 47680670 34245771 42207850 33827860 46259044 48564654 41373549 41919185 30308516 46915674 31735194 31854065 36416417 43226777 38848799 49915428 42328273 35004902 35360519 43362291 40744237 46121268 33137569 44026781 32923832 33002464 39932547 34255468 36889335 42281448 44027727 47757161 42154451 39010192 46695493 40017035 33822106 32787086 43962351 46591832 43240298 47126292 46287679 41836547 37994595 33602785 46419063 44286876 34880465 43669269 43608770 31444155 34433500 31310383 39847176 39892440 32443978 31848562 30137793 42137774 35316115 48238341 34657873 46525589 30189802 36795621 38702374 44974232 33579795 47197910 32030126 33819689 41199472 40267612 43444127 48636368 41465427 47608754 42454177 47496595 45986403 49256127
88
513118837 159078920 443300858 702017316 189289815 447396378 620331530 918825622 257108852 463416668 316420104 919950801 362255894 286867350 65846781 585705120 646998352 970238841 82252324 638655745 996813972 125107437 133519309 897309028 971770184 999009165 790625836 555340513 758565262 60958821 154251251 349048777 21744632 500911411 5072613 783630419 6168008 502064332 821031354 259718095 739716835 392178644 380373708 767915330 87972885 50601551 107158051 240049656 163553481 990402490 844957256 786639997 125140015 674711895 608311340 350677173 920896613 919635145 146813667 668432996 420837417 975956553 431146639 724646923 377769546 415005360 261055366 560107262 861251314 220401090 738209615 164760141 369646277 188353880 103183795 33895862 324715776 926957317 775102692 379262741 528781617 431094755 901093466 316447131 644562919 191848111 313819506 505827894
568400287 965061559 605695090 784186676 488186699 388297000 698801103 484887039 846584921 178447997 53890408 42283241 847422290 992316962 607971000 452717837 2111655 442655486 167807731 782567324 283576150 202482189 775554637 494316361 967792826 800061548 267042919 532675858 26635609 122443860 277372459 511465570 499138003 299715559 47308261 675508834 193691498 18142740 490609834 623095473 444181661 854846564 298447149 363929566 320506186 314987101 419490708 405363266 569909054 403607659 916421363 375341967 320142823 686030631 803449647 321411860 635711362 7182175 310250017 227167226 924479556 32600645 246124725 57630573 621303046 799964529 294016632 44025410 694251558 335844418 714580295 60619416 182565669 968587529 780291330 318280732 160324164 992953962 202185522 555206652 606070465 441394954 445553680 832814411 241365124 604047587 455005408 55213977
36
1469160 778618764 127672776 367800048 420969780 474014772 101266704 126322812 401563008 417130560 538034112 279018432 131356764 233327556 621177480 858590964 598876740 784647864 731073420 917371224 417596256 505357776 688886352 638970948 798837732 220642884 3742200 294763392 399719628 829204992 412262928 612600912 461424348 469870632 161466228 754718580
692866944 798000588 569701440 293732208 639461592 253216656 464626008 422998884 601640424 448074396 517687632 966344148 936220824 5050584 68823216 689557176 895195224 709557156 810810000 410067504 50827392 483761124 204992172 125621496 249521580 199703196 734862744 183395520 307409256 209222244 553440888 120748320 88781616 140798196 290993472 402738336
33
403501824 210760704 657980928 148794624 223420032 751861440 41342400 305230464 879576192 859294656 342353088 599892480 986287104 602287488 707800896 98290368 927818496 789155136 635304384 538553664 417453696 788908032 132162624 533136384 931049856 454975488 21650112 944925696 858838464 319448448 246894912 629259840 785771712
391623050 150793825 221221000 447276375 172645200 152650225 109720975 289753100 823042675 856535225 196701050 38597650 139616750 196198275 54377050 91737100 684199425 703382225 91814450 734670300 125229650 324483250 84582225 16707600 737648275 762361600 991549650 359716175 408098600 263260725 652911350 305880575 481155675
79
121644060 492069920 142007440 914018570 385832700 3673980 783656630 652406430 498880690 810145920 889684180 887983030 347930070 56312170 280717150 243002340 174357210 438832500 49549010 214347810 878260400 319071650 644289780 272667110 191542800 442312200 446584220 783379440 826470460 475102320 751453140 840573830 384174140 722796980 557733060 923763020 713790380 86466700 803912380 575524410 978597850 679095940 693992530 795311300 438979250 514306360 980996380 925710790 201355740 21540100 239519970 943273860 733946250 470529590 520768690 815644320 305381290 641166360 96635280 690390840 867402450 149577170 799827920 724317610 490493760 900461920 451401690 692185070 935277520 783714500 411797320 240169020 981232400 550909130 428916700 16107090 732197420 507628110 823598710
980266050 581820930 25040620 122457640 796498320 39935000 440192050 878123810 353592340 69204370 41403060 248772560 525990710 808847430 551030460 976327080 694124190 220883890 684029860 702389350 662109050 661530600 740317860 367642320 864155970 997337290 58059730 685743090 229940970 73601210 393088300 16872950 334428110 305633750 529826220 248090 164191410 615752410 821288480 898540770 262944450 658656830 696368190 178063580 391932030 919659790 982635950 699882470 362845420 199334910 101011210 821854430 432977500 396511870 708123820 537414110 245445550 361174920 413821960 948483870 745872130 678735580 157641820 138696210 497740020 680893390 773662670 68813880 330232190 912706650 50102380 395332180 289006870 617273400 554754890 791030590 281382790 361747370 117095730
100
645548 4778931 2691885 1019652 1338420 3334359 5693539 3828866 9042786 7550592 7067951 8154473 5652661 2133665 5999905 6021584 973553 7413267 1647565 2122610 8806939 5629841 8842958 3272106 8426366 7023674 4983102 2093179 2912810 3176467 6493887 6567435 2783472 1412866 5357685 6706211 1643751 2942292 9217290 6646448 8095722 8187704 7408809 4536261 2251927 8403778 8316675 9430807 8767697 576488 1399245 2072448 6864063 3841416 5307200 3972093 4025291 2859745 6131479 7989424 5821860 2483605 8670228 3013854 8149949 5964974 1927804 7254513 7949004 4257301 378519 9647864 6204492 282780 1192241 5496994 6047611 2673654 9203996 6453959 5459932 1228858 1292203 1856991 7427381 2676964 4693688 8643976 2346770 8383827 2505759 8322052 561857 4915660 8957248 3070521 5402197 8637173 3518081 9961392
6843043 6238683 3323082 7727383 5569864 7646829 6917768 8233535 1077793 7544446 5191338 594462 4310993 6757703 4627751 9864142 5562174 1990243 8300918 4301964 1617172 8399698 8532756 2604473 807233 6451830 6069890 4844381 2568311 7809561 8033348 1691167 3191341 9569125 309476 7535566 5345438 3494505 9808364 8121052 9493321 2373531 4498927 8402910 1858160 9019601 7852673 5012621 835737 4813255 4380219 6040263 5593615 2082076 4170040 848143 5894242 8667733 3061274 3296905 8174435 40537 2913158 6097151 9939241 5822579 5450787 7675742 5215631 1767890 2138143 2389177 5299508 8503820 3787307 7026246 5169529 7983767 2944506 3141212 4604294 934223 488262 7196795 8662341 427380 6328010 8759108 2111974 5058984 8548041 6535037 7896153 4935669 6062342 3687182 1853911 3263685 1071049 7380358
100
659068314 462022080 54010470 825405876 635442840 206162190 35098410 983002098 534699768 758217630 780507498 956414490 832489332 252974556 375661974 530375238 576231840 37092180 155657760 409187790 739769046 596459184 949025046 734228004 931138392 431480796 482266290 67896720 358672698 152056194 348788862 176095404 265910610 176175594 678614166 739511592 391294056 339582420 735520272 975379632 572076060 529829262 295159512 729821724 930761160 677978700 83452350 268016226 857512944 906557580 878498838 648668016 152943756 687502686 216306336 896412048 64618104 26859474 447870540 773314488 579718854 366232338 382524810 888308052 762211062 820006422 513625386 967206096 868621470 784813164 60111090 473283750 623020572 574765926 785302410 257364576 404446086 315020958 435492000 791029656 229113840 956888964 516272694 983145756 663208008 454508508 765513150 909424620 646736448 160030068 327503106 142259658 343549284 399876126 395319594 187120884 19093560 922644936 994257834 655215690
730503384 969164958 236038992 194071386 699721854 6066858 712116516 384776244 615629316 732869730 243447762 958623564 730762542 328271826 114658314 727361610 544891842 608096172 434672136 101284554 858482730 112635954 751145052 515832648 508206246 432614478 366854346 99559632 801456228 791897736 777049014 728549646 976439946 771468234 384442998 190931490 36282054 158488290 873990426 63622452 589777614 951813366 539327178 177896238 622134600 938584812 498207516 416790162 407174262 194913828 840092922 135646080 101580204 271759800 685002696 571948962 825113070 980102946 939995136 758679162 537382170 957288408 412114092 449228940 384410916 292073844 174549006 66319542 202635360 702421884 847595742 582087372 131820390 541013484 134797080 307859106 57859482 485562450 270148320 481270074 81541092 368425170 819605550 226019790 441723486 34143048 758467266 651119214 151722192 337263132 94619706 518661516 877064676 726230328 998244912 183927390 953326620 851673366 55045542 316072074
36
950727635 974554308 477715810 372234499 736558966 742326403 421838340 707831397 559088894 674034088 100833018 899234193 430885910 762704371 10483473 888744857 480182612 445073447 334989369 22196713 239460130 700863471 510015506 270167898 112187075 380833453 721966245 741644176 582706943 775452535 344757127 45542354 833643811 190109997 495819324 311282972
966524273 180524071 528641113 872015221 398185424 721459739 978084562 856612757 259069239 848419663 282319037 239055817 454350806 480805611 421470868 346669015 359505783 869751025 951802579 908309116 555046492 289668236 352581411 398854918 25537655 878848971 310455530 305518577 960139180 65594347 855239077 836699591 841747452 728023296 363982801 231223902
100
952 73 475 681 441 579 564 744 975 916 541 308 682 905 82 638 985 543 355 370 85 250 419 505 3 142 74 672 190 522 940 999 907 239 609 955 868 509 35 532 502 423 963 375 683 722 924 77 664 258 526 667 296 613 284 544 431 366 207 458 375 644 617 762 167 952 410 707 87 922 127 542 141 500 774 873 68 101 131 619 896 136 726 146 995 827 634 486 538 801 856 27 304 64 418 963 427 67 560 369
170 521 839 799 981 220 389 369 597 123 310 848 383 336 986 168 30 475 292 234 286 630 277 490 970 974 959 954 646 568 634 246 494 482 107 638 61 406 352 799 783 931 493 530 376 11 58 43 530 77 258 236 658 557 950 895 539 519 376 152 883 312 81 761 721 845 987 371 61 362 791 19 792 189 112 547 168 320 798 205 517 570 109 756 751 838 291 979 181 602 822 139 79 570 587 818 989 843 184 798
100
449771686 253256718 715593879 409693438 674527139 200137938 329327383 905306831 665793128 847354970 507360854 428365847 287364532 925337336 355211549 253018480 57424367 829488803 833983150 778478246 607135144 979303479 498757441 256273589 346650876 294311446 764349495 838690580 485489004 620052356 974783502 410748338 295732255 165295845 407462341 445153891 362929413 322290199 496307812 928981235 312754442 855983898 803311047 738156133 475108634 515471110 772928156 735846683 656727071 243790183 820109444 316349124 64046983 856103391 421282576 692299608 680009044 6707701 224008694 154470316 556664031 520352833 428248821 318069609 742738568 950391715 919539775 320982389 217308637 678056764 923789724 402022621 988804388 785877547 417523106 943765251 174854911 948402273 77213983 291613322 857789933 192970349 974179492 637721084 220386166 213558114 586413828 633583132 566876310 897776698 770271411 315916601 375470942 411959691 631782424 258422593 86436350 517421333 853701121 63758772
752455275 7951944 555062937 645987199 854656803 454862408 543848734 457283255 479320933 234842335 6580343 383002928 385262449 730375828 396891418 939786078 988376532 198549715 323303552 699303143 335492586 433972539 945071582 273730821 669900504 525037282 112871143 360370010 438843559 78666973 480212733 287081795 666688022 559882505 378950264 804848044 1390532 213751846 726385231 554824886 929159140 658477456 161243810 991923361 54354729 518549031 698877179 342270775 537161625 193538345 820853891 903308770 936864390 596419824 329088760 430133704 663719287 364331968 466375637 752063884 137775820 294298543 295558991 254827144 337717380 915857558 908224031 334919431 613235623 909349584 896971306 617183385 499446519 188059729 790406925 111789535 231444290 5618704 395014074 476140301 65775567 986828206 22654863 174937854 235476010 298634427 960671712 10177713 762408010 777161528 646355710 247173234 387495416 193121929 977795273 322816417 518216270 845272351 176180095 92148602
