10
100
7210982 191174 1749517 9704492 8644317 4531347 6843870 2033513 4365442 1429453 6415497 2059287 8630690 7457944 9336147 3920675 681626 6386507 199765 5421935 8282719 8916852 4169852 4771922 9501047 5397458 6785929 1397654 2171133 6059609 6029074 9868920 8056737 4757809 5309951 3061163 6919205 5329591 3014670 9556438 2733665 6164859 7547216 6311570 3750208 5009472 5187882 760941 8510145 9330688 6357845 5801193 4350839 6117477 1855710 9046653 410889 493008 4721702 9933971 7226035 8762070 5278307 2355721 1854147 2118590 8856093 9212465 2304156 4165381 1663410 8260816 908087 7967194 9603283 8883618 8484509 2243362 8648324 8963540 7510767 376949 5908640 3609481 824414 149407 7421523 2125014 3337395 4967840 4753438 2268998 5472072 7043373 7753687 7187927 3024140 3221932 7116454 1698171
9402755 315324 7865097 3920152 3806020 2023083 1714256 135304 1740922 1448957 2772514 9667353 8031716 8819052 3380855 3444878 2008916 8700131 1902363 9351324 9125171 2517761 713521 9788142 9161980 7894684 2535854 5173538 325821 3354428 3161690 9785418 964121 8685084 1032915 7740524 8166601 340908 7250569 8408195 408470 5544722 7470019 3447675 3533920 4710948 7608472 4047032 4195354 7668079 1896823 5539088 1698763 9852980 4383264 9243852 8792207 2645349 461608 7782315 1954709 9853740 4269433 6915679 1690142 3616741 16464 2946318 2583428 5656479 7826366 6545747 7201841 3045407 2021287 5119674 6881955 7444701 6960325 6337736 1623663 1064453 8472742 9774448 5579067 1763703 5853226 1923231 9164610 5770183 2931334 2145969 2895316 4133566 5928388 9938041 4297171 7565143 6745281 3325502
94
950555034 804664315 6810727 615237259 689627848 56050904 367780413 618475858 934376729 79362283 832502671 478470083 684233459 101530715 313008267 454725180 952285719 710696679 25957932 648995893 74111466 174947773 708312514 632087302 548927841 616465850 718149887 81747237 838307162 368986156 875134568 651179067 766840165 787171077 470491021 552558006 464620387 511697263 116672556 338650081 994963970 902676047 875291648 321684506 525788172 669770101 60770325 821449860 388109337 868452123 499883538 379009917 323119797 661584495 556763207 869774451 947094148 21514350 388389463 229972743 45002230 64025808 702602758 122536986 721754033 241354542 701950249 956566897 158044172 826876974 137062211 757986684 707948969 399085302 465521914 6503497 304993689 556276448 41358603 375813900 790461529 839502664 560476553 874340753 216431930 622592971 52883974 4896034 322531209 633654736 914356135 455394368 427959224 59226453
268053093 364890669 495590953 414895404 93775682 279964993 856509368 262456285 911717378 440515075 472830358 627052140 620169550 712623912 133153163 359850764 548306066 116556726 926718331 280809672 343527184 493056746 642022612 867996129 810612088 849971304 444642055 126433879 276562902 833310709 68829838 30713254 542755668 40785108 404262040 547490372 696924228 773452680 197741544 6567253 409304665 575555519 850570721 991026036 93361807 61511593 643067789 467642630 237722849 979150326 479192175 579733609 604847386 266087822 594355762 947519650 980346752 658749949 961683030 291167058 140534121 345378341 399611520 251945967 737678942 960901370 613918305 725010594 248410162 156134902 653683184 73364214 844687415 645425638 593872356 915686317 647270393 312648479 144119404 268888048 577918341 352471812 397930533 177125949 809761238 625542489 299739440 192957072 363626549 243552166 238682444 345770854 292888750 571187760
3
3138794 5718886 7822653
9919879 3488174 774958
93
32241 99035 31078 63692 16893 38904 12150 41647 5197 74466 27993 32487 68852 53507 60989 6472 57850 35516 76033 80412 93113 46273 63068 93795 44064 19451 62775 36557 57427 24230 18222 39362 11273 96145 77107 58106 94829 98977 81259 2182 82397 62958 36367 84581 67566 12259 25324 55503 10150 95650 17572 79694 6688 26942 78731 83071 42668 93760 38762 38806 35917 70563 55487 15768 99833 15032 30299 35871 86332 62594 71811 13145 51349 73819 20240 29192 19607 56237 71567 96228 6025 11802 3298 79509 17415 96757 95293 54905 22623 3686 873 95300 6869
90442 71236 26011 13280 87792 59391 54904 45898 97341 58911 11465 72979 29929 95548 11633 26735 16640 7365 34790 86436 26947 52891 57713 98029 8772 9490 46353 64794 72237 48819 20407 15693 67769 24124 19947 85342 10105 63870 76775 40792 43441 63133 25271 95513 72537 49172 48031 59958 39133 49679 31925 46806 47645 51311 76002 74098 97677 34666 98117 10171 69589 31176 23088 18804 82802 34631 36361 46099 55892 94360 48650 82052 19359 95743 57026 63463 99050 64279 83698 21037 80386 55340 26545 19039 57000 1887 68712 94647 49295 25733 38199 88740 60575
68
592489706 948872010 919032104 64294656 989390848 383184346 372962568 230739296 796814154 448739912 748323924 316981174 300348856 851971850 83153174 354809382 54437538 637820472 919962166 97629950 221239496 211862676 778347656 69788596 912963924 744377480 484898250 474435560 919809236 991682344 182298530 664572000 32617536 122250030 196057752 292572680 158906874 74604538 875468580 465799928 298363082 330587290 260198048 695726446 80595680 809943740 195027536 179977936 687189202 33189822 533199970 288736428 368993956 290504096 756185834 88309690 905130172 46055436 451335908 69716694 772002028 464568662 320461106 946300424 876935018 679433592 341921700 476946302
263749592 856026898 21782508 63360652 88384060 522330736 649814182 289259188 271617544 643585158 972175446 465253528 43638038 47539690 394956906 557312266 838750882 3214306 45742646 120920062 639415896 805948246 661852662 208876948 850621766 712785882 483627982 694992144 327769830 211699880 236978376 981024738 788001302 84192160 121169372 742428832 342713888 736371278 213224678 877017608 920874932 420695270 550084006 197923328 157966314 514001726 774794446 803722902 798766916 391432668 50719470 570866946 271192742 273213160 96806276 208503968 592663652 193536822 491526132 139985400 956322612 384231742 687414408 537028022 994486072 484845092 114152314 295589810
100
148728580 904113210 82192110 317026710 137287920 628716270 981608628 811246800 19399380 44618574 971110140 141968190 367447080 429024750 334639305 743642900 847752906 682401720 730122120 67897830 387987600 371821450 401567166 798437640 297457160 176125950 267711444 111546435 689559780 603663060 77597520 961015440 246576330 187867680 860501070 120126930 111546435 481410930 611080470 127481640 170600430 979668690 171609900 588153930 780825045 931740810 509926560 111546435 401567166 659578920 23483460 111546435 297457160 85804950 121687020 182530530 82192110 904113210 249339090 966735770 587086500 459308850 640179540 378287910 780825045 148728580 533482950 594914320 236215980 401567166 566312670 509926560 918617700 118107990 490804314 385342230 243374040 242492250 152642490 514083570 780825045 334639305 371821450 481410930 796760250 148728580 780825045 101405850 334639305 611080470 422702280 713897184 511801290 547591590 847752906 601380780 111546435 344779890 385342230 334639305
51482970 116396280 339489150 135795660 995337420 344779890 111546435 484984500 727476750 527310420 358888530 956112300 44618574 780825045 96996900 813632820 764889840 91861770 111546435 490804314 514083570 85804950 191222460 74364290 51482970 326058810 634956630 371821450 713897184 973496160 831527970 484984500 828630660 987982710 127481640 344779890 40562340 320089770 393693300 803134332 520550030 257414850 334639305 789405540 966735770 978176430 535422888 68643960 387987600 780825045 356948592 780825045 557732175 656155500 761140380 743642900 111546435 490804314 70450380 535422888 26246220 981608628 209969760 931740810 234834600 535422888 326058810 840888510 486748080 104984880 987982710 371821450 628716270 743642900 803134332 257414850 360380790 828630660 637408200 750403290 594914320 831527970 634956630 780825045 608435100 688677990 74364290 774954180 486748080 811246800 111546435 587086500 780825045 148728580 111546435 184294110 634956630 758515758 74364290 590539950
99
88559 80518 63584 22860 63611 49980 7109 73978 13106 52897 23419 83437 69649 41847 23889 78662 44217 35011 70650 84750 40302 82512 88428 60496 92889 64970 71457 34653 19399 65572 69977 40391 18152 85171 9654 71431 41521 72080 98143 63608 74202 62842 10110 51129 99136 53905 30018 88334 25028 95036 17085 45695 1067 46532 86567 7992 4508 41687 41497 63079 17541 5639 34419 61826 32662 41800 42647 5246 80484 88693 71499 27833 22792 42603 73723 68465 39838 29388 10453 22666 47302 72286 29067 13773 68998 3529 82388 30659 81061 78077 31564 89342 21074 23145 42255 67568 23195 55525 88834
51762 81815 56650 57994 93311 40956 64628 42322 15510 78441 81703 72394 19099 27678 73703 27395 27318 63583 68638 24948 84083 73749 73818 86200 69921 24108 44077 4205 40403 88470 85995 61783 36482 43111 58511 10203 53608 38263 30422 5796 57927 38051 46018 8577 78656 44684 33657 11045 28316 76950 4228 52294 52967 44779 57712 49695 14128 20566 70960 64014 81482 43304 3865 13174 94158 98454 33060 82718 35382 96792 5072 15920 75780 30763 88318 53307 38777 20625 28019 66354 98622 3180 25497 46250 60127 27239 78558 57600 94795 22669 47892 99633 39125 13519 17903 40224 48598 54498 49834
94
93160 61477 28744 58077 62469 92562 15246 5685 49746 4341 71653 69339 57057 12819 40587 37228 84536 18912 88368 97496 92818 82730 41368 59077 49915 94031 75162 91788 48120 77634 78244 90683 12572 25130 24820 27729 58356 42243 60160 84582 22460 17275 37423 80672 84839 68149 59038 37247 63772 3690 26109 17970 38739 96131 91247 62015 64028 47680 47661 62783 793 54100 36323 77855 94111 64103 59025 52481 63288 57139 43788 55193 55396 92295 59227 87216 13683 16647 49594 28453 85453 47050 3546 97831 79914 91195 67231 65020 12346 96632 31297 87133 1631 88374
89388 70935 94798 93883 89056 70123 44370 33762 22577 61679 9320 99515 52711 88684 99716 9385 88863 94910 73963 93474 65481 2167 18038 17074 51305 79612 24694 29176 59958 22342 74122 69511 32221 37762 49898 26310 5055 14737 15872 24785 44239 69961 84810 98038 28181 35346 28186 88121 64398 89867 51734 22161 2249 23362 92920 44680 61931 49823 36302 6238 71181 82650 47163 72167 79673 95040 58260 69577 41008 65938 26788 19359 47110 25894 59049 8793 8644 59684 20757 54745 76518 55626 75918 68535 60347 20841 91598 99454 30280 30694 2404 10508 40676 71290
97
490804314 924241890 656155500 520550030 286833690 350574510 52492440 828630660 610569960 240253860 31870410 580041462 20281170 818007190 164894730 863272410 770684460 63740820 202811700 202811700 334639305 101405850 516636120 764889840 89237148 318704100 148728580 973496160 872972100 394702770 557732175 580041462 695524830 594914320 818007190 44618574 44618574 686439600 469669200 497668710 63740820 803134332 334639305 780825045 591681090 401567166 425904570 95611230 605537790 538047510 834173340 805074270 371821450 520550030 918617700 324498720 520550030 956112300 334639305 966735770 148728580 557732175 258318060 860501070 780825045 310390080 243374040 459308850 594914320 780825045 656155500 961015440 943854450 686439600 378287910 275585310 133855722 800509710 455885430 356948592 987982710 803134332 371821450 743642900 254963280 966735770 681020340 563603040 371821450 463346730 111546435 74364290 727476750 371821450 594914320 733019430 334639305
509926560 193993800 875210490 356948592 334639305 121687020 148728580 772244550 577416840 978176430 267711444 63740820 692762070 879248370 111546435 19399380 780825045 608435100 978176430 966735770 89237148 297457160 111546435 541796970 334639305 594914320 382444920 717777060 314954640 772244550 297457160 267711444 995337420 38798760 581981400 286833690 814773960 971110140 795374580 758515758 831527970 656155500 758515758 371821450 334639305 562582020 520550030 528377850 527310420 262462200 304217550 87297210 334639305 466466910 35225190 535422888 774263490 789405540 509926560 111546435 594914320 486748080 20281170 178474296 44618574 831527970 371821450 780825045 557732175 629909280 998047050 688677990 780825045 407386980 178474296 541796970 780825045 17160990 567872760 127481640 701149020 932933820 746876130 803134332 466466910 689559780 514829700 961015440 538047510 68643960 20281170 611080470 557732175 966735770 610569960 312330018 839879040
95
32931927 37093785 41266524 37005096 43299097 47095059 30608285 49786720 35216962 49306312 45918505 30163593 44190970 33546910 46423562 41245032 35150197 35617897 45686879 44921125 35232339 33338815 43947551 34569845 42524329 36888268 44061980 45285073 33713024 48448064 41158833 34129707 37232484 47114566 40438406 36356705 46940435 42150469 38082879 37519614 42549401 36077337 32367801 44657620 41746514 30211382 37917821 42846102 33970116 42621717 42942254 37603618 38424282 44396544 34319543 34787637 36462596 43561653 41887300 34925088 30398921 37306558 39879929 40719632 36818512 32026771 45494548 37014173 46479947 41116975 46223322 44291142 47196875 34944381 44870546 38599166 38441820 42150925 38644696 44197714 35122489 30357640 32553618 31095597 45694584 33459270 42267739 38655415 41865595 38419952 39471585 47506238 33892868 33364084 31912247
43079441 33731177 31458964 43616608 32157419 32352361 40195120 43121292 46078667 31696978 39806978 31170361 46889897 36400893 46029743 30868531 42933437 49092113 40639637 37662570 33278849 40823453 38945710 44294685 30561408 43456327 43839102 32772715 45115740 48569810 47855642 40381925 32417559 46866145 48250743 46291516 30726630 49396288 46181720 39882897 36906598 49216348 40259385 43185074 38900889 43376625 36624625 32450095 47348649 43185520 43525627 49458057 35246192 32027445 42289009 46241119 39297426 42812293 37725921 42283226 46859156 36851735 30259882 39076903 45440234 38330115 34579897 46991927 45901725 34206377 41502780 44567047 32817834 36001581 30102830 42301774 42115802 35300325 30567011 39428270 33982681 47953048 40895114 44823447 31203179 36959614 41875115 30835048 49350003 37140185 42489115 44059300 41049164 43048052 39426417
