10
15
405623400 472431960 622311690 286833690 803134332 772244550 557732175 943854450 531990690 787386600 594914320 382444920 297457160 116396280 494684190
133855722 811246800 380570190 520550030 58198140 301831530 318704100 275585310 936990054 87297210 343219800 790965630 111546435 89237148 308897820
15
569651410 808559358 253651575 128806213 622895501 610847568 796718150 15785521 961411823 724844002 865061435 538717081 831315646 351672301 543868668
696208455 895474817 294889078 686062392 663380525 77596296 80101803 331793625 727928339 419006768 378207522 463485719 647239437 428574001 885758742
15
498300957 413884380 724409686 597385789 499130863 638501864 273487942 204909551 374025652 50432200 672250397 109443620 399742343 115735620 638846978
699498371 540418593 706952939 25239214 472515901 522066545 710036756 405502734 773938022 512687175 824863494 696423819 194854660 188563375 753391210
9
796611585 798923840 700553425 41638168 171832661 287799239 559404846 81489177 559113170
685766774 354833248 997947566 126932897 952803709 137623772 393080324 142266982 601208179
4
184396608 719661888 633403584 285062976
895596975 704117050 920194275 513836050
12
22434412 405824510 16515772 70323968 693855162 967691725 764423088 679245336 590679089 651879943 410812038 135377528
26150488 893333595 16139409 158168010 873081937 1256827 217235018 574810236 640623291 988002158 592495475 249920944
11
207399150 20402550 693579600 904780800 403954425 988238475 155803725 194011650 584846325 798430500 290187450
908711232 980865600 127505664 336885120 468921024 752239488 766571520 196200576 988416000 26302848 354264768
15
645055488 530304192 724832064 158393664 600139584 829166976 949563648 670868352 319106304 764767872 136268352 632567232 997805952 966917952 46835712
259315875 204822800 237657875 731305575 319223450 534604525 451221225 785141175 871850525 766074400 91079625 345561125 923597675 243691175 979869800
1
34594560
282172800
15
14541120 205210368 954828864 335890368 215056512 511733376 887616576 554292288 408196800 824148864 137218752 187228800 180975168 512778816 564746688
503393800 858468975 703420900 382457075 685437025 180728275 33569900 520952250 297101350 229729500 123914700 940576000 336472500 582677550 169357825
