10
29
313730982 385296564 414909995 910309314 202193424 399707955 2770878 678499303 104256845 518155217 748806230 26164324 780144130 376473927 243051367 192869712 50488341 266639280 879615211 700029803 182546736 40076556 766854623 463467158 915023681 387424701 972874945 682634838 670375677
526712589 630864921 442779222 585332312 456336806 231422189 577671394 622870286 690718232 217590091 687664493 650247454 76559702 250921667 49643275 40318281 796716857 222083306 272234231 91884440 86419708 859235288 31813391 678326739 874460094 712210090 143414355 788588043 546303748
100
417 37 546 101 76 188 845 362 79 465 854 186 88 935 318 243 59 183 114 935 725 292 299 163 569 758 613 513 958 215 352 526 399 425 506 461 922 526 643 434 866 190 679 440 717 996 64 883 790 890 41 967 308 904 804 567 121 369 293 799 44 895 717 195 256 81 992 77 611 236 199 634 655 535 783 534 68 150 199 20 988 432 926 807 886 665 891 228 700 657 820 317 141 634 840 143 203 230 196 501
301 959 841 595 399 573 156 164 165 660 70 76 804 147 610 423 282 446 353 936 184 277 889 467 271 402 657 20 976 255 423 813 290 806 362 876 281 23 256 202 89 838 690 341 103 954 811 831 888 135 525 437 239 941 308 657 812 870 528 897 88 556 343 910 386 185 785 389 421 541 123 169 95 484 812 295 627 69 667 872 120 196 127 883 632 257 117 576 555 831 982 302 337 822 902 870 59 745 742 110
87
4317747 2861464 945679 3540911 6018093 1296648 4943706 5142893 6296777 870097 7941675 7984390 9878143 481712 5923372 4087290 6727373 1916039 4763340 5385132 2616370 1482588 1044413 9808739 5323828 3469655 5553655 325836 6324954 2875720 9928755 1724535 6464050 2241311 9757681 8358741 4829644 5340402 1025139 2953281 6874685 3583226 2651840 2792948 5215006 7024022 7905057 9585935 65931 6789446 447015 2641684 3419044 5460530 86819 8600173 6631311 3174049 8694573 536804 8274932 7739138 9560734 8487978 2391551 1502054 6327958 2065232 2302178 2521092 2510966 5715281 4952528 1002164 6093543 4876166 5584515 9081204 2393809 545968 1816375 506726 3723365 1693810 3979181 320720 9077652
3305043 8132137 1497242 6111637 5813825 1933172 4489044 1757411 1591945 1196122 2277038 7774525 4017760 5495981 1938430 5840164 285405 5718849 2111165 4092256 7167740 2947054 456458 3277820 2367517 8128913 9468582 7736005 2858883 3640843 7282806 6674127 481750 811073 5867140 1942896 1341601 1412762 9146878 5141570 1138388 1213444 5504950 3135526 9333827 4747887 4415648 1888188 1534630 9893072 5265367 8004204 3263255 2310175 1971353 4845024 3596183 9786842 3024582 8708487 3407113 4828032 8195556 904340 5961268 5253143 3148062 9762812 7901126 6521383 7268801 2510332 440268 7863100 6626494 3270801 1079867 8310887 9085227 7061246 61290 2696509 3125313 7331146 2485654 4507095 5011039
63
24017 42662 86123 32163 19276 44155 1795 60175 83243 62249 9435 9871 46649 10716 80880 17648 88130 71302 25791 73383 21813 68702 43786 9259 55881 20732 80186 63289 29013 80670 78199 10095 41782 3463 67058 37009 87693 61018 27356 51271 62686 57667 22765 90652 79890 70607 6814 76128 758 39951 76750 64391 40954 9305 65793 36745 94259 52231 25916 55264 19897 41686 87531
8301 23178 43847 87547 80851 20869 14914 38240 34714 50831 87630 99024 28173 26770 60858 30726 92253 85849 27608 70816 12220 97845 43228 46178 71202 20251 25826 59089 55468 83908 32005 12568 96024 27723 53512 12966 68362 75571 38257 38830 32490 16350 50921 29094 43555 51511 81150 31625 55270 13801 42209 82549 16069 10950 22760 31277 52792 56929 16717 97816 30364 66708 4013
4
167929944 687678849 238320654 462503496
741290550 262268435 432709823 290573129
99
33367937 34327575 42080115 35885247 39056398 42656323 39972882 38691864 39206909 48146486 34316523 45944132 34238609 43024970 35785493 46745885 47214721 42866501 36374363 37177063 43751570 43494409 43988324 34595506 49868365 49105198 45511342 39453220 49147011 31059826 40934840 31521427 38829213 32066525 47549780 32699701 38230996 44903469 43711524 40655644 31632146 32135546 41344484 36074041 31654741 34637058 44408842 40965338 39468916 31272643 42561902 40780494 38673037 36794009 31679147 48679708 34172178 42546487 42086378 38312147 34665769 49100397 36364331 49339688 37289709 42852010 42381291 48332590 32125573 35938770 48119115 34191863 31806443 46119906 43182250 37684888 46920968 37684509 40973160 39688966 38931605 47325159 43218835 44793326 37862393 37198338 48597983 49015008 49787983 46791073 40514418 49033131 49387115 48068444 37614746 45065399 48260675 39460097 47915213
49575006 44670422 34779224 48922794 39816079 37915594 41550182 31234385 42435004 33769437 34695177 32265523 47107025 41172284 32243750 47002354 44515820 39951794 37168178 32690144 37011523 43312438 40442359 46770820 31587064 35421291 38902689 32433254 37492380 37013319 45328667 46318058 41396156 41716022 37198026 31253429 33541971 31356431 39149648 46145342 38902758 35336025 32633264 47058730 30358661 46065724 37844395 45682379 33262514 45395281 34662129 37497368 44773947 38327782 32700022 49976437 43028721 38089580 49560197 39228831 42301718 36964503 34524635 45221389 44361671 32127279 48503169 30838162 42241630 44023753 42885381 39188610 38779251 32836420 47801162 45947160 39826827 35472416 39219640 34141565 33849981 32825008 43366284 33481424 39970625 33979905 49618241 42397622 37234606 45891530 38495995 45814181 38221691 32029051 42871269 48017028 37149761 42947217 36951539
31
328270838 662195394 80467576 640223724 590285164 819776762 697568284 164511956 934138226 997639496 709988272 337730988 101113040 171420872 281118250 757767360 586013190 220869586 70569898 630921956 857579800 895991292 665911680 496347152 131088692 363631240 473098038 343029876 474685890 899903914 101188696
62806800 211570912 97371218 880987758 453265904 785002078 443390724 8432858 299430292 982544696 320643022 852913432 105237762 590296868 178551702 795017314 57931874 151860520 328077428 357372484 423348352 603807736 965753404 734457276 203745948 763229824 530541774 715873956 388919524 427650342 685440196
97
748784523 183441198 178011456 950339913 540371922 114431880 227070735 870627885 215103099 722696313 285275715 536847387 447677469 328042566 453849549 990707880 752748909 264768537 644899707 599318793 889828014 984307110 408755574 75735489 892321101 896909457 173089731 132612618 507861327 500846601 980730828 989993814 473753298 144620082 429069765 825226968 426803091 518945187 655457871 528437502 878752878 993899775 744440799 409294575 152274132 589278813 750158409 642225684 382172247 895357134 678123576 115722126 36075039 849066462 984715449 124549050 721361529 344499486 586989231 581930922 953042505 371671959 51714147 959936703 216950415 106282821 861346026 85672449 871286757 179783850 72859077 665477061 14946309 795991110 52234317 443994897 87481668 700849677 390437163 976448295 428348433 661531890 548970999 34705677 18425979 232463973 138833043 301457664 65229225 269853135 928751307 580141563 550546785 724663836 35893698 294448428 399266685
962279211 190759278 168532875 274698111 802767711 839050806 645769539 668317695 425436432 548515398 816941376 720664626 107613210 694725942 759621792 560048484 483404106 779281776 156202575 485243013 202904565 372735939 439393380 110213019 553541985 122537175 108470199 130618704 809618010 837513381 565302624 273480288 216727716 965509140 15199284 869996325 40407162 39864408 664930359 51908895 125392410 962874513 93366843 23820375 307245372 593726760 368949057 171410184 6845073 722291568 226639884 475012857 218426187 241066254 96753306 538165527 686406294 481846158 537382305 134066397 150865173 414028245 954836508 39158262 99900012 901711257 398851764 500409243 377394879 256498422 308109666 989030430 634776102 414043626 669998274 685145724 186563640 629000130 571069380 931106241 152359308 678123177 45754119 193745049 11110191 688000815 442793061 535473873 106566696 373290426 848005239 612163272 998201094 669583878 35118618 170304255 337238343
100
452927041 39986009 100226616 315179207 276898454 989956912 445270147 944311613 385627375 523386066 99818740 877869755 986679561 183805580 23483082 101999373 391476267 593371884 116633748 130488757 744651103 257528404 657825399 798095753 11742262 310023700 489327216 21110943 69856437 261680293 851221707 920752945 92953133 41719356 576271318 914946893 553999859 111735981 90781222 300871844 970645970 998790982 101691800 226532866 691161527 189958615 962189137 55027805 648529833 546129507 720563403 215454274 960949962 107361443 881576437 573989472 531273001 835603790 267819405 553076174 559454434 850943513 243214391 864497725 22013467 19214538 421321348 87028067 579095650 972363 699962760 183290401 835422119 366696869 400655164 504403046 191229024 909458410 212889985 701677753 48699168 575601747 148128750 546287952 376638234 334179888 363418839 236036045 379957949 340320113 26421143 125365968 7770329 717066567 986204443 396190102 370828234 113585822 497686 602694862
677991776 817307190 318204950 800172842 533691900 256005141 785763216 905538977 269007039 408539817 276606680 738112585 568048124 733935307 643556277 257633446 196398048 944803531 576197370 904102829 22336244 815986822 432604221 843759546 75575885 805160454 943208168 542979276 511218414 255856097 404746762 990742410 451356850 412674570 296081849 117647733 410017517 473093635 835978913 382898572 431528510 479263120 927387951 70357672 974842932 766487344 693090804 241198594 899774176 670042660 717664787 456038933 133726565 431435732 428703086 991053791 181395235 270198222 284260774 605959620 573445453 70946806 31804542 474093809 773116533 398595946 711139877 893128439 501712869 130441577 307512254 130081735 492386559 704055989 182218309 879071662 277991833 209441120 541188214 630709548 207412212 516258316 743784916 946711073 146282416 694903188 165537960 189450121 953385139 573942446 904305423 612509709 930706581 457724575 972617464 613929806 211095052 175354466 397530924 93202270
100
155025871 169507338 353782121 352595334 487879821 47332131 304364515 583385957 931448700 817764090 719703908 262406781 325340730 308403953 926364901 866312265 542772923 154452837 696724413 694482334 337203636 98608874 734050174 134198064 556350795 382902520 65578877 622403320 394234386 400536422 465995530 805127323 136541405 24178726 212345980 451332167 700142586 661640408 48284522 964740140 432237036 484071770 248939262 530441548 949345705 198710603 476257782 781814033 796630744 610394928 480422397 597544220 318687083 738471734 538328791 875070196 258719175 903464562 428400973 858769912 272027217 566143214 469194033 72979368 565786221 555157603 208967759 325510458 194331709 635614343 102912271 252418023 958606880 27701245 988127686 186529525 141590603 37129092 317661575 829250786 517715926 127344217 517576696 837914649 167168820 330499312 528260733 202631143 787923136 750067472 795352922 129917502 588416920 734050548 536855410 442873431 143090717 368791423 352276771 333069814
560984853 822642821 850943093 578614036 864638775 844497423 133671538 131964217 517319894 417518101 753676742 950387295 465120425 560467050 722799506 401272641 579863999 123693955 858962247 622625289 196965769 58424597 160099030 235219985 597724556 341448723 162569407 138560422 285666381 431663694 373953580 59476417 116537278 748587840 239133356 206729809 91744835 232552775 612128231 649162085 570983182 592408180 236443922 640589257 377018928 739020464 718889353 744333304 615867109 925718255 93062879 979508244 618205731 848557567 825917001 61451481 296786204 183633541 925686125 373235170 462078309 843612539 691585466 743417752 147892129 360301942 277528944 51818312 63000028 898966222 769608411 649286066 667896229 306862699 656539065 130516386 901502316 588061110 387007907 76943139 728828100 374709699 718578861 70051254 503661873 311525578 143280046 843050026 189724964 456966664 985836137 71273741 143842083 485465838 228120178 996917383 650122330 771383228 247145899 172456823
