10
50
935137760 646662560 32567360 320163520 214828800 343372320 846515520 225666720 989638240 386241600 495864320 424876480 459780800 806690720 359602400 81868640 491608480 705365280 427331360 993797600 597865120 904349920 5992480 817507200 586587680 490011200 19606880 964103200 579801920 242186240 457604640 820873280 596750240 89994400 81879360 885364800 503968640 289407840 171423520 373731360 593823680 533813120 14086080 55754720 630411040 761698880 603418080 317944480 187321280 610461120
778046880 55186560 699437120 36533760 882266720 553109120 653073120 413792000 441824800 942191520 267764160 66624800 525944640 544929760 366398880 844017760 673569760 275139520 532762560 357951520 530393440 31098720 324976800 933186720 791757760 111584480 647220000 156008160 523639840 827069440 320528000 264290880 151366400 867998400 500409600 340831680 370826240 793440800 501052800 533448640 43308800 950360160 22147520 914555360 758107680 32824640 646233760 943820960 873283360 570636320
50
91888 82761 2550 52426 56255 58178 72962 46686 20120 64416 45841 7283 55846 21724 99599 146 2870 23472 37227 4488 93912 17242 47800 33349 50340 40477 20911 37246 22707 47424 6666 1004 962 18989 35211 31242 61906 22579 62323 7610 52362 91013 48939 72033 98452 51417 92159 89190 75804 47849
86782 3128 8340 62901 55995 64517 87155 60255 71279 33187 93137 18926 32213 5515 61324 61803 8076 36313 70758 60007 10553 52269 28773 25524 78850 53581 4561 6631 97748 12865 22650 45628 57501 4085 32624 83442 24531 45051 98953 26539 4844 1126 51039 87885 65795 49296 94542 55620 33978 68981
50
10 2 9 7 1 5 2 4 8 1 1 4 5 7 8 9 9 3 4 5 10 4 5 9 4 8 9 8 8 4 4 4 6 1 8 4 1 8 8 3 1 4 6 10 9 7 3 9 9 9
7 7 4 3 3 5 5 6 6 1 8 1 3 5 8 5 5 1 9 4 10 2 2 3 7 4 3 9 9 9 9 2 8 6 9 7 8 4 3 2 1 9 4 1 10 7 1 10 10 5
50
59913216 833291712 145354176 673548480 792956736 224465472 145107072 178770240 142731072 504700416 804589632 589799232 481624704 90154944 993757248 495063360 934471296 928274688 881572032 534638016 917649216 631464768 481662720 251513856 667313856 782711424 243169344 652544640 563435136 388504512 958516416 457161408 469782720 663797376 893604096 504339264 10606464 330872256 193843584 654692544 798374016 688317696 567959040 720707328 760281984 293977728 718046208 328059072 791911296 579858048
5878600 235994850 255022950 61957350 348075 992207125 56542850 196778400 672674275 725388300 153578425 803318425 889834400 931912800 360296300 605418450 58051175 346682700 319687550 33183150 206756550 858623675 3403400 762593650 894707450 822965325 914895800 235182675 26685750 739233950 500145100 752228750 957476975 533366925 786417450 489509475 556301200 325295425 674182600 611219700 201806150 304952375 754201175 284764025 331560775 172915925 520024050 62034700 882718200 125616400
50
1 9 1 5 4 6 2 9 4 5 9 6 6 9 2 2 6 9 8 7 9 3 3 1 10 4 2 1 2 2 5 4 4 10 1 1 8 7 7 5 8 7 7 3 1 9 4 10 3 10
6 5 7 6 5 6 1 7 9 4 7 1 1 4 5 3 2 5 8 2 2 9 5 3 2 10 9 4 3 6 5 10 6 10 5 1 3 8 8 3 9 6 10 10 3 9 8 1 4 10
40
574558331 638306465 203018263 843538685 178036882 688195650 600874080 75102981 481378592 977981666 59634515 692875207 63194869 318565571 866456920 836838693 140202043 798253479 429122224 767378164 530814286 859520120 965213216 888835414 613144051 682769536 210364946 365158718 459784168 920629464 412224630 314647889 798913464 953485907 608799213 690256013 192705293 313147323 177439319 864288779
781265840 897586661 998526370 375957931 150412686 91512055 992488502 390115489 346294670 22474243 846048169 920687792 286028 988479855 518996748 371658104 32976342 580597188 352106310 335119706 963066143 459640510 660674333 83175912 171656590 1568853 891337722 974712124 381580649 508414379 515877166 600304876 711308557 548326463 448161394 274256830 627898827 36013078 810479106 55047924
38
2633628 1302774 5366446 2428352 6585413 3366023 7152683 6483344 9516510 4060632 5189486 9235614 3463719 6612001 9643888 855723 7553651 1235278 579582 2572910 3294889 5104384 3628346 9972240 3243333 497673 6026776 2017585 8250582 2017907 3182305 5407073 7154685 5632377 7288499 4359463 1279604 6853004
9425151 929662 2438533 3056208 7908234 9595219 9749774 2655772 6513773 5949960 985604 3612158 3689621 9668596 6606188 7045045 415555 7934945 3261156 9120821 7825933 3141132 2591000 9628966 4869979 4693929 590286 825701 3087083 157660 9918171 5646722 96078 504129 8832555 2805696 5428841 7280997
50
73326819 885973611 990088230 494129151 593204409 634013205 594483441 984987576 561928950 979327461 106823280 166224309 523419696 10957383 250847091 190839942 22197987 732068457 613844850 135300678 182156511 516396972 985168380 257705997 26136270 945930546 97457217 551757153 859731903 514448214 990919812 358047705 501835416 50289465 3127725 502235766 704460189 666693162 716812473 606422841 631164903 999851322 533666892 580252326 187844337 618596541 985906707 852619062 200061978 740138934
777899631 226532580 886576650 339645291 682029000 136596639 168572502 662139612 723058728 751850964 505869027 30892623 984079041 817356279 348100479 280144563 269144397 677170152 997973829 138137925 600238518 28078479 309050424 138309873 20288880 862312260 912277167 364910052 338994972 247737195 56602338 381778704 519358440 518843865 966322785 907364238 122616609 755944290 602816928 876086856 934075326 223747407 164234598 582461787 332226 319661301 536578134 335342493 839706573 711277329
50
513873600 333372736 390292608 950920064 127589632 283807488 280732480 816472320 549738432 111898304 243907520 862321792 464897536 421225024 915443136 753272320 780896704 471973632 961552256 228392896 167714240 470374656 612116544 840983616 941221952 224687936 786996480 792913152 328841152 601766464 231681664 589135552 1994816 338268352 678147392 178708288 216468224 129150784 994080000 528739072 371018112 773511360 562560512 645714368 899659456 402943872 26883008 998299200 871797952 537735808
769593825 999323325 45945900 528377850 333107775 206756550 666215550 528377850 275675400 218243025 160810650 505404900 918918000 229729500 436486050 872972100 160810650 712161450 470945475 597296700 987836850 987836850 195270075 91891800 562837275 941890950 574323750 321621300 516891375 689188500 712161450 689188500 769593825 149324175 677702025 872972100 172297125 654729075 241215975 459459000 677702025 654729075 137837700 195270075 792566775 643242600 631756125 804053250 310134825 758107350
12
604552648 446788552 153679015 394677633 426479620 513102723 339025449 478145045 544149928 660202522 835788898 738624026
630115200 315057600 840153600 630115200 210038400 105019200 420076800 735134400 525096000 420076800 735134400 420076800
