10
100
789402240 686074752 999896832 71717184 257102208 892615680 149745024 37787904 244651968 715233024 367937856 42159744 505992960 899458560 408272832 876401856 811907712 443760768 230852160 171566208 394891200 104258880 416218176 12260160 90345024 115511616 115720704 956843712 644770368 636501888 73446912 682292160 26763264 47919168 942568704 255885696 233304192 514394496 960759360 239424768 463985280 85041792 190631232 349842240 385748352 920614464 796454208 157842432 402380352 666648576 140868288 858230208 544332096 712400832 327583872 987959808 542298240 701243136 760300992 317528640 885810816 91789632 99944064 528403392 491356800 987598656 137028672 459841536 211673088 710899200 288275328 194204736 26021952 262025280 112109184 964960128 544940352 27732672 441574848 626028480 747432576 445604544 739278144 896208192 379285632 42102720 566609472 190707264 367652736 242941248 671286528 356247936 101521728 239006592 171262080 547563456 621770688 976973184 217565568 880032384
179490675 369887700 867286875 522112500 746079425 642778500 459691050 349815375 304062850 762941725 169667225 888094025 377777400 885270750 251812925 468199550 294974225 899851225 251774250 456210300 686713300 912265900 426933325 208419575 393402100 852513025 68338725 739698050 440082825 816661300 782627300 203739900 298571000 903370650 863651425 105737450 407557150 981184750 643668025 980875350 880359025 881790000 241022600 369423600 242569600 553245875 218475075 950360775 11215750 322626850 112969675 635546275 95875325 663005525 252547750 119157675 981803550 891884175 166998650 189623525 497167125 928238675 820683500 397772375 768549600 594744150 974029875 972985650 265542550 800843225 79361100 847639975 785876000 52675350 929476275 553323225 589097600 685746425 969620925 403960375 935973675 147081025 936012350 817589500 133467425 980372575 48923875 370815900 479840725 474619600 522615275 873010775 992671225 856999325 649430600 708100575 215613125 882099400 973179025 403612300
100
875778358 868772828 248594060 390798499 358351994 877063915 400637237 737620884 803071126 645630986 610581741 346716513 490428631 478635612 937255781 326532668 459144686 781898425 433645212 194235041 546695435 980132076 600479880 194004811 127109136 144629485 334504478 803090574 154388696 315989674 315885262 479304826 637246071 259167363 513547034 442875433 695345651 254260279 57345288 869581713 501379164 269574032 864942078 333853429 556502947 249412933 539313775 228467811 809365172 15004353 631532473 28108990 577262686 220724413 199145947 978897920 486588960 796936140 848529500 946456511 696850791 621244481 268186373 529931259 780856648 516859959 619669414 423692360 848070993 361076716 647282174 717799313 841869886 581796644 188628583 1043273 18996208 713349546 250179072 31441410 930909980 463963269 58241337 706655235 102814283 990329067 476601664 194285520 475618962 285178179 388189186 541588278 549099694 653092825 20950358 398417712 144261117 935209457 710303503 212034914
565078657 939575091 942455605 640216005 102706758 619964891 683467694 704887898 717619045 666396549 892625734 548534987 768594463 985492431 777862085 476029631 11702460 33805044 443165723 490703213 905773022 191502311 903575673 667617951 513089291 955446492 300147848 38127362 969222870 925376606 534930396 142889131 559577018 524555570 620186567 65486057 733123300 26780831 473574101 518338821 280124845 932518510 432145168 466515049 726936210 347574656 238580771 30431258 540624084 314488083 68202589 748473110 199158960 453712490 862524971 323185863 914824638 868419552 359069172 792482691 784515732 841702147 813692880 961807385 232456861 12923196 844105080 560179620 931038966 933613681 787803562 859282697 579112534 496638142 206659089 246684977 687535420 557599042 893298133 139473334 26439556 136222394 227481947 334531197 557705434 619336146 30440982 811322603 165216506 624811642 878856055 72470398 326006824 363566658 653046394 304437224 147811209 55667843 27716052 681943262
58
377541780 780825045 535422888 377541780 987982710 60843510 254963280 535422888 254963280 263655210 203693490 966735770 780825045 509926560 261891630 314954640 998047050 478056150 787386600 557732175 497668710 378287910 334639305 131231100 405623400 70450380 520550030 203693490 616786170 624660036 557732175 866125260 182530530 527310420 170600430 686439600 129159030 798437640 301831530 774954180 475284810 557732175 701149020 720761580 326058810 772244550 588153930 924241890 297457160 19399380 68643960 148728580 547591590 601380780 283936380 847752906 504383880 44618574
541796970 780825045 429024750 162249360 385342230 581981400 111546435 401567166 853002150 528377850 630479850 624660036 129159030 382444920 387477090 267711444 758515758 469669200 591681090 334639305 405623400 572281710 520550030 350574510 312330018 164384220 334639305 329789460 312330018 997356360 377541780 31870410 750403290 286833690 552882330 13123110 709840950 74364290 527310420 46966920 833662830 811246800 304217550 608435100 953214990 659578920 478056150 371821450 833662830 344779890 249339090 936990054 63740820 716245530 557732175 995337420 490804314 485555070
98
361127025 843346350 20487600 671602050 605333925 690615450 450958725 624895425 753491025 711481050 401667525 735356475 793091250 109019925 929738250 940563225 910224000 373875075 770694750 434553525 71664075 287880075 107276400 510791400 34464150 229781475 103652325 965761650 37044000 413394975 201384225 929492550 55499850 774418050 758513700 796233375 486325350 171418275 625670325 393913800 925773975 870808050 128170350 245383425 400807575 688999500 161056350 541253475 905517900 540573075 20761650 304894800 109312875 149248575 211061025 545061825 830447100 466234650 555395400 780938550 928273500 954662625 349905150 571162725 2934225 606071025 404691525 210508200 764320725 241669575 707441175 468181350 192137400 361519200 359728425 296758350 754379325 792883350 856188900 696299625 366230025 832493025 162610875 791465850 336821625 522353475 915908175 109719225 93852675 679209300 581699475 420057225 418885425 642973275 407257200 852087600 4635225 38551275
257180352 138625344 873137408 204437376 40140672 861468608 472664192 497713216 377446784 205837632 526963008 646607104 918879104 629648448 731867136 933659584 92728064 39362752 313035008 668233280 95217408 577838976 977534272 854311744 543610496 825684288 554034624 821172352 641161664 241777536 774808320 854467328 973955840 406540992 878894016 625758848 882161280 183277952 406540992 360488128 405607488 398761792 45586112 559013312 450726848 440769472 714441728 176743424 911877824 790989056 800324096 324392640 589352192 534275456 417276288 641161664 814793408 296076352 311168000 530697024 924168960 340573376 51498304 826306624 810903808 9801792 845754624 434079360 82770688 639294656 649096448 6067776 842487360 779787008 317391360 928369728 940505280 401095552 613934464 397983872 41385344 391138176 46830784 536609216 762050432 772941312 315679936 744158272 437813376 786788288 210038400 742135680 140025600 21937344 901920448 185922880 851355648 628248192
100
760928504 389172742 453587922 417509892 390803856 451072136 40197284 756173392 812820046 162282020 616975782 194904300 376151476 726094544 938941098 581865362 714123826 649874522 273142480 868222630 901978396 406202678 738839350 49458694 671880738 51753312 802480442 658638304 482754452 541612786 844308840 876627014 791587918 482146240 42796008 893491074 261337638 520048906 653551440 245524126 417592830 962163738 149868966 346846716 880442162 737816448 959675598 259015374 246547028 879999826 497075080 884976106 127088662 721284140 379938978 535281852 194876654 455191390 763499582 488643050 615759358 810248968 786279886 349473086 486597246 632761648 424780790 61180598 966504160 702816612 171571076 252463272 831370512 171432846 839802542 230152950 267613280 801181080 890505306 376344998 697674456 792859634 524002284 217491082 155481104 73925404 965370674 865347446 27093080 233663992 44980042 889731218 129797970 579100762 956192202 521210038 596434804 365258952 736710608 599918200
502659572 209611972 135880090 860177644 856860124 964596586 381680676 111413380 556624564 212348926 451597410 352956482 301451984 585735802 133226074 218154586 656592500 217048746 583551768 669586120 204773922 858518884 637046778 644262384 308252900 596877140 465116304 608875504 619463922 611695396 619132170 533871906 300899064 654574342 836070332 963103702 423813180 453781444 91895304 818404538 923072294 47634058 144892686 136764762 978032542 612386546 757915090 490163580 922768188 814174700 72156060 546312606 424780790 51725666 529199732 472193680 999845236 643930632 266120396 108593488 179837230 179975460 675557656 699720260 232613444 186251102 531604934 581257150 461190572 625380166 602074588 648658098 197834776 664996884 878755756 210026662 930536714 321495334 522813506 290476522 183901192 309220510 922712896 685952552 754265818 252242104 648409284 495913948 488034838 217656958 533429570 734664804 153684114 719874194 358402744 933467190 917045466 543713882 669364952 17638148
100
904390578 504917413 622668085 793181610 120175614 987778506 331120504 26408057 21382725 705940092 584479948 559165308 48956258 83626036 750416160 267389018 939057223 389582284 194014158 808990728 485787315 158724046 436699471 597240657 522869503 917323602 336155235 885219751 13099073 72059 941269121 717043444 503112805 764743369 938628002 816679110 565681948 385421660 175645379 379165059 870366198 813082426 631697391 645210020 868646181 665239289 96164302 703765790 969553845 846135576 937017640 67744859 242303087 148344417 627433378 530482693 134189523 422572774 892165612 855471916 849957836 171785523 587465697 265835050 943224113 57509348 138525595 470974491 519924483 691807129 354683797 72112261 411165521 684184540 211170466 402311663 200317754 274779765 844139855 551993871 338526916 168464543 917182617 130689962 326668511 990015468 507483340 263034148 65150735 35948042 80386514 976183273 883205232 390475189 574626663 949070291 891040865 678488746 763740809 732460937
592227857 405566850 292515678 387642957 486507905 184007356 433776382 684331791 453038066 767678990 193434553 869282180 500722326 560540695 80317588 481297726 786122961 236259530 50742068 216258458 254910279 283044619 449604298 52446420 635933207 632938059 890273280 860262273 384425366 722770568 343201352 60789599 113997338 885244815 854130992 194079951 994132230 79766180 337781262 7086846 527697456 788926996 518386180 742900093 880827285 196282450 478318243 247397345 484098628 119132325 645181823 149575686 432187951 744466593 177055229 29428269 87861852 888456140 5181982 225644926 149813794 340434913 315630952 782864641 130147953 749733166 874461029 876484947 631581470 697976006 598471926 309502804 585504439 544484070 830354655 127400312 848529188 262072317 911803256 604474754 6081153 353947542 307231379 321555455 596272560 296337938 264710303 591964685 291296941 843431797 197266212 830736881 267605195 584025663 209954862 947691771 972079043 49595390 910512460 849986033
100
62252 21534 14064 6497 12983 87725 68296 63470 83246 20819 31266 65229 92232 75897 89884 43935 79215 74009 81324 42455 97088 48674 16954 4033 55375 98521 98240 82103 1056 55859 37425 69581 99503 55355 42415 19559 46440 86322 26387 73085 45232 76234 51498 52318 11547 68042 37586 30186 45108 20174 2624 25431 43608 16804 40925 74093 46843 11439 68421 2666 5665 36807 97543 86751 96806 87000 17096 38992 38871 20191 65056 63960 96599 82032 54299 47843 51195 12595 63129 30002 13838 65986 83086 39578 15821 87916 27779 61573 65836 59221 13011 70192 32816 84372 77007 18251 72275 91091 85626 37949
36515 55603 94478 57373 86307 1862 52565 77818 88264 61522 96785 75764 16029 46069 6581 68928 3616 71932 55049 15048 90242 72874 19626 32329 37707 97559 26023 50867 74772 87662 41061 42349 90956 53486 84957 51214 52244 12074 43033 90021 87138 32009 56122 39730 27841 391 58933 57642 69455 71730 45744 77751 58142 72398 39402 62389 86548 42866 71345 15159 65868 11208 90794 81824 6610 85777 4845 83178 27018 41854 96774 37571 17546 1432 14933 63338 29083 87289 65774 87991 19580 64464 68345 54736 12959 56034 43539 98965 58250 59364 55820 72501 1784 89121 2472 65942 76886 47866 99038 94673
22
169887375 233959950 981384075 107581950 537615225 610550325 109242000 157972500 473837175 14163975 578661300 1901025 250373025 633041325 614218500 219340800 463903650 295836975 389281725 835219350 598233825 217546875
458981952 110537856 129372672 215200128 467658048 943195968 801413184 528335808 803197824 809649984 279886464 637473408 722477184 945804288 975456768 252869760 993962112 958571328 601011840 771568512 814290048 696146880
96
44914893 45993732 31776591 45749666 38916119 38448161 35390826 34238883 45241594 33451765 49700299 48530805 40293020 30558088 30887611 35339470 40220355 30419410 37196199 42145181 32476573 44363821 46034819 49208570 46217567 31788424 30582531 39826484 42235307 30434363 31365685 45888143 41604473 40998346 37761065 43763582 36870613 34592926 34045360 44856291 39009645 32092663 39375030 32418982 41731516 43780106 38668393 38898566 47506229 34651594 43414522 39137848 46077850 36183416 49806424 37291146 43999554 46241170 36538575 44564313 38013337 38293314 30453351 30897451 45348545 47116938 43811187 31312414 38127217 42549035 38347572 43293616 30815103 40058281 36085310 44029793 48070791 31812628 38060606 34148272 40607585 39174345 43546187 31617702 35293585 37178632 30930032 36704557 45748191 43217979 31804195 33192492 38107210 34833491 46283258 42745655
47907292 36842583 46893166 47055364 35323368 37541473 32333617 32101741 32980117 44210971 44810090 30067943 38604635 30442609 47338609 31619443 45986470 31248142 30484581 32880271 47528616 44858164 42016510 46025164 32163725 30475761 42220132 47117593 36676424 39318102 39380705 32792627 30477390 32203164 33245868 40182365 30532997 39329875 30635927 37042583 34681336 34460278 32317432 40154265 49677954 47311350 47889491 38894040 47123271 41180658 32719509 34431967 46976743 39876202 44851073 39425750 40931977 40076702 36805388 31920389 32021908 32832231 31994572 30772968 38593561 32048290 47351812 43127158 42619005 30721070 43647193 48216100 41917144 30053942 37229753 34669699 34457381 45656577 37987612 38921073 44189035 36330676 41853509 49502783 33493727 47224984 39462591 47933599 32687656 46003171 48818710 48909150 32077700 40799011 38359162 48177627
95
984248326 819274262 941339800 393600242 467940908 535808340 189738042 829824740 653853488 301228736 907795940 856334948 238575628 188081154 28402634 454580218 840781318 654259588 832009558 45791836 721493504 24154828 919191106 382310662 111230790 810559356 256265344 482869144 841041222 208223714 419265762 126094050 556982394 714809098 299295700 164267450 15423678 664379600 576962514 528498540 530415332 119807622 805466862 749376330 507421950 439140296 621113706 610693180 725083428 522943092 223777344 188909598 558558062 29287932 129017970 862491424 526403064 417722582 255388168 809479130 135020128 816033584 145659948 767837636 735560808 207379026 162602440 554034108 202814462 55067160 454084776 828744514 258035940 772954496 788833006 153806314 594936500 394168782 280395806 995505418 538496722 994019092 886467568 753014986 431383786 668797968 651546840 151239762 899698306 226181456 463595638 662714590 674572710 162236950 427144102
442868294 276148 513903306 310325376 350058200 495758758 202692632 691831960 446027752 458624974 116867458 269138714 21279640 154058096 571512652 41462810 850373400 2826456 472416130 520985690 257386180 685756704 435753422 439237760 897675928 892989534 273037274 864375728 749157036 521131886 538992164 457008696 112814580 420760210 162732392 133744974 92680142 994953122 605625052 221998626 441885532 567857752 738054262 87157182 809332934 670430490 261577132 61183026 792642224 452086764 218538654 984556962 673630558 196195032 377908538 771687464 883624868 514195698 226498214 646340638 915909818 447530322 808951200 580121972 286950260 903255742 720372668 453646188 344657070 515657658 268147830 957047748 22327378 922602346 59631724 429726898 511344876 614323714 899235352 800764224 128230136 406497978 188495376 160774990 851721652 266718358 604081872 91892308 248752494 957461970 431529982 994563266 930172050 249044886 530415332
