10
13
33051 32775 6944 12072 1574 48167 72733 31086 69561 27093 99416 39144 68197
4395 23932 54106 96975 66037 46120 10812 42352 8343 77455 50074 60213 91783
9
231411089 231986573 316114337 605653048 608598991 903577675 473324761 256937065 531314498
182261794 566255261 211991598 939411109 874924193 570132706 376057136 884911489 624167852
6
101261248 782240448 584684672 902040128 86660288 699505664
953131725 108476550 249139800 214803225 139066200 192444525
15
6 1 10 3 2 5 9 7 9 3 6 5 5 9 10
6 1 3 1 8 8 2 7 8 4 4 1 5 9 4
15
361434073 166665499 838873126 705149445 725392668 498601103 290873128 39672633 2767583 140478429 794270906 419651001 255069122 497369782 869202061
375825681 537059614 248927107 475309120 443421251 157710553 126293986 110399003 852701759 78752058 504405538 311373062 71941331 752240489 185159359
15
5 2 3 9 4 10 2 5 8 4 3 7 1 2 3
5 1 6 3 7 8 8 9 10 4 5 10 4 6 7
15
717227280 134677400 153530468 873962089 44123534 804122627 991863691 875063882 883703821 248902654 486807321 963558453 471784170 7662512 64448615
853584501 833970445 938106169 711666648 49112609 548156840 57647408 799115702 648857209 239154300 290782569 243469512 784479773 321482546 948875655
15
3 5 1 7 8 4 5 1 1 5 8 1 7 10 1
6 2 8 4 9 4 4 2 4 9 8 2 8 8 9
9
246548016 677454921 651393171 356795010 651551472 769821624 336490011 64930437 854844705
703337600 984939200 298547200 797395200 374326400 26846400 274747200 125664000 982083200
1
4524504
8299434
