10
48
31999832 32944908 35536596 46395538 35016662 41689689 46724046 30748594 43069979 46219737 35567546 38081952 33422341 38224440 32453355 31944387 35572525 48695400 33476134 38777162 39796763 36077565 46577792 30254521 33368879 39353150 32619398 39365335 41188930 45829248 33476064 35037614 44254285 33857926 46618175 43020016 36379276 35424009 36649747 33720767 38200241 39825264 38300538 33053030 46408561 45699754 34055715 36037462
43748412 31026721 49136461 41091064 38881914 35851585 46315497 38397139 41285660 46890383 45828632 46215710 44526579 46346089 42048011 46701175 43343870 41280152 42034201 30394213 30270346 38192453 33267545 35614003 42579922 35803557 30250660 32652136 33446982 34598677 49753031 31575704 33562967 35209725 31984296 35991857 43452440 47791764 39380631 38200283 38238243 33947438 37250680 41368633 41048738 46932157 42460249 44321178
50
838304792 430146120 759079836 398337764 782196768 507629216 543329852 532335996 6448192 135710888 7926140 514318428 819861644 742589620 230371504 99113836 7154716 361259708 410270524 823207716 784012564 718769208 282452108 878177924 896903864 59520572 212365868 423467812 356154188 13598048 322454440 470136112 84110896 198351316 547274912 151651160 543039432 750301020 833252560 566055144 750981520 706709312 677511152 645696436 983426072 429686884 695844312 368397856 274186996 717292340
236106860 880832808 189931220 56511404 134796700 423336528 698880876 987869020 173893484 591958956 905590668 612314468 846312940 862083044 338325772 553854068 181356352 925038640 821467352 246161096 649365912 759021140 837320428 854016044 520423740 564774572 112555596 42707972 203044476 26824728 3464472 678806328 86452152 386003984 795651192 853206096 363112804 889819292 343849132 295673680 829687812 464963664 445255928 537355228 308766760 10213976 487567284 807458596 998038648 552651368
49
29977 10837 15557 89739 35487 42844 26843 38500 85686 74015 97207 10641 30643 45190 5207 39381 96514 6730 12464 74340 92607 21628 18219 85416 8157 35999 66628 19902 84546 15146 68618 15606 50568 50407 91330 14006 65469 89687 97636 61048 72452 47755 57659 92807 45171 60748 41065 74278 75891
65524 73922 56361 5700 33907 53068 68986 99894 10411 73285 16149 56240 82772 91485 1933 47724 79801 18968 261 14585 34488 7245 96823 45048 69222 69802 848 20128 60649 33069 42002 92666 90493 49260 85041 37414 19216 41806 87287 73780 31686 61904 54784 32395 58005 12002 72734 55910 57161
50
852194700 235138050 453488175 182525175 906521175 655264575 658611450 812407050 891768150 839369475 25784325 892812375 261002700 843305400 634808475 809676000 984195450 765952425 856800000 231228900 194814900 30684150 596439900 712241775 948879225 395065125 645304275 512607375 928851525 93578625 291097800 798591150 113204700 910537425 228524625 485109450 3909150 169137675 260172675 934072650 402588900 493731000 221375700 233504775 48328875 156767625 282047850 526932000 632479050 285260850
748230912 919419072 536627520 620999808 31244928 993824832 897344448 947863488 234227136 811324800 873814656 174565248 817941696 623772864 663419328 779036544 119076672 237576768 975292032 858768768 165312576 640795584 388090560 40634880 74350848 632888256 762755136 572237952 555407424 241393152 646506432 219181248 865413120 9362496 983748480 615673344 493741248 111443904 589645056 228708480 411290880 777581376 719429568 595630464 107188224 314151552 835129152 368047680 611692224 699386688
45
901055232 887521536 401258880 752944896 305496576 802650816 905484096 940629888 924435072 675012096 847832832 861784704 304622208 181602432 105741504 625040064 777997440 901948608 681873984 589228992 945743040 194774976 818408448 160294464 891380160 553246848 548076672 287819136 271567296 565735104 612418752 570791232 154306944 337886208 217869696 329598720 636672960 385064064 555280704 796758336 218496960 527072832 675202176 436803840 408786048
495929525 567865025 281824725 280703150 603330000 852899775 446193475 390346775 601434925 137528300 652021825 217817600 417032525 841413300 171136875 139887475 74101300 794655225 315704025 985671050 75145525 618916025 611490425 873629575 39835250 168042875 129638600 433972175 848413475 424187400 620269650 110881225 339914575 67062450 22431500 98002450 623943775 409568250 439231975 46526025 966758975 95797975 172606525 70001750 261636375
46
249500251 233049124 46789743 29504860 600455317 220754248 792416053 56590807 918859656 793061269 612792999 857766195 463823206 134654212 659341991 112851882 516192369 463012935 480528477 332509749 601025854 893608859 640868074 87094553 542424610 947238292 89014380 790515453 650057254 182867685 707204498 344622096 987881713 646909109 416774176 352239524 282236227 428446018 999532534 225428203 109363397 165615632 767631634 65510588 6420414 626288806
689215241 891045701 597035439 537092101 47754938 251195672 64550717 790427495 284182591 788553381 633004372 430276154 78575497 46236498 641343241 985349274 617167551 800558220 332804472 846282151 506145794 914789057 318784102 934574641 8845746 28038780 320848990 309558678 851365151 346284939 217157941 280341985 321584172 231507276 140973690 691836964 76909833 140044674 130699569 222699477 809046966 424332818 13833512 124081958 902919402 533179738
28
8 10 3 6 3 6 3 7 2 10 2 7 1 10 6 10 1 6 9 2 7 10 9 10 2 9 4 9
8 9 10 3 7 4 9 5 4 5 1 7 9 8 7 8 7 2 4 9 6 9 9 7 2 1 3 2
14
557732175 523783260 401567166 727476750 26246220 755083560 371821450 780825045 751470720 81124680 795374580 154448910 652117620 960269310
695524830 538047510 29099070 624660036 541796970 240253860 297457160 709840950 111546435 634956630 701149020 127481640 863272410 514829700
50
49920673 32818424 43137556 34547457 36350365 49091091 37826693 35502545 32152426 47058107 38332286 35651089 37702506 47812776 38906183 48702297 47955760 43901947 45710835 41409236 35226281 37547302 43585639 36701292 44448992 45778991 31094915 49933951 38242779 49650082 49381359 41657425 47038089 37747990 45854247 38961831 39739866 44016406 49835238 31230540 32462317 43124751 46275976 42674522 40348552 32094032 39781977 32787866 31806838 47622335
35319191 37096384 31617719 36121537 32168973 32707907 49675522 30974195 37914592 44529611 30055716 38268061 44778214 45716793 38330839 43820211 39141371 41206515 36368712 39904430 33042561 41348029 31997610 45620820 40719430 46658654 37182435 49615894 39545944 38344540 36133814 41346445 34153340 42955179 46862221 38567337 46708569 38831333 39054328 46973475 48581243 42715579 34038295 32290854 44963499 36229933 39878138 46108153 37627814 49507807
50
580041462 417086670 775975200 686439600 187867680 89237148 806566530 182530530 780825045 780825045 828630660 709840950 270059790 67897830 297457160 267711444 290990700 257414850 611080470 286833690 344779890 686439600 377541780 594914320 818007190 433062630 966735770 549151680 363993630 465585120 818007190 995337420 380570190 703600590 774954180 157477320 101405850 751470720 178474296 594914320 524924400 860501070 681020340 13123110 478056150 356948592 498678180 111546435 845404560 419939520
419939520 11741730 516636120 371821450 780825045 520550030 334639305 847752906 414315330 880629750 378287910 514829700 141968190 853002150 594914320 371821450 148728580 297457160 258318060 981608628 111546435 497668710 407386980 986305320 382444920 111546435 494684190 580041462 111546435 981608628 786695910 310390080 909532470 334639305 205931880 824473650 583473660 87297210 490804314 148728580 997356360 523783260 121687020 297457160 111546435 74364290 709840950 564293730 770684460 334639305
