10
21
250 78086 89930 74225 98487 94634 40766 4280 73661 78692 36292 87982 19312 1247 56884 12351 78585 38375 22984 17945 26181
76015 91294 75218 94051 52300 71929 56927 91850 78231 95360 10782 87026 34927 53469 90093 77974 72468 4415 4592 41496 77901
30
58652 32388 61184 88246 38572 4740 99920 46356 73299 66434 10536 71868 27330 58097 27690 70311 48494 62892 13980 29807 48496 88912 30314 59221 64931 8287 20577 98717 47050 88895
56662 59725 99719 184 99549 42929 34341 25338 58674 67162 76847 54261 18612 14618 5783 90142 33028 25418 87472 68049 98475 4517 15924 88778 32113 52618 77119 57322 61927 16733
30
482165580 234792930 748159418 273092890 178311394 959481610 684901454 216905694 915273690 822719604 15163792 89463684 571187226 103241540 504001448 881570194 11924820 264227490 452672268 46519320 113933822 643983038 351504758 502261414 160922710 245278674 135960298 303631196 403519332 667818784
933871796 329342944 697943032 171427824 6532198 195876446 749509546 261422228 884550362 71031948 288780248 25577830 993638198 387547302 294339752 371290566 884902884 46187634 525635596 342144286 987259288 108307518 872577722 39376864 79904330 125893598 720494896 327655042 844001858 601210288
25
33795480 353080926 571480956 623516272 358985734 290955258 319942124 89280406 614905070 750116142 724836468 888900062 834902730 314296416 449108662 339003888 219043748 58045372 63699032 90403522 563630600 979368510 854304782 600895632 559187978
249258146 904965774 276357082 872232008 950827634 178475934 480696428 127298278 948179706 284864260 213967452 115991700 47919700 360750994 511200004 872992132 404452446 964847136 657990662 127089782 923349950 904656530 273114702 61758380 351346918
5
90210432 751541440 187507008 89276928 803237760
466059825 182744100 819022050 153118350 96777450
30
31583678 31011880 32825113 48887203 36548103 39852401 40993314 41441800 31381343 38083512 48801099 45372222 43340340 38862092 41396909 37964207 39501605 33554262 40784521 40529975 39718086 38903878 38863982 44331033 32752450 33176920 32555330 48366382 47579576 31642551
31606936 33509577 32897787 45066751 37064402 43039401 46841920 36055160 30038993 38503572 45069852 37183201 43685864 32566195 36369677 39556784 41706968 49671344 45251506 44451756 45896010 39719525 48809626 31576619 34769356 46015124 41270341 35151402 34423404 35931519
25
486 676 282 342 318 264 243 328 792 58 753 210 666 205 220 705 302 82 936 790 197 211 999 863 943
849 212 142 275 518 33 456 62 139 954 263 700 955 232 960 432 310 63 134 138 223 904 973 331 991
25
42287092 37393714 33996518 47997778 33728918 35872937 42614340 36437455 45206953 35217928 39360823 38308171 46279469 49325986 46590760 30786914 49294433 33476333 42815419 35656568 35632837 48698992 49295782 33657774 34971690
44785421 47531874 41355121 36032304 33330397 49201177 48866954 34319686 40247770 48317059 37527816 42671149 39969035 30934739 45033195 48730177 47464494 45720281 33865140 38709453 37077863 32034955 42331724 39664588 48384433
27
512456401 502862226 921279772 945948728 316903372 59557126 824756629 771934454 793341151 866029646 979627977 932520647 350964076 512186607 194184292 911600844 324688525 343741378 716324362 277901238 936047500 617552756 39901136 518280782 609286762 716968710 657416130
562163183 790899804 649481806 650968924 30502150 165589577 530647669 123100177 28853657 817562957 202602103 277868999 885846461 567747385 59968422 46201176 698505246 477205265 937178663 435213587 486812283 674019725 907595122 422169913 449728551 608861593 807918806
27
70385 20408 55159 80432 76249 22471 15266 32047 90864 92515 83662 22712 72578 81365 93351 73445 16925 11466 7008 19508 63991 96978 12333 73288 43205 11714 20778
42120 62853 38098 13907 87390 23925 5919 42249 69528 89369 65130 49779 49131 61977 95416 10746 37227 60545 53648 3468 43893 47072 37856 48986 17382 71977 87384
