10
30
424039536 62181238 703829133 78110700 640091268 670212783 654902257 112696154 225883298 219690460 177010997 300415506 68058799 962790098 883195291 624856703 100683697 303996403 612124189 361605514 98101689 549895554 292179602 798843098 685544584 551696159 309396516 247773127 879060208 942252064
745509115 773357239 760622135 611865374 314481722 335836457 30620423 338256886 80924402 990924306 353533409 104936810 604228500 139386696 200181766 375477591 215873725 214879054 577062175 450706916 830901859 953363275 713594062 398993348 973094783 641048865 721443316 433276660 784353824 869028842
45
37404180 42302495 47255350 43695357 34462995 32927093 47461887 36624449 30789537 44414623 39384347 46740283 46236769 34210049 38367390 31737209 36373491 33276019 43349756 49071853 30601182 44222040 44138150 45398896 33912758 32342085 38614051 33521944 49284980 38642252 36065845 35699083 34302927 39092629 43933503 44967620 35901956 31262570 44584501 40668122 32624124 44401292 31760214 39569172 35418698
33193161 48311929 39671203 30924215 41544223 49865561 38778952 33163247 33326136 33353617 47843167 45202854 38249801 40545774 30231015 41743609 35024376 42376939 43904635 45580224 40576086 43568995 41553339 42474578 47843571 41496888 49596969 49572076 37313164 48028390 34737096 31267537 49352270 34415972 38658178 39807258 36671968 35190897 40440393 34827762 39107938 49146110 43675883 47139204 31715326
50
844194806 374812438 578687837 6236230 97280953 865962405 244112792 297016720 244889029 714692342 138673964 752554946 126956830 243590620 604739135 343010360 534043202 248095705 462237633 350373023 874221634 745573556 331622655 840472061 624624000 602614012 581286321 852657806 765276148 944488006 231675983 383543545 8109816 740685036 93220673 178849979 831833002 177293935 155877029 451464937 487014385 132718586 840192496 424991840 498793141 196708512 47486593 724140109 110520553 549242239
637999817 140810813 415685270 927201352 979149171 679026257 765846081 327075749 882531727 229102302 664315834 599648140 754164642 447217589 769876107 377541593 310414390 63034062 411107158 298578973 733002413 276671395 785466682 41459957 698285302 695881186 562265242 371941570 498423926 480394551 971406282 61475128 566967544 531227543 591452015 500247202 512866200 773153472 80905825 570056410 734506318 891076641 455220220 135461865 110775434 977606539 903434532 556417225 462625163 823873193
43
847752906 520550030 927596670 966735770 148728580 940869930 74364290 82192110 557732175 918617700 860501070 950569620 334639305 573667380 811246800 324498720 148728580 810179370 979668690 538047510 575344770 249339090 936990054 422702280 995337420 547591590 583473660 490804314 81124680 148728580 803134332 566312670 95611230 320089770 814773960 902071170 924241890 872090310 600634650 551170620 257414850 263655210 334639305
385342230 818007190 514829700 371821450 111546435 758515758 270059790 839879040 823727520 818007190 743642900 429024750 551861310 831527970 434444010 85804950 780825045 818007190 466466910 587086500 821921100 698377680 178474296 716245530 734894160 246576330 818007190 764889840 657536880 720761580 847752906 371821450 880629750 629909280 557732175 973496160 789405540 594914320 397687290 918617700 46966920 737922570 858049500
46
259369425 16707600 613308150 976939425 217332675 407220975 794039400 895596975 106537725 186782400 967273650 223196400 454612725 402829875 57459150 133098525 455844375 591513300 383766075 127368675 467304075 935893350 148895775 938169225 162095850 198483075 254041200 943176150 209487600 895222125 220599225 130072950 819930825 469285425 142014600 814709700 138962250 635236875 963177075 167209875 183997800 516141675 689563350 845768700 207184950 952975800
49997376 311268672 568998144 804515712 103646400 148180032 644502144 291555264 938803008 562765632 220197120 489156096 297375936 565236672 5326464 192713664 104881920 605679360 183982656 386635392 772831488 632613696 963787968 235737216 838506240 407392128 818628096 28279680 413432448 760613568 443414400 322003968 280408128 269315904 855336768 208445952 157377792 505382592 816678720 749191872 175114368 378645696 123799104 435918912 965517696 740021568
43
32404125 893757150 482509300 382501275 996610550 287504425 791025300 413551775 807384825 790494900 933923900 774395050 434441800 780113425 348505950 877253975 322985975 697580975 90427675 286244725 985881000 917404150 266277375 177076250 597755275 411341775 679160625 706354675 18050175 22497800 262205450 15381600 745118075 456182675 739764350 454718550 313842100 813031375 826970950 196911000 754621075 174070650 31310175
42045696 424448640 787957632 704664576 815766336 117754560 725155200 911699712 686835072 425646144 889479360 512664768 138511296 723824640 424980864 330777216 782768448 856348416 579458880 205438464 111900096 710252928 381604608 622702080 648381888 531292608 386128512 221272128 630419328 718768512 950951232 18228672 503350848 913163328 282344832 405687744 732340224 745512768 23550912 595425600 619774848 707059584 193064256
50
882750528 434827008 497059200 469782720 348245568 57746304 80764992 249803136 664994880 305876736 759787776 390234240 453169728 880222464 917725248 54533952 172877760 714377664 764596800 76944384 787349376 414659520 181697472 209430144 546518016 350089344 65083392 636920064 286602624 604188288 20053440 46417536 401505984 60483456 365980032 383315328 620763264 44022528 904248576 256969152 511752384 953745408 445224384 974483136 989119296 198671616 589913280 845513856 542108160 975129408
953416100 230889750 192756200 185988075 663933725 811092100 937288625 769709850 138649875 81333525 904840300 107941925 995455825 790710375 649237225 27497925 171059525 409452225 976466400 455011375 777522200 212905875 286001625 263415425 909017200 375804975 1701700 524471675 419275675 145418000 754819975 18680025 549997175 598998400 398932625 51901850 896525175 995185100 44592275 124069400 224547050 6961500 143406900 250497975 900624725 874596450 87250800 709840950 36045100 886508350
42
509093585 491521646 786599996 418534424 448873117 956191775 699768212 762368893 48476571 844684610 476372351 974829674 585917189 795640664 535811661 463218448 88532158 343983185 379105727 348347714 517620675 939977753 37212252 15334935 983475493 956816406 212002648 362909183 545602981 729016288 305168292 282501648 659743854 403649785 609074895 575810774 390191802 472798781 636431873 70656586 534170923 870783095
658824936 128884327 491045646 371078708 622263070 441413126 499379335 815364693 78249402 669696027 162842680 991441451 103757511 683556874 43568756 297754184 245194859 395352867 536608842 110206733 731763725 209869660 813264309 62278293 466170705 955074484 342383041 460254872 880877998 834924519 207932032 157385371 65014222 544445902 757352414 932075235 168346178 219414104 315474236 874253237 329588350 450799778
8
498999215 737169433 452835383 57393479 20574862 275903166 61358297 677636575
468941473 780946166 488137650 955313436 199698422 481620139 54191137 985929945
5
816863600 322448350 8347850 598183250 260663550
102795264 809018496 76355136 116880192 419335488
