10
28
36615624 934865724 625283096 500919832 817680960 257780228 935662684 968699020 719978352 810529416 101603024 680619076 333531276 38898680 794437856 971648944 589242924 261623216 231248492 511758488 956502016 976829184 232121632 515561628 884105232 882347232 863507332 863469828
805964476 558950240 517806008 95262504 739200324 637057008 499665792 103508696 288013140 274693360 557235604 121863388 154286768 761611308 664044652 114809120 35210396 541926940 119075200 502639156 104431060 626317972 838355040 741383760 157025732 698485044 263118688 490606232
50
768846925 857525900 791791000 498688575 392759675 704184250 159647950 764192275 998006625 849952950 177995125 391483400 66331650 973530250 338482375 138276600 834481725 291506600 764407875 55876975 21022925 744578450 484715000 209805750 305331950 116568375 90001450 961185225 728647150 613913300 355815075 152991300 142675225 45075800 553820575 290288075 374714725 101976875 163180325 769002850 178497550 256698750 981172500 369804050 153853700 779297750 913416350 123848725 749310100 353662925
863066880 567103680 622859328 60338304 1527552 797764032 216530496 106928640 585816192 764539776 935243712 309329280 24440832 904310784 908893440 797000256 972286848 127932480 41243904 891326592 396017856 630878976 800819136 230660352 905838336 342553536 618276672 768740544 854283456 875669184 766449216 414348480 785543616 897818688 924932736 9929088 218439936 716421888 811512000 588871296 401746176 448336512 530824320 588107520 81724032 279542016 749264256 787071168 843590592 312384384
19
936990054 490804314 557732175 708077370 580041462 733019430 478056150 407386980 455885430 20281170 111546435 371821450 720761580 686439600 573667380 324498720 780825045 95611230 354323970
533482950 401567166 780825045 254963280 936990054 11741730 354323970 236215980 904113210 912652650 111546435 780825045 40562340 847752906 780825045 860501070 297457160 557732175 385342230
13
5 8 7 8 6 2 8 1 7 2 6 4 1
5 10 3 5 6 4 4 8 1 10 8 1 10
33
54665136 704074204 564230228 361177050 309074592 328482768 28408770 522254224 419429734 439973216 895263548 917568448 424570630 17771954 560064794 600452482 842173294 441329684 293751582 515212958 435081842 129513212 586248044 82310264 246575822 890790154 873747352 723679014 494441764 214471684 861104026 99762274 110414596
42555350 196529360 204170382 908161502 8379288 625707268 399922098 512782354 302311560 55500134 51515012 328066020 332193550 950574478 687267676 34542718 684055476 375855228 136481596 651963126 876340788 340431768 113310414 131918152 300156524 261735858 448030566 808738646 805679968 666269190 766133246 709592560 146058814
47
861518592 239899968 170748864 276167232 236440512 544750272 254688192 984120192 656156160 800027712 815728320 935763840 4466880 814492800 983644992 16384896 522548928 679707072 762810048 782198208 606526272 233399232 662770944 349804224 847167552 755796096 244708992 137503872 738156672 250449408 662656896 810311040 622911168 734184000 863533440 587290176 923826816 154249920 316255104 323782272 384664896 769044672 811926720 66699072 918048384 211235904 206578944
930056400 549571750 214375525 537969250 530156900 411772725 254520175 937404650 43045275 684779550 289134300 577224375 665093975 641463550 744687125 295051575 370854575 477558900 768588275 576566900 828495850 672945000 85858500 550654650 880436375 372865675 399976850 320770450 132075125 284067875 981996925 772262400 640225950 75648300 655773300 329627025 6884150 720592600 149401525 416723125 364627900 996074625 129793300 561058225 866590725 973256375 791947975
11
10 191 992 176 585 828 681 136 592 919 259
973 997 379 527 290 686 100 717 519 162 819
29
43862 32855 69974 9752 8610 40927 55691 74999 37441 43809 77073 95673 34668 84502 59210 7890 78351 99115 65901 57194 54282 40738 78692 69051 32658 21903 72428 17428 62702
69788 12473 95417 89018 41061 72207 27457 6279 55196 23082 16374 79097 7750 791 99193 11496 1596 28280 90460 64704 40587 38532 63590 17697 65941 79077 94258 4991 55182
47
925799175 940498650 272864025 476541450 408720375 6747300 517453650 789112800 747932850 244027350 926495325 840788550 337418550 707743575 461306475 75318075 166433400 54969075 8193150 434344050 602999775 165817575 393806700 938383425 432362700 469338975 200732175 86402925 569852325 127957725 742417200 490999950 343550025 802259325 905905350 657888525 765015300 45704925 327886650 433219500 295462125 779902200 608140575 910698075 845956125 671168925 543104100
154604736 206880960 594422400 409753344 180193728 441190464 29405376 665698176 967137600 859208064 141645504 538082688 953189952 353413632 527951424 512878080 584510784 623141376 911731392 187826496 283785216 713306880 408847296 747873984 984544704 661030656 48734400 746199168 410577024 849680832 363544896 374142912 270414144 547609920 515980608 372632832 912527616 462084480 71413056 4502784 491572224 839137728 382269888 852783360 96178368 670448064 936331968
50
241192770 368597859 718397526 791394030 454199319 340770066 422688000 351000258 549556518 240963219 306412386 436163679 60730698 384601812 445960116 835587774 126975975 378385371 341683986 703686270 842267958 489177822 913628688 573107808 465576552 787096107 395833032 671953968 56620200 871902885 201552561 446955789 825178368 234874941 928912572 749112021 576777768 214601982 386418942 433119183 209519730 121990113 517044171 195114780 425340867 358498686 150706122 841656774 642834549 420185430
808468626 401519328 483343371 467031327 314963250 535858071 995074668 568090530 401893107 143593611 253764168 663413100 152702109 257758284 350998473 50295588 801467142 812244258 234910284 238094367 979016094 788804709 510574974 59380881 646566984 679968261 754116447 892389330 942860919 238131852 578679150 272201790 919254294 783494691 304960110 747649749 813469125 682268412 930695787 198800091 955597965 909559959 346940811 809501784 667344384 988217412 395508162 122462781 932233386 83617611
