10
24
489579288 740933943 234333726 112381440 991505385 74086830 605864868 521914395 172029066 377672646 748404513 439053009 533377851 9350391 171222189 346481691 119081166 101770146 840540849 99389082 210047526 756925074 554113893 614133546
600832932 466822782 551190597 366018117 985459401 441897363 136349598 883385238 597054861 845687514 93910536 157341558 177187335 706371027 895578084 170691681 642257862 506236902 142393062 104318097 416009592 456198120 692313990 237867354
30
657809856 604587456 706185216 841218048 149345856 221500224 207054144 688811904 767847168 685960704 444292992 444388032 371397312 949620672 282344832 389644992 544826304 89907840 442867392 191201472 127524672 682140096 324067392 547677504 338969664 575163072 779099904 154668096 768664512 67402368
218127000 171484950 905729825 380407300 209695850 919575475 739620700 935277525 26376350 695840600 352406600 492796850 109875675 267205575 635971700 535571400 41188875 625258725 950786200 872469325 793224250 318140550 853673275 297062675 319880925 900972800 191905350 741051675 422253650 841684025
30
6 4 6 2 5 9 9 7 3 8 2 1 6 3 3 4 6 1 6 1 3 1 4 5 10 2 7 2 3 10
4 2 1 8 8 8 1 4 9 5 10 10 5 1 4 6 10 3 3 2 10 9 2 9 2 9 8 3 6 3
30
886579800 610640800 660819850 947079025 529412900 370083950 504426250 745507500 133475250 827920175 712748000 495569575 432991975 469327625 505105275 521719600 176155100 213423325 546492350 15056525 554221175 562002450 99785625 962184525 773751200 216616650 228370750 654310700 891263550 886961275
970377408 970377408 323459136 352864512 793945152 58810752 911566656 617512896 441080640 88216128 117621504 940972032 294053760 940972032 558702144 205837632 852755904 29405376 411675264 499891392 470486016 646918272 176432256 176432256 676323648 940972032 441080640 705729024 705729024 940972032
30
9741795 9460271 4915506 6024580 2855095 5244237 7528550 5307593 7632047 7706111 3838046 871099 4982464 4059987 5312263 8217006 753391 342663 1680418 1183599 128473 2370577 1137221 5870266 5302189 115737 617944 8636483 8683181 4524409
7598489 7277358 6266417 435012 4272793 7531927 3087524 2901948 1538492 5185931 5038597 44762 5130301 2249100 8958823 5168203 9307560 3727121 1668465 538605 7886046 3467908 4728670 9205718 7528981 6795330 5824638 3513804 4509653 126751
2
43097339 34173626
43116636 31860591
8
111546435 743642900 594914320 478056150 695524830 17160990 281801520 780825045
267711444 678978300 575344770 764889840 520550030 481410930 31870410 936990054
21
4925497 1592496 96520 8052829 1520431 8789518 5340599 1017265 478113 9213680 5585914 2664800 6450864 1483260 8633252 3192275 7827328 8364669 4842443 57683 9418427
6089568 9139146 6919826 2330251 9732149 6335935 7805602 2380708 3289652 5127949 4624252 3612727 5888566 2250843 3192443 1248768 1829176 3301395 2101854 2422329 3911643
26
728477659 375337781 945934451 121662387 199119844 576971857 93837926 842336264 507306877 186614428 23108085 163965340 208285649 184975791 746488743 683298 792150513 912457728 817521432 235347541 765995503 638034397 892738000 355142359 461112743 374281061
355991636 741336596 11789687 168571403 220671815 405263859 140338198 486637151 951950615 996675966 461437977 815463649 735674303 808365844 851416423 579263542 821306941 890072183 161952791 212640505 892093972 752007529 692628365 708116266 966181944 760735261
28
148728580 26246220 806566530 622311690 966735770 465585120 581981400 656155500 40562340 111546435 44618574 557732175 902071170 940869930 750403290 535422888 796760250 120126930 588153930 497668710 857146290 583473660 879248370 541796970 118107990 148728580 507029250 924241890
939338400 89237148 401567166 564293730 511801290 780825045 148728580 581981400 95611230 764889840 354323970 984233250 308897820 182530530 317026710 31870410 629909280 580041462 406816410 297457160 297457160 780825045 973496160 44618574 178474296 419939520 818007190 839879040
