10
26
709840950 987982710 111546435 605537790 821921100 943854450 382444920 486748080 252191940 193993800 74364290 148728580 199609410 617795640 514829700 334639305 858049500 159352050 997356360 304217550 328077750 527310420 111546435 334639305 433062630 91861770
291736830 573667380 371821450 334639305 111546435 902071170 334639305 371821450 152642490 368588220 111546435 557732175 393693300 111546435 868888020 918617700 557732175 743642900 360380790 334639305 682401720 350574510 535422888 780825045 51482970 966735770
30
792120384 186677568 177933888 36248256 496907136 3060288 20927808 597041280 34613568 618026112 452903616 544769280 484970112 492934464 877580352 491946048 544503168 812972160 809189568 727132032 92036736 862335936 269723520 526977792 696662208 426368448 733385664 900294912 494854272 383163264
397230925 582909600 883066275 775201700 805136150 866203975 694332275 560246050 103610325 573008800 767892125 119467075 578345950 720863325 123179875 113240400 171910375 287277900 62653500 15663375 527991100 670044375 919111375 614816475 818440350 781428375 169899275 700791000 183590225 686597275
30
44832211 30051059 41282634 43474509 37449492 47198130 33480842 40719551 40412055 33486885 48509528 46005648 33893249 42097349 47819522 43471148 49028774 33674140 42216154 35732995 48488147 42302424 43379952 31735865 41218840 46684918 40739971 35425411 31264780 44233797
42368538 44098443 46052576 36019172 32847438 43134718 33817488 30398858 47868588 46663595 41165389 42504883 48859492 41833707 44270199 46644570 38904458 35570927 36104787 36452225 38002472 36996458 45852674 39672240 48853962 36730960 32361312 46492261 39369762 49977817
9
202473216 493485696 467900928 625743360 458548992 698429952 754123392 112964544 263812032
73869250 24945375 445690700 760775925 256879350 776787375 740046125 415292150 7502950
30
973496160 713897184 334639305 429024750 334639305 780825045 385342230 622311690 252191940 858049500 727476750 164384220 557732175 780825045 580041462 682401720 701149020 182530530 187867680 371821450 111546435 297457160 433062630 940869930 504383880 93933840 178474296 127481640 932933820 803134332
44618574 678978300 541796970 743642900 91861770 111546435 127481640 497668710 688677990 608435100 334639305 433062630 96996900 858049500 904113210 818007190 839879040 211351140 267711444 790965630 780825045 74364290 77597520 111546435 557732175 371821450 657536880 191222460 70450380 164894730
24
603663060 981608628 148728580 157477320 382444920 520550030 734894160 297457160 406816410 297457160 557732175 756575820 81124680 566312670 352251900 552882330 750403290 960269310 997356360 102965940 939338400 695524830 997356360 717777060
118107990 622311690 573667380 818007190 701149020 557732175 257414850 847752906 140900760 74364290 796760250 904113210 286833690 148728580 780825045 847752906 824473650 401567166 818007190 966735770 343219800 371821450 758515758 918617700
22
315550650 605871294 146407872 216845016 967854210 419088462 948639372 841513980 930260892 524011614 341137656 581659074 164548188 942637806 288304458 152114754 700931340 379975896 529857696 814659462 377098758 639517326
402036528 177768240 493645938 614529858 214328808 379250934 46708620 756248016 337420080 956469174 994255236 561123846 323229108 850711686 773405316 437031192 256258470 333080004 61302702 686080314 256455138 289027056
26
462403025 728075250 315398475 771097075 534508625 310877700 256922750 873034575 57447425 403029900 459352950 417868675 894141325 102571700 493045350 887302150 228888450 871865750 46833675 933590875 8817900 312034275 990378375 566192025 339107825 934930325
802346688 995582016 835952832 315057600 802346688 71413056 277250688 898964352 693126720 109219968 33606144 945172800 722532096 495690624 533497536 415876032 168030720 861157440 201636864 667922112 961975872 424277568 722532096 126023040 411675264 428478336
4
991317600 469713825 766407600 308260575
84180096 433008576 351821184 292735872
30
929843178 477620646 383838726 59593680 650839254 598217406 871944066 464291190 714296724 130390842 862882602 162585360 851671284 116083764 142308168 715723764 665193792 262687194 72124134 915808842 127191858 884447496 159735072 147172806 331617024 455972166 989490180 94362348 721092396 491258556
516318618 600453636 658800660 36000912 492540150 773050884 56494656 945419334 159514332 895124370 227531682 427910256 498154332 26376240 550448886 377364468 89376858 198763722 67468302 969733872 203114700 69798216 410883984 392576946 713845590 612845880 570564444 266311626 127422954 613054188
