10
1
34112384
38657887
50
6022188 8364814 7620758 2157161 7452914 4502477 3654002 9823652 1696119 8508519 5799518 120593 3697692 1078098 4054413 8344071 3301769 6712298 1846329 956806 9275944 5901423 9117469 1266735 2613929 6114051 7595644 4206152 2615164 8616752 2201 9228601 6245850 9164896 1053628 1015313 6436669 9556963 47668 913922 8531043 5478124 537935 859233 9608400 6596372 3716196 4808743 7085128 2554966
1530698 8295667 2641369 9290642 7188190 5922821 1880271 7244299 1945472 3232196 7956669 3246056 8825623 1253177 8356219 2529974 5369481 5492114 4353058 4062820 5893955 9022368 9011090 5674694 3814199 2434009 4823149 1802643 8702041 1560151 3996058 4614119 4502689 7161175 7082563 5095874 6196748 9738299 1546199 3813766 2784155 3952393 226184 9187069 5037395 4397545 5862222 3113937 4085051 1045418
40
7706849 9524158 1446980 906420 6463189 1362746 3264565 7295246 4200492 3906263 3503550 5921756 239103 1520372 164008 8717245 2326121 9081105 8431617 6205366 9488525 1295445 8146461 5449006 9720589 4864137 6774803 9777776 55188 7504027 2870716 1240108 6502221 5972637 3716919 1258102 8723434 7275971 709736 4236101
3512862 7587560 7029364 3749749 8878499 2129289 6337478 4991302 68661 3366344 8825614 9074650 4449812 7142890 7130941 1702971 4620166 644442 926602 3302483 3087571 325796 8600944 4744562 1277639 3742971 455341 1152588 5269940 6789812 1179588 772728 9245806 4202952 4042492 3711986 9864909 274774 3069152 5478042
50
5 1 10 8 1 6 3 9 7 3 2 10 6 5 6 10 5 1 1 3 5 4 4 7 5 4 7 8 9 3 6 2 8 7 2 7 4 8 2 2 1 2 4 7 1 6 1 9 9 1
6 5 8 2 6 7 8 4 8 1 1 7 2 9 1 2 2 7 9 8 4 1 5 4 1 1 7 1 4 9 10 4 1 1 2 6 1 8 3 4 5 3 9 9 6 10 5 6 4 7
43
634053420 746876130 637408200 406816410 144354210 831527970 350574510 159352050 154448910 394702770 926693460 587086500 67897830 540119580 74364290 133855722 401567166 350574510 872972100 271591320 780825045 566312670 610569960 475284810 557732175 310390080 936990054 624660036 68643960 286833690 770684460 81124680 790965630 490804314 721771050 89237148 478056150 399218820 818007190 202811700 543182640 44618574 111546435
600634650 240253860 780825045 860501070 978176430 577416840 68643960 915854940 344779890 879248370 46966920 927596670 966735770 35225190 678978300 787386600 58708650 70450380 995337420 267711444 987982710 95611230 63740820 868888020 466466910 326058810 288708420 831527970 624660036 187867680 91861770 58198140 557732175 573667380 433062630 29099070 936990054 524924400 737922570 148728580 74364290 780825045 678978300
47
720783360 639201024 250506432 867354048 896436288 389568960 527262912 363090816 969503040 126232128 733005504 255980736 639980352 149459904 550376640 17335296 32294592 174284352 861442560 366379200 393180480 772675200 840989952 453226752 537698304 947719872 5664384 191847744 393864768 737814528 127562688 768854592 131839488 559690560 35088768 606393216 560222784 466133184 132485760 716810688 778358592 886457088 350374464 204811200 190973376 364459392 183731328
757759275 648927825 538510700 946067850 150175025 331599450 593622575 829424050 981880900 601473600 985709725 57741775 717691975 741515775 93438800 276294200 997815000 879546850 483050750 581865375 642623800 953609475 893624550 141125075 400286250 598070200 915359900 700791000 921895975 930597850 321079850 345058350 974571325 111886775 71200675 886431000 317367050 597838150 348500425 158180750 458994900 610059450 978902925 949703300 999207300 239746325 357163625
17
814198082 62688318 288662094 794769646 478368158 511289458 156072190 310208088 508393902 723454736 35252450 706770100 30409934 270961234 589429292 58548660 17250884
895251362 107316598 556960434 818758204 879065740 20930748 498982322 487103176 832659910 921750632 577232986 253522150 454513200 319731788 405686530 537748346 854629326
50
810179370 608435100 821921100 475284810 504894390 380570190 713897184 426786360 240253860 394702770 401567166 249339090 727987260 531990690 823727520 406816410 44618574 148728580 563603040 44618574 13123110 490804314 326058810 987982710 926693460 159352050 701149020 588153930 401567166 689559780 981608628 297457160 743642900 611080470 77597520 51482970 162249360 981608628 973496160 334639305 766275510 640179540 847752906 202811700 944863920 70450380 117417300 65615550 111546435 713897184
628716270 93933840 818007190 141968190 39369330 68643960 74364290 17160990 770684460 393693300 538047510 40562340 290990700 818007190 989368380 60843510 716245530 232792560 308897820 605537790 831527970 320089770 950569620 93933840 563603040 184294110 397687290 171609900 350574510 243374040 557732175 203693490 966735770 490804314 981608628 270059790 780825045 318704100 594914320 243374040 405623400 770684460 78738660 187867680 557732175 497668710 141968190 931170240 912652650 535422888
2
4765072 9619056
2991577 5321997
41
68619 71961 99135 99526 69094 54638 15805 59436 73446 38337 13380 94576 93605 49134 27712 82772 18591 8663 94494 74041 33493 72609 65106 40617 84427 17302 65875 11981 14186 71108 37690 83383 18271 16989 60422 66650 89082 69749 34555 37388 39952
56711 87550 56555 85049 9233 96922 68534 69202 9107 44223 68175 75100 96500 99806 35103 58268 74204 29518 66482 92889 5019 88585 22135 4641 86625 40944 62530 18340 83684 53251 34282 65559 95486 65226 78762 86547 76908 46991 3076 70804 37199
