10
4
511801290 617795640 648997440 263655210
803134332 701149020 727476750 507029250
2
826 309
621 865
3
540923159 281431465 58830261
776140449 372693146 400586417
4
303077632 792824648 481574912 568637641
325923983 433826536 687805118 622099751
4
279661305 284134396 826040215 593013057
944480152 904013539 391546584 774082309
4
222 588 869 250
695 118 536 725
4
541470111 979240647 596693812 182245525
341390049 369655055 362132771 895033986
1
940869930
786695910
4
607036200 584411169 881128119 930709278
420617922 239021844 31586448 634629573
4
734422695 134347872 753203343 856009857
239316888 130967745 299535750 967105962
