10
4
157477320 780825045 616786170 566312670
304217550 246576330 872972100 89237148
4
864808802 48082188 689637130 133048188
486644431 744593421 861381092 420144868
4
6918912 938520000 588335616 273848256
232630125 522460575 531162450 137296250
2
4 2
10 10
4
20597247 366077151 852062706 956541069
861369600 376230400 240094400 363854400
4
557732175 981608628 85804950 535422888
480507720 995337420 984233250 520550030
4
77502711 347587240 542783514 130464698
278130710 936891956 156582580 734009276
4
4542538 370416332 482979497 479376183
193539203 101962770 213788498 686249421
3
200235035 942343402 82075994
926812800 285681600 489110400
4
336213504 808790400 714605760 588297600
925492750 53332825 871966550 88991175
