10
74
367085250 40564125 338114700 426365100 85358700 766889550 521228925 208791450 386256150 810184725 431345250 156767625 908154450 121023000 88518150 704584125 152456850 458709300 600777450 686511000 655880400 172939725 74166750 965345850 462939750 752404275 567737100 588407400 650070225 962052525 355197150 322611975 410193000 111624975 35798175 901996200 349681500 839074950 691357275 56254275 247293900 381972150 545005125 517748175 739070325 850454325 892946250 224428050 981866025 178990875 450757125 71248275 184372650 73765125 872998875 679924350 628436025 625678200 21232575 263037600 487572750 241778250 652426425 896159250 881513325 506422350 29532825 135883125 46481400 406069650 265420575 51595425 162336825 557375175
946023936 65015808 987262848 871398528 862557696 678300480 997284288 520703040 813411456 21360768 847045056 207128064 704411136 23474880 618775872 535419456 817420032 517161216 560761344 834634944 512411328 988882752 801715200 152078784 120971136 297540672 416232960 243699456 530257728 204162816 657681024 455220480 68887104 508842048 307012992 167591424 835952832 496184832 216737664 374335104 590139264 252155904 505025664 975484224 229916544 846715584 963897792 663995904 482099904 674703744 749109504 769015104 38136384 881996544 377437632 3486912 820550016 873622464 249053376 943278336 291390528 948440064 344133504 185300544 508265472 364835328 233980032 713416704 998245248 430427712 636018240 64960896 893555520 580721856
100
34075062 34527596 39862379 41173238 37836077 44526989 46265245 44666563 35444651 35367425 48351642 33764865 36519497 44588691 48016442 39840365 36122242 35771589 33074496 42509125 43997553 33480523 48701634 44887086 44374926 42443982 48048468 37953679 40074514 30744145 40866648 33890745 47908416 37408240 44984460 45279088 43877666 39172700 35991470 38336011 47180997 43903691 46961157 36518525 46109786 45837678 33001254 38495816 38016753 48736431 41903412 40294092 45109232 49472920 36973635 46745605 31341582 48437414 37514725 40622441 38040945 34050705 30100359 38852647 40501667 37838999 36112013 40294560 31956388 31100075 34071136 45068738 48646870 36069196 33201856 44616003 48529711 44639601 43813573 41026294 44823584 30390202 40991356 40015906 46605442 35913556 35840336 37769583 41260137 45738115 33484748 43717769 48127202 32066764 46956476 40396505 44557790 44753862 43506661 48737767
34296089 33396929 31708654 37631071 40492445 35167203 38991568 48719224 30339621 42029478 45830473 40694558 30107498 30725290 36592659 38960081 36801044 46784805 31109708 33074593 41900785 33543752 36385534 38763377 39079038 32980126 39063014 47712256 42117947 44236228 34317289 43919703 40106186 35907271 43155629 33291222 31480780 41388241 45848453 35021000 48663373 48380518 47541761 49039789 44287761 31588431 30525307 32557480 39410712 40439847 31767987 37048868 31826602 39263181 48564265 47977557 42623868 49349407 43287879 46975406 38303268 39060159 32645595 48391250 41610524 37944376 33259936 44946594 48487514 45486343 31883030 41535726 36254006 37178660 40549975 39390282 34900277 30488318 35334628 38126384 49007535 38410129 31204990 38451447 31258707 35835837 30447938 36527490 47572982 36911484 39710010 39925120 48962225 48821452 39349467 35430632 41825825 43192329 42629717 42250783
54
25641616 45051006 690394276 428519000 928609836 58480136 690790529 634347945 584563122 728722085 553622069 201729242 779658880 834689856 978051074 446346186 258357330 890348888 653712059 49652512 632657025 116451335 719485305 625116877 187617066 293232940 134186780 845005876 831504102 464860396 446479670 842714327 370267898 499766085 193208587 853643219 536794720 804956698 228441444 953393133 506099503 527664683 164618531 97429618 120009890 463677669 24413389 342903379 368226936 819974617 460456815 589556396 581597863 332604558
138749325 604349031 154921221 908633187 853077918 187761574 525117879 135431010 921281361 162893269 712844132 786319989 701741810 692918226 173389216 46519616 503331257 403569166 347398128 249131883 863181137 303487723 758339400 548603770 55663608 689107342 805570381 474929884 206649586 963029067 713061804 184961700 624683241 713089377 228186959 633069437 283901904 183499173 600340312 21378214 484316910 363422059 607771318 314932310 341864985 181513332 915989074 565659094 704596739 429690261 927563637 954162638 312258856 686177492
84
651593775 33719525 966234325 94740450 869663025 842610125 382080125 509792675 900346650 464143925 790748350 3502450 25812850 763791700 805361025 457070600 314220550 638217475 494092725 623884975 298083100 427005250 388220350 218548225 300537125 192360700 700962675 853897275 632766575 727854225 163001125 75595800 143247300 922393325 498699600 308876750 455893550 37815925 322958650 887982725 232085350 966816725 315343000 902599075 997543750 156840775 189735875 551160925 1373575 428064875 137317425 517815550 516123300 623869750 448252000 672534450 761344325 997165225 73341625 235406325 844214000 885236975 497360675 806349075 46246025 306723025 958477100 77136500 462676375 418055050 428793925 184977800 261083900 79794400 817147800 312764550 957931625 763320075 965110300 43233225 900162900 630492800 80823575 159249650
684725184 113420736 138625344 777142080 197436096 4200768 550300608 852755904 848555136 33606144 806547456 617512896 642717504 323459136 739335168 58810752 142826112 252046080 890562816 235243008 142826112 680524416 936771264 961975872 861157440 214239168 420076800 415876032 625914432 63011520 331860672 932570496 306656064 697327488 886362048 239443776 436879872 176432256 499891392 869558976 21003840 966176640 134424576 449482176 92416896 550300608 306656064 646918272 630115200 478887552 764539776 495690624 126023040 117621504 205837632 420076800 71413056 79814592 411675264 873759744 457883712 340262208 978778944 903165120 865358208 516694464 861157440 714130560 394872192 747736704 667922112 319258368 600709824 877960512 369667584 453682944 974578176 218439936 810748224 365466816 441080640 268849152 705729024 751937472
5
29899584 752146560 411941376 349462080 825650496
389495925 437878350 413706475 987643475 754510575
64
81753 4227 46655 83147 78136 43234 34690 30989 86196 68135 87495 37191 51605 37116 41664 76860 41206 98046 7027 228 46119 48830 91738 33899 87598 86976 42532 622 57121 8511 69938 29665 63501 28230 8922 54699 24051 49432 61832 648 28165 66250 33752 57862 84590 60612 35453 65257 25319 44260 71453 968 94626 52442 35730 61710 27299 91212 3371 26393 88610 9236 9993 31710
9163 74525 54275 39331 30078 89386 99010 60675 14256 63888 37606 71214 75399 92567 91295 73798 87074 91292 2932 70691 75695 14161 12384 1680 51282 48796 41264 48940 85861 32788 79270 40298 18866 65480 39737 10769 48251 15543 5970 34685 55699 5209 77873 14588 37986 25332 32550 89714 52197 24904 53017 75893 61292 6372 92322 12017 74362 14766 29553 74662 66344 82400 2952 35429
94
4199276 8403445 8836817 3499184 1664743 1439136 909094 4597267 7290470 3907274 8422550 5484495 876464 8814857 8983148 9315213 8404277 323767 8183385 6033658 7545220 9006452 8343535 6721221 8900949 7296290 3706279 9822501 4922496 3186791 6789339 6583633 9561732 2834735 372300 5263238 5765121 9157800 1100317 5505925 9794238 2684740 5078358 4607635 4351908 8498363 1045731 5103351 1739585 693126 9381138 4738303 361542 9020005 3655320 1110011 6096521 9271385 858381 1308608 9729284 3238443 4908395 35238 868052 3765091 7773203 7751563 4783035 4669394 7812041 4659918 7185566 3979017 5468083 3587413 7288840 9878111 3959261 8471303 5866789 6062831 4508856 3334226 5402056 6230040 4123542 4442535 5428581 4069115 5918895 1008249 6254232 9969024
7464352 987714 8808732 9355346 5810535 4067197 8068053 7840990 5667048 7065133 5087815 5818200 5389931 6586837 9002396 7754038 9762972 2870270 3629090 3070131 8039433 851764 4169034 5238221 1687464 70025 7222314 1903047 3293518 5400976 3448828 2847528 5005625 3917795 1092637 7137210 6175367 8007838 1955343 8074381 1371964 5741922 8495224 6728433 1402304 4754515 596768 5071487 6157919 4962458 3728119 3981329 140359 5757668 1474060 7599045 8849934 9554785 4882839 2357630 4111401 6529862 7119088 3295714 3578614 7640395 4668438 1496925 4864179 160174 9667370 9076765 5807748 9339694 1772913 2352533 5594354 9802640 2645333 2855802 5216102 4555550 5265252 7786185 251698 3307683 1466831 1721534 5033864 9957104 1284460 3097310 2679937 8292570
91
116396280 203693490 297457160 984233250 117417300 818007190 790965630 743642900 380570190 106696590 63740820 254963280 481410930 191222460 178474296 557732175 588153930 535422888 254963280 538047510 371821450 367447080 484984500 246576330 616786170 764889840 133855722 857146290 557732175 796760250 953214990 382444920 624660036 111546435 580041462 796760250 254963280 188770890 543182640 87297210 196846650 743642900 603663060 695524830 790965630 111546435 709840950 780825045 624660036 350574510 111546435 770684460 485555070 940869930 297457160 567872760 634053420 271591320 721771050 652117620 120126930 818007190 563603040 966735770 111546435 727987260 293543250 154448910 393693300 350574510 828630660 148728580 652117620 557732175 356948592 763212450 95611230 254963280 111546435 986305320 385342230 520550030 818007190 202811700 828630660 547591590 95611230 490804314 915854940 466466910 93933840
780825045 940869930 297457160 608435100 634053420 790965630 133855722 756575820 401567166 847752906 872090310 847752906 915854940 806566530 624660036 394702770 504383880 648997440 557732175 605537790 758515758 785674890 406816410 46966920 164384220 127481640 507029250 845404560 803134332 170600430 371821450 171609900 866125260 989368380 419939520 611080470 733019430 950569620 317026710 979668690 191222460 969969000 334639305 879248370 737922570 961015440 622311690 74364290 640179540 727987260 117417300 758515758 148728580 312330018 780825045 507029250 657536880 148728580 341200860 709840950 981608628 936990054 577416840 818007190 344779890 951080130 243374040 127481640 516636120 956112300 68643960 701149020 352251900 429024750 314954640 81124680 962821860 478056150 334639305 334639305 730122120 350574510 594914320 89237148 133855722 557732175 686439600 927596670 924241890 356948592 936990054
100
334639305 567872760 377541780 328077750 111546435 557732175 780825045 743642900 211351140 704503800 557732175 504894390 703600590 11741730 344779890 527310420 368588220 860501070 493152660 485555070 847752906 580041462 780825045 943854450 588153930 583473660 63740820 594914320 594914320 823727520 293543250 459308850 940869930 999068070 594914320 956112300 334639305 818007190 973496160 95611230 414315330 577416840 780825045 750403290 936990054 758515758 267711444 63740820 51482970 780825045 780825045 847752906 243374040 148728580 743642900 314954640 704503800 261891630 202811700 263655210 246576330 755083560 751470720 178474296 587086500 648997440 334639305 275585310 148728580 987982710 818007190 463346730 828630660 527310420 520550030 538047510 743642900 847752906 551170620 981608628 291736830 162249360 74364290 339489150 393693300 121687020 583473660 911770860 178474296 116396280 790965630 74364290 371821450 557732175 603663060 931740810 770684460 780825045 950569620 329789460
334639305 26246220 567872760 344779890 924241890 74364290 308897820 551861310 737922570 104984880 74364290 371821450 708077370 796760250 81124680 469669200 356948592 159352050 563603040 183723540 557732175 68643960 74364290 557732175 764889840 405623400 135795660 931740810 257414850 375735360 780825045 188770890 520550030 557732175 344779890 111546435 772244550 293543250 746876130 981608628 944863920 951080130 969969000 111546435 800509710 847752906 787386600 67897830 588153930 312330018 419939520 334639305 111546435 63740820 701149020 971110140 65615550 583473660 535422888 531990690 193993800 966735770 334639305 831527970 209969760 986305320 557732175 203693490 290990700 634956630 577416840 77597520 174594420 572281710 371821450 739728990 286833690 880629750 182530530 939338400 562582020 528377850 755083560 375735360 176125950 577416840 106696590 533482950 567872760 490804314 263655210 689559780 504894390 312330018 573667380 605537790 490804314 608435100 557732175 583473660
100
23483460 490804314 328077750 44618574 743642900 564293730 465585120 271591320 611080470 74364290 580041462 713897184 535422888 459308850 111546435 95611230 535422888 924241890 692762070 603663060 339489150 126095970 334639305 594914320 356948592 798437640 465585120 297457160 334639305 371821450 120126930 334639305 127481640 120126930 334639305 956112300 549151680 401567166 780825045 213393180 957987030 921470550 879248370 334639305 966735770 682401720 541796970 127481640 91861770 780825045 787386600 590539950 860501070 966735770 387477090 67897830 63740820 628716270 863272410 472431960 755083560 126095970 594914320 831527970 780825045 34321980 520550030 35225190 509926560 490804314 543182640 758515758 67897830 191222460 743642900 531990690 178474296 780825045 101405850 834173340 971110140 966735770 733019430 764889840 486748080 516636120 148728580 701149020 380570190 966735770 557732175 936990054 987982710 154448910 267711444 184294110 164384220 263655210 40562340 77597520
541796970 763212450 371821450 339489150 701149020 763212450 780825045 426786360 254963280 770684460 159352050 121687020 535422888 798437640 786695910 766275510 657536880 514829700 605537790 304217550 312330018 557732175 611080470 504383880 63740820 727476750 111546435 148728580 733019430 340510170 986305320 234834600 111546435 170600430 111546435 148728580 131231100 936990054 798437640 882671790 96996900 105675570 758515758 87297210 986305320 191222460 813632820 847752906 780825045 417086670 541796970 318704100 918617700 761140380 730122120 334639305 328077750 51482970 743642900 154448910 318704100 312330018 995337420 966735770 340510170 743642900 547591590 148728580 394702770 981608628 960269310 38798760 766275510 187867680 727476750 148728580 547591590 74364290 328077750 425904570 813632820 652117620 733019430 89237148 761140380 85804950 617795640 401567166 594914320 682401720 909532470 312330018 763212450 314954640 535422888 133855722 405623400 504383880 401567166 557732175
