10
91
613680127 5045732 51715276 613155824 451944861 259347951 157690462 783051470 712478204 399936131 58279114 302048662 594093602 807945696 566804303 384285843 563450282 658502010 577108996 679573378 161469252 727140986 768929361 72716311 238823731 961103419 4957045 395849846 30897101 332678862 452074239 643886011 366651390 47619958 25666900 586190451 601897925 445802796 631721519 250833185 654256821 183117597 469680412 173319866 57420405 916699943 26854909 780347689 559392577 312879712 723040134 833566156 371552359 221950352 26248640 302707189 35205835 28467121 734445193 151662442 496642404 430586998 64494610 111380709 906036156 943843521 981344096 881872532 518232692 358930219 71673036 25772698 760126909 587628160 920031363 881599884 547409888 536614976 808547590 135664373 399132087 926803232 730219947 224931283 244283186 656654727 578457370 398728472 583213011 816450065 912490449
799987754 562949938 246272015 562610337 237912931 480741754 892198405 811900206 537566354 127653866 411831339 48430195 286177144 486943061 19995372 362850620 524683851 198582946 215095658 321809066 910166583 747470668 967198200 760081587 306993112 48388067 565282463 43527839 733789121 755725450 23450 834829708 707195640 485333367 595484122 919955691 530566007 24013687 775635842 947212032 201330861 967298663 480818284 522052454 673368059 902156219 349859490 435995017 958643512 608704251 36335846 808584490 731995949 658482753 511717674 437203679 922446873 294611644 92622105 576254096 143978030 740990256 938431116 260279802 923895827 56226420 683377174 351821104 33376096 5919219 940154233 206560021 58079525 816289835 979024942 915843044 291910755 388879153 131231713 92983209 281306769 764843819 326449394 752607941 987308569 797101268 174803702 996892269 303424216 325389308 993894707
93
999535680 681892992 189889920 154725120 744239232 588886848 145354176 567692928 701832384 384607872 426805632 946712448 333533376 432298944 189205632 650035584 314886528 760110912 531748800 675126144 634049856 98081280 7945344 109847232 526122432 565202880 175500864 551745216 799343424 96313536 136971648 843194880 580067136 167365440 654749568 444312000 316331136 631179648 854808768 433135296 57442176 910616256 599873472 849106368 537698304 69702336 926012736 522206784 181013184 26136000 525419136 184301568 48736512 336973824 800445888 83102976 181526400 795180672 221785344 527243904 51283584 762125760 103764672 890980992 724299840 794971584 466627392 58430592 465715008 131725440 519545664 669499776 705729024 797860800 422262720 691092864 692993664 254612160 279778752 264173184 577101888 945705024 408044736 156150720 15700608 435454272 766003392 87265728 454253184 19521216 739620288 474629760 701053056
491095150 832982150 499448950 373291100 846634425 451066525 519250550 773074575 627192475 424303425 970897200 188540625 650165425 623982450 448127225 785141175 69073550 392357875 942780475 796124875 705277300 805252175 998163075 715371475 528300500 934233300 684354125 371628075 799180200 366522975 335815025 646413950 828031750 160423900 566279350 63233625 226480800 513604000 540985900 208032825 635391575 362152700 308317100 318682000 848568175 464641450 200955300 557036025 728791700 219171225 909868050 677315275 489780200 83886075 826252700 169705900 711078550 849457700 135207800 146346200 461972875 802312875 494266500 267244250 593429200 789202050 919382100 844236575 425425 578268600 433430725 182391300 666640975 676155025 932647625 347494875 154583975 511051450 131997775 695724575 392473900 417883375 590180500 838976775 857695475 306499375 783710200 936940550 7309575 508460225 280123025 741709150 104886600
100
846134176 952594208 694779104 25877200 611190848 133710656 665023680 604519312 560025888 302696896 177059520 759865808 445812608 453423840 176339552 974024896 376871184 553231600 523784512 238304768 571878816 728121008 170848624 245311312 54920528 372581120 814033184 870139072 449859200 191449856 108587712 576779408 871403456 324840992 54978336 379521872 828415456 505233936 326245184 439612368 234402320 478023344 230616640 240964864 786315680 270692416 157241760 484015184 548567600 552392464 548661024 638367536 345356672 274283984 463340736 688598912 462534608 246572400 947041968 340169520 793850208 73947424 322591088 605175952 376997600 206013504 243291568 941000240 656662288 528614528 354386544 768277216 952783632 169755072 281306352 731064224 20796496 25236544 868325552 583354816 355123792 759546944 538502480 665131728 504909040 86463648 290972896 550138496 307626064 524909600 173497232 608382704 405547216 695704048 393934800 515295344 871435520 371992976 452346496 925268864
202601904 629523104 362455152 357227232 240122896 352173824 898977520 724833184 633671024 60079840 480212848 593226016 62122352 707115680 982083520 649831616 272435680 885428992 98836912 68989552 951951056 477497056 357821856 284152880 423154368 56152944 146504704 924466752 274087968 470953472 924311440 500365088 984805344 543828048 550509360 379833280 753798944 950020688 245248560 406219024 59814688 667656736 931494400 247759952 882983824 876405792 236277360 233899296 640426576 521229072 205366112 717291328 986151264 143256528 596470032 844952768 218479920 202170752 633596416 39691744 552817744 459693968 672993504 61114672 109943184 56938416 890770608 782153600 379027488 117446608 888395440 88973264 784167760 11121680 571088480 49056624 439359168 980755664 789858656 928438240 831305792 75419840 695389632 553185536 411720176 613271776 934782384 80550080 569989664 952272960 500799408 300003184 626471280 344554064 941085296 414768048 274358480 365115072 225656064 739656240
83
246896544 607702755 634688667 63592248 983039415 451243917 122603997 500042175 531613683 873317649 978507270 728876397 662631756 221069595 394740963 616653678 87926601 976730670 225270927 116538777 546075501 216845139 193035498 18953202 900798681 547528554 552532260 166139430 378081204 927362253 439214907 671524107 354509484 955479228 337214325 825694767 841093761 393957096 676812264 129278280 529733499 818882274 443423733 446207913 293839092 833074101 138048963 728014311 48804042 80029005 297910734 750116661 501293292 40356876 40323675 756935925 477936342 71986740 840968946 225037371 931564809 13113732 431082999 755337531 66364059 363076242 159542799 199618272 379441320 911761011 811466667 136446012 33857499 611204634 438422163 245664267 147977190 682780146 318583116 811065918 309860112 736580421 35309229
129528168 114786216 462022101 684593505 147548232 821105028 774965064 211082577 560021334 692501898 534282933 83155257 39262758 123837741 608920095 762511395 24706815 345902055 621608427 972818151 420837978 355993800 263411322 416195997 86093394 986144229 179193228 174155577 335633454 417803229 750974424 682114284 120870378 161028960 682899057 377328573 674089896 268770978 32175207 478053369 50171700 784968945 926628396 881124036 240611727 878969886 745873701 417127803 78024282 320379906 751114008 217582935 712946025 82587147 177573828 661031130 430386237 959169711 341685834 996281166 45781887 87454440 317728446 93733962 85410951 361579983 293384091 980182833 651453138 213103095 272638284 953411766 627681690 607577352 572205987 36736596 687653172 515687220 330941283 341581773 420238503 51088056 474681270
98
725428346 750545068 10711302 71349758 719508978 201031046 755106630 19400186 122850774 343276290 926033570 327210448 624526524 496492114 522513330 142463188 62063228 968225322 595238104 189536858 309483324 209574342 289545016 923822792 130506854 18999788 443223492 930940038 13152172 381780456 870884914 733299972 969694220 620842130 204279808 201110462 646029510 920715590 598522230 305041202 215874152 14662890 633605796 475163626 469073860 836047080 590687330 185077626 653278966 562279994 890162508 142378360 99207264 392882776 20065998 820391046 40739760 425419340 543223314 922222414 335471830 937993122 677439764 712095616 674147086 981609326 840063888 16944344 280088028 167828812 502285326 241397780 360746506 387296868 385356000 53745664 49054382 544546404 294226200 938138220 834508834 256389246 703628186 532274480 598435078 269976178 128337418 749006128 877450570 666410882 803299290 60912978 140188960 700664702 34015038 453761418 440299008 394332092
707736634 657770448 115416498 617203222 870800 785834276 648714558 69750772 312946130 691413650 200451064 491852100 509724760 553711146 891308156 296343926 656900672 477154822 690498990 610123406 243073904 56370502 973609398 182204940 597295514 659970834 357657354 633962496 206674738 647119774 943436644 493877248 670483580 778471204 129652424 132609574 702528122 969358562 654799490 334371866 769492990 237948450 95734308 31141896 187552416 405055286 741145736 706545572 150314942 21502072 37407444 256433454 951928702 752961352 736157554 487068780 962503122 811031312 139620116 775435174 535060846 55095360 785072056 989344950 665526998 812932948 816789920 388945914 141535564 44498890 470248022 789470546 886724066 321741614 570821550 589564720 56885872 86687758 522224324 585301382 510300308 136089862 522296060 125658836 883813044 38063032 498261758 873814814 272569602 826856906 416562112 236733682 285302900 808895982 493008252 368052836 851085256 121070816
97
48099766 310308922 229842431 123114068 841901676 827618701 237054545 46369778 657830096 565631990 786092307 470280811 180358542 347326694 294367359 516731677 686708880 789695907 182872417 143614198 540683572 445565835 651994343 827473647 978670875 88589193 554086533 45862124 191748557 744462147 555567922 381805193 196272076 378783834 670127913 33037732 521504529 99371987 676753935 707649943 952363412 531759371 838549140 696836868 692555864 864979346 36666773 833260967 771033725 872203241 690913405 148240092 810920825 568632064 691495519 130372099 724661091 820773668 443898169 4036123 762544146 350645757 662239760 812368557 184320290 587487173 822374553 952136493 16453008 675944412 674070111 628513171 372562463 194809069 662887225 620022130 828833929 986430445 536237086 767001235 853872019 242522357 612332435 525052242 734670079 958017830 592509687 237510910 999880245 158366208 75806094 702369382 657116691 358519392 378719880 899231762 699267205
679826147 342281485 345284212 843001236 747048731 757516617 604105931 159184025 198705078 311753871 562497936 157414543 295684298 760343870 907054720 322231481 894093200 251811021 672156914 234708474 120944681 290455319 84164773 940113174 692278301 206372166 360559199 942746441 249266563 699846378 953170127 748314721 99472373 425545666 223022371 643439797 878081127 460427968 291976139 995050749 204655451 561985424 562857386 299445718 210730674 224552405 877751446 915984888 994653660 949078130 865890597 619637590 910571935 374081617 543530834 288896062 70302463 389575186 656510998 510860812 789111015 720427071 967903398 984660677 323313991 357682754 614029273 291493356 463909446 287437241 572674648 322850451 410335783 665455973 884245208 37712290 5362973 743368197 600451390 195417040 923152230 211069144 717616614 545236461 151575424 711114250 67861178 218352420 42652610 481452818 546457639 414099532 457898077 488196072 163049040 565319326 257411518
92
819346310 435536392 920085488 723391294 504080944 638402356 158556710 635556726 735199262 813157174 182975966 813298876 909022700 529700734 479859288 678819194 842873592 327876312 36318766 848268946 134057654 949558972 664793394 517819236 10409606 869734234 409293706 155679122 900352354 137516984 242909110 75583824 90915494 709978662 900847380 327181520 278686452 474358750 167206156 283520508 840495134 804907374 295775052 516319832 785267644 174104296 317031758 589039748 217110036 502545288 645117526 134256204 888364950 985705674 989771712 446000718 71325658 632490012 567257008 356148046 105625218 295344702 209417392 225424588 657669078 609710494 769236166 420010276 694819398 626839944 27918182 100315098 125074986 939422510 314747122 314971094 570525160 533682412 410002064 763286202 621673236 107146320 154166608 901990382 196418846 712539254 356384520 912283632 996485362 88562914 606029396 796190364
276021512 892798866 781118158 557906804 692961654 644896784 259538100 880703276 271271626 542259278 225741166 719135712 857247700 819331376 282873558 588357534 283866346 560108486 155648684 735633678 828886856 446132958 512051558 426475672 969453948 583257554 859599482 344151940 650676432 844875774 161335498 252334554 232115742 888337324 948878240 199848802 559369804 513679060 119608154 188858936 120136734 880899356 256801872 971115802 98924260 448980412 639872652 320092392 737964332 610509102 744452072 31569260 400941154 223185932 59370554 190359328 328838700 853376602 391721898 771107362 901048552 499763346 481867968 105617390 188985248 230584570 105282116 682276738 828358390 124332428 688112512 827683016 365831852 697289208 15209272 280690382 923093872 433488724 33105866 886790192 953135380 437502474 169210998 381732762 305479302 544948918 338139048 471135704 987997796 775793902 245529362 620633898
94
990963415 416488755 273833250 321577275 833735320 640255095 155797170 488212610 377907015 858157305 873993405 235103160 773760805 762021920 418177235 749725150 298628135 545295015 841418360 765842820 647168635 278000915 435909540 406565710 99163395 8986705 632784185 330576515 674718160 902135305 676269980 23206245 14950055 154845520 77487900 178589150 985372560 583901435 630332545 69227495 685234990 303240765 259782530 167022595 763309420 759972125 958996820 589690840 611519460 753706225 242097425 696123030 811837530 551390440 794323025 507292555 40841050 668877445 421518245 10739845 226062475 802159135 780742915 925501055 425201500 57936215 146160735 609754100 693238635 751250865 638812705 536674690 935484165 872638710 334887840 546430545 640598960 334107095 574477745 924543645 289427105 253669445 674811150 733357120 692816710 223685135 581226735 497491225 266359745 520050520 660044165 612161450 187069795 500174610
216754790 634909055 903229750 628405640 631930150 930173880 1341555 585753305 694665165 514514835 165466385 687041390 975396690 938256600 436391980 283504280 765457450 627744360 724790430 415047400 264819375 60520115 675513210 817807565 21139385 974467645 154913400 656705285 566012185 41006125 561847955 136985900 827361285 366617765 446437995 578662440 370655665 402132335 268597475 846094515 627208645 942763615 728048520 814157285 3923160 591047650 865068320 353276315 85427455 363317625 888194080 661176085 558908980 18876980 93007670 697407320 285761780 483037500 400931780 489096145 936037025 519985230 406995035 62833320 139563040 389943345 735846725 674097010 882797120 234767700 432723195 606687620 319071305 76672545 291497140 744041105 927681655 807151535 851099340 604590880 666024560 4888085 803368290 468537100 682503650 159948040 962489535 647661050 862358230 989871185 277809120 480131570 988096610 693009485
100
260000125 806053325 411289725 251965175 253959475 908230400 302234625 425892775 691044200 464527525 455125825 160827975 369363225 198463650 997250100 562789150 902220550 134332275 142450 951396600 396603900 815970925 597777950 904388100 408943150 957883850 33136950 505811075 567089600 995169175 359867200 233976050 686129675 417492075 702157225 758688700 965223875 163388225 62926325 816950750 217334425 798630525 878240825 773336025 460284825 359226175 237893425 953943375 316756825 553843675 212508450 356998950 205081800 118587700 468052200 489025075 79935625 323517425 996073925 524148625 71527225 477944775 879080125 821882600 521136000 56718200 54685400 724658550 95757200 788691750 556453975 577548125 415409225 591371550 40908175 117852350 490320600 252099925 909346900 898605400 760619475 513226175 662030600 107468900 557601275 589055775 944668725 925684375 222878425 294193900 927622850 614756450 675251500 79939475 756168875 845947025 842570575 944865075 359283925 775929000
176432256 569395008 687016512 780579072 420076800 860393664 987180480 460938816 542280960 481560768 284124672 772177536 467430912 929897280 921113856 989089920 781342848 193999104 12602304 678996864 71794944 142444224 913476096 162302400 822586752 727496640 960830208 381888 436497984 890944704 320785920 695799936 808456896 295581312 881397504 825641856 546099840 787834944 413202816 691599168 502182720 808838784 382651776 214621056 743917824 837862272 339116544 425423232 767976768 668685888 313148160 568249344 835189056 11838528 86306688 474686784 495690624 694272384 962739648 73704384 805783680 836716608 510584256 961593984 496836288 772177536 915767424 148172544 366230592 660666240 745063488 409002048 772941312 196672320 465903360 642335616 641189952 792035712 992145024 907747776 509820480 353246400 126023040 110747520 650737152 387616320 135188352 629351424 459793152 688544064 554883264 396017856 675177984 206983296 46208448 445663296 169558272 415494144 832897728 307801728
93
614718720 499758336 73636992 687671424 634296960 332506944 236022336 983759040 743022720 161910144 271662336 233076096 811337472 646861248 942359616 984082176 379228608 777066048 969274944 998566272 957984192 378525312 643306752 151930944 954011520 990601920 847946880 305971776 44136576 50732352 36742464 581853888 208251648 598447872 539066880 425570112 76374144 905103936 629373888 721980864 94716864 365713920 629354880 752963904 167289408 625173120 751633344 492706368 554710464 263564928 266150016 717342912 144517824 223629120 940116672 50162112 509262336 317300544 907593984 252445248 182818944 492421248 376301376 544940352 881534016 323288064 592707456 769557888 616087296 345280320 514774656 191144448 367044480 31363200 677274048 294433920 217014336 595463616 440016192 773796672 310324608 808315200 172440576 702915840 763361280 742946688 216444096 100780416 752260608 287039808 742547520 911205504 766231488
735095725 268133775 851855550 208458250 23901150 387368800 92394575 188579300 7348250 44824325 505404900 289830450 859319825 646955400 758687475 17017000 341732300 337980825 773925425 674762725 918376550 955311175 226558150 738537800 710382400 44476250 343008575 463751925 451646650 131301625 796550300 910293475 533328250 677508650 484752450 86399950 306073950 85433075 682691100 398816600 896486500 198286725 256028500 430298050 73791900 839518225 348964525 310753625 363428975 372440250 587357225 682536400 517626200 813915375 360837750 953145375 688415000 908746475 154429275 478216375 660452975 867170850 830816350 724808175 826175350 369887700 565969950 504360675 349235250 662154675 755052025 719935125 119969850 905188375 86786700 985168275 255293675 547483300 350086100 94676400 965134625 696150000 756289625 68222700 893972625 438574500 527875075 225436575 106008175 600003950 982847775 220176775 575174600
