10
8
209768589 389625972 320488827 595000854 493287987 755757489 284495397 151929495
58405971 130173531 203030136 654643425 694406364 211164939 257413362 771013698
6
264866669 369299766 959490985 45436862 528847648 780940802
356230260 952784228 159907511 922282269 526074763 699169665
13
997356360 162249360 926693460 845404560 704503800 818007190 986305320 756575820 789405540 281291010 356948592 457927470 187867680
126095970 756575820 709840950 52492440 981608628 411863760 159352050 997356360 58708650 834173340 486748080 811246800 51482970
15
573667380 120126930 966735770 141968190 334639305 74364290 620780160 993777330 514083570 770684460 127481640 293543250 87297210 263655210 111546435
573667380 806566530 649879230 74364290 105675570 616786170 630479850 120126930 843873030 148728580 637408200 796760250 743642900 734894160 580041462
7
985169108 524998474 564251233 316099784 845947795 455798343 927624516
502611681 372209838 933860928 774757269 627633006 690862354 692878758
15
409550400 430434900 828445275 624580425 787774050 143032050 655505550 356991075 552636000 83618325 687528450 284189850 499835700 91383075 99603000
354402048 683407296 367416192 728929344 894900864 94393728 490034688 435918912 315414528 721461312 965929536 624074880 379496832 128301888 165532224
12
371821450 9699690 365061060 727987260 978176430 780825045 485555070 785674890 401567166 304217550 811246800 803134332
371821450 703600590 148728580 371821450 148728580 811246800 549151680 148728580 628716270 562582020 184294110 317026710
12
721771050 966735770 91861770 111546435 520550030 334639305 334639305 96996900 624660036 183723540 493152660 126095970
111546435 785674890 786695910 509926560 583473660 191222460 730122120 573667380 193993800 334639305 178474296 594914320
7
725191831 39460421 135858866 701844286 236402782 289362073 533133328
829445708 348804742 340897634 231043736 228560563 997431820 436065487
14
51549696 777275136 485768448 599493312 914798016 76108032 240299136 328021056 999611712 956653632 615935232 854713728 661592448 365200704
457525250 770135275 876994300 19530875 378125475 284377275 821766400 739388650 79206400 445574675 115947650 192369450 384661550 827645000
