10
28
29300 11893 30885 46341 73542 53514 68414 85629 66750 6169 54214 64581 17771 19251 65912 16775 13234 58460 64289 30724 50347 64719 6595 98222 64259 51159 62613 94060
71672 46935 98848 28409 95 85348 1444 55525 16865 89606 6225 91282 29209 33403 25199 505 26424 59571 96534 61539 70370 58901 30934 40752 57647 75896 36337 46483
23
595164581 64370955 579479450 493895875 460864063 225242919 55100727 694187879 946916729 524799814 471683630 87201543 79707980 228611306 919772535 338035929 507843831 319851961 255676311 18650126 678078896 912697093 590726785
809392496 890475916 486986489 846445842 326469847 669331432 817415357 443126948 408314346 771215478 728679061 505998955 83691355 78901394 167465353 750247190 56308153 989998966 776719471 453019875 382963416 456208819 485233771
28
903897225 196394625 610737750 315864675 405078975 892865925 904245300 612451350 360257625 572288850 114784425 525646800 570896550 688679775 500344425 241805025 406819350 605811150 337579200 422000775 902103300 719872650 557482275 216342000 229194000 414262800 441359100 990514350
277635072 545990016 8044608 507908544 408572736 74954880 649471680 607573824 519000768 947506560 397453056 644117760 404289600 755012544 739142976 996433152 136209216 205947456 881749440 806410176 949785408 162978816 736397376 244221120 365851200 833042496 721296576 160425408
11
907073400 467372556 664719864 890260170 357685200 554758596 932581392 795211068 208412196 912089202 613470294
530417688 272268438 595487886 938156430 215869164 235547658 421568538 900540924 722157432 540634188 546921702
30
403916318 458320694 923051454 657843290 872524380 308906104 111680088 69629066 245194638 602389970 75638342 84231602 984195576 510419702 671619052 728505388 375451180 22988290 47638162 244235446 394082624 734057454 652307188 717348242 102140454 812334510 603841186 741336102 571281698 342860258
6307080 350036414 94612284 704298686 468702754 491758462 254323602 133084822 312064584 116393758 867489246 405134626 150793448 455133588 610518090 815025406 921540490 256798672 443100658 239726318 597565072 47091590 219864944 180025976 204823112 254933458 585019344 645189142 433999618 625195376
23
602447625 466364925 312802425 644321925 666900000 98455500 303799275 672717825 637126425 52386750 532300275 954254925 183107925 203483475 932045400 930272850 355878900 79606800 142102350 526772025 59968350 333046350 155721150
594223168 46747008 347670400 128512384 38788288 599752384 362163648 208853568 622288128 788751040 302012480 250238912 582745856 130941888 385537152 684952576 183385664 416115392 444180352 86540608 558199488 462359744 632592576
21
349 117 524 573 930 963 12 622 563 770 789 213 480 287 181 241 730 912 176 314 631
104 62 620 879 741 730 608 137 145 357 907 287 412 857 429 86 480 606 874 15 444
26
398402232 369438656 365092397 594714890 530198213 689053021 295839759 227061416 777643816 124599051 350034263 648919573 282633884 230042616 846268546 887467309 523656248 441754390 20204474 82271782 232698958 622900222 741343501 399274871 610152895 847130745
404483764 56967890 224959931 448910401 742590066 304170386 987776540 137574173 83775490 361031904 108263612 564998532 914830462 776589318 329467927 805182651 98641412 145131718 194576022 981911406 495811608 669865751 376445433 394689333 690869088 245755222
3
301995225 362087250 104357050
61776000 485559360 842130432
30
602173440 182324736 416142144 78522048 879367104 396107712 607134528 442392192 199051776 192075840 833995008 31268160 348188544 3934656 547088256 141951744 310248576 953422272 400327488 378829440 970890624 271643328 904267584 18038592 316578240 195763392 10264320 970548480 972715392 408691008
193607050 403999050 82609800 834722525 183938300 741090350 952913325 959333375 674569350 209811875 303057300 125423025 144837875 65012675 633767225 67642575 444917200 482896050 343936775 563610775 87908275 21851375 794732575 3094000 225049825 399319375 720708625 382959850 997118850 249415075
