10
29
300709840 872890042 664734696 223068276 92854640 736189478 638168026 734605832 806381652 540273156 221513044 808686972 302528672 8226712 306831312 51037194 464792928 518300756 595008046 192896916 39431048 816221898 307744692 569254818 39795958 555167674 578879766 13631082 271273324
839670026 80620904 315648962 386882966 302411978 393745196 94894128 97045004 37862444 204152652 616028638 204650566 657624724 881683478 231398812 56354730 581875844 213558852 290716644 967247492 811078314 258290164 825522140 61746952 164241120 172442032 143563338 381985876 588043040
18
509109 9371850 1261626 4975616 6628380 3100996 8038858 6922002 7054024 13497 9237368 9097020 8878105 2627193 4567565 7142920 6645983 5405286
4954500 2414163 5851745 7001464 5554062 9601869 2290394 3230522 4429455 8268413 58487 1302347 3047710 1497402 1637082 7428830 5850633 8585010
30
2609103 8031207 3970880 5547067 8121892 8937005 1966540 9743823 398832 9759022 6533678 5959162 5992016 5634023 6013902 6036562 1950355 9679400 8067972 4057220 7012415 3335319 2008096 2290893 3230090 1141677 3553124 7118722 473953 2171320
5342341 3427720 1664485 5799768 5429166 6559196 5753832 5192834 1107580 5179533 2396660 6454527 849411 1606845 4797637 689262 4090823 1736100 4116938 2786110 5322308 4104333 662952 7023029 7384295 6706262 1675959 1483372 7644307 2117876
21
666920954 620737260 168042350 852458124 682653138 202992528 411707046 423953420 12654148 6366536 993995164 911138118 647347802 573369706 573330244 722075676 688901288 385648972 479081834 848183074 731638634
122161198 828859848 400881304 115689430 898852282 363865948 678470166 162741288 693741960 301923762 923213490 308119296 99838860 246821656 958531980 858114344 459245602 811628108 886329674 159952640 653293410
6
318697600 136449664 738858432 775135296 774171840 561631616
33575850 267723225 438253200 60966675 52130925 402026625
27
905212308 271566568 27881581 420327908 232848473 479153675 925845228 803302955 722210762 7352891 763945182 730688322 729680952 390159770 66011374 613324712 190109997 344374030 183910573 773083619 180445174 355807144 790311522 832889330 705822117 206250902 370693466
434516940 812058533 916476834 683395427 225538456 832531854 20050888 159726424 307876800 899060162 421282862 55408899 969147179 828235716 361354686 620887498 911009957 143309881 909364918 253898281 965708562 344393140 962340148 976339903 70827185 897722826 294254870
22
58757 1274 92724 74187 45891 23481 55336 14679 85931 64575 36165 99420 8264 135 69631 71377 99543 60225 24415 41310 39404 41776
99488 59042 53995 37226 93459 41228 80752 75835 82683 39361 27144 1698 54001 48988 72246 93106 19650 3369 36367 51442 16908 81066
30
8217477 9077203 6526081 6123460 3105749 9578925 6207690 4773064 5846038 6401814 5545823 717185 886267 3959871 2907386 9097081 7469030 3458477 7110217 6016593 6353392 5286073 5789167 7145146 1738469 6541712 2462849 9366525 7883845 6772019
8408842 8022132 5636549 5298936 9366792 8359823 9749324 5531399 8406381 4504016 4211830 6634462 4684831 3417551 5397780 2706638 8729720 8639159 9352234 3089275 4279623 8685127 1193712 9528800 2371021 5652306 746705 5257417 135104 674239
27
725950575 702468900 44901675 651596400 801964800 508510800 941676750 955947825 58985325 60002775 237681675 58155300 247160025 752805900 630604800 134624700 63483525 212298975 325316250 333616500 91061775 982829925 940659300 789327000 198215325 869919750 318006675
714048192 102987456 213909696 980838144 498848064 114381696 210614976 8511360 718441152 276097536 200511168 18807360 999947520 702928512 941164224 385482240 133243968 929385600 53044992 955056960 926475264 908628864 891551232 549120000 983062080 750647040 215859072
30
36490521 33506574 35934551 49753521 30423128 42692705 37923362 30500715 47898240 35387946 30995452 49306288 32806856 41622763 47801286 47091688 40554499 36443714 44985627 41981521 40146695 33533657 32277462 30885186 32603464 31975917 44494793 35250875 40394209 36096872
31594641 44603237 49328447 30673760 34154106 35937774 32463187 32667458 41700158 45669373 40633910 37456215 35409014 32404649 33481963 46757756 41268881 42465332 45814407 44302580 42448265 47067565 41046196 30908852 33156668 45325455 37163738 48861488 47103918 33550540
