10
1
790965630
594914320
15
527071104 697806144 254536128 626355072 428730624 92498112 840805056 258527808 108791424 339945984 230743296 510753600 496323072 336498624 214558848
920619700 524670575 434784350 835291600 65697775 12701975 809462225 822224975 201712225 293725575 461221475 166219625 2248675 173269525 615346875
9
891912384 823616640 898717248 127334592 545358528 863457408 727968384 945876096 441612864
215806500 371898800 713012300 362346075 294974225 253205225 331908850 353528175 770406000
15
36860886 41074416 44709517 45052644 44564199 42402406 40314320 42012312 48221443 34927856 30647949 39084601 38110289 48321210 37148097
36692188 37798513 36387499 36174491 39873425 35136796 43401451 30354662 45127501 39875109 48913790 42307414 32362976 31611985 35878531
6
152176080 921060960 771856240 782316640 16827600 262116400
490274400 93082400 717886640 509103120 500947040 845018400
2
11379375 745041150
636924288 193235328
12
213393180 527310420 317026710 497668710 205931880 989368380 433062630 314954640 763212450 847752906 557732175 243374040
831527970 795374580 966735770 514083570 918617700 637408200 176125950 986305320 334639305 689559780 986305320 411863760
13
103728625 355352725 16598400 29145025 849116450 724946950 441577500 88595325 783293875 35094150 817073075 107248050 49915775
28759104 843708096 235566144 281128320 929985408 238151232 7755264 67858560 768740544 697973760 217793664 748382976 955513152
12
337016925 668785950 919774800 338676975 248391675 186541425 88411050 914259150 386979075 615825000 553439250 555206400
866538816 722120256 681512832 270441600 111141888 612845376 102932544 53566656 958186944 77123904 38383488 862200768
15
266087766 794163377 953103914 138305594 226402512 534617972 472061940 636659380 983286465 231230594 648110176 130523218 61833737 659718066 822586478
670923771 706709689 688890188 125882141 531312586 626537583 471822239 58589069 472241791 340612461 784263263 699790434 186808055 221658591 61381656
