50
-1 47 34 70 7 24 1 24 14 24 1 42 1 39 24 42 46 24 24 47 1 47 1 24 1 24 1 24 47 14 24 24 34 14 7 24 1 47 24 24 1 1 1 42 47 22 47 24 24 1
47 -1 34 47 7 24 1 24 14 24 1 42 1 39 24 42 46 24 24 48 1 48 1 24 1 24 1 24 57 14 24 24 34 14 7 24 1 57 24 24 1 1 1 42 48 22 48 24 24 1
34 34 -1 34 7 24 1 24 14 24 1 34 1 34 24 34 34 24 24 34 1 34 1 24 1 24 1 24 34 14 24 24 78 14 7 24 1 34 24 24 1 1 1 34 34 22 34 24 24 1
70 47 34 -1 7 24 1 24 14 24 1 42 1 39 24 42 46 24 24 47 1 47 1 24 1 24 1 24 47 14 24 24 34 14 7 24 1 47 24 24 1 1 1 42 47 22 47 24 24 1
7 7 7 7 -1 7 1 7 7 7 1 7 1 7 7 7 7 7 7 7 1 7 1 7 1 7 1 7 7 7 7 7 7 7 7 7 1 7 7 7 1 1 1 7 7 7 7 7 7 1
24 24 24 24 7 -1 1 33 14 33 1 24 1 24 33 24 24 66 24 24 1 24 1 33 1 32 1 28 24 14 33 65 24 14 7 90 1 24 33 33 1 1 1 24 24 22 24 69 33 1
1 1 1 1 1 1 -1 1 1 1 9 1 9 1 1 1 1 1 1 1 9 1 9 1 15 1 9 1 1 1 1 1 1 1 1 1 17 1 1 1 42 9 9 1 1 1 1 1 1 42
24 24 24 24 7 33 1 -1 14 33 1 24 1 24 75 24 24 33 24 24 1 24 1 35 1 32 1 28 24 14 75 33 24 14 7 33 1 24 41 33 1 1 1 24 24 22 24 33 41 1
14 14 14 14 7 14 1 14 -1 14 1 14 1 14 14 14 14 14 14 14 1 14 1 14 1 14 1 14 14 63 14 14 14 50 7 14 1 14 14 14 1 1 1 14 14 14 14 14 14 1
24 24 24 24 7 33 1 33 14 -1 1 24 1 24 33 24 24 33 24 24 1 24 1 33 1 32 1 28 24 14 33 33 24 14 7 33 1 24 33 51 1 1 1 24 24 22 24 33 33 1
1 1 1 1 1 1 9 1 1 1 -1 1 71 1 1 1 1 1 1 1 41 1 46 1 9 1 46 1 1 1 1 1 1 1 1 1 9 1 1 1 9 46 33 1 1 1 1 1 1 9
42 42 34 42 7 24 1 24 14 24 1 -1 1 39 24 91 42 24 24 42 1 42 1 24 1 24 1 24 42 14 24 24 34 14 7 24 1 42 24 24 1 1 1 76 42 22 42 24 24 1
1 1 1 1 1 1 9 1 1 1 71 1 -1 1 1 1 1 1 1 1 41 1 46 1 9 1 46 1 1 1 1 1 1 1 1 1 9 1 1 1 9 46 33 1 1 1 1 1 1 9
39 39 34 39 7 24 1 24 14 24 1 39 1 -1 24 39 39 24 24 39 1 39 1 24 1 24 1 24 39 14 24 24 34 14 7 24 1 39 24 24 1 1 1 39 39 22 39 24 24 1
24 24 24 24 7 33 1 75 14 33 1 24 1 24 -1 24 24 33 24 24 1 24 1 35 1 32 1 28 24 14 77 33 24 14 7 33 1 24 41 33 1 1 1 24 24 22 24 33 41 1
42 42 34 42 7 24 1 24 14 24 1 91 1 39 24 -1 42 24 24 42 1 42 1 24 1 24 1 24 42 14 24 24 34 14 7 24 1 42 24 24 1 1 1 76 42 22 42 24 24 1
46 46 34 46 7 24 1 24 14 24 1 42 1 39 24 42 -1 24 24 46 1 46 1 24 1 24 1 24 46 14 24 24 34 14 7 24 1 46 24 24 1 1 1 42 46 22 46 24 24 1
24 24 24 24 7 66 1 33 14 33 1 24 1 24 33 24 24 -1 24 24 1 24 1 33 1 32 1 28 24 14 33 65 24 14 7 66 1 24 33 33 1 1 1 24 24 22 24 66 33 1
24 24 24 24 7 24 1 24 14 24 1 24 1 24 24 24 24 24 -1 24 1 24 1 24 1 24 1 24 24 14 24 24 24 14 7 24 1 24 24 24 1 1 1 24 24 22 24 24 24 1
47 48 34 47 7 24 1 24 14 24 1 42 1 39 24 42 46 24 24 -1 1 68 1 24 1 24 1 24 48 14 24 24 34 14 7 24 1 48 24 24 1 1 1 42 68 22 55 24 24 1
1 1 1 1 1 1 9 1 1 1 41 1 41 1 1 1 1 1 1 1 -1 1 41 1 9 1 41 1 1 1 1 1 1 1 1 1 9 1 1 1 9 41 33 1 1 1 1 1 1 9
47 48 34 47 7 24 1 24 14 24 1 42 1 39 24 42 46 24 24 68 1 -1 1 24 1 24 1 24 48 14 24 24 34 14 7 24 1 48 24 24 1 1 1 42 82 22 55 24 24 1
1 1 1 1 1 1 9 1 1 1 46 1 46 1 1 1 1 1 1 1 41 1 -1 1 9 1 95 1 1 1 1 1 1 1 1 1 9 1 1 1 9 74 33 1 1 1 1 1 1 9
24 24 24 24 7 33 1 35 14 33 1 24 1 24 35 24 24 33 24 24 1 24 1 -1 1 32 1 28 24 14 35 33 24 14 7 33 1 24 35 33 1 1 1 24 24 22 24 33 35 1
1 1 1 1 1 1 15 1 1 1 9 1 9 1 1 1 1 1 1 1 9 1 9 1 -1 1 9 1 1 1 1 1 1 1 1 1 15 1 1 1 15 9 9 1 1 1 1 1 1 15
24 24 24 24 7 32 1 32 14 32 1 24 1 24 32 24 24 32 24 24 1 24 1 32 1 -1 1 28 24 14 32 32 24 14 7 32 1 24 32 32 1 1 1 24 24 22 24 32 32 1
1 1 1 1 1 1 9 1 1 1 46 1 46 1 1 1 1 1 1 1 41 1 95 1 9 1 -1 1 1 1 1 1 1 1 1 1 9 1 1 1 9 74 33 1 1 1 1 1 1 9
24 24 24 24 7 28 1 28 14 28 1 24 1 24 28 24 24 28 24 24 1 24 1 28 1 28 1 -1 24 14 28 28 24 14 7 28 1 24 28 28 1 1 1 24 24 22 24 28 28 1
47 57 34 47 7 24 1 24 14 24 1 42 1 39 24 42 46 24 24 48 1 48 1 24 1 24 1 24 -1 14 24 24 34 14 7 24 1 70 24 24 1 1 1 42 48 22 48 24 24 1
14 14 14 14 7 14 1 14 63 14 1 14 1 14 14 14 14 14 14 14 1 14 1 14 1 14 1 14 14 -1 14 14 14 50 7 14 1 14 14 14 1 1 1 14 14 14 14 14 14 1
24 24 24 24 7 33 1 75 14 33 1 24 1 24 77 24 24 33 24 24 1 24 1 35 1 32 1 28 24 14 -1 33 24 14 7 33 1 24 41 33 1 1 1 24 24 22 24 33 41 1
24 24 24 24 7 65 1 33 14 33 1 24 1 24 33 24 24 65 24 24 1 24 1 33 1 32 1 28 24 14 33 -1 24 14 7 65 1 24 33 33 1 1 1 24 24 22 24 65 33 1
34 34 78 34 7 24 1 24 14 24 1 34 1 34 24 34 34 24 24 34 1 34 1 24 1 24 1 24 34 14 24 24 -1 14 7 24 1 34 24 24 1 1 1 34 34 22 34 24 24 1
14 14 14 14 7 14 1 14 50 14 1 14 1 14 14 14 14 14 14 14 1 14 1 14 1 14 1 14 14 50 14 14 14 -1 7 14 1 14 14 14 1 1 1 14 14 14 14 14 14 1
7 7 7 7 7 7 1 7 7 7 1 7 1 7 7 7 7 7 7 7 1 7 1 7 1 7 1 7 7 7 7 7 7 7 -1 7 1 7 7 7 1 1 1 7 7 7 7 7 7 1
24 24 24 24 7 90 1 33 14 33 1 24 1 24 33 24 24 66 24 24 1 24 1 33 1 32 1 28 24 14 33 65 24 14 7 -1 1 24 33 33 1 1 1 24 24 22 24 69 33 1
1 1 1 1 1 1 17 1 1 1 9 1 9 1 1 1 1 1 1 1 9 1 9 1 15 1 9 1 1 1 1 1 1 1 1 1 -1 1 1 1 17 9 9 1 1 1 1 1 1 17
47 57 34 47 7 24 1 24 14 24 1 42 1 39 24 42 46 24 24 48 1 48 1 24 1 24 1 24 70 14 24 24 34 14 7 24 1 -1 24 24 1 1 1 42 48 22 48 24 24 1
24 24 24 24 7 33 1 41 14 33 1 24 1 24 41 24 24 33 24 24 1 24 1 35 1 32 1 28 24 14 41 33 24 14 7 33 1 24 -1 33 1 1 1 24 24 22 24 33 68 1
24 24 24 24 7 33 1 33 14 51 1 24 1 24 33 24 24 33 24 24 1 24 1 33 1 32 1 28 24 14 33 33 24 14 7 33 1 24 33 -1 1 1 1 24 24 22 24 33 33 1
1 1 1 1 1 1 42 1 1 1 9 1 9 1 1 1 1 1 1 1 9 1 9 1 15 1 9 1 1 1 1 1 1 1 1 1 17 1 1 1 -1 9 9 1 1 1 1 1 1 85
1 1 1 1 1 1 9 1 1 1 46 1 46 1 1 1 1 1 1 1 41 1 74 1 9 1 74 1 1 1 1 1 1 1 1 1 9 1 1 1 9 -1 33 1 1 1 1 1 1 9
1 1 1 1 1 1 9 1 1 1 33 1 33 1 1 1 1 1 1 1 33 1 33 1 9 1 33 1 1 1 1 1 1 1 1 1 9 1 1 1 9 33 -1 1 1 1 1 1 1 9
42 42 34 42 7 24 1 24 14 24 1 76 1 39 24 76 42 24 24 42 1 42 1 24 1 24 1 24 42 14 24 24 34 14 7 24 1 42 24 24 1 1 1 -1 42 22 42 24 24 1
47 48 34 47 7 24 1 24 14 24 1 42 1 39 24 42 46 24 24 68 1 82 1 24 1 24 1 24 48 14 24 24 34 14 7 24 1 48 24 24 1 1 1 42 -1 22 55 24 24 1
22 22 22 22 7 22 1 22 14 22 1 22 1 22 22 22 22 22 22 22 1 22 1 22 1 22 1 22 22 14 22 22 22 14 7 22 1 22 22 22 1 1 1 22 22 -1 22 22 22 1
47 48 34 47 7 24 1 24 14 24 1 42 1 39 24 42 46 24 24 55 1 55 1 24 1 24 1 24 48 14 24 24 34 14 7 24 1 48 24 24 1 1 1 42 55 22 -1 24 24 1
24 24 24 24 7 69 1 33 14 33 1 24 1 24 33 24 24 66 24 24 1 24 1 33 1 32 1 28 24 14 33 65 24 14 7 69 1 24 33 33 1 1 1 24 24 22 24 -1 33 1
24 24 24 24 7 33 1 41 14 33 1 24 1 24 41 24 24 33 24 24 1 24 1 35 1 32 1 28 24 14 41 33 24 14 7 33 1 24 68 33 1 1 1 24 24 22 24 33 -1 1
1 1 1 1 1 1 42 1 1 1 9 1 9 1 1 1 1 1 1 1 9 1 9 1 15 1 9 1 1 1 1 1 1 1 1 1 17 1 1 1 85 9 9 1 1 1 1 1 1 -1
