50
-1 19 79 19 37 19 19 8 19 16 19 12 19 19 14 19 67 19 19 7 19 14 19 6 19 79 19 19 6 19 19 9 19 9 79 18 73 19 18 19 3 19 19 7 19 19 19 73 19 7
19 -1 19 35 19 35 30 8 26 16 35 12 35 35 14 35 19 35 31 7 35 14 35 6 35 19 30 35 6 35 35 9 19 9 19 18 19 31 18 34 3 30 35 7 35 35 30 19 21 7
79 19 -1 19 37 19 19 8 19 16 19 12 19 19 14 19 67 19 19 7 19 14 19 6 19 92 19 19 6 19 19 9 19 9 93 18 73 19 18 19 3 19 19 7 19 19 19 73 19 7
19 35 19 -1 19 43 30 8 26 16 35 12 35 61 14 61 19 61 31 7 61 14 61 6 35 19 30 79 6 67 79 9 19 9 19 18 19 31 18 34 3 30 35 7 61 43 30 19 21 7
37 19 37 19 -1 19 19 8 19 16 19 12 19 19 14 19 37 19 19 7 19 14 19 6 19 37 19 19 6 19 19 9 19 9 37 18 37 19 18 19 3 19 19 7 19 19 19 37 19 7
19 35 19 43 19 -1 30 8 26 16 35 12 35 43 14 43 19 43 31 7 43 14 43 6 35 19 30 43 6 43 43 9 19 9 19 18 19 31 18 34 3 30 35 7 43 54 30 19 21 7
19 30 19 30 19 30 -1 8 26 16 30 12 30 30 14 30 19 30 30 7 30 14 30 6 30 19 58 30 6 30 30 9 19 9 19 18 19 30 18 30 3 58 30 7 30 30 87 19 21 7
8 8 8 8 8 8 8 -1 8 8 8 8 8 8 8 8 8 8 8 7 8 8 8 6 8 8 8 8 6 8 8 8 8 8 8 8 8 8 8 8 3 8 8 7 8 8 8 8 8 7
19 26 19 26 19 26 26 8 -1 16 26 12 26 26 14 26 19 26 26 7 26 14 26 6 26 19 26 26 6 26 26 9 19 9 19 18 19 26 18 26 3 26 26 7 26 26 26 19 21 7
16 16 16 16 16 16 16 8 16 -1 16 12 16 16 14 16 16 16 16 7 16 14 16 6 16 16 16 16 6 16 16 9 16 9 16 16 16 16 16 16 3 16 16 7 16 16 16 16 16 7
19 35 19 35 19 35 30 8 26 16 -1 12 90 35 14 35 19 35 31 7 35 14 35 6 48 19 30 35 6 35 35 9 19 9 19 18 19 31 18 34 3 30 91 7 35 35 30 19 21 7
12 12 12 12 12 12 12 8 12 12 12 -1 12 12 12 12 12 12 12 7 12 12 12 6 12 12 12 12 6 12 12 9 12 9 12 12 12 12 12 12 3 12 12 7 12 12 12 12 12 7
19 35 19 35 19 35 30 8 26 16 90 12 -1 35 14 35 19 35 31 7 35 14 35 6 48 19 30 35 6 35 35 9 19 9 19 18 19 31 18 34 3 30 90 7 35 35 30 19 21 7
19 35 19 61 19 43 30 8 26 16 35 12 35 -1 14 92 19 71 31 7 67 14 71 6 35 19 30 61 6 61 61 9 19 9 19 18 19 31 18 34 3 30 35 7 62 43 30 19 21 7
14 14 14 14 14 14 14 8 14 14 14 12 14 14 -1 14 14 14 14 7 14 98 14 6 14 14 14 14 6 14 14 9 14 9 14 14 14 14 14 14 3 14 14 7 14 14 14 14 14 7
19 35 19 61 19 43 30 8 26 16 35 12 35 92 14 -1 19 71 31 7 67 14 71 6 35 19 30 61 6 61 61 9 19 9 19 18 19 31 18 34 3 30 35 7 62 43 30 19 21 7
67 19 67 19 37 19 19 8 19 16 19 12 19 19 14 19 -1 19 19 7 19 14 19 6 19 67 19 19 6 19 19 9 19 9 67 18 67 19 18 19 3 19 19 7 19 19 19 67 19 7
19 35 19 61 19 43 30 8 26 16 35 12 35 71 14 71 19 -1 31 7 67 14 83 6 35 19 30 61 6 61 61 9 19 9 19 18 19 31 18 34 3 30 35 7 62 43 30 19 21 7
19 31 19 31 19 31 30 8 26 16 31 12 31 31 14 31 19 31 -1 7 31 14 31 6 31 19 30 31 6 31 31 9 19 9 19 18 19 50 18 31 3 30 31 7 31 31 30 19 21 7
7 7 7 7 7 7 7 7 7 7 7 7 7 7 7 7 7 7 7 -1 7 7 7 6 7 7 7 7 6 7 7 7 7 7 7 7 7 7 7 7 3 7 7 17 7 7 7 7 7 17
19 35 19 61 19 43 30 8 26 16 35 12 35 67 14 67 19 67 31 7 -1 14 67 6 35 19 30 61 6 61 61 9 19 9 19 18 19 31 18 34 3 30 35 7 62 43 30 19 21 7
14 14 14 14 14 14 14 8 14 14 14 12 14 14 98 14 14 14 14 7 14 -1 14 6 14 14 14 14 6 14 14 9 14 9 14 14 14 14 14 14 3 14 14 7 14 14 14 14 14 7
19 35 19 61 19 43 30 8 26 16 35 12 35 71 14 71 19 83 31 7 67 14 -1 6 35 19 30 61 6 61 61 9 19 9 19 18 19 31 18 34 3 30 35 7 62 43 30 19 21 7
6 6 6 6 6 6 6 6 6 6 6 6 6 6 6 6 6 6 6 6 6 6 6 -1 6 6 6 6 93 6 6 6 6 6 6 6 6 6 6 6 3 6 6 6 6 6 6 6 6 6
19 35 19 35 19 35 30 8 26 16 48 12 48 35 14 35 19 35 31 7 35 14 35 6 -1 19 30 35 6 35 35 9 19 9 19 18 19 31 18 34 3 30 48 7 35 35 30 19 21 7
79 19 92 19 37 19 19 8 19 16 19 12 19 19 14 19 67 19 19 7 19 14 19 6 19 -1 19 19 6 19 19 9 19 9 92 18 73 19 18 19 3 19 19 7 19 19 19 73 19 7
19 30 19 30 19 30 58 8 26 16 30 12 30 30 14 30 19 30 30 7 30 14 30 6 30 19 -1 30 6 30 30 9 19 9 19 18 19 30 18 30 3 69 30 7 30 30 58 19 21 7
19 35 19 79 19 43 30 8 26 16 35 12 35 61 14 61 19 61 31 7 61 14 61 6 35 19 30 -1 6 67 96 9 19 9 19 18 19 31 18 34 3 30 35 7 61 43 30 19 21 7
6 6 6 6 6 6 6 6 6 6 6 6 6 6 6 6 6 6 6 6 6 6 6 93 6 6 6 6 -1 6 6 6 6 6 6 6 6 6 6 6 3 6 6 6 6 6 6 6 6 6
19 35 19 67 19 43 30 8 26 16 35 12 35 61 14 61 19 61 31 7 61 14 61 6 35 19 30 67 6 -1 67 9 19 9 19 18 19 31 18 34 3 30 35 7 61 43 30 19 21 7
19 35 19 79 19 43 30 8 26 16 35 12 35 61 14 61 19 61 31 7 61 14 61 6 35 19 30 96 6 67 -1 9 19 9 19 18 19 31 18 34 3 30 35 7 61 43 30 19 21 7
9 9 9 9 9 9 9 8 9 9 9 9 9 9 9 9 9 9 9 7 9 9 9 6 9 9 9 9 6 9 9 -1 9 53 9 9 9 9 9 9 3 9 9 7 9 9 9 9 9 7
19 19 19 19 19 19 19 8 19 16 19 12 19 19 14 19 19 19 19 7 19 14 19 6 19 19 19 19 6 19 19 9 -1 9 19 18 19 19 18 19 3 19 19 7 19 19 19 19 19 7
9 9 9 9 9 9 9 8 9 9 9 9 9 9 9 9 9 9 9 7 9 9 9 6 9 9 9 9 6 9 9 53 9 -1 9 9 9 9 9 9 3 9 9 7 9 9 9 9 9 7
79 19 93 19 37 19 19 8 19 16 19 12 19 19 14 19 67 19 19 7 19 14 19 6 19 92 19 19 6 19 19 9 19 9 -1 18 73 19 18 19 3 19 19 7 19 19 19 73 19 7
18 18 18 18 18 18 18 8 18 16 18 12 18 18 14 18 18 18 18 7 18 14 18 6 18 18 18 18 6 18 18 9 18 9 18 -1 18 18 59 18 3 18 18 7 18 18 18 18 18 7
73 19 73 19 37 19 19 8 19 16 19 12 19 19 14 19 67 19 19 7 19 14 19 6 19 73 19 19 6 19 19 9 19 9 73 18 -1 19 18 19 3 19 19 7 19 19 19 87 19 7
19 31 19 31 19 31 30 8 26 16 31 12 31 31 14 31 19 31 50 7 31 14 31 6 31 19 30 31 6 31 31 9 19 9 19 18 19 -1 18 31 3 30 31 7 31 31 30 19 21 7
18 18 18 18 18 18 18 8 18 16 18 12 18 18 14 18 18 18 18 7 18 14 18 6 18 18 18 18 6 18 18 9 18 9 18 59 18 18 -1 18 3 18 18 7 18 18 18 18 18 7
19 34 19 34 19 34 30 8 26 16 34 12 34 34 14 34 19 34 31 7 34 14 34 6 34 19 30 34 6 34 34 9 19 9 19 18 19 31 18 -1 3 30 34 7 34 34 30 19 21 7
3 3 3 3 3 3 3 3 3 3 3 3 3 3 3 3 3 3 3 3 3 3 3 3 3 3 3 3 3 3 3 3 3 3 3 3 3 3 3 3 -1 3 3 3 3 3 3 3 3 3
19 30 19 30 19 30 58 8 26 16 30 12 30 30 14 30 19 30 30 7 30 14 30 6 30 19 69 30 6 30 30 9 19 9 19 18 19 30 18 30 3 -1 30 7 30 30 58 19 21 7
19 35 19 35 19 35 30 8 26 16 91 12 90 35 14 35 19 35 31 7 35 14 35 6 48 19 30 35 6 35 35 9 19 9 19 18 19 31 18 34 3 30 -1 7 35 35 30 19 21 7
7 7 7 7 7 7 7 7 7 7 7 7 7 7 7 7 7 7 7 17 7 7 7 6 7 7 7 7 6 7 7 7 7 7 7 7 7 7 7 7 3 7 7 -1 7 7 7 7 7 52
19 35 19 61 19 43 30 8 26 16 35 12 35 62 14 62 19 62 31 7 62 14 62 6 35 19 30 61 6 61 61 9 19 9 19 18 19 31 18 34 3 30 35 7 -1 43 30 19 21 7
19 35 19 43 19 54 30 8 26 16 35 12 35 43 14 43 19 43 31 7 43 14 43 6 35 19 30 43 6 43 43 9 19 9 19 18 19 31 18 34 3 30 35 7 43 -1 30 19 21 7
19 30 19 30 19 30 87 8 26 16 30 12 30 30 14 30 19 30 30 7 30 14 30 6 30 19 58 30 6 30 30 9 19 9 19 18 19 30 18 30 3 58 30 7 30 30 -1 19 21 7
73 19 73 19 37 19 19 8 19 16 19 12 19 19 14 19 67 19 19 7 19 14 19 6 19 73 19 19 6 19 19 9 19 9 73 18 87 19 18 19 3 19 19 7 19 19 19 -1 19 7
19 21 19 21 19 21 21 8 21 16 21 12 21 21 14 21 19 21 21 7 21 14 21 6 21 19 21 21 6 21 21 9 19 9 19 18 19 21 18 21 3 21 21 7 21 21 21 19 -1 7
7 7 7 7 7 7 7 7 7 7 7 7 7 7 7 7 7 7 7 17 7 7 7 6 7 7 7 7 6 7 7 7 7 7 7 7 7 7 7 7 3 7 7 52 7 7 7 7 7 -1
