50
-1 38 24 38 38 38 28 38 24 34 29 38 46 37 32 83 7 38 9 11 2 38 37 38 38 11 38 15 28 38 20 38 9 38 9 38 38 15 38 6 38 28 37 14 38 46 9 38 38 38
38 -1 24 38 55 42 28 38 24 34 29 42 38 37 32 38 7 59 9 11 2 38 37 59 38 11 41 15 28 59 20 38 9 59 9 43 38 15 59 6 39 28 37 14 59 38 9 42 59 38
24 24 -1 24 24 24 24 24 24 24 24 24 24 24 24 24 7 24 9 11 2 24 24 24 24 11 24 15 24 24 20 24 9 24 9 24 24 15 24 6 24 24 24 14 24 24 9 24 24 24
38 38 24 -1 38 38 28 58 24 34 29 38 38 37 32 38 7 38 9 11 2 64 37 38 94 11 38 15 28 38 20 58 9 38 9 38 58 15 38 6 38 28 37 14 38 38 9 38 38 58
38 55 24 38 -1 42 28 38 24 34 29 42 38 37 32 38 7 55 9 11 2 38 37 55 38 11 41 15 28 55 20 38 9 55 9 43 38 15 55 6 39 28 37 14 55 38 9 42 55 38
38 42 24 38 42 -1 28 38 24 34 29 77 38 37 32 38 7 42 9 11 2 38 37 42 38 11 41 15 28 42 20 38 9 42 9 42 38 15 42 6 39 28 37 14 42 38 9 77 42 38
28 28 24 28 28 28 -1 28 24 28 28 28 28 28 28 28 7 28 9 11 2 28 28 28 28 11 28 15 28 28 20 28 9 28 9 28 28 15 28 6 28 28 28 14 28 28 9 28 28 28
38 38 24 58 38 38 28 -1 24 34 29 38 38 37 32 38 7 38 9 11 2 58 37 38 58 11 38 15 28 38 20 99 9 38 9 38 87 15 38 6 38 28 37 14 38 38 9 38 38 87
24 24 24 24 24 24 24 24 -1 24 24 24 24 24 24 24 7 24 9 11 2 24 24 24 24 11 24 15 24 24 20 24 9 24 9 24 24 15 24 6 24 24 24 14 24 24 9 24 24 24
34 34 24 34 34 34 28 34 24 -1 29 34 34 34 32 34 7 34 9 11 2 34 34 34 34 11 34 15 28 34 20 34 9 34 9 34 34 15 34 6 34 28 34 14 34 34 9 34 34 34
29 29 24 29 29 29 28 29 24 29 -1 29 29 29 29 29 7 29 9 11 2 29 29 29 29 11 29 15 28 29 20 29 9 29 9 29 29 15 29 6 29 28 29 14 29 29 9 29 29 29
38 42 24 38 42 77 28 38 24 34 29 -1 38 37 32 38 7 42 9 11 2 38 37 42 38 11 41 15 28 42 20 38 9 42 9 42 38 15 42 6 39 28 37 14 42 38 9 92 42 38
46 38 24 38 38 38 28 38 24 34 29 38 -1 37 32 46 7 38 9 11 2 38 37 38 38 11 38 15 28 38 20 38 9 38 9 38 38 15 38 6 38 28 37 14 38 98 9 38 38 38
37 37 24 37 37 37 28 37 24 34 29 37 37 -1 32 37 7 37 9 11 2 37 66 37 37 11 37 15 28 37 20 37 9 37 9 37 37 15 37 6 37 28 76 14 37 37 9 37 37 37
32 32 24 32 32 32 28 32 24 32 29 32 32 32 -1 32 7 32 9 11 2 32 32 32 32 11 32 15 28 32 20 32 9 32 9 32 32 15 32 6 32 28 32 14 32 32 9 32 32 32
83 38 24 38 38 38 28 38 24 34 29 38 46 37 32 -1 7 38 9 11 2 38 37 38 38 11 38 15 28 38 20 38 9 38 9 38 38 15 38 6 38 28 37 14 38 46 9 38 38 38
7 7 7 7 7 7 7 7 7 7 7 7 7 7 7 7 -1 7 7 7 2 7 7 7 7 7 7 7 7 7 7 7 7 7 7 7 7 7 7 6 7 7 7 7 7 7 7 7 7 7
38 59 24 38 55 42 28 38 24 34 29 42 38 37 32 38 7 -1 9 11 2 38 37 66 38 11 41 15 28 62 20 38 9 86 9 43 38 15 66 6 39 28 37 14 66 38 9 42 66 38
9 9 9 9 9 9 9 9 9 9 9 9 9 9 9 9 7 9 -1 9 2 9 9 9 9 9 9 9 9 9 9 9 74 9 66 9 9 9 9 6 9 9 9 9 9 9 74 9 9 9
11 11 11 11 11 11 11 11 11 11 11 11 11 11 11 11 7 11 9 -1 2 11 11 11 11 97 11 11 11 11 11 11 9 11 9 11 11 11 11 6 11 11 11 11 11 11 9 11 11 11
2 2 2 2 2 2 2 2 2 2 2 2 2 2 2 2 2 2 2 2 -1 2 2 2 2 2 2 2 2 2 2 2 2 2 2 2 2 2 2 2 2 2 2 2 2 2 2 2 2 2
38 38 24 64 38 38 28 58 24 34 29 38 38 37 32 38 7 38 9 11 2 -1 37 38 64 11 38 15 28 38 20 58 9 38 9 38 58 15 38 6 38 28 37 14 38 38 9 38 38 58
37 37 24 37 37 37 28 37 24 34 29 37 37 66 32 37 7 37 9 11 2 37 -1 37 37 11 37 15 28 37 20 37 9 37 9 37 37 15 37 6 37 28 66 14 37 37 9 37 37 37
38 59 24 38 55 42 28 38 24 34 29 42 38 37 32 38 7 66 9 11 2 38 37 -1 38 11 41 15 28 62 20 38 9 66 9 43 38 15 73 6 39 28 37 14 89 38 9 42 89 38
38 38 24 94 38 38 28 58 24 34 29 38 38 37 32 38 7 38 9 11 2 64 37 38 -1 11 38 15 28 38 20 58 9 38 9 38 58 15 38 6 38 28 37 14 38 38 9 38 38 58
11 11 11 11 11 11 11 11 11 11 11 11 11 11 11 11 7 11 9 97 2 11 11 11 11 -1 11 11 11 11 11 11 9 11 9 11 11 11 11 6 11 11 11 11 11 11 9 11 11 11
38 41 24 38 41 41 28 38 24 34 29 41 38 37 32 38 7 41 9 11 2 38 37 41 38 11 -1 15 28 41 20 38 9 41 9 41 38 15 41 6 39 28 37 14 41 38 9 41 41 38
15 15 15 15 15 15 15 15 15 15 15 15 15 15 15 15 7 15 9 11 2 15 15 15 15 11 15 -1 15 15 15 15 9 15 9 15 15 85 15 6 15 15 15 14 15 15 9 15 15 15
28 28 24 28 28 28 28 28 24 28 28 28 28 28 28 28 7 28 9 11 2 28 28 28 28 11 28 15 -1 28 20 28 9 28 9 28 28 15 28 6 28 60 28 14 28 28 9 28 28 28
38 59 24 38 55 42 28 38 24 34 29 42 38 37 32 38 7 62 9 11 2 38 37 62 38 11 41 15 28 -1 20 38 9 62 9 43 38 15 62 6 39 28 37 14 62 38 9 42 62 38
20 20 20 20 20 20 20 20 20 20 20 20 20 20 20 20 7 20 9 11 2 20 20 20 20 11 20 15 20 20 -1 20 9 20 9 20 20 15 20 6 20 20 20 14 20 20 9 20 20 20
38 38 24 58 38 38 28 99 24 34 29 38 38 37 32 38 7 38 9 11 2 58 37 38 58 11 38 15 28 38 20 -1 9 38 9 38 87 15 38 6 38 28 37 14 38 38 9 38 38 87
9 9 9 9 9 9 9 9 9 9 9 9 9 9 9 9 7 9 74 9 2 9 9 9 9 9 9 9 9 9 9 9 -1 9 66 9 9 9 9 6 9 9 9 9 9 9 78 9 9 9
38 59 24 38 55 42 28 38 24 34 29 42 38 37 32 38 7 86 9 11 2 38 37 66 38 11 41 15 28 62 20 38 9 -1 9 43 38 15 66 6 39 28 37 14 66 38 9 42 66 38
9 9 9 9 9 9 9 9 9 9 9 9 9 9 9 9 7 9 66 9 2 9 9 9 9 9 9 9 9 9 9 9 66 9 -1 9 9 9 9 6 9 9 9 9 9 9 66 9 9 9
38 43 24 38 43 42 28 38 24 34 29 42 38 37 32 38 7 43 9 11 2 38 37 43 38 11 41 15 28 43 20 38 9 43 9 -1 38 15 43 6 39 28 37 14 43 38 9 42 43 38
38 38 24 58 38 38 28 87 24 34 29 38 38 37 32 38 7 38 9 11 2 58 37 38 58 11 38 15 28 38 20 87 9 38 9 38 -1 15 38 6 38 28 37 14 38 38 9 38 38 95
15 15 15 15 15 15 15 15 15 15 15 15 15 15 15 15 7 15 9 11 2 15 15 15 15 11 15 85 15 15 15 15 9 15 9 15 15 -1 15 6 15 15 15 14 15 15 9 15 15 15
38 59 24 38 55 42 28 38 24 34 29 42 38 37 32 38 7 66 9 11 2 38 37 73 38 11 41 15 28 62 20 38 9 66 9 43 38 15 -1 6 39 28 37 14 73 38 9 42 73 38
6 6 6 6 6 6 6 6 6 6 6 6 6 6 6 6 6 6 6 6 2 6 6 6 6 6 6 6 6 6 6 6 6 6 6 6 6 6 6 -1 6 6 6 6 6 6 6 6 6 6
38 39 24 38 39 39 28 38 24 34 29 39 38 37 32 38 7 39 9 11 2 38 37 39 38 11 39 15 28 39 20 38 9 39 9 39 38 15 39 6 -1 28 37 14 39 38 9 39 39 38
28 28 24 28 28 28 28 28 24 28 28 28 28 28 28 28 7 28 9 11 2 28 28 28 28 11 28 15 60 28 20 28 9 28 9 28 28 15 28 6 28 -1 28 14 28 28 9 28 28 28
37 37 24 37 37 37 28 37 24 34 29 37 37 76 32 37 7 37 9 11 2 37 66 37 37 11 37 15 28 37 20 37 9 37 9 37 37 15 37 6 37 28 -1 14 37 37 9 37 37 37
14 14 14 14 14 14 14 14 14 14 14 14 14 14 14 14 7 14 9 11 2 14 14 14 14 11 14 14 14 14 14 14 9 14 9 14 14 14 14 6 14 14 14 -1 14 14 9 14 14 14
38 59 24 38 55 42 28 38 24 34 29 42 38 37 32 38 7 66 9 11 2 38 37 89 38 11 41 15 28 62 20 38 9 66 9 43 38 15 73 6 39 28 37 14 -1 38 9 42 91 38
46 38 24 38 38 38 28 38 24 34 29 38 98 37 32 46 7 38 9 11 2 38 37 38 38 11 38 15 28 38 20 38 9 38 9 38 38 15 38 6 38 28 37 14 38 -1 9 38 38 38
9 9 9 9 9 9 9 9 9 9 9 9 9 9 9 9 7 9 74 9 2 9 9 9 9 9 9 9 9 9 9 9 78 9 66 9 9 9 9 6 9 9 9 9 9 9 -1 9 9 9
38 42 24 38 42 77 28 38 24 34 29 92 38 37 32 38 7 42 9 11 2 38 37 42 38 11 41 15 28 42 20 38 9 42 9 42 38 15 42 6 39 28 37 14 42 38 9 -1 42 38
38 59 24 38 55 42 28 38 24 34 29 42 38 37 32 38 7 66 9 11 2 38 37 89 38 11 41 15 28 62 20 38 9 66 9 43 38 15 73 6 39 28 37 14 91 38 9 42 -1 38
38 38 24 58 38 38 28 87 24 34 29 38 38 37 32 38 7 38 9 11 2 58 37 38 58 11 38 15 28 38 20 87 9 38 9 38 95 15 38 6 38 28 37 14 38 38 9 38 38 -1
