100
-1 4 4 4 4 4 4 1 4 4 4 4 4 2 4 20 20 4 4 4 4 4 4 4 4 4 1 4 4 4 20 20 4 4 4 4 20 4 4 4 4 4 4 20 4 4 20 20 4 20 7 4 4 4 4 4 20 20 4 7 4 4 6 4 4 4 4 4 4 20 4 4 20 4 4 4 4 4 4 20 4 20 4 4 4 4 4 4 4 4 4 4 4 4 4 20 4 4 4 4
4 -1 12 15 13 10 15 1 4 15 13 15 10 2 5 4 4 15 13 13 10 10 15 13 15 15 1 15 10 15 4 4 10 13 15 15 4 15 12 15 13 15 10 4 15 13 4 4 15 4 4 15 15 10 15 15 4 4 15 4 15 15 4 13 15 12 15 15 13 4 15 15 4 15 15 15 10 15 15 4 9 4 15 10 4 15 15 15 15 15 15 15 15 10 15 4 15 15 15 13
4 12 -1 12 12 10 12 1 4 12 12 12 10 2 5 4 4 12 12 12 10 10 12 12 12 12 1 12 10 12 4 4 10 12 12 12 4 12 32 12 12 12 10 4 12 12 4 4 12 4 4 12 12 10 12 12 4 4 12 4 12 12 4 12 12 46 12 12 12 4 12 12 4 12 12 12 10 12 12 4 9 4 12 10 4 12 12 12 12 12 12 12 12 10 12 4 12 12 12 12
4 15 12 -1 13 10 51 1 4 51 13 21 10 2 5 4 4 44 13 13 10 10 21 13 50 51 1 21 10 34 4 4 10 13 17 78 4 34 12 51 13 34 10 4 63 13 4 4 21 4 4 34 21 10 34 43 4 4 21 4 21 48 4 13 21 12 21 21 13 4 24 25 4 21 48 43 10 21 21 4 9 4 24 10 4 21 93 51 51 21 24 44 24 10 21 4 98 51 21 13
4 13 12 13 -1 10 13 1 4 13 99 13 10 2 5 4 4 13 51 51 10 10 13 51 13 13 1 13 10 13 4 4 10 51 13 13 4 13 12 13 38 13 10 4 13 51 4 4 13 4 4 13 13 10 13 13 4 4 13 4 13 13 4 36 13 12 13 13 51 4 13 13 4 13 13 13 10 13 13 4 9 4 13 10 4 13 13 13 13 13 13 13 13 10 13 4 13 13 13 38
4 10 10 10 10 -1 10 1 4 10 10 10 10 2 5 4 4 10 10 10 10 10 10 10 10 10 1 10 10 10 4 4 10 10 10 10 4 10 10 10 10 10 10 4 10 10 4 4 10 4 4 10 10 10 10 10 4 4 10 4 10 10 4 10 10 10 10 10 10 4 10 10 4 10 10 10 10 10 10 4 9 4 10 10 4 10 10 10 10 10 10 10 10 10 10 4 10 10 10 10
4 15 12 51 13 10 -1 1 4 73 13 21 10 2 5 4 4 44 13 13 10 10 21 13 50 66 1 21 10 34 4 4 10 13 17 51 4 34 12 85 13 34 10 4 51 13 4 4 21 4 4 34 21 10 34 43 4 4 21 4 21 48 4 13 21 12 21 21 13 4 24 25 4 21 48 43 10 21 21 4 9 4 24 10 4 21 51 73 73 21 24 44 24 10 21 4 51 81 21 13
1 1 1 1 1 1 1 -1 1 1 1 1 1 1 1 1 1 1 1 1 1 1 1 1 1 1 94 1 1 1 1 1 1 1 1 1 1 1 1 1 1 1 1 1 1 1 1 1 1 1 1 1 1 1 1 1 1 1 1 1 1 1 1 1 1 1 1 1 1 1 1 1 1 1 1 1 1 1 1 1 1 1 1 1 1 1 1 1 1 1 1 1 1 1 1 1 1 1 1 1
4 4 4 4 4 4 4 1 -1 4 4 4 4 2 4 4 4 4 4 4 4 4 4 4 4 4 1 4 4 4 4 4 4 4 4 4 4 4 4 4 4 4 4 4 4 4 4 4 4 4 4 4 4 4 4 4 4 4 4 4 4 4 4 4 4 4 4 4 4 4 4 4 4 4 4 4 4 4 4 4 4 4 4 4 85 4 4 4 4 4 4 4 4 4 4 4 4 4 4 4
4 15 12 51 13 10 73 1 4 -1 13 21 10 2 5 4 4 44 13 13 10 10 21 13 50 66 1 21 10 34 4 4 10 13 17 51 4 34 12 73 13 34 10 4 51 13 4 4 21 4 4 34 21 10 34 43 4 4 21 4 21 48 4 13 21 12 21 21 13 4 24 25 4 21 48 43 10 21 21 4 9 4 24 10 4 21 51 75 98 21 24 44 24 10 21 4 51 73 21 13
4 13 12 13 99 10 13 1 4 13 -1 13 10 2 5 4 4 13 51 51 10 10 13 51 13 13 1 13 10 13 4 4 10 51 13 13 4 13 12 13 38 13 10 4 13 51 4 4 13 4 4 13 13 10 13 13 4 4 13 4 13 13 4 36 13 12 13 13 51 4 13 13 4 13 13 13 10 13 13 4 9 4 13 10 4 13 13 13 13 13 13 13 13 10 13 4 13 13 13 38
4 15 12 21 13 10 21 1 4 21 13 -1 10 2 5 4 4 21 13 13 10 10 43 13 21 21 1 26 10 21 4 4 10 13 17 21 4 21 12 21 13 21 10 4 21 13 4 4 43 4 4 21 43 10 21 21 4 4 39 4 43 21 4 13 39 12 43 35 13 4 21 21 4 43 21 21 10 35 43 4 9 4 21 10 4 56 21 21 21 35 21 21 21 10 21 4 21 21 35 13
4 10 10 10 10 10 10 1 4 10 10 10 -1 2 5 4 4 10 10 10 19 35 10 10 10 10 1 10 35 10 4 4 19 10 10 10 4 10 10 10 10 10 35 4 10 10 4 4 10 4 4 10 10 97 10 10 4 4 10 4 10 10 4 10 10 10 10 10 10 4 10 10 4 10 10 10 54 10 10 4 9 4 10 35 4 10 10 10 10 10 10 10 10 35 10 4 10 10 10 10
2 2 2 2 2 2 2 1 2 2 2 2 2 -1 2 2 2 2 2 2 2 2 2 2 2 2 1 2 2 2 2 2 2 2 2 2 2 2 2 2 2 2 2 2 2 2 2 2 2 2 2 2 2 2 2 2 2 2 2 2 2 2 2 2 2 2 2 2 2 2 2 2 2 2 2 2 2 2 2 2 2 2 2 2 2 2 2 2 2 2 2 2 2 2 2 2 2 2 2 2
4 5 5 5 5 5 5 1 4 5 5 5 5 2 -1 4 4 5 5 5 5 5 5 5 5 5 1 5 5 5 4 4 5 5 5 5 4 5 5 5 5 5 5 4 5 5 4 4 5 4 4 5 5 5 5 5 4 4 5 4 5 5 4 5 5 5 5 5 5 4 5 5 4 5 5 5 5 5 5 4 5 4 5 5 4 5 5 5 5 5 5 5 5 5 5 4 5 5 5 5
20 4 4 4 4 4 4 1 4 4 4 4 4 2 4 -1 65 4 4 4 4 4 4 4 4 4 1 4 4 4 39 43 4 4 4 4 65 4 4 4 4 4 4 65 4 4 65 43 4 65 7 4 4 4 4 4 33 49 4 7 4 4 6 4 4 4 4 4 4 43 4 4 42 4 4 4 4 4 4 49 4 39 4 4 4 4 4 4 4 4 4 4 4 4 4 65 4 4 4 4
20 4 4 4 4 4 4 1 4 4 4 4 4 2 4 65 -1 4 4 4 4 4 4 4 4 4 1 4 4 4 39 43 4 4 4 4 66 4 4 4 4 4 4 81 4 4 87 43 4 81 7 4 4 4 4 4 33 49 4 7 4 4 6 4 4 4 4 4 4 43 4 4 42 4 4 4 4 4 4 49 4 39 4 4 4 4 4 4 4 4 4 4 4 4 4 80 4 4 4 4
4 15 12 44 13 10 44 1 4 44 13 21 10 2 5 4 4 -1 13 13 10 10 21 13 44 44 1 21 10 34 4 4 10 13 17 44 4 34 12 44 13 34 10 4 44 13 4 4 21 4 4 34 21 10 34 43 4 4 21 4 21 44 4 13 21 12 21 21 13 4 24 25 4 21 44 43 10 21 21 4 9 4 24 10 4 21 44 44 44 21 24 85 24 10 21 4 44 44 21 13
4 13 12 13 51 10 13 1 4 13 51 13 10 2 5 4 4 13 -1 73 10 10 13 55 13 13 1 13 10 13 4 4 10 51 13 13 4 13 12 13 38 13 10 4 13 62 4 4 13 4 4 13 13 10 13 13 4 4 13 4 13 13 4 36 13 12 13 13 81 4 13 13 4 13 13 13 10 13 13 4 9 4 13 10 4 13 13 13 13 13 13 13 13 10 13 4 13 13 13 38
4 13 12 13 51 10 13 1 4 13 51 13 10 2 5 4 4 13 73 -1 10 10 13 55 13 13 1 13 10 13 4 4 10 51 13 13 4 13 12 13 38 13 10 4 13 62 4 4 13 4 4 13 13 10 13 13 4 4 13 4 13 13 4 36 13 12 13 13 73 4 13 13 4 13 13 13 10 13 13 4 9 4 13 10 4 13 13 13 13 13 13 13 13 10 13 4 13 13 13 38
4 10 10 10 10 10 10 1 4 10 10 10 19 2 5 4 4 10 10 10 -1 19 10 10 10 10 1 10 19 10 4 4 36 10 10 10 4 10 10 10 10 10 19 4 10 10 4 4 10 4 4 10 10 19 10 10 4 4 10 4 10 10 4 10 10 10 10 10 10 4 10 10 4 10 10 10 19 10 10 4 9 4 10 19 4 10 10 10 10 10 10 10 10 19 10 4 10 10 10 10
4 10 10 10 10 10 10 1 4 10 10 10 35 2 5 4 4 10 10 10 19 -1 10 10 10 10 1 10 35 10 4 4 19 10 10 10 4 10 10 10 10 10 35 4 10 10 4 4 10 4 4 10 10 35 10 10 4 4 10 4 10 10 4 10 10 10 10 10 10 4 10 10 4 10 10 10 35 10 10 4 9 4 10 35 4 10 10 10 10 10 10 10 10 35 10 4 10 10 10 10
4 15 12 21 13 10 21 1 4 21 13 43 10 2 5 4 4 21 13 13 10 10 -1 13 21 21 1 26 10 21 4 4 10 13 17 21 4 21 12 21 13 21 10 4 21 13 4 4 76 4 4 21 76 10 21 21 4 4 39 4 85 21 4 13 39 12 76 35 13 4 21 21 4 57 21 21 10 35 85 4 9 4 21 10 4 43 21 21 21 35 21 21 21 10 21 4 21 21 35 13
4 13 12 13 51 10 13 1 4 13 51 13 10 2 5 4 4 13 55 55 10 10 13 -1 13 13 1 13 10 13 4 4 10 51 13 13 4 13 12 13 38 13 10 4 13 55 4 4 13 4 4 13 13 10 13 13 4 4 13 4 13 13 4 36 13 12 13 13 55 4 13 13 4 13 13 13 10 13 13 4 9 4 13 10 4 13 13 13 13 13 13 13 13 10 13 4 13 13 13 38
4 15 12 50 13 10 50 1 4 50 13 21 10 2 5 4 4 44 13 13 10 10 21 13 -1 50 1 21 10 34 4 4 10 13 17 50 4 34 12 50 13 34 10 4 50 13 4 4 21 4 4 34 21 10 34 43 4 4 21 4 21 48 4 13 21 12 21 21 13 4 24 25 4 21 48 43 10 21 21 4 9 4 24 10 4 21 50 50 50 21 24 44 24 10 21 4 50 50 21 13
4 15 12 51 13 10 66 1 4 66 13 21 10 2 5 4 4 44 13 13 10 10 21 13 50 -1 1 21 10 34 4 4 10 13 17 51 4 34 12 66 13 34 10 4 51 13 4 4 21 4 4 34 21 10 34 43 4 4 21 4 21 48 4 13 21 12 21 21 13 4 24 25 4 21 48 43 10 21 21 4 9 4 24 10 4 21 51 66 66 21 24 44 24 10 21 4 51 66 21 13
1 1 1 1 1 1 1 94 1 1 1 1 1 1 1 1 1 1 1 1 1 1 1 1 1 1 -1 1 1 1 1 1 1 1 1 1 1 1 1 1 1 1 1 1 1 1 1 1 1 1 1 1 1 1 1 1 1 1 1 1 1 1 1 1 1 1 1 1 1 1 1 1 1 1 1 1 1 1 1 1 1 1 1 1 1 1 1 1 1 1 1 1 1 1 1 1 1 1 1 1
4 15 12 21 13 10 21 1 4 21 13 26 10 2 5 4 4 21 13 13 10 10 26 13 21 21 1 -1 10 21 4 4 10 13 17 21 4 21 12 21 13 21 10 4 21 13 4 4 26 4 4 21 26 10 21 21 4 4 26 4 26 21 4 13 26 12 26 26 13 4 21 21 4 26 21 21 10 26 26 4 9 4 21 10 4 26 21 21 21 26 21 21 21 10 21 4 21 21 26 13
4 10 10 10 10 10 10 1 4 10 10 10 35 2 5 4 4 10 10 10 19 35 10 10 10 10 1 10 -1 10 4 4 19 10 10 10 4 10 10 10 10 10 75 4 10 10 4 4 10 4 4 10 10 35 10 10 4 4 10 4 10 10 4 10 10 10 10 10 10 4 10 10 4 10 10 10 35 10 10 4 9 4 10 87 4 10 10 10 10 10 10 10 10 87 10 4 10 10 10 10
4 15 12 34 13 10 34 1 4 34 13 21 10 2 5 4 4 34 13 13 10 10 21 13 34 34 1 21 10 -1 4 4 10 13 17 34 4 55 12 34 13 58 10 4 34 13 4 4 21 4 4 58 21 10 34 34 4 4 21 4 21 34 4 13 21 12 21 21 13 4 24 25 4 21 34 34 10 21 21 4 9 4 24 10 4 21 34 34 34 21 24 34 24 10 21 4 34 34 21 13
20 4 4 4 4 4 4 1 4 4 4 4 4 2 4 39 39 4 4 4 4 4 4 4 4 4 1 4 4 4 -1 39 4 4 4 4 39 4 4 4 4 4 4 39 4 4 39 39 4 39 7 4 4 4 4 4 33 39 4 7 4 4 6 4 4 4 4 4 4 39 4 4 39 4 4 4 4 4 4 39 4 48 4 4 4 4 4 4 4 4 4 4 4 4 4 39 4 4 4 4
20 4 4 4 4 4 4 1 4 4 4 4 4 2 4 43 43 4 4 4 4 4 4 4 4 4 1 4 4 4 39 -1 4 4 4 4 43 4 4 4 4 4 4 43 4 4 43 48 4 43 7 4 4 4 4 4 33 43 4 7 4 4 6 4 4 4 4 4 4 48 4 4 42 4 4 4 4 4 4 43 4 39 4 4 4 4 4 4 4 4 4 4 4 4 4 43 4 4 4 4
4 10 10 10 10 10 10 1 4 10 10 10 19 2 5 4 4 10 10 10 36 19 10 10 10 10 1 10 19 10 4 4 -1 10 10 10 4 10 10 10 10 10 19 4 10 10 4 4 10 4 4 10 10 19 10 10 4 4 10 4 10 10 4 10 10 10 10 10 10 4 10 10 4 10 10 10 19 10 10 4 9 4 10 19 4 10 10 10 10 10 10 10 10 19 10 4 10 10 10 10
4 13 12 13 51 10 13 1 4 13 51 13 10 2 5 4 4 13 51 51 10 10 13 51 13 13 1 13 10 13 4 4 10 -1 13 13 4 13 12 13 38 13 10 4 13 51 4 4 13 4 4 13 13 10 13 13 4 4 13 4 13 13 4 36 13 12 13 13 51 4 13 13 4 13 13 13 10 13 13 4 9 4 13 10 4 13 13 13 13 13 13 13 13 10 13 4 13 13 13 38
4 15 12 17 13 10 17 1 4 17 13 17 10 2 5 4 4 17 13 13 10 10 17 13 17 17 1 17 10 17 4 4 10 13 -1 17 4 17 12 17 13 17 10 4 17 13 4 4 17 4 4 17 17 10 17 17 4 4 17 4 17 17 4 13 17 12 17 17 13 4 17 17 4 17 17 17 10 17 17 4 9 4 17 10 4 17 17 17 17 17 17 17 17 10 17 4 17 17 17 13
4 15 12 78 13 10 51 1 4 51 13 21 10 2 5 4 4 44 13 13 10 10 21 13 50 51 1 21 10 34 4 4 10 13 17 -1 4 34 12 51 13 34 10 4 63 13 4 4 21 4 4 34 21 10 34 43 4 4 21 4 21 48 4 13 21 12 21 21 13 4 24 25 4 21 48 43 10 21 21 4 9 4 24 10 4 21 78 51 51 21 24 44 24 10 21 4 78 51 21 13
20 4 4 4 4 4 4 1 4 4 4 4 4 2 4 65 66 4 4 4 4 4 4 4 4 4 1 4 4 4 39 43 4 4 4 4 -1 4 4 4 4 4 4 66 4 4 66 43 4 66 7 4 4 4 4 4 33 49 4 7 4 4 6 4 4 4 4 4 4 43 4 4 42 4 4 4 4 4 4 49 4 39 4 4 4 4 4 4 4 4 4 4 4 4 4 66 4 4 4 4
4 15 12 34 13 10 34 1 4 34 13 21 10 2 5 4 4 34 13 13 10 10 21 13 34 34 1 21 10 55 4 4 10 13 17 34 4 -1 12 34 13 55 10 4 34 13 4 4 21 4 4 55 21 10 34 34 4 4 21 4 21 34 4 13 21 12 21 21 13 4 24 25 4 21 34 34 10 21 21 4 9 4 24 10 4 21 34 34 34 21 24 34 24 10 21 4 34 34 21 13
4 12 32 12 12 10 12 1 4 12 12 12 10 2 5 4 4 12 12 12 10 10 12 12 12 12 1 12 10 12 4 4 10 12 12 12 4 12 -1 12 12 12 10 4 12 12 4 4 12 4 4 12 12 10 12 12 4 4 12 4 12 12 4 12 12 32 12 12 12 4 12 12 4 12 12 12 10 12 12 4 9 4 12 10 4 12 12 12 12 12 12 12 12 10 12 4 12 12 12 12
4 15 12 51 13 10 85 1 4 73 13 21 10 2 5 4 4 44 13 13 10 10 21 13 50 66 1 21 10 34 4 4 10 13 17 51 4 34 12 -1 13 34 10 4 51 13 4 4 21 4 4 34 21 10 34 43 4 4 21 4 21 48 4 13 21 12 21 21 13 4 24 25 4 21 48 43 10 21 21 4 9 4 24 10 4 21 51 73 73 21 24 44 24 10 21 4 51 81 21 13
4 13 12 13 38 10 13 1 4 13 38 13 10 2 5 4 4 13 38 38 10 10 13 38 13 13 1 13 10 13 4 4 10 38 13 13 4 13 12 13 -1 13 10 4 13 38 4 4 13 4 4 13 13 10 13 13 4 4 13 4 13 13 4 36 13 12 13 13 38 4 13 13 4 13 13 13 10 13 13 4 9 4 13 10 4 13 13 13 13 13 13 13 13 10 13 4 13 13 13 45
4 15 12 34 13 10 34 1 4 34 13 21 10 2 5 4 4 34 13 13 10 10 21 13 34 34 1 21 10 58 4 4 10 13 17 34 4 55 12 34 13 -1 10 4 34 13 4 4 21 4 4 72 21 10 34 34 4 4 21 4 21 34 4 13 21 12 21 21 13 4 24 25 4 21 34 34 10 21 21 4 9 4 24 10 4 21 34 34 34 21 24 34 24 10 21 4 34 34 21 13
4 10 10 10 10 10 10 1 4 10 10 10 35 2 5 4 4 10 10 10 19 35 10 10 10 10 1 10 75 10 4 4 19 10 10 10 4 10 10 10 10 10 -1 4 10 10 4 4 10 4 4 10 10 35 10 10 4 4 10 4 10 10 4 10 10 10 10 10 10 4 10 10 4 10 10 10 35 10 10 4 9 4 10 75 4 10 10 10 10 10 10 10 10 75 10 4 10 10 10 10
20 4 4 4 4 4 4 1 4 4 4 4 4 2 4 65 81 4 4 4 4 4 4 4 4 4 1 4 4 4 39 43 4 4 4 4 66 4 4 4 4 4 4 -1 4 4 81 43 4 86 7 4 4 4 4 4 33 49 4 7 4 4 6 4 4 4 4 4 4 43 4 4 42 4 4 4 4 4 4 49 4 39 4 4 4 4 4 4 4 4 4 4 4 4 4 80 4 4 4 4
4 15 12 63 13 10 51 1 4 51 13 21 10 2 5 4 4 44 13 13 10 10 21 13 50 51 1 21 10 34 4 4 10 13 17 63 4 34 12 51 13 34 10 4 -1 13 4 4 21 4 4 34 21 10 34 43 4 4 21 4 21 48 4 13 21 12 21 21 13 4 24 25 4 21 48 43 10 21 21 4 9 4 24 10 4 21 63 51 51 21 24 44 24 10 21 4 63 51 21 13
4 13 12 13 51 10 13 1 4 13 51 13 10 2 5 4 4 13 62 62 10 10 13 55 13 13 1 13 10 13 4 4 10 51 13 13 4 13 12 13 38 13 10 4 13 -1 4 4 13 4 4 13 13 10 13 13 4 4 13 4 13 13 4 36 13 12 13 13 62 4 13 13 4 13 13 13 10 13 13 4 9 4 13 10 4 13 13 13 13 13 13 13 13 10 13 4 13 13 13 38
20 4 4 4 4 4 4 1 4 4 4 4 4 2 4 65 87 4 4 4 4 4 4 4 4 4 1 4 4 4 39 43 4 4 4 4 66 4 4 4 4 4 4 81 4 4 -1 43 4 81 7 4 4 4 4 4 33 49 4 7 4 4 6 4 4 4 4 4 4 43 4 4 42 4 4 4 4 4 4 49 4 39 4 4 4 4 4 4 4 4 4 4 4 4 4 80 4 4 4 4
20 4 4 4 4 4 4 1 4 4 4 4 4 2 4 43 43 4 4 4 4 4 4 4 4 4 1 4 4 4 39 48 4 4 4 4 43 4 4 4 4 4 4 43 4 4 43 -1 4 43 7 4 4 4 4 4 33 43 4 7 4 4 6 4 4 4 4 4 4 84 4 4 42 4 4 4 4 4 4 43 4 39 4 4 4 4 4 4 4 4 4 4 4 4 4 43 4 4 4 4
4 15 12 21 13 10 21 1 4 21 13 43 10 2 5 4 4 21 13 13 10 10 76 13 21 21 1 26 10 21 4 4 10 13 17 21 4 21 12 21 13 21 10 4 21 13 4 4 -1 4 4 21 85 10 21 21 4 4 39 4 76 21 4 13 39 12 85 35 13 4 21 21 4 57 21 21 10 35 76 4 9 4 21 10 4 43 21 21 21 35 21 21 21 10 21 4 21 21 35 13
20 4 4 4 4 4 4 1 4 4 4 4 4 2 4 65 81 4 4 4 4 4 4 4 4 4 1 4 4 4 39 43 4 4 4 4 66 4 4 4 4 4 4 86 4 4 81 43 4 -1 7 4 4 4 4 4 33 49 4 7 4 4 6 4 4 4 4 4 4 43 4 4 42 4 4 4 4 4 4 49 4 39 4 4 4 4 4 4 4 4 4 4 4 4 4 80 4 4 4 4
7 4 4 4 4 4 4 1 4 4 4 4 4 2 4 7 7 4 4 4 4 4 4 4 4 4 1 4 4 4 7 7 4 4 4 4 7 4 4 4 4 4 4 7 4 4 7 7 4 7 -1 4 4 4 4 4 7 7 4 66 4 4 6 4 4 4 4 4 4 7 4 4 7 4 4 4 4 4 4 7 4 7 4 4 4 4 4 4 4 4 4 4 4 4 4 7 4 4 4 4
4 15 12 34 13 10 34 1 4 34 13 21 10 2 5 4 4 34 13 13 10 10 21 13 34 34 1 21 10 58 4 4 10 13 17 34 4 55 12 34 13 72 10 4 34 13 4 4 21 4 4 -1 21 10 34 34 4 4 21 4 21 34 4 13 21 12 21 21 13 4 24 25 4 21 34 34 10 21 21 4 9 4 24 10 4 21 34 34 34 21 24 34 24 10 21 4 34 34 21 13
4 15 12 21 13 10 21 1 4 21 13 43 10 2 5 4 4 21 13 13 10 10 76 13 21 21 1 26 10 21 4 4 10 13 17 21 4 21 12 21 13 21 10 4 21 13 4 4 85 4 4 21 -1 10 21 21 4 4 39 4 76 21 4 13 39 12 91 35 13 4 21 21 4 57 21 21 10 35 76 4 9 4 21 10 4 43 21 21 21 35 21 21 21 10 21 4 21 21 35 13
4 10 10 10 10 10 10 1 4 10 10 10 97 2 5 4 4 10 10 10 19 35 10 10 10 10 1 10 35 10 4 4 19 10 10 10 4 10 10 10 10 10 35 4 10 10 4 4 10 4 4 10 10 -1 10 10 4 4 10 4 10 10 4 10 10 10 10 10 10 4 10 10 4 10 10 10 54 10 10 4 9 4 10 35 4 10 10 10 10 10 10 10 10 35 10 4 10 10 10 10
4 15 12 34 13 10 34 1 4 34 13 21 10 2 5 4 4 34 13 13 10 10 21 13 34 34 1 21 10 34 4 4 10 13 17 34 4 34 12 34 13 34 10 4 34 13 4 4 21 4 4 34 21 10 -1 34 4 4 21 4 21 34 4 13 21 12 21 21 13 4 24 25 4 21 34 34 10 21 21 4 9 4 24 10 4 21 34 34 34 21 24 34 24 10 21 4 34 34 21 13
4 15 12 43 13 10 43 1 4 43 13 21 10 2 5 4 4 43 13 13 10 10 21 13 43 43 1 21 10 34 4 4 10 13 17 43 4 34 12 43 13 34 10 4 43 13 4 4 21 4 4 34 21 10 34 -1 4 4 21 4 21 43 4 13 21 12 21 21 13 4 24 25 4 21 43 59 10 21 21 4 9 4 24 10 4 21 43 43 43 21 24 43 24 10 21 4 43 43 21 13
20 4 4 4 4 4 4 1 4 4 4 4 4 2 4 33 33 4 4 4 4 4 4 4 4 4 1 4 4 4 33 33 4 4 4 4 33 4 4 4 4 4 4 33 4 4 33 33 4 33 7 4 4 4 4 4 -1 33 4 7 4 4 6 4 4 4 4 4 4 33 4 4 33 4 4 4 4 4 4 33 4 33 4 4 4 4 4 4 4 4 4 4 4 4 4 33 4 4 4 4
20 4 4 4 4 4 4 1 4 4 4 4 4 2 4 49 49 4 4 4 4 4 4 4 4 4 1 4 4 4 39 43 4 4 4 4 49 4 4 4 4 4 4 49 4 4 49 43 4 49 7 4 4 4 4 4 33 -1 4 7 4 4 6 4 4 4 4 4 4 43 4 4 42 4 4 4 4 4 4 78 4 39 4 4 4 4 4 4 4 4 4 4 4 4 4 49 4 4 4 4
4 15 12 21 13 10 21 1 4 21 13 39 10 2 5 4 4 21 13 13 10 10 39 13 21 21 1 26 10 21 4 4 10 13 17 21 4 21 12 21 13 21 10 4 21 13 4 4 39 4 4 21 39 10 21 21 4 4 -1 4 39 21 4 13 46 12 39 35 13 4 21 21 4 39 21 21 10 35 39 4 9 4 21 10 4 39 21 21 21 35 21 21 21 10 21 4 21 21 35 13
7 4 4 4 4 4 4 1 4 4 4 4 4 2 4 7 7 4 4 4 4 4 4 4 4 4 1 4 4 4 7 7 4 4 4 4 7 4 4 4 4 4 4 7 4 4 7 7 4 7 66 4 4 4 4 4 7 7 4 -1 4 4 6 4 4 4 4 4 4 7 4 4 7 4 4 4 4 4 4 7 4 7 4 4 4 4 4 4 4 4 4 4 4 4 4 7 4 4 4 4
4 15 12 21 13 10 21 1 4 21 13 43 10 2 5 4 4 21 13 13 10 10 85 13 21 21 1 26 10 21 4 4 10 13 17 21 4 21 12 21 13 21 10 4 21 13 4 4 76 4 4 21 76 10 21 21 4 4 39 4 -1 21 4 13 39 12 76 35 13 4 21 21 4 57 21 21 10 35 94 4 9 4 21 10 4 43 21 21 21 35 21 21 21 10 21 4 21 21 35 13
4 15 12 48 13 10 48 1 4 48 13 21 10 2 5 4 4 44 13 13 10 10 21 13 48 48 1 21 10 34 4 4 10 13 17 48 4 34 12 48 13 34 10 4 48 13 4 4 21 4 4 34 21 10 34 43 4 4 21 4 21 -1 4 13 21 12 21 21 13 4 24 25 4 21 95 43 10 21 21 4 9 4 24 10 4 21 48 48 48 21 24 44 24 10 21 4 48 48 21 13
6 4 4 4 4 4 4 1 4 4 4 4 4 2 4 6 6 4 4 4 4 4 4 4 4 4 1 4 4 4 6 6 4 4 4 4 6 4 4 4 4 4 4 6 4 4 6 6 4 6 6 4 4 4 4 4 6 6 4 6 4 4 -1 4 4 4 4 4 4 6 4 4 6 4 4 4 4 4 4 6 4 6 4 4 4 4 4 4 4 4 4 4 4 4 4 6 4 4 4 4
4 13 12 13 36 10 13 1 4 13 36 13 10 2 5 4 4 13 36 36 10 10 13 36 13 13 1 13 10 13 4 4 10 36 13 13 4 13 12 13 36 13 10 4 13 36 4 4 13 4 4 13 13 10 13 13 4 4 13 4 13 13 4 -1 13 12 13 13 36 4 13 13 4 13 13 13 10 13 13 4 9 4 13 10 4 13 13 13 13 13 13 13 13 10 13 4 13 13 13 36
4 15 12 21 13 10 21 1 4 21 13 39 10 2 5 4 4 21 13 13 10 10 39 13 21 21 1 26 10 21 4 4 10 13 17 21 4 21 12 21 13 21 10 4 21 13 4 4 39 4 4 21 39 10 21 21 4 4 46 4 39 21 4 13 -1 12 39 35 13 4 21 21 4 39 21 21 10 35 39 4 9 4 21 10 4 39 21 21 21 35 21 21 21 10 21 4 21 21 35 13
4 12 46 12 12 10 12 1 4 12 12 12 10 2 5 4 4 12 12 12 10 10 12 12 12 12 1 12 10 12 4 4 10 12 12 12 4 12 32 12 12 12 10 4 12 12 4 4 12 4 4 12 12 10 12 12 4 4 12 4 12 12 4 12 12 -1 12 12 12 4 12 12 4 12 12 12 10 12 12 4 9 4 12 10 4 12 12 12 12 12 12 12 12 10 12 4 12 12 12 12
4 15 12 21 13 10 21 1 4 21 13 43 10 2 5 4 4 21 13 13 10 10 76 13 21 21 1 26 10 21 4 4 10 13 17 21 4 21 12 21 13 21 10 4 21 13 4 4 85 4 4 21 91 10 21 21 4 4 39 4 76 21 4 13 39 12 -1 35 13 4 21 21 4 57 21 21 10 35 76 4 9 4 21 10 4 43 21 21 21 35 21 21 21 10 21 4 21 21 35 13
4 15 12 21 13 10 21 1 4 21 13 35 10 2 5 4 4 21 13 13 10 10 35 13 21 21 1 26 10 21 4 4 10 13 17 21 4 21 12 21 13 21 10 4 21 13 4 4 35 4 4 21 35 10 21 21 4 4 35 4 35 21 4 13 35 12 35 -1 13 4 21 21 4 35 21 21 10 79 35 4 9 4 21 10 4 35 21 21 21 37 21 21 21 10 21 4 21 21 79 13
4 13 12 13 51 10 13 1 4 13 51 13 10 2 5 4 4 13 81 73 10 10 13 55 13 13 1 13 10 13 4 4 10 51 13 13 4 13 12 13 38 13 10 4 13 62 4 4 13 4 4 13 13 10 13 13 4 4 13 4 13 13 4 36 13 12 13 13 -1 4 13 13 4 13 13 13 10 13 13 4 9 4 13 10 4 13 13 13 13 13 13 13 13 10 13 4 13 13 13 38
20 4 4 4 4 4 4 1 4 4 4 4 4 2 4 43 43 4 4 4 4 4 4 4 4 4 1 4 4 4 39 48 4 4 4 4 43 4 4 4 4 4 4 43 4 4 43 84 4 43 7 4 4 4 4 4 33 43 4 7 4 4 6 4 4 4 4 4 4 -1 4 4 42 4 4 4 4 4 4 43 4 39 4 4 4 4 4 4 4 4 4 4 4 4 4 43 4 4 4 4
4 15 12 24 13 10 24 1 4 24 13 21 10 2 5 4 4 24 13 13 10 10 21 13 24 24 1 21 10 24 4 4 10 13 17 24 4 24 12 24 13 24 10 4 24 13 4 4 21 4 4 24 21 10 24 24 4 4 21 4 21 24 4 13 21 12 21 21 13 4 -1 24 4 21 24 24 10 21 21 4 9 4 26 10 4 21 24 24 24 21 26 24 26 10 21 4 24 24 21 13
4 15 12 25 13 10 25 1 4 25 13 21 10 2 5 4 4 25 13 13 10 10 21 13 25 25 1 21 10 25 4 4 10 13 17 25 4 25 12 25 13 25 10 4 25 13 4 4 21 4 4 25 21 10 25 25 4 4 21 4 21 25 4 13 21 12 21 21 13 4 24 -1 4 21 25 25 10 21 21 4 9 4 24 10 4 21 25 25 25 21 24 25 24 10 21 4 25 25 21 13
20 4 4 4 4 4 4 1 4 4 4 4 4 2 4 42 42 4 4 4 4 4 4 4 4 4 1 4 4 4 39 42 4 4 4 4 42 4 4 4 4 4 4 42 4 4 42 42 4 42 7 4 4 4 4 4 33 42 4 7 4 4 6 4 4 4 4 4 4 42 4 4 -1 4 4 4 4 4 4 42 4 39 4 4 4 4 4 4 4 4 4 4 4 4 4 42 4 4 4 4
4 15 12 21 13 10 21 1 4 21 13 43 10 2 5 4 4 21 13 13 10 10 57 13 21 21 1 26 10 21 4 4 10 13 17 21 4 21 12 21 13 21 10 4 21 13 4 4 57 4 4 21 57 10 21 21 4 4 39 4 57 21 4 13 39 12 57 35 13 4 21 21 4 -1 21 21 10 35 57 4 9 4 21 10 4 43 21 21 21 35 21 21 21 10 21 4 21 21 35 13
4 15 12 48 13 10 48 1 4 48 13 21 10 2 5 4 4 44 13 13 10 10 21 13 48 48 1 21 10 34 4 4 10 13 17 48 4 34 12 48 13 34 10 4 48 13 4 4 21 4 4 34 21 10 34 43 4 4 21 4 21 95 4 13 21 12 21 21 13 4 24 25 4 21 -1 43 10 21 21 4 9 4 24 10 4 21 48 48 48 21 24 44 24 10 21 4 48 48 21 13
4 15 12 43 13 10 43 1 4 43 13 21 10 2 5 4 4 43 13 13 10 10 21 13 43 43 1 21 10 34 4 4 10 13 17 43 4 34 12 43 13 34 10 4 43 13 4 4 21 4 4 34 21 10 34 59 4 4 21 4 21 43 4 13 21 12 21 21 13 4 24 25 4 21 43 -1 10 21 21 4 9 4 24 10 4 21 43 43 43 21 24 43 24 10 21 4 43 43 21 13
4 10 10 10 10 10 10 1 4 10 10 10 54 2 5 4 4 10 10 10 19 35 10 10 10 10 1 10 35 10 4 4 19 10 10 10 4 10 10 10 10 10 35 4 10 10 4 4 10 4 4 10 10 54 10 10 4 4 10 4 10 10 4 10 10 10 10 10 10 4 10 10 4 10 10 10 -1 10 10 4 9 4 10 35 4 10 10 10 10 10 10 10 10 35 10 4 10 10 10 10
4 15 12 21 13 10 21 1 4 21 13 35 10 2 5 4 4 21 13 13 10 10 35 13 21 21 1 26 10 21 4 4 10 13 17 21 4 21 12 21 13 21 10 4 21 13 4 4 35 4 4 21 35 10 21 21 4 4 35 4 35 21 4 13 35 12 35 79 13 4 21 21 4 35 21 21 10 -1 35 4 9 4 21 10 4 35 21 21 21 37 21 21 21 10 21 4 21 21 83 13
4 15 12 21 13 10 21 1 4 21 13 43 10 2 5 4 4 21 13 13 10 10 85 13 21 21 1 26 10 21 4 4 10 13 17 21 4 21 12 21 13 21 10 4 21 13 4 4 76 4 4 21 76 10 21 21 4 4 39 4 94 21 4 13 39 12 76 35 13 4 21 21 4 57 21 21 10 35 -1 4 9 4 21 10 4 43 21 21 21 35 21 21 21 10 21 4 21 21 35 13
20 4 4 4 4 4 4 1 4 4 4 4 4 2 4 49 49 4 4 4 4 4 4 4 4 4 1 4 4 4 39 43 4 4 4 4 49 4 4 4 4 4 4 49 4 4 49 43 4 49 7 4 4 4 4 4 33 78 4 7 4 4 6 4 4 4 4 4 4 43 4 4 42 4 4 4 4 4 4 -1 4 39 4 4 4 4 4 4 4 4 4 4 4 4 4 49 4 4 4 4
4 9 9 9 9 9 9 1 4 9 9 9 9 2 5 4 4 9 9 9 9 9 9 9 9 9 1 9 9 9 4 4 9 9 9 9 4 9 9 9 9 9 9 4 9 9 4 4 9 4 4 9 9 9 9 9 4 4 9 4 9 9 4 9 9 9 9 9 9 4 9 9 4 9 9 9 9 9 9 4 -1 4 9 9 4 9 9 9 9 9 9 9 9 9 9 4 9 9 9 9
20 4 4 4 4 4 4 1 4 4 4 4 4 2 4 39 39 4 4 4 4 4 4 4 4 4 1 4 4 4 48 39 4 4 4 4 39 4 4 4 4 4 4 39 4 4 39 39 4 39 7 4 4 4 4 4 33 39 4 7 4 4 6 4 4 4 4 4 4 39 4 4 39 4 4 4 4 4 4 39 4 -1 4 4 4 4 4 4 4 4 4 4 4 4 4 39 4 4 4 4
4 15 12 24 13 10 24 1 4 24 13 21 10 2 5 4 4 24 13 13 10 10 21 13 24 24 1 21 10 24 4 4 10 13 17 24 4 24 12 24 13 24 10 4 24 13 4 4 21 4 4 24 21 10 24 24 4 4 21 4 21 24 4 13 21 12 21 21 13 4 26 24 4 21 24 24 10 21 21 4 9 4 -1 10 4 21 24 24 24 21 78 24 35 10 21 4 24 24 21 13
4 10 10 10 10 10 10 1 4 10 10 10 35 2 5 4 4 10 10 10 19 35 10 10 10 10 1 10 87 10 4 4 19 10 10 10 4 10 10 10 10 10 75 4 10 10 4 4 10 4 4 10 10 35 10 10 4 4 10 4 10 10 4 10 10 10 10 10 10 4 10 10 4 10 10 10 35 10 10 4 9 4 10 -1 4 10 10 10 10 10 10 10 10 97 10 4 10 10 10 10
4 4 4 4 4 4 4 1 85 4 4 4 4 2 4 4 4 4 4 4 4 4 4 4 4 4 1 4 4 4 4 4 4 4 4 4 4 4 4 4 4 4 4 4 4 4 4 4 4 4 4 4 4 4 4 4 4 4 4 4 4 4 4 4 4 4 4 4 4 4 4 4 4 4 4 4 4 4 4 4 4 4 4 4 -1 4 4 4 4 4 4 4 4 4 4 4 4 4 4 4
4 15 12 21 13 10 21 1 4 21 13 56 10 2 5 4 4 21 13 13 10 10 43 13 21 21 1 26 10 21 4 4 10 13 17 21 4 21 12 21 13 21 10 4 21 13 4 4 43 4 4 21 43 10 21 21 4 4 39 4 43 21 4 13 39 12 43 35 13 4 21 21 4 43 21 21 10 35 43 4 9 4 21 10 4 -1 21 21 21 35 21 21 21 10 21 4 21 21 35 13
4 15 12 93 13 10 51 1 4 51 13 21 10 2 5 4 4 44 13 13 10 10 21 13 50 51 1 21 10 34 4 4 10 13 17 78 4 34 12 51 13 34 10 4 63 13 4 4 21 4 4 34 21 10 34 43 4 4 21 4 21 48 4 13 21 12 21 21 13 4 24 25 4 21 48 43 10 21 21 4 9 4 24 10 4 21 -1 51 51 21 24 44 24 10 21 4 93 51 21 13
4 15 12 51 13 10 73 1 4 75 13 21 10 2 5 4 4 44 13 13 10 10 21 13 50 66 1 21 10 34 4 4 10 13 17 51 4 34 12 73 13 34 10 4 51 13 4 4 21 4 4 34 21 10 34 43 4 4 21 4 21 48 4 13 21 12 21 21 13 4 24 25 4 21 48 43 10 21 21 4 9 4 24 10 4 21 51 -1 75 21 24 44 24 10 21 4 51 73 21 13
4 15 12 51 13 10 73 1 4 98 13 21 10 2 5 4 4 44 13 13 10 10 21 13 50 66 1 21 10 34 4 4 10 13 17 51 4 34 12 73 13 34 10 4 51 13 4 4 21 4 4 34 21 10 34 43 4 4 21 4 21 48 4 13 21 12 21 21 13 4 24 25 4 21 48 43 10 21 21 4 9 4 24 10 4 21 51 75 -1 21 24 44 24 10 21 4 51 73 21 13
4 15 12 21 13 10 21 1 4 21 13 35 10 2 5 4 4 21 13 13 10 10 35 13 21 21 1 26 10 21 4 4 10 13 17 21 4 21 12 21 13 21 10 4 21 13 4 4 35 4 4 21 35 10 21 21 4 4 35 4 35 21 4 13 35 12 35 37 13 4 21 21 4 35 21 21 10 37 35 4 9 4 21 10 4 35 21 21 21 -1 21 21 21 10 21 4 21 21 37 13
4 15 12 24 13 10 24 1 4 24 13 21 10 2 5 4 4 24 13 13 10 10 21 13 24 24 1 21 10 24 4 4 10 13 17 24 4 24 12 24 13 24 10 4 24 13 4 4 21 4 4 24 21 10 24 24 4 4 21 4 21 24 4 13 21 12 21 21 13 4 26 24 4 21 24 24 10 21 21 4 9 4 78 10 4 21 24 24 24 21 -1 24 35 10 21 4 24 24 21 13
4 15 12 44 13 10 44 1 4 44 13 21 10 2 5 4 4 85 13 13 10 10 21 13 44 44 1 21 10 34 4 4 10 13 17 44 4 34 12 44 13 34 10 4 44 13 4 4 21 4 4 34 21 10 34 43 4 4 21 4 21 44 4 13 21 12 21 21 13 4 24 25 4 21 44 43 10 21 21 4 9 4 24 10 4 21 44 44 44 21 24 -1 24 10 21 4 44 44 21 13
4 15 12 24 13 10 24 1 4 24 13 21 10 2 5 4 4 24 13 13 10 10 21 13 24 24 1 21 10 24 4 4 10 13 17 24 4 24 12 24 13 24 10 4 24 13 4 4 21 4 4 24 21 10 24 24 4 4 21 4 21 24 4 13 21 12 21 21 13 4 26 24 4 21 24 24 10 21 21 4 9 4 35 10 4 21 24 24 24 21 35 24 -1 10 21 4 24 24 21 13
4 10 10 10 10 10 10 1 4 10 10 10 35 2 5 4 4 10 10 10 19 35 10 10 10 10 1 10 87 10 4 4 19 10 10 10 4 10 10 10 10 10 75 4 10 10 4 4 10 4 4 10 10 35 10 10 4 4 10 4 10 10 4 10 10 10 10 10 10 4 10 10 4 10 10 10 35 10 10 4 9 4 10 97 4 10 10 10 10 10 10 10 10 -1 10 4 10 10 10 10
4 15 12 21 13 10 21 1 4 21 13 21 10 2 5 4 4 21 13 13 10 10 21 13 21 21 1 21 10 21 4 4 10 13 17 21 4 21 12 21 13 21 10 4 21 13 4 4 21 4 4 21 21 10 21 21 4 4 21 4 21 21 4 13 21 12 21 21 13 4 21 21 4 21 21 21 10 21 21 4 9 4 21 10 4 21 21 21 21 21 21 21 21 10 -1 4 21 21 21 13
20 4 4 4 4 4 4 1 4 4 4 4 4 2 4 65 80 4 4 4 4 4 4 4 4 4 1 4 4 4 39 43 4 4 4 4 66 4 4 4 4 4 4 80 4 4 80 43 4 80 7 4 4 4 4 4 33 49 4 7 4 4 6 4 4 4 4 4 4 43 4 4 42 4 4 4 4 4 4 49 4 39 4 4 4 4 4 4 4 4 4 4 4 4 4 -1 4 4 4 4
4 15 12 98 13 10 51 1 4 51 13 21 10 2 5 4 4 44 13 13 10 10 21 13 50 51 1 21 10 34 4 4 10 13 17 78 4 34 12 51 13 34 10 4 63 13 4 4 21 4 4 34 21 10 34 43 4 4 21 4 21 48 4 13 21 12 21 21 13 4 24 25 4 21 48 43 10 21 21 4 9 4 24 10 4 21 93 51 51 21 24 44 24 10 21 4 -1 51 21 13
4 15 12 51 13 10 81 1 4 73 13 21 10 2 5 4 4 44 13 13 10 10 21 13 50 66 1 21 10 34 4 4 10 13 17 51 4 34 12 81 13 34 10 4 51 13 4 4 21 4 4 34 21 10 34 43 4 4 21 4 21 48 4 13 21 12 21 21 13 4 24 25 4 21 48 43 10 21 21 4 9 4 24 10 4 21 51 73 73 21 24 44 24 10 21 4 51 -1 21 13
4 15 12 21 13 10 21 1 4 21 13 35 10 2 5 4 4 21 13 13 10 10 35 13 21 21 1 26 10 21 4 4 10 13 17 21 4 21 12 21 13 21 10 4 21 13 4 4 35 4 4 21 35 10 21 21 4 4 35 4 35 21 4 13 35 12 35 79 13 4 21 21 4 35 21 21 10 83 35 4 9 4 21 10 4 35 21 21 21 37 21 21 21 10 21 4 21 21 -1 13
4 13 12 13 38 10 13 1 4 13 38 13 10 2 5 4 4 13 38 38 10 10 13 38 13 13 1 13 10 13 4 4 10 38 13 13 4 13 12 13 45 13 10 4 13 38 4 4 13 4 4 13 13 10 13 13 4 4 13 4 13 13 4 36 13 12 13 13 38 4 13 13 4 13 13 13 10 13 13 4 9 4 13 10 4 13 13 13 13 13 13 13 13 10 13 4 13 13 13 -1
