100
-1 5 3 26 15 18 26 20 34 26 22 10 22 10 26 10 26 26 26 26 26 26 10 22 34 26 22 14 19 15 26 26 26 10 4 15 17 15 26 26 15 26 26 26 15 10 20 26 6 15 26 26 20 10 61 26 26 26 4 26 34 26 26 26 26 26 26 14 26 4 26 15 26 26 15 15 8 14 14 14 32 15 17 26 26 26 26 26 26 26 26 26 26 26 15 26 17 26 26 26
5 -1 3 5 5 5 5 5 5 5 5 5 5 5 5 5 5 5 5 5 5 5 5 5 5 5 5 5 5 5 5 5 5 5 4 5 5 5 5 5 5 5 5 5 5 5 5 5 5 5 5 5 5 5 5 5 5 5 4 5 5 5 5 5 5 5 5 5 5 4 5 5 5 5 5 5 5 5 5 5 5 5 5 5 5 5 5 5 5 5 5 5 5 5 5 5 5 5 5 5
3 3 -1 3 3 3 3 3 3 3 3 3 3 3 3 3 3 3 3 3 3 3 3 3 3 3 3 3 3 3 3 3 3 3 3 3 3 3 3 3 3 3 3 3 3 3 3 3 3 3 3 3 3 3 3 3 3 3 3 3 3 3 3 3 3 3 3 3 3 3 3 3 3 3 3 3 3 3 3 3 3 3 3 3 3 3 3 3 3 3 3 3 3 3 3 3 3 3 3 3
26 5 3 -1 15 18 36 20 26 54 22 10 22 10 54 10 54 54 33 36 81 54 10 22 26 27 22 14 19 15 45 65 44 10 4 15 17 15 54 54 15 54 41 45 15 10 20 54 6 15 44 94 20 10 26 36 36 54 4 36 26 44 44 36 54 33 54 14 54 4 26 15 44 44 15 15 8 14 14 14 26 15 17 36 45 54 54 44 54 36 26 36 44 36 15 54 17 36 33 54
15 5 3 15 -1 15 15 15 15 15 15 10 15 10 15 10 15 15 15 15 15 15 10 15 15 15 15 14 15 15 15 15 15 10 4 77 15 15 15 15 23 15 15 15 23 10 15 15 6 51 15 15 15 10 15 15 15 15 4 15 15 15 15 15 15 15 15 14 15 4 15 19 15 15 15 15 8 14 14 14 15 23 15 15 15 15 15 15 15 15 15 15 15 15 22 15 15 15 15 15
18 5 3 18 15 -1 18 18 18 18 18 10 18 10 18 10 18 18 18 18 18 18 10 18 18 18 18 14 18 15 18 18 18 10 4 15 17 15 18 18 15 18 18 18 15 10 18 18 6 15 18 18 18 10 18 18 18 18 4 18 18 18 18 18 18 18 18 14 18 4 18 15 18 18 15 15 8 14 14 14 18 15 17 18 18 18 18 18 18 18 18 18 18 18 15 18 17 18 18 18
26 5 3 36 15 18 -1 20 26 36 22 10 22 10 36 10 36 36 33 37 36 36 10 22 26 27 22 14 19 15 36 36 36 10 4 15 17 15 36 36 15 36 36 36 15 10 20 36 6 15 36 36 20 10 26 37 53 36 4 50 26 36 36 37 36 33 36 14 36 4 26 15 36 36 15 15 8 14 14 14 26 15 17 37 36 36 36 36 36 53 26 53 36 53 15 36 17 37 33 36
20 5 3 20 15 18 20 -1 20 20 20 10 20 10 20 10 20 20 20 20 20 20 10 20 20 20 20 14 19 15 20 20 20 10 4 15 17 15 20 20 15 20 20 20 15 10 20 20 6 15 20 20 20 10 20 20 20 20 4 20 20 20 20 20 20 20 20 14 20 4 20 15 20 20 15 15 8 14 14 14 20 15 17 20 20 20 20 20 20 20 20 20 20 20 15 20 17 20 20 20
34 5 3 26 15 18 26 20 -1 26 22 10 22 10 26 10 26 26 26 26 26 26 10 22 93 26 22 14 19 15 26 26 26 10 4 15 17 15 26 26 15 26 26 26 15 10 20 26 6 15 26 26 20 10 34 26 26 26 4 26 56 26 26 26 26 26 26 14 26 4 26 15 26 26 15 15 8 14 14 14 32 15 17 26 26 26 26 26 26 26 26 26 26 26 15 26 17 26 26 26
26 5 3 54 15 18 36 20 26 -1 22 10 22 10 71 10 95 68 33 36 54 83 10 22 26 27 22 14 19 15 45 54 44 10 4 15 17 15 62 89 15 68 41 45 15 10 20 55 6 15 44 54 20 10 26 36 36 68 4 36 26 44 44 36 80 33 61 14 97 4 26 15 44 44 15 15 8 14 14 14 26 15 17 36 45 63 68 44 83 36 26 36 44 36 15 68 17 36 33 83
22 5 3 22 15 18 22 20 22 22 -1 10 22 10 22 10 22 22 22 22 22 22 10 22 22 22 22 14 19 15 22 22 22 10 4 15 17 15 22 22 15 22 22 22 15 10 20 22 6 15 22 22 20 10 22 22 22 22 4 22 22 22 22 22 22 22 22 14 22 4 22 15 22 22 15 15 8 14 14 14 22 15 17 22 22 22 22 22 22 22 22 22 22 22 15 22 17 22 22 22
10 5 3 10 10 10 10 10 10 10 10 -1 10 13 10 10 10 10 10 10 10 10 47 10 10 10 10 10 10 10 10 10 10 32 4 10 10 10 10 10 10 10 10 10 10 96 10 10 6 10 10 10 10 66 10 10 10 10 4 10 10 10 10 10 10 10 10 10 10 4 10 10 10 10 10 10 8 10 10 10 10 10 10 10 10 10 10 10 10 10 10 10 10 10 10 10 10 10 10 10
22 5 3 22 15 18 22 20 22 22 22 10 -1 10 22 10 22 22 22 22 22 22 10 39 22 22 96 14 19 15 22 22 22 10 4 15 17 15 22 22 15 22 22 22 15 10 20 22 6 15 22 22 20 10 22 22 22 22 4 22 22 22 22 22 22 22 22 14 22 4 22 15 22 22 15 15 8 14 14 14 22 15 17 22 22 22 22 22 22 22 22 22 22 22 15 22 17 22 22 22
10 5 3 10 10 10 10 10 10 10 10 13 10 -1 10 10 10 10 10 10 10 10 13 10 10 10 10 10 10 10 10 10 10 13 4 10 10 10 10 10 10 10 10 10 10 13 10 10 6 10 10 10 10 13 10 10 10 10 4 10 10 10 10 10 10 10 10 10 10 4 10 10 10 10 10 10 8 10 10 10 10 10 10 10 10 10 10 10 10 10 10 10 10 10 10 10 10 10 10 10
26 5 3 54 15 18 36 20 26 71 22 10 22 10 -1 10 71 68 33 36 54 71 10 22 26 27 22 14 19 15 45 54 44 10 4 15 17 15 62 71 15 68 41 45 15 10 20 55 6 15 44 54 20 10 26 36 36 68 4 36 26 44 44 36 71 33 61 14 71 4 26 15 44 44 15 15 8 14 14 14 26 15 17 36 45 63 68 44 71 36 26 36 44 36 15 68 17 36 33 71
10 5 3 10 10 10 10 10 10 10 10 10 10 10 10 -1 10 10 10 10 10 10 10 10 10 10 10 10 10 10 10 10 10 10 4 10 10 10 10 10 10 10 10 10 10 10 10 10 6 10 10 10 10 10 10 10 10 10 4 10 10 10 10 10 10 10 10 10 10 4 10 10 10 10 10 10 8 10 10 10 10 10 10 10 10 10 10 10 10 10 10 10 10 10 10 10 10 10 10 10
26 5 3 54 15 18 36 20 26 95 22 10 22 10 71 10 -1 68 33 36 54 83 10 22 26 27 22 14 19 15 45 54 44 10 4 15 17 15 62 89 15 68 41 45 15 10 20 55 6 15 44 54 20 10 26 36 36 68 4 36 26 44 44 36 80 33 61 14 95 4 26 15 44 44 15 15 8 14 14 14 26 15 17 36 45 63 68 44 83 36 26 36 44 36 15 68 17 36 33 83
26 5 3 54 15 18 36 20 26 68 22 10 22 10 68 10 68 -1 33 36 54 68 10 22 26 27 22 14 19 15 45 54 44 10 4 15 17 15 62 68 15 68 41 45 15 10 20 55 6 15 44 54 20 10 26 36 36 80 4 36 26 44 44 36 68 33 61 14 68 4 26 15 44 44 15 15 8 14 14 14 26 15 17 36 45 63 97 44 68 36 26 36 44 36 15 80 17 36 33 68
26 5 3 33 15 18 33 20 26 33 22 10 22 10 33 10 33 33 -1 33 33 33 10 22 26 27 22 14 19 15 33 33 33 10 4 15 17 15 33 33 15 33 33 33 15 10 20 33 6 15 33 33 20 10 26 33 33 33 4 33 26 33 33 33 33 33 33 14 33 4 26 15 33 33 15 15 8 14 14 14 26 15 17 33 33 33 33 33 33 33 26 33 33 33 15 33 17 33 87 33
26 5 3 36 15 18 37 20 26 36 22 10 22 10 36 10 36 36 33 -1 36 36 10 22 26 27 22 14 19 15 36 36 36 10 4 15 17 15 36 36 15 36 36 36 15 10 20 36 6 15 36 36 20 10 26 74 37 36 4 37 26 36 36 38 36 33 36 14 36 4 26 15 36 36 15 15 8 14 14 14 26 15 17 66 36 36 36 36 36 37 26 37 36 37 15 36 17 38 33 36
26 5 3 81 15 18 36 20 26 54 22 10 22 10 54 10 54 54 33 36 -1 54 10 22 26 27 22 14 19 15 45 65 44 10 4 15 17 15 54 54 15 54 41 45 15 10 20 54 6 15 44 81 20 10 26 36 36 54 4 36 26 44 44 36 54 33 54 14 54 4 26 15 44 44 15 15 8 14 14 14 26 15 17 36 45 54 54 44 54 36 26 36 44 36 15 54 17 36 33 54
26 5 3 54 15 18 36 20 26 83 22 10 22 10 71 10 83 68 33 36 54 -1 10 22 26 27 22 14 19 15 45 54 44 10 4 15 17 15 62 83 15 68 41 45 15 10 20 55 6 15 44 54 20 10 26 36 36 68 4 36 26 44 44 36 80 33 61 14 83 4 26 15 44 44 15 15 8 14 14 14 26 15 17 36 45 63 68 44 88 36 26 36 44 36 15 68 17 36 33 83
10 5 3 10 10 10 10 10 10 10 10 47 10 13 10 10 10 10 10 10 10 10 -1 10 10 10 10 10 10 10 10 10 10 32 4 10 10 10 10 10 10 10 10 10 10 47 10 10 6 10 10 10 10 47 10 10 10 10 4 10 10 10 10 10 10 10 10 10 10 4 10 10 10 10 10 10 8 10 10 10 10 10 10 10 10 10 10 10 10 10 10 10 10 10 10 10 10 10 10 10
22 5 3 22 15 18 22 20 22 22 22 10 39 10 22 10 22 22 22 22 22 22 10 -1 22 22 39 14 19 15 22 22 22 10 4 15 17 15 22 22 15 22 22 22 15 10 20 22 6 15 22 22 20 10 22 22 22 22 4 22 22 22 22 22 22 22 22 14 22 4 22 15 22 22 15 15 8 14 14 14 22 15 17 22 22 22 22 22 22 22 22 22 22 22 15 22 17 22 22 22
34 5 3 26 15 18 26 20 93 26 22 10 22 10 26 10 26 26 26 26 26 26 10 22 -1 26 22 14 19 15 26 26 26 10 4 15 17 15 26 26 15 26 26 26 15 10 20 26 6 15 26 26 20 10 34 26 26 26 4 26 56 26 26 26 26 26 26 14 26 4 26 15 26 26 15 15 8 14 14 14 32 15 17 26 26 26 26 26 26 26 26 26 26 26 15 26 17 26 26 26
26 5 3 27 15 18 27 20 26 27 22 10 22 10 27 10 27 27 27 27 27 27 10 22 26 -1 22 14 19 15 27 27 27 10 4 15 17 15 27 27 15 27 27 27 15 10 20 27 6 15 27 27 20 10 26 27 27 27 4 27 26 27 27 27 27 27 27 14 27 4 26 15 27 27 15 15 8 14 14 14 26 15 17 27 27 27 27 27 27 27 26 27 27 27 15 27 17 27 27 27
22 5 3 22 15 18 22 20 22 22 22 10 96 10 22 10 22 22 22 22 22 22 10 39 22 22 -1 14 19 15 22 22 22 10 4 15 17 15 22 22 15 22 22 22 15 10 20 22 6 15 22 22 20 10 22 22 22 22 4 22 22 22 22 22 22 22 22 14 22 4 22 15 22 22 15 15 8 14 14 14 22 15 17 22 22 22 22 22 22 22 22 22 22 22 15 22 17 22 22 22
14 5 3 14 14 14 14 14 14 14 14 10 14 10 14 10 14 14 14 14 14 14 10 14 14 14 14 -1 14 14 14 14 14 10 4 14 14 14 14 14 14 14 14 14 14 10 14 14 6 14 14 14 14 10 14 14 14 14 4 14 14 14 14 14 14 14 14 14 14 4 14 14 14 14 14 14 8 83 14 57 14 14 14 14 14 14 14 14 14 14 14 14 14 14 14 14 14 14 14 14
19 5 3 19 15 18 19 19 19 19 19 10 19 10 19 10 19 19 19 19 19 19 10 19 19 19 19 14 -1 15 19 19 19 10 4 15 17 15 19 19 15 19 19 19 15 10 19 19 6 15 19 19 19 10 19 19 19 19 4 19 19 19 19 19 19 19 19 14 19 4 19 15 19 19 15 15 8 14 14 14 19 15 17 19 19 19 19 19 19 19 19 19 19 19 15 19 17 19 19 19
15 5 3 15 15 15 15 15 15 15 15 10 15 10 15 10 15 15 15 15 15 15 10 15 15 15 15 14 15 -1 15 15 15 10 4 15 15 15 15 15 15 15 15 15 15 10 15 15 6 15 15 15 15 10 15 15 15 15 4 15 15 15 15 15 15 15 15 14 15 4 15 15 15 15 31 23 8 14 14 14 15 15 15 15 15 15 15 15 15 15 15 15 15 15 15 15 15 15 15 15
26 5 3 45 15 18 36 20 26 45 22 10 22 10 45 10 45 45 33 36 45 45 10 22 26 27 22 14 19 15 -1 45 44 10 4 15 17 15 45 45 15 45 41 50 15 10 20 45 6 15 44 45 20 10 26 36 36 45 4 36 26 44 44 36 45 33 45 14 45 4 26 15 44 44 15 15 8 14 14 14 26 15 17 36 50 45 45 44 45 36 26 36 44 36 15 45 17 36 33 45
26 5 3 65 15 18 36 20 26 54 22 10 22 10 54 10 54 54 33 36 65 54 10 22 26 27 22 14 19 15 45 -1 44 10 4 15 17 15 54 54 15 54 41 45 15 10 20 54 6 15 44 65 20 10 26 36 36 54 4 36 26 44 44 36 54 33 54 14 54 4 26 15 44 44 15 15 8 14 14 14 26 15 17 36 45 54 54 44 54 36 26 36 44 36 15 54 17 36 33 54
26 5 3 44 15 18 36 20 26 44 22 10 22 10 44 10 44 44 33 36 44 44 10 22 26 27 22 14 19 15 44 44 -1 10 4 15 17 15 44 44 15 44 41 44 15 10 20 44 6 15 45 44 20 10 26 36 36 44 4 36 26 45 45 36 44 33 44 14 44 4 26 15 45 45 15 15 8 14 14 14 26 15 17 36 44 44 44 45 44 36 26 36 45 36 15 44 17 36 33 44
10 5 3 10 10 10 10 10 10 10 10 32 10 13 10 10 10 10 10 10 10 10 32 10 10 10 10 10 10 10 10 10 10 -1 4 10 10 10 10 10 10 10 10 10 10 32 10 10 6 10 10 10 10 32 10 10 10 10 4 10 10 10 10 10 10 10 10 10 10 4 10 10 10 10 10 10 8 10 10 10 10 10 10 10 10 10 10 10 10 10 10 10 10 10 10 10 10 10 10 10
4 4 3 4 4 4 4 4 4 4 4 4 4 4 4 4 4 4 4 4 4 4 4 4 4 4 4 4 4 4 4 4 4 4 -1 4 4 4 4 4 4 4 4 4 4 4 4 4 4 4 4 4 4 4 4 4 4 4 4 4 4 4 4 4 4 4 4 4 4 4 4 4 4 4 4 4 4 4 4 4 4 4 4 4 4 4 4 4 4 4 4 4 4 4 4 4 4 4 4 4
15 5 3 15 77 15 15 15 15 15 15 10 15 10 15 10 15 15 15 15 15 15 10 15 15 15 15 14 15 15 15 15 15 10 4 -1 15 15 15 15 23 15 15 15 23 10 15 15 6 51 15 15 15 10 15 15 15 15 4 15 15 15 15 15 15 15 15 14 15 4 15 19 15 15 15 15 8 14 14 14 15 23 15 15 15 15 15 15 15 15 15 15 15 15 22 15 15 15 15 15
17 5 3 17 15 17 17 17 17 17 17 10 17 10 17 10 17 17 17 17 17 17 10 17 17 17 17 14 17 15 17 17 17 10 4 15 -1 15 17 17 15 17 17 17 15 10 17 17 6 15 17 17 17 10 17 17 17 17 4 17 17 17 17 17 17 17 17 14 17 4 17 15 17 17 15 15 8 14 14 14 17 15 17 17 17 17 17 17 17 17 17 17 17 17 15 17 17 17 17 17
15 5 3 15 15 15 15 15 15 15 15 10 15 10 15 10 15 15 15 15 15 15 10 15 15 15 15 14 15 15 15 15 15 10 4 15 15 -1 15 15 15 15 15 15 15 10 15 15 6 15 15 15 15 10 15 15 15 15 4 15 15 15 15 15 15 15 15 14 15 4 15 15 15 15 15 15 8 14 14 14 15 15 15 15 15 15 15 15 15 15 15 15 15 15 15 15 15 15 15 15
26 5 3 54 15 18 36 20 26 62 22 10 22 10 62 10 62 62 33 36 54 62 10 22 26 27 22 14 19 15 45 54 44 10 4 15 17 15 -1 62 15 62 41 45 15 10 20 55 6 15 44 54 20 10 26 36 36 62 4 36 26 44 44 36 62 33 61 14 62 4 26 15 44 44 15 15 8 14 14 14 26 15 17 36 45 62 62 44 62 36 26 36 44 36 15 62 17 36 33 62
26 5 3 54 15 18 36 20 26 89 22 10 22 10 71 10 89 68 33 36 54 83 10 22 26 27 22 14 19 15 45 54 44 10 4 15 17 15 62 -1 15 68 41 45 15 10 20 55 6 15 44 54 20 10 26 36 36 68 4 36 26 44 44 36 80 33 61 14 89 4 26 15 44 44 15 15 8 14 14 14 26 15 17 36 45 63 68 44 83 36 26 36 44 36 15 68 17 36 33 83
15 5 3 15 23 15 15 15 15 15 15 10 15 10 15 10 15 15 15 15 15 15 10 15 15 15 15 14 15 15 15 15 15 10 4 23 15 15 15 15 -1 15 15 15 36 10 15 15 6 23 15 15 15 10 15 15 15 15 4 15 15 15 15 15 15 15 15 14 15 4 15 19 15 15 15 15 8 14 14 14 15 43 15 15 15 15 15 15 15 15 15 15 15 15 22 15 15 15 15 15
26 5 3 54 15 18 36 20 26 68 22 10 22 10 68 10 68 68 33 36 54 68 10 22 26 27 22 14 19 15 45 54 44 10 4 15 17 15 62 68 15 -1 41 45 15 10 20 55 6 15 44 54 20 10 26 36 36 68 4 36 26 44 44 36 68 33 61 14 68 4 26 15 44 44 15 15 8 14 14 14 26 15 17 36 45 63 68 44 68 36 26 36 44 36 15 68 17 36 33 68
26 5 3 41 15 18 36 20 26 41 22 10 22 10 41 10 41 41 33 36 41 41 10 22 26 27 22 14 19 15 41 41 41 10 4 15 17 15 41 41 15 41 -1 41 15 10 20 41 6 15 41 41 20 10 26 36 36 41 4 36 26 41 41 36 41 33 41 14 41 4 26 15 41 41 15 15 8 14 14 14 26 15 17 36 41 41 41 41 41 36 26 36 41 36 15 41 17 36 33 41
26 5 3 45 15 18 36 20 26 45 22 10 22 10 45 10 45 45 33 36 45 45 10 22 26 27 22 14 19 15 50 45 44 10 4 15 17 15 45 45 15 45 41 -1 15 10 20 45 6 15 44 45 20 10 26 36 36 45 4 36 26 44 44 36 45 33 45 14 45 4 26 15 44 44 15 15 8 14 14 14 26 15 17 36 88 45 45 44 45 36 26 36 44 36 15 45 17 36 33 45
15 5 3 15 23 15 15 15 15 15 15 10 15 10 15 10 15 15 15 15 15 15 10 15 15 15 15 14 15 15 15 15 15 10 4 23 15 15 15 15 36 15 15 15 -1 10 15 15 6 23 15 15 15 10 15 15 15 15 4 15 15 15 15 15 15 15 15 14 15 4 15 19 15 15 15 15 8 14 14 14 15 36 15 15 15 15 15 15 15 15 15 15 15 15 22 15 15 15 15 15
10 5 3 10 10 10 10 10 10 10 10 96 10 13 10 10 10 10 10 10 10 10 47 10 10 10 10 10 10 10 10 10 10 32 4 10 10 10 10 10 10 10 10 10 10 -1 10 10 6 10 10 10 10 66 10 10 10 10 4 10 10 10 10 10 10 10 10 10 10 4 10 10 10 10 10 10 8 10 10 10 10 10 10 10 10 10 10 10 10 10 10 10 10 10 10 10 10 10 10 10
20 5 3 20 15 18 20 20 20 20 20 10 20 10 20 10 20 20 20 20 20 20 10 20 20 20 20 14 19 15 20 20 20 10 4 15 17 15 20 20 15 20 20 20 15 10 -1 20 6 15 20 20 99 10 20 20 20 20 4 20 20 20 20 20 20 20 20 14 20 4 20 15 20 20 15 15 8 14 14 14 20 15 17 20 20 20 20 20 20 20 20 20 20 20 15 20 17 20 20 20
26 5 3 54 15 18 36 20 26 55 22 10 22 10 55 10 55 55 33 36 54 55 10 22 26 27 22 14 19 15 45 54 44 10 4 15 17 15 55 55 15 55 41 45 15 10 20 -1 6 15 44 54 20 10 26 36 36 55 4 36 26 44 44 36 55 33 55 14 55 4 26 15 44 44 15 15 8 14 14 14 26 15 17 36 45 55 55 44 55 36 26 36 44 36 15 55 17 36 33 55
6 5 3 6 6 6 6 6 6 6 6 6 6 6 6 6 6 6 6 6 6 6 6 6 6 6 6 6 6 6 6 6 6 6 4 6 6 6 6 6 6 6 6 6 6 6 6 6 -1 6 6 6 6 6 6 6 6 6 4 6 6 6 6 6 6 6 6 6 6 4 6 6 6 6 6 6 6 6 6 6 6 6 6 6 6 6 6 6 6 6 6 6 6 6 6 6 6 6 6 6
15 5 3 15 51 15 15 15 15 15 15 10 15 10 15 10 15 15 15 15 15 15 10 15 15 15 15 14 15 15 15 15 15 10 4 51 15 15 15 15 23 15 15 15 23 10 15 15 6 -1 15 15 15 10 15 15 15 15 4 15 15 15 15 15 15 15 15 14 15 4 15 19 15 15 15 15 8 14 14 14 15 23 15 15 15 15 15 15 15 15 15 15 15 15 22 15 15 15 15 15
26 5 3 44 15 18 36 20 26 44 22 10 22 10 44 10 44 44 33 36 44 44 10 22 26 27 22 14 19 15 44 44 45 10 4 15 17 15 44 44 15 44 41 44 15 10 20 44 6 15 -1 44 20 10 26 36 36 44 4 36 26 70 64 36 44 33 44 14 44 4 26 15 59 70 15 15 8 14 14 14 26 15 17 36 44 44 44 47 44 36 26 36 70 36 15 44 17 36 33 44
26 5 3 94 15 18 36 20 26 54 22 10 22 10 54 10 54 54 33 36 81 54 10 22 26 27 22 14 19 15 45 65 44 10 4 15 17 15 54 54 15 54 41 45 15 10 20 54 6 15 44 -1 20 10 26 36 36 54 4 36 26 44 44 36 54 33 54 14 54 4 26 15 44 44 15 15 8 14 14 14 26 15 17 36 45 54 54 44 54 36 26 36 44 36 15 54 17 36 33 54
20 5 3 20 15 18 20 20 20 20 20 10 20 10 20 10 20 20 20 20 20 20 10 20 20 20 20 14 19 15 20 20 20 10 4 15 17 15 20 20 15 20 20 20 15 10 99 20 6 15 20 20 -1 10 20 20 20 20 4 20 20 20 20 20 20 20 20 14 20 4 20 15 20 20 15 15 8 14 14 14 20 15 17 20 20 20 20 20 20 20 20 20 20 20 15 20 17 20 20 20
10 5 3 10 10 10 10 10 10 10 10 66 10 13 10 10 10 10 10 10 10 10 47 10 10 10 10 10 10 10 10 10 10 32 4 10 10 10 10 10 10 10 10 10 10 66 10 10 6 10 10 10 10 -1 10 10 10 10 4 10 10 10 10 10 10 10 10 10 10 4 10 10 10 10 10 10 8 10 10 10 10 10 10 10 10 10 10 10 10 10 10 10 10 10 10 10 10 10 10 10
61 5 3 26 15 18 26 20 34 26 22 10 22 10 26 10 26 26 26 26 26 26 10 22 34 26 22 14 19 15 26 26 26 10 4 15 17 15 26 26 15 26 26 26 15 10 20 26 6 15 26 26 20 10 -1 26 26 26 4 26 34 26 26 26 26 26 26 14 26 4 26 15 26 26 15 15 8 14 14 14 32 15 17 26 26 26 26 26 26 26 26 26 26 26 15 26 17 26 26 26
26 5 3 36 15 18 37 20 26 36 22 10 22 10 36 10 36 36 33 74 36 36 10 22 26 27 22 14 19 15 36 36 36 10 4 15 17 15 36 36 15 36 36 36 15 10 20 36 6 15 36 36 20 10 26 -1 37 36 4 37 26 36 36 38 36 33 36 14 36 4 26 15 36 36 15 15 8 14 14 14 26 15 17 66 36 36 36 36 36 37 26 37 36 37 15 36 17 38 33 36
26 5 3 36 15 18 53 20 26 36 22 10 22 10 36 10 36 36 33 37 36 36 10 22 26 27 22 14 19 15 36 36 36 10 4 15 17 15 36 36 15 36 36 36 15 10 20 36 6 15 36 36 20 10 26 37 -1 36 4 50 26 36 36 37 36 33 36 14 36 4 26 15 36 36 15 15 8 14 14 14 26 15 17 37 36 36 36 36 36 53 26 53 36 91 15 36 17 37 33 36
26 5 3 54 15 18 36 20 26 68 22 10 22 10 68 10 68 80 33 36 54 68 10 22 26 27 22 14 19 15 45 54 44 10 4 15 17 15 62 68 15 68 41 45 15 10 20 55 6 15 44 54 20 10 26 36 36 -1 4 36 26 44 44 36 68 33 61 14 68 4 26 15 44 44 15 15 8 14 14 14 26 15 17 36 45 63 80 44 68 36 26 36 44 36 15 93 17 36 33 68
4 4 3 4 4 4 4 4 4 4 4 4 4 4 4 4 4 4 4 4 4 4 4 4 4 4 4 4 4 4 4 4 4 4 4 4 4 4 4 4 4 4 4 4 4 4 4 4 4 4 4 4 4 4 4 4 4 4 -1 4 4 4 4 4 4 4 4 4 4 4 4 4 4 4 4 4 4 4 4 4 4 4 4 4 4 4 4 4 4 4 4 4 4 4 4 4 4 4 4 4
26 5 3 36 15 18 50 20 26 36 22 10 22 10 36 10 36 36 33 37 36 36 10 22 26 27 22 14 19 15 36 36 36 10 4 15 17 15 36 36 15 36 36 36 15 10 20 36 6 15 36 36 20 10 26 37 50 36 4 -1 26 36 36 37 36 33 36 14 36 4 26 15 36 36 15 15 8 14 14 14 26 15 17 37 36 36 36 36 36 50 26 50 36 50 15 36 17 37 33 36
34 5 3 26 15 18 26 20 56 26 22 10 22 10 26 10 26 26 26 26 26 26 10 22 56 26 22 14 19 15 26 26 26 10 4 15 17 15 26 26 15 26 26 26 15 10 20 26 6 15 26 26 20 10 34 26 26 26 4 26 -1 26 26 26 26 26 26 14 26 4 26 15 26 26 15 15 8 14 14 14 32 15 17 26 26 26 26 26 26 26 26 26 26 26 15 26 17 26 26 26
26 5 3 44 15 18 36 20 26 44 22 10 22 10 44 10 44 44 33 36 44 44 10 22 26 27 22 14 19 15 44 44 45 10 4 15 17 15 44 44 15 44 41 44 15 10 20 44 6 15 70 44 20 10 26 36 36 44 4 36 26 -1 64 36 44 33 44 14 44 4 26 15 59 93 15 15 8 14 14 14 26 15 17 36 44 44 44 47 44 36 26 36 93 36 15 44 17 36 33 44
26 5 3 44 15 18 36 20 26 44 22 10 22 10 44 10 44 44 33 36 44 44 10 22 26 27 22 14 19 15 44 44 45 10 4 15 17 15 44 44 15 44 41 44 15 10 20 44 6 15 64 44 20 10 26 36 36 44 4 36 26 64 -1 36 44 33 44 14 44 4 26 15 59 64 15 15 8 14 14 14 26 15 17 36 44 44 44 47 44 36 26 36 64 36 15 44 17 36 33 44
26 5 3 36 15 18 37 20 26 36 22 10 22 10 36 10 36 36 33 38 36 36 10 22 26 27 22 14 19 15 36 36 36 10 4 15 17 15 36 36 15 36 36 36 15 10 20 36 6 15 36 36 20 10 26 38 37 36 4 37 26 36 36 -1 36 33 36 14 36 4 26 15 36 36 15 15 8 14 14 14 26 15 17 38 36 36 36 36 36 37 26 37 36 37 15 36 17 55 33 36
26 5 3 54 15 18 36 20 26 80 22 10 22 10 71 10 80 68 33 36 54 80 10 22 26 27 22 14 19 15 45 54 44 10 4 15 17 15 62 80 15 68 41 45 15 10 20 55 6 15 44 54 20 10 26 36 36 68 4 36 26 44 44 36 -1 33 61 14 80 4 26 15 44 44 15 15 8 14 14 14 26 15 17 36 45 63 68 44 80 36 26 36 44 36 15 68 17 36 33 80
26 5 3 33 15 18 33 20 26 33 22 10 22 10 33 10 33 33 33 33 33 33 10 22 26 27 22 14 19 15 33 33 33 10 4 15 17 15 33 33 15 33 33 33 15 10 20 33 6 15 33 33 20 10 26 33 33 33 4 33 26 33 33 33 33 -1 33 14 33 4 26 15 33 33 15 15 8 14 14 14 26 15 17 33 33 33 33 33 33 33 26 33 33 33 15 33 17 33 33 33
26 5 3 54 15 18 36 20 26 61 22 10 22 10 61 10 61 61 33 36 54 61 10 22 26 27 22 14 19 15 45 54 44 10 4 15 17 15 61 61 15 61 41 45 15 10 20 55 6 15 44 54 20 10 26 36 36 61 4 36 26 44 44 36 61 33 -1 14 61 4 26 15 44 44 15 15 8 14 14 14 26 15 17 36 45 61 61 44 61 36 26 36 44 36 15 61 17 36 33 61
14 5 3 14 14 14 14 14 14 14 14 10 14 10 14 10 14 14 14 14 14 14 10 14 14 14 14 14 14 14 14 14 14 10 4 14 14 14 14 14 14 14 14 14 14 10 14 14 6 14 14 14 14 10 14 14 14 14 4 14 14 14 14 14 14 14 14 -1 14 4 14 14 14 14 14 14 8 14 14 14 14 14 14 14 14 14 14 14 14 14 14 14 14 14 14 14 14 14 14 14
26 5 3 54 15 18 36 20 26 97 22 10 22 10 71 10 95 68 33 36 54 83 10 22 26 27 22 14 19 15 45 54 44 10 4 15 17 15 62 89 15 68 41 45 15 10 20 55 6 15 44 54 20 10 26 36 36 68 4 36 26 44 44 36 80 33 61 14 -1 4 26 15 44 44 15 15 8 14 14 14 26 15 17 36 45 63 68 44 83 36 26 36 44 36 15 68 17 36 33 83
4 4 3 4 4 4 4 4 4 4 4 4 4 4 4 4 4 4 4 4 4 4 4 4 4 4 4 4 4 4 4 4 4 4 4 4 4 4 4 4 4 4 4 4 4 4 4 4 4 4 4 4 4 4 4 4 4 4 4 4 4 4 4 4 4 4 4 4 4 -1 4 4 4 4 4 4 4 4 4 4 4 4 4 4 4 4 4 4 4 4 4 4 4 4 4 4 4 4 4 4
26 5 3 26 15 18 26 20 26 26 22 10 22 10 26 10 26 26 26 26 26 26 10 22 26 26 22 14 19 15 26 26 26 10 4 15 17 15 26 26 15 26 26 26 15 10 20 26 6 15 26 26 20 10 26 26 26 26 4 26 26 26 26 26 26 26 26 14 26 4 -1 15 26 26 15 15 8 14 14 14 26 15 17 26 26 26 26 26 26 26 26 26 26 26 15 26 17 26 26 26
15 5 3 15 19 15 15 15 15 15 15 10 15 10 15 10 15 15 15 15 15 15 10 15 15 15 15 14 15 15 15 15 15 10 4 19 15 15 15 15 19 15 15 15 19 10 15 15 6 19 15 15 15 10 15 15 15 15 4 15 15 15 15 15 15 15 15 14 15 4 15 -1 15 15 15 15 8 14 14 14 15 19 15 15 15 15 15 15 15 15 15 15 15 15 19 15 15 15 15 15
26 5 3 44 15 18 36 20 26 44 22 10 22 10 44 10 44 44 33 36 44 44 10 22 26 27 22 14 19 15 44 44 45 10 4 15 17 15 44 44 15 44 41 44 15 10 20 44 6 15 59 44 20 10 26 36 36 44 4 36 26 59 59 36 44 33 44 14 44 4 26 15 -1 59 15 15 8 14 14 14 26 15 17 36 44 44 44 47 44 36 26 36 59 36 15 44 17 36 33 44
26 5 3 44 15 18 36 20 26 44 22 10 22 10 44 10 44 44 33 36 44 44 10 22 26 27 22 14 19 15 44 44 45 10 4 15 17 15 44 44 15 44 41 44 15 10 20 44 6 15 70 44 20 10 26 36 36 44 4 36 26 93 64 36 44 33 44 14 44 4 26 15 59 -1 15 15 8 14 14 14 26 15 17 36 44 44 44 47 44 36 26 36 98 36 15 44 17 36 33 44
15 5 3 15 15 15 15 15 15 15 15 10 15 10 15 10 15 15 15 15 15 15 10 15 15 15 15 14 15 31 15 15 15 10 4 15 15 15 15 15 15 15 15 15 15 10 15 15 6 15 15 15 15 10 15 15 15 15 4 15 15 15 15 15 15 15 15 14 15 4 15 15 15 15 -1 23 8 14 14 14 15 15 15 15 15 15 15 15 15 15 15 15 15 15 15 15 15 15 15 15
15 5 3 15 15 15 15 15 15 15 15 10 15 10 15 10 15 15 15 15 15 15 10 15 15 15 15 14 15 23 15 15 15 10 4 15 15 15 15 15 15 15 15 15 15 10 15 15 6 15 15 15 15 10 15 15 15 15 4 15 15 15 15 15 15 15 15 14 15 4 15 15 15 15 23 -1 8 14 14 14 15 15 15 15 15 15 15 15 15 15 15 15 15 15 15 15 15 15 15 15
8 5 3 8 8 8 8 8 8 8 8 8 8 8 8 8 8 8 8 8 8 8 8 8 8 8 8 8 8 8 8 8 8 8 4 8 8 8 8 8 8 8 8 8 8 8 8 8 6 8 8 8 8 8 8 8 8 8 4 8 8 8 8 8 8 8 8 8 8 4 8 8 8 8 8 8 -1 8 8 8 8 8 8 8 8 8 8 8 8 8 8 8 8 8 8 8 8 8 8 8
14 5 3 14 14 14 14 14 14 14 14 10 14 10 14 10 14 14 14 14 14 14 10 14 14 14 14 83 14 14 14 14 14 10 4 14 14 14 14 14 14 14 14 14 14 10 14 14 6 14 14 14 14 10 14 14 14 14 4 14 14 14 14 14 14 14 14 14 14 4 14 14 14 14 14 14 8 -1 14 57 14 14 14 14 14 14 14 14 14 14 14 14 14 14 14 14 14 14 14 14
14 5 3 14 14 14 14 14 14 14 14 10 14 10 14 10 14 14 14 14 14 14 10 14 14 14 14 14 14 14 14 14 14 10 4 14 14 14 14 14 14 14 14 14 14 10 14 14 6 14 14 14 14 10 14 14 14 14 4 14 14 14 14 14 14 14 14 14 14 4 14 14 14 14 14 14 8 14 -1 14 14 14 14 14 14 14 14 14 14 14 14 14 14 14 14 14 14 14 14 14
14 5 3 14 14 14 14 14 14 14 14 10 14 10 14 10 14 14 14 14 14 14 10 14 14 14 14 57 14 14 14 14 14 10 4 14 14 14 14 14 14 14 14 14 14 10 14 14 6 14 14 14 14 10 14 14 14 14 4 14 14 14 14 14 14 14 14 14 14 4 14 14 14 14 14 14 8 57 14 -1 14 14 14 14 14 14 14 14 14 14 14 14 14 14 14 14 14 14 14 14
32 5 3 26 15 18 26 20 32 26 22 10 22 10 26 10 26 26 26 26 26 26 10 22 32 26 22 14 19 15 26 26 26 10 4 15 17 15 26 26 15 26 26 26 15 10 20 26 6 15 26 26 20 10 32 26 26 26 4 26 32 26 26 26 26 26 26 14 26 4 26 15 26 26 15 15 8 14 14 14 -1 15 17 26 26 26 26 26 26 26 26 26 26 26 15 26 17 26 26 26
15 5 3 15 23 15 15 15 15 15 15 10 15 10 15 10 15 15 15 15 15 15 10 15 15 15 15 14 15 15 15 15 15 10 4 23 15 15 15 15 43 15 15 15 36 10 15 15 6 23 15 15 15 10 15 15 15 15 4 15 15 15 15 15 15 15 15 14 15 4 15 19 15 15 15 15 8 14 14 14 15 -1 15 15 15 15 15 15 15 15 15 15 15 15 22 15 15 15 15 15
17 5 3 17 15 17 17 17 17 17 17 10 17 10 17 10 17 17 17 17 17 17 10 17 17 17 17 14 17 15 17 17 17 10 4 15 17 15 17 17 15 17 17 17 15 10 17 17 6 15 17 17 17 10 17 17 17 17 4 17 17 17 17 17 17 17 17 14 17 4 17 15 17 17 15 15 8 14 14 14 17 15 -1 17 17 17 17 17 17 17 17 17 17 17 15 17 17 17 17 17
26 5 3 36 15 18 37 20 26 36 22 10 22 10 36 10 36 36 33 66 36 36 10 22 26 27 22 14 19 15 36 36 36 10 4 15 17 15 36 36 15 36 36 36 15 10 20 36 6 15 36 36 20 10 26 66 37 36 4 37 26 36 36 38 36 33 36 14 36 4 26 15 36 36 15 15 8 14 14 14 26 15 17 -1 36 36 36 36 36 37 26 37 36 37 15 36 17 38 33 36
26 5 3 45 15 18 36 20 26 45 22 10 22 10 45 10 45 45 33 36 45 45 10 22 26 27 22 14 19 15 50 45 44 10 4 15 17 15 45 45 15 45 41 88 15 10 20 45 6 15 44 45 20 10 26 36 36 45 4 36 26 44 44 36 45 33 45 14 45 4 26 15 44 44 15 15 8 14 14 14 26 15 17 36 -1 45 45 44 45 36 26 36 44 36 15 45 17 36 33 45
26 5 3 54 15 18 36 20 26 63 22 10 22 10 63 10 63 63 33 36 54 63 10 22 26 27 22 14 19 15 45 54 44 10 4 15 17 15 62 63 15 63 41 45 15 10 20 55 6 15 44 54 20 10 26 36 36 63 4 36 26 44 44 36 63 33 61 14 63 4 26 15 44 44 15 15 8 14 14 14 26 15 17 36 45 -1 63 44 63 36 26 36 44 36 15 63 17 36 33 63
26 5 3 54 15 18 36 20 26 68 22 10 22 10 68 10 68 97 33 36 54 68 10 22 26 27 22 14 19 15 45 54 44 10 4 15 17 15 62 68 15 68 41 45 15 10 20 55 6 15 44 54 20 10 26 36 36 80 4 36 26 44 44 36 68 33 61 14 68 4 26 15 44 44 15 15 8 14 14 14 26 15 17 36 45 63 -1 44 68 36 26 36 44 36 15 80 17 36 33 68
26 5 3 44 15 18 36 20 26 44 22 10 22 10 44 10 44 44 33 36 44 44 10 22 26 27 22 14 19 15 44 44 45 10 4 15 17 15 44 44 15 44 41 44 15 10 20 44 6 15 47 44 20 10 26 36 36 44 4 36 26 47 47 36 44 33 44 14 44 4 26 15 47 47 15 15 8 14 14 14 26 15 17 36 44 44 44 -1 44 36 26 36 47 36 15 44 17 36 33 44
26 5 3 54 15 18 36 20 26 83 22 10 22 10 71 10 83 68 33 36 54 88 10 22 26 27 22 14 19 15 45 54 44 10 4 15 17 15 62 83 15 68 41 45 15 10 20 55 6 15 44 54 20 10 26 36 36 68 4 36 26 44 44 36 80 33 61 14 83 4 26 15 44 44 15 15 8 14 14 14 26 15 17 36 45 63 68 44 -1 36 26 36 44 36 15 68 17 36 33 83
26 5 3 36 15 18 53 20 26 36 22 10 22 10 36 10 36 36 33 37 36 36 10 22 26 27 22 14 19 15 36 36 36 10 4 15 17 15 36 36 15 36 36 36 15 10 20 36 6 15 36 36 20 10 26 37 53 36 4 50 26 36 36 37 36 33 36 14 36 4 26 15 36 36 15 15 8 14 14 14 26 15 17 37 36 36 36 36 36 -1 26 81 36 53 15 36 17 37 33 36
26 5 3 26 15 18 26 20 26 26 22 10 22 10 26 10 26 26 26 26 26 26 10 22 26 26 22 14 19 15 26 26 26 10 4 15 17 15 26 26 15 26 26 26 15 10 20 26 6 15 26 26 20 10 26 26 26 26 4 26 26 26 26 26 26 26 26 14 26 4 26 15 26 26 15 15 8 14 14 14 26 15 17 26 26 26 26 26 26 26 -1 26 26 26 15 26 17 26 26 26
26 5 3 36 15 18 53 20 26 36 22 10 22 10 36 10 36 36 33 37 36 36 10 22 26 27 22 14 19 15 36 36 36 10 4 15 17 15 36 36 15 36 36 36 15 10 20 36 6 15 36 36 20 10 26 37 53 36 4 50 26 36 36 37 36 33 36 14 36 4 26 15 36 36 15 15 8 14 14 14 26 15 17 37 36 36 36 36 36 81 26 -1 36 53 15 36 17 37 33 36
26 5 3 44 15 18 36 20 26 44 22 10 22 10 44 10 44 44 33 36 44 44 10 22 26 27 22 14 19 15 44 44 45 10 4 15 17 15 44 44 15 44 41 44 15 10 20 44 6 15 70 44 20 10 26 36 36 44 4 36 26 93 64 36 44 33 44 14 44 4 26 15 59 98 15 15 8 14 14 14 26 15 17 36 44 44 44 47 44 36 26 36 -1 36 15 44 17 36 33 44
26 5 3 36 15 18 53 20 26 36 22 10 22 10 36 10 36 36 33 37 36 36 10 22 26 27 22 14 19 15 36 36 36 10 4 15 17 15 36 36 15 36 36 36 15 10 20 36 6 15 36 36 20 10 26 37 91 36 4 50 26 36 36 37 36 33 36 14 36 4 26 15 36 36 15 15 8 14 14 14 26 15 17 37 36 36 36 36 36 53 26 53 36 -1 15 36 17 37 33 36
15 5 3 15 22 15 15 15 15 15 15 10 15 10 15 10 15 15 15 15 15 15 10 15 15 15 15 14 15 15 15 15 15 10 4 22 15 15 15 15 22 15 15 15 22 10 15 15 6 22 15 15 15 10 15 15 15 15 4 15 15 15 15 15 15 15 15 14 15 4 15 19 15 15 15 15 8 14 14 14 15 22 15 15 15 15 15 15 15 15 15 15 15 15 -1 15 15 15 15 15
26 5 3 54 15 18 36 20 26 68 22 10 22 10 68 10 68 80 33 36 54 68 10 22 26 27 22 14 19 15 45 54 44 10 4 15 17 15 62 68 15 68 41 45 15 10 20 55 6 15 44 54 20 10 26 36 36 93 4 36 26 44 44 36 68 33 61 14 68 4 26 15 44 44 15 15 8 14 14 14 26 15 17 36 45 63 80 44 68 36 26 36 44 36 15 -1 17 36 33 68
17 5 3 17 15 17 17 17 17 17 17 10 17 10 17 10 17 17 17 17 17 17 10 17 17 17 17 14 17 15 17 17 17 10 4 15 17 15 17 17 15 17 17 17 15 10 17 17 6 15 17 17 17 10 17 17 17 17 4 17 17 17 17 17 17 17 17 14 17 4 17 15 17 17 15 15 8 14 14 14 17 15 17 17 17 17 17 17 17 17 17 17 17 17 15 17 -1 17 17 17
26 5 3 36 15 18 37 20 26 36 22 10 22 10 36 10 36 36 33 38 36 36 10 22 26 27 22 14 19 15 36 36 36 10 4 15 17 15 36 36 15 36 36 36 15 10 20 36 6 15 36 36 20 10 26 38 37 36 4 37 26 36 36 55 36 33 36 14 36 4 26 15 36 36 15 15 8 14 14 14 26 15 17 38 36 36 36 36 36 37 26 37 36 37 15 36 17 -1 33 36
26 5 3 33 15 18 33 20 26 33 22 10 22 10 33 10 33 33 87 33 33 33 10 22 26 27 22 14 19 15 33 33 33 10 4 15 17 15 33 33 15 33 33 33 15 10 20 33 6 15 33 33 20 10 26 33 33 33 4 33 26 33 33 33 33 33 33 14 33 4 26 15 33 33 15 15 8 14 14 14 26 15 17 33 33 33 33 33 33 33 26 33 33 33 15 33 17 33 -1 33
26 5 3 54 15 18 36 20 26 83 22 10 22 10 71 10 83 68 33 36 54 83 10 22 26 27 22 14 19 15 45 54 44 10 4 15 17 15 62 83 15 68 41 45 15 10 20 55 6 15 44 54 20 10 26 36 36 68 4 36 26 44 44 36 80 33 61 14 83 4 26 15 44 44 15 15 8 14 14 14 26 15 17 36 45 63 68 44 83 36 26 36 44 36 15 68 17 36 33 -1
