100
-1 5 28 1 25 4 14 1 28 25 14 14 25 14 28 8 8 25 25 62 1 25 25 25 17 25 20 28 25 1 25 25 1 28 28 81 20 28 1 25 25 25 28 25 28 28 32 25 25 1 14 25 25 1 23 15 81 25 15 6 28 15 25 25 15 28 70 28 28 25 28 20 21 15 10 14 1 1 28 17 25 13 25 25 1 15 25 25 1 25 8 28 1 25 28 15 25 25 28 25
5 -1 5 1 5 4 5 1 5 5 5 5 5 5 5 5 5 5 5 5 1 5 5 5 5 5 5 5 5 1 5 5 1 5 5 5 5 5 1 5 5 5 5 5 5 5 5 5 5 1 5 5 5 1 5 5 5 5 5 5 5 5 5 5 5 5 5 5 5 5 5 5 5 5 5 5 1 1 5 5 5 5 5 5 1 5 5 5 1 5 5 5 1 5 5 5 5 5 5 5
28 5 -1 1 25 4 14 1 31 25 14 14 25 14 31 8 8 25 25 28 1 25 25 25 17 25 20 31 25 1 25 25 1 31 31 28 20 31 1 25 25 25 31 25 31 31 28 25 25 1 14 25 25 1 23 15 28 25 15 6 28 15 25 25 15 28 28 31 31 25 31 20 21 15 10 14 1 1 31 17 25 13 25 25 1 15 25 25 1 25 8 31 1 25 31 15 25 25 31 25
1 1 1 -1 1 1 1 85 1 1 1 1 1 1 1 1 1 1 1 1 1 1 1 1 1 1 1 1 1 62 1 1 1 1 1 1 1 1 6 1 1 1 1 1 1 1 1 1 1 85 1 1 1 1 1 1 1 1 1 1 1 1 1 1 1 1 1 1 1 1 1 1 1 1 1 1 62 6 1 1 1 1 1 1 62 1 1 1 60 1 1 1 1 1 1 1 1 1 1 1
25 5 25 1 -1 4 14 1 25 28 14 14 28 14 25 8 8 28 27 25 1 25 28 95 17 28 20 25 73 1 27 28 1 25 25 25 20 25 1 27 92 27 25 95 25 25 25 28 50 1 14 28 28 1 23 15 25 28 15 6 25 15 50 33 15 25 25 25 25 28 25 20 21 15 10 14 1 1 25 17 28 13 28 73 1 15 27 87 1 28 8 25 1 28 25 15 27 28 25 28
4 4 4 1 4 -1 4 1 4 4 4 4 4 4 4 4 4 4 4 4 1 4 4 4 4 4 4 4 4 1 4 4 1 4 4 4 4 4 1 4 4 4 4 4 4 4 4 4 4 1 4 4 4 1 4 4 4 4 4 4 4 4 4 4 4 4 4 4 4 4 4 4 4 4 4 4 1 1 4 4 4 4 4 4 1 4 4 4 1 4 4 4 1 4 4 4 4 4 4 4
14 5 14 1 14 4 -1 1 14 14 14 14 14 14 14 8 8 14 14 14 1 14 14 14 14 14 14 14 14 1 14 14 1 14 14 14 14 14 1 14 14 14 14 14 14 14 14 14 14 1 14 14 14 1 14 14 14 14 14 6 14 14 14 14 14 14 14 14 14 14 14 14 14 14 10 84 1 1 14 14 14 13 14 14 1 14 14 14 1 14 8 14 1 14 14 14 14 14 14 14
1 1 1 85 1 1 1 -1 1 1 1 1 1 1 1 1 1 1 1 1 1 1 1 1 1 1 1 1 1 62 1 1 1 1 1 1 1 1 6 1 1 1 1 1 1 1 1 1 1 86 1 1 1 1 1 1 1 1 1 1 1 1 1 1 1 1 1 1 1 1 1 1 1 1 1 1 62 6 1 1 1 1 1 1 62 1 1 1 60 1 1 1 1 1 1 1 1 1 1 1
28 5 31 1 25 4 14 1 -1 25 14 14 25 14 45 8 8 25 25 28 1 25 25 25 17 25 20 59 25 1 25 25 1 45 47 28 20 45 1 25 25 25 45 25 45 47 28 25 25 1 14 25 25 1 23 15 28 25 15 6 28 15 25 25 15 28 28 45 76 25 45 20 21 15 10 14 1 1 59 17 25 13 25 25 1 15 25 25 1 25 8 45 1 25 45 15 25 25 59 25
25 5 25 1 28 4 14 1 25 -1 14 14 28 14 25 8 8 28 27 25 1 25 28 28 17 28 20 25 28 1 27 28 1 25 25 25 20 25 1 27 28 27 25 28 25 25 25 28 28 1 14 28 28 1 23 15 25 28 15 6 25 15 28 28 15 25 25 25 25 28 25 20 21 15 10 14 1 1 25 17 28 13 28 28 1 15 27 28 1 28 8 25 1 28 25 15 27 28 25 28
14 5 14 1 14 4 14 1 14 14 -1 26 14 56 14 8 8 14 14 14 1 14 14 14 14 14 14 14 14 1 14 14 1 14 14 14 14 14 1 14 14 14 14 14 14 14 14 14 14 1 26 14 14 1 14 14 14 14 14 6 14 14 14 14 14 14 14 14 14 14 14 14 14 14 10 14 1 1 14 14 14 13 14 14 1 14 14 14 1 14 8 14 1 14 14 14 14 14 14 14
14 5 14 1 14 4 14 1 14 14 26 -1 14 26 14 8 8 14 14 14 1 14 14 14 14 14 14 14 14 1 14 14 1 14 14 14 14 14 1 14 14 14 14 14 14 14 14 14 14 1 42 14 14 1 14 14 14 14 14 6 14 14 14 14 14 14 14 14 14 14 14 14 14 14 10 14 1 1 14 14 14 13 14 14 1 14 14 14 1 14 8 14 1 14 14 14 14 14 14 14
25 5 25 1 28 4 14 1 25 28 14 14 -1 14 25 8 8 62 27 25 1 25 54 28 17 28 20 25 28 1 27 56 1 25 25 25 20 25 1 27 28 27 25 28 25 25 25 54 28 1 14 62 38 1 23 15 25 77 15 6 25 15 28 28 15 25 25 25 25 77 25 20 21 15 10 14 1 1 25 17 40 13 62 28 1 15 27 28 1 38 8 25 1 45 25 15 27 36 25 45
14 5 14 1 14 4 14 1 14 14 56 26 14 -1 14 8 8 14 14 14 1 14 14 14 14 14 14 14 14 1 14 14 1 14 14 14 14 14 1 14 14 14 14 14 14 14 14 14 14 1 26 14 14 1 14 14 14 14 14 6 14 14 14 14 14 14 14 14 14 14 14 14 14 14 10 14 1 1 14 14 14 13 14 14 1 14 14 14 1 14 8 14 1 14 14 14 14 14 14 14
28 5 31 1 25 4 14 1 45 25 14 14 25 14 -1 8 8 25 25 28 1 25 25 25 17 25 20 45 25 1 25 25 1 66 45 28 20 66 1 25 25 25 66 25 63 45 28 25 25 1 14 25 25 1 23 15 28 25 15 6 28 15 25 25 15 28 28 66 45 25 66 20 21 15 10 14 1 1 45 17 25 13 25 25 1 15 25 25 1 25 8 54 1 25 45 15 25 25 45 25
8 5 8 1 8 4 8 1 8 8 8 8 8 8 8 -1 22 8 8 8 1 8 8 8 8 8 8 8 8 1 8 8 1 8 8 8 8 8 1 8 8 8 8 8 8 8 8 8 8 1 8 8 8 1 8 8 8 8 8 6 8 8 8 8 8 8 8 8 8 8 8 8 8 8 8 8 1 1 8 8 8 8 8 8 1 8 8 8 1 8 22 8 1 8 8 8 8 8 8 8
8 5 8 1 8 4 8 1 8 8 8 8 8 8 8 22 -1 8 8 8 1 8 8 8 8 8 8 8 8 1 8 8 1 8 8 8 8 8 1 8 8 8 8 8 8 8 8 8 8 1 8 8 8 1 8 8 8 8 8 6 8 8 8 8 8 8 8 8 8 8 8 8 8 8 8 8 1 1 8 8 8 8 8 8 1 8 8 8 1 8 23 8 1 8 8 8 8 8 8 8
25 5 25 1 28 4 14 1 25 28 14 14 62 14 25 8 8 -1 27 25 1 25 54 28 17 28 20 25 28 1 27 56 1 25 25 25 20 25 1 27 28 27 25 28 25 25 25 54 28 1 14 70 38 1 23 15 25 62 15 6 25 15 28 28 15 25 25 25 25 62 25 20 21 15 10 14 1 1 25 17 40 13 89 28 1 15 27 28 1 38 8 25 1 45 25 15 27 36 25 45
25 5 25 1 27 4 14 1 25 27 14 14 27 14 25 8 8 27 -1 25 1 25 27 27 17 27 20 25 27 1 78 27 1 25 25 25 20 25 1 69 27 78 25 27 25 25 25 27 27 1 14 27 27 1 23 15 25 27 15 6 25 15 27 27 15 25 25 25 25 27 25 20 21 15 10 14 1 1 25 17 27 13 27 27 1 15 78 27 1 27 8 25 1 27 25 15 69 27 25 27
62 5 28 1 25 4 14 1 28 25 14 14 25 14 28 8 8 25 25 -1 1 25 25 25 17 25 20 28 25 1 25 25 1 28 28 62 20 28 1 25 25 25 28 25 28 28 32 25 25 1 14 25 25 1 23 15 62 25 15 6 28 15 25 25 15 28 62 28 28 25 28 20 21 15 10 14 1 1 28 17 25 13 25 25 1 15 25 25 1 25 8 28 1 25 28 15 25 25 28 25
1 1 1 1 1 1 1 1 1 1 1 1 1 1 1 1 1 1 1 1 -1 1 1 1 1 1 1 1 1 1 1 1 1 1 1 1 1 1 1 1 1 1 1 1 1 1 1 1 1 1 1 1 1 39 1 1 1 1 1 1 1 1 1 1 1 1 1 1 1 1 1 1 1 1 1 1 1 1 1 1 1 1 1 1 1 1 1 1 1 1 1 1 64 1 1 1 1 1 1 1
25 5 25 1 25 4 14 1 25 25 14 14 25 14 25 8 8 25 25 25 1 -1 25 25 17 25 20 25 25 1 25 25 1 25 25 25 20 25 1 25 25 25 25 25 25 25 25 25 25 1 14 25 25 1 23 15 25 25 15 6 25 15 25 25 15 25 25 25 25 25 25 20 21 15 10 14 1 1 25 17 25 13 25 25 1 15 25 25 1 25 8 25 1 25 25 15 25 25 25 25
25 5 25 1 28 4 14 1 25 28 14 14 54 14 25 8 8 54 27 25 1 25 -1 28 17 28 20 25 28 1 27 54 1 25 25 25 20 25 1 27 28 27 25 28 25 25 25 95 28 1 14 54 38 1 23 15 25 54 15 6 25 15 28 28 15 25 25 25 25 54 25 20 21 15 10 14 1 1 25 17 40 13 54 28 1 15 27 28 1 38 8 25 1 45 25 15 27 36 25 45
25 5 25 1 95 4 14 1 25 28 14 14 28 14 25 8 8 28 27 25 1 25 28 -1 17 28 20 25 73 1 27 28 1 25 25 25 20 25 1 27 92 27 25 95 25 25 25 28 50 1 14 28 28 1 23 15 25 28 15 6 25 15 50 33 15 25 25 25 25 28 25 20 21 15 10 14 1 1 25 17 28 13 28 73 1 15 27 87 1 28 8 25 1 28 25 15 27 28 25 28
17 5 17 1 17 4 14 1 17 17 14 14 17 14 17 8 8 17 17 17 1 17 17 17 -1 17 17 17 17 1 17 17 1 17 17 17 17 17 1 17 17 17 17 17 17 17 17 17 17 1 14 17 17 1 17 15 17 17 15 6 17 15 17 17 15 17 17 17 17 17 17 17 17 15 10 14 1 1 17 17 17 13 17 17 1 15 17 17 1 17 8 17 1 17 17 15 17 17 17 17
25 5 25 1 28 4 14 1 25 28 14 14 28 14 25 8 8 28 27 25 1 25 28 28 17 -1 20 25 28 1 27 28 1 25 25 25 20 25 1 27 28 27 25 28 25 25 25 28 28 1 14 28 28 1 23 15 25 28 15 6 25 15 28 28 15 25 25 25 25 28 25 20 21 15 10 14 1 1 25 17 28 13 28 28 1 15 27 28 1 28 8 25 1 28 25 15 27 28 25 28
20 5 20 1 20 4 14 1 20 20 14 14 20 14 20 8 8 20 20 20 1 20 20 20 17 20 -1 20 20 1 20 20 1 20 20 20 20 20 1 20 20 20 20 20 20 20 20 20 20 1 14 20 20 1 20 15 20 20 15 6 20 15 20 20 15 20 20 20 20 20 20 20 20 15 10 14 1 1 20 17 20 13 20 20 1 15 20 20 1 20 8 20 1 20 20 15 20 20 20 20
28 5 31 1 25 4 14 1 59 25 14 14 25 14 45 8 8 25 25 28 1 25 25 25 17 25 20 -1 25 1 25 25 1 45 47 28 20 45 1 25 25 25 45 25 45 47 28 25 25 1 14 25 25 1 23 15 28 25 15 6 28 15 25 25 15 28 28 45 59 25 45 20 21 15 10 14 1 1 73 17 25 13 25 25 1 15 25 25 1 25 8 45 1 25 45 15 25 25 73 25
25 5 25 1 73 4 14 1 25 28 14 14 28 14 25 8 8 28 27 25 1 25 28 73 17 28 20 25 -1 1 27 28 1 25 25 25 20 25 1 27 73 27 25 73 25 25 25 28 50 1 14 28 28 1 23 15 25 28 15 6 25 15 50 33 15 25 25 25 25 28 25 20 21 15 10 14 1 1 25 17 28 13 28 77 1 15 27 73 1 28 8 25 1 28 25 15 27 28 25 28
1 1 1 62 1 1 1 62 1 1 1 1 1 1 1 1 1 1 1 1 1 1 1 1 1 1 1 1 1 -1 1 1 1 1 1 1 1 1 6 1 1 1 1 1 1 1 1 1 1 62 1 1 1 1 1 1 1 1 1 1 1 1 1 1 1 1 1 1 1 1 1 1 1 1 1 1 80 6 1 1 1 1 1 1 69 1 1 1 60 1 1 1 1 1 1 1 1 1 1 1
25 5 25 1 27 4 14 1 25 27 14 14 27 14 25 8 8 27 78 25 1 25 27 27 17 27 20 25 27 1 -1 27 1 25 25 25 20 25 1 69 27 93 25 27 25 25 25 27 27 1 14 27 27 1 23 15 25 27 15 6 25 15 27 27 15 25 25 25 25 27 25 20 21 15 10 14 1 1 25 17 27 13 27 27 1 15 93 27 1 27 8 25 1 27 25 15 69 27 25 27
25 5 25 1 28 4 14 1 25 28 14 14 56 14 25 8 8 56 27 25 1 25 54 28 17 28 20 25 28 1 27 -1 1 25 25 25 20 25 1 27 28 27 25 28 25 25 25 54 28 1 14 56 38 1 23 15 25 56 15 6 25 15 28 28 15 25 25 25 25 56 25 20 21 15 10 14 1 1 25 17 40 13 56 28 1 15 27 28 1 38 8 25 1 45 25 15 27 36 25 45
1 1 1 1 1 1 1 1 1 1 1 1 1 1 1 1 1 1 1 1 1 1 1 1 1 1 1 1 1 1 1 1 -1 1 1 1 1 1 1 1 1 1 1 1 1 1 1 1 1 1 1 1 1 1 1 1 1 1 1 1 1 1 1 1 1 1 1 1 1 1 1 1 1 1 1 1 1 1 1 1 1 1 1 1 1 1 1 1 1 1 1 1 1 1 1 1 1 1 1 1
28 5 31 1 25 4 14 1 45 25 14 14 25 14 66 8 8 25 25 28 1 25 25 25 17 25 20 45 25 1 25 25 1 -1 45 28 20 67 1 25 25 25 67 25 63 45 28 25 25 1 14 25 25 1 23 15 28 25 15 6 28 15 25 25 15 28 28 89 45 25 88 20 21 15 10 14 1 1 45 17 25 13 25 25 1 15 25 25 1 25 8 54 1 25 45 15 25 25 45 25
28 5 31 1 25 4 14 1 47 25 14 14 25 14 45 8 8 25 25 28 1 25 25 25 17 25 20 47 25 1 25 25 1 45 -1 28 20 45 1 25 25 25 45 25 45 47 28 25 25 1 14 25 25 1 23 15 28 25 15 6 28 15 25 25 15 28 28 45 47 25 45 20 21 15 10 14 1 1 47 17 25 13 25 25 1 15 25 25 1 25 8 45 1 25 45 15 25 25 47 25
81 5 28 1 25 4 14 1 28 25 14 14 25 14 28 8 8 25 25 62 1 25 25 25 17 25 20 28 25 1 25 25 1 28 28 -1 20 28 1 25 25 25 28 25 28 28 32 25 25 1 14 25 25 1 23 15 93 25 15 6 28 15 25 25 15 28 70 28 28 25 28 20 21 15 10 14 1 1 28 17 25 13 25 25 1 15 25 25 1 25 8 28 1 25 28 15 25 25 28 25
20 5 20 1 20 4 14 1 20 20 14 14 20 14 20 8 8 20 20 20 1 20 20 20 17 20 20 20 20 1 20 20 1 20 20 20 -1 20 1 20 20 20 20 20 20 20 20 20 20 1 14 20 20 1 20 15 20 20 15 6 20 15 20 20 15 20 20 20 20 20 20 81 20 15 10 14 1 1 20 17 20 13 20 20 1 15 20 20 1 20 8 20 1 20 20 15 20 20 20 20
28 5 31 1 25 4 14 1 45 25 14 14 25 14 66 8 8 25 25 28 1 25 25 25 17 25 20 45 25 1 25 25 1 67 45 28 20 -1 1 25 25 25 72 25 63 45 28 25 25 1 14 25 25 1 23 15 28 25 15 6 28 15 25 25 15 28 28 67 45 25 67 20 21 15 10 14 1 1 45 17 25 13 25 25 1 15 25 25 1 25 8 54 1 25 45 15 25 25 45 25
1 1 1 6 1 1 1 6 1 1 1 1 1 1 1 1 1 1 1 1 1 1 1 1 1 1 1 1 1 6 1 1 1 1 1 1 1 1 -1 1 1 1 1 1 1 1 1 1 1 6 1 1 1 1 1 1 1 1 1 1 1 1 1 1 1 1 1 1 1 1 1 1 1 1 1 1 6 44 1 1 1 1 1 1 6 1 1 1 6 1 1 1 1 1 1 1 1 1 1 1
25 5 25 1 27 4 14 1 25 27 14 14 27 14 25 8 8 27 69 25 1 25 27 27 17 27 20 25 27 1 69 27 1 25 25 25 20 25 1 -1 27 69 25 27 25 25 25 27 27 1 14 27 27 1 23 15 25 27 15 6 25 15 27 27 15 25 25 25 25 27 25 20 21 15 10 14 1 1 25 17 27 13 27 27 1 15 69 27 1 27 8 25 1 27 25 15 81 27 25 27
25 5 25 1 92 4 14 1 25 28 14 14 28 14 25 8 8 28 27 25 1 25 28 92 17 28 20 25 73 1 27 28 1 25 25 25 20 25 1 27 -1 27 25 92 25 25 25 28 50 1 14 28 28 1 23 15 25 28 15 6 25 15 50 33 15 25 25 25 25 28 25 20 21 15 10 14 1 1 25 17 28 13 28 73 1 15 27 87 1 28 8 25 1 28 25 15 27 28 25 28
25 5 25 1 27 4 14 1 25 27 14 14 27 14 25 8 8 27 78 25 1 25 27 27 17 27 20 25 27 1 93 27 1 25 25 25 20 25 1 69 27 -1 25 27 25 25 25 27 27 1 14 27 27 1 23 15 25 27 15 6 25 15 27 27 15 25 25 25 25 27 25 20 21 15 10 14 1 1 25 17 27 13 27 27 1 15 95 27 1 27 8 25 1 27 25 15 69 27 25 27
28 5 31 1 25 4 14 1 45 25 14 14 25 14 66 8 8 25 25 28 1 25 25 25 17 25 20 45 25 1 25 25 1 67 45 28 20 72 1 25 25 25 -1 25 63 45 28 25 25 1 14 25 25 1 23 15 28 25 15 6 28 15 25 25 15 28 28 67 45 25 67 20 21 15 10 14 1 1 45 17 25 13 25 25 1 15 25 25 1 25 8 54 1 25 45 15 25 25 45 25
25 5 25 1 95 4 14 1 25 28 14 14 28 14 25 8 8 28 27 25 1 25 28 95 17 28 20 25 73 1 27 28 1 25 25 25 20 25 1 27 92 27 25 -1 25 25 25 28 50 1 14 28 28 1 23 15 25 28 15 6 25 15 50 33 15 25 25 25 25 28 25 20 21 15 10 14 1 1 25 17 28 13 28 73 1 15 27 87 1 28 8 25 1 28 25 15 27 28 25 28
28 5 31 1 25 4 14 1 45 25 14 14 25 14 63 8 8 25 25 28 1 25 25 25 17 25 20 45 25 1 25 25 1 63 45 28 20 63 1 25 25 25 63 25 -1 45 28 25 25 1 14 25 25 1 23 15 28 25 15 6 28 15 25 25 15 28 28 63 45 25 63 20 21 15 10 14 1 1 45 17 25 13 25 25 1 15 25 25 1 25 8 54 1 25 45 15 25 25 45 25
28 5 31 1 25 4 14 1 47 25 14 14 25 14 45 8 8 25 25 28 1 25 25 25 17 25 20 47 25 1 25 25 1 45 47 28 20 45 1 25 25 25 45 25 45 -1 28 25 25 1 14 25 25 1 23 15 28 25 15 6 28 15 25 25 15 28 28 45 47 25 45 20 21 15 10 14 1 1 47 17 25 13 25 25 1 15 25 25 1 25 8 45 1 25 45 15 25 25 47 25
32 5 28 1 25 4 14 1 28 25 14 14 25 14 28 8 8 25 25 32 1 25 25 25 17 25 20 28 25 1 25 25 1 28 28 32 20 28 1 25 25 25 28 25 28 28 -1 25 25 1 14 25 25 1 23 15 32 25 15 6 28 15 25 25 15 28 32 28 28 25 28 20 21 15 10 14 1 1 28 17 25 13 25 25 1 15 25 25 1 25 8 28 1 25 28 15 25 25 28 25
25 5 25 1 28 4 14 1 25 28 14 14 54 14 25 8 8 54 27 25 1 25 95 28 17 28 20 25 28 1 27 54 1 25 25 25 20 25 1 27 28 27 25 28 25 25 25 -1 28 1 14 54 38 1 23 15 25 54 15 6 25 15 28 28 15 25 25 25 25 54 25 20 21 15 10 14 1 1 25 17 40 13 54 28 1 15 27 28 1 38 8 25 1 45 25 15 27 36 25 45
25 5 25 1 50 4 14 1 25 28 14 14 28 14 25 8 8 28 27 25 1 25 28 50 17 28 20 25 50 1 27 28 1 25 25 25 20 25 1 27 50 27 25 50 25 25 25 28 -1 1 14 28 28 1 23 15 25 28 15 6 25 15 59 33 15 25 25 25 25 28 25 20 21 15 10 14 1 1 25 17 28 13 28 50 1 15 27 50 1 28 8 25 1 28 25 15 27 28 25 28
1 1 1 85 1 1 1 86 1 1 1 1 1 1 1 1 1 1 1 1 1 1 1 1 1 1 1 1 1 62 1 1 1 1 1 1 1 1 6 1 1 1 1 1 1 1 1 1 1 -1 1 1 1 1 1 1 1 1 1 1 1 1 1 1 1 1 1 1 1 1 1 1 1 1 1 1 62 6 1 1 1 1 1 1 62 1 1 1 60 1 1 1 1 1 1 1 1 1 1 1
14 5 14 1 14 4 14 1 14 14 26 42 14 26 14 8 8 14 14 14 1 14 14 14 14 14 14 14 14 1 14 14 1 14 14 14 14 14 1 14 14 14 14 14 14 14 14 14 14 1 -1 14 14 1 14 14 14 14 14 6 14 14 14 14 14 14 14 14 14 14 14 14 14 14 10 14 1 1 14 14 14 13 14 14 1 14 14 14 1 14 8 14 1 14 14 14 14 14 14 14
25 5 25 1 28 4 14 1 25 28 14 14 62 14 25 8 8 70 27 25 1 25 54 28 17 28 20 25 28 1 27 56 1 25 25 25 20 25 1 27 28 27 25 28 25 25 25 54 28 1 14 -1 38 1 23 15 25 62 15 6 25 15 28 28 15 25 25 25 25 62 25 20 21 15 10 14 1 1 25 17 40 13 70 28 1 15 27 28 1 38 8 25 1 45 25 15 27 36 25 45
25 5 25 1 28 4 14 1 25 28 14 14 38 14 25 8 8 38 27 25 1 25 38 28 17 28 20 25 28 1 27 38 1 25 25 25 20 25 1 27 28 27 25 28 25 25 25 38 28 1 14 38 -1 1 23 15 25 38 15 6 25 15 28 28 15 25 25 25 25 38 25 20 21 15 10 14 1 1 25 17 38 13 38 28 1 15 27 28 1 38 8 25 1 38 25 15 27 36 25 38
1 1 1 1 1 1 1 1 1 1 1 1 1 1 1 1 1 1 1 1 39 1 1 1 1 1 1 1 1 1 1 1 1 1 1 1 1 1 1 1 1 1 1 1 1 1 1 1 1 1 1 1 1 -1 1 1 1 1 1 1 1 1 1 1 1 1 1 1 1 1 1 1 1 1 1 1 1 1 1 1 1 1 1 1 1 1 1 1 1 1 1 1 39 1 1 1 1 1 1 1
23 5 23 1 23 4 14 1 23 23 14 14 23 14 23 8 8 23 23 23 1 23 23 23 17 23 20 23 23 1 23 23 1 23 23 23 20 23 1 23 23 23 23 23 23 23 23 23 23 1 14 23 23 1 -1 15 23 23 15 6 23 15 23 23 15 23 23 23 23 23 23 20 21 15 10 14 1 1 23 17 23 13 23 23 1 15 23 23 1 23 8 23 1 23 23 15 23 23 23 23
15 5 15 1 15 4 14 1 15 15 14 14 15 14 15 8 8 15 15 15 1 15 15 15 15 15 15 15 15 1 15 15 1 15 15 15 15 15 1 15 15 15 15 15 15 15 15 15 15 1 14 15 15 1 15 -1 15 15 15 6 15 15 15 15 15 15 15 15 15 15 15 15 15 32 10 14 1 1 15 15 15 13 15 15 1 15 15 15 1 15 8 15 1 15 15 15 15 15 15 15
81 5 28 1 25 4 14 1 28 25 14 14 25 14 28 8 8 25 25 62 1 25 25 25 17 25 20 28 25 1 25 25 1 28 28 93 20 28 1 25 25 25 28 25 28 28 32 25 25 1 14 25 25 1 23 15 -1 25 15 6 28 15 25 25 15 28 70 28 28 25 28 20 21 15 10 14 1 1 28 17 25 13 25 25 1 15 25 25 1 25 8 28 1 25 28 15 25 25 28 25
25 5 25 1 28 4 14 1 25 28 14 14 77 14 25 8 8 62 27 25 1 25 54 28 17 28 20 25 28 1 27 56 1 25 25 25 20 25 1 27 28 27 25 28 25 25 25 54 28 1 14 62 38 1 23 15 25 -1 15 6 25 15 28 28 15 25 25 25 25 91 25 20 21 15 10 14 1 1 25 17 40 13 62 28 1 15 27 28 1 38 8 25 1 45 25 15 27 36 25 45
15 5 15 1 15 4 14 1 15 15 14 14 15 14 15 8 8 15 15 15 1 15 15 15 15 15 15 15 15 1 15 15 1 15 15 15 15 15 1 15 15 15 15 15 15 15 15 15 15 1 14 15 15 1 15 15 15 15 -1 6 15 47 15 15 47 15 15 15 15 15 15 15 15 15 10 14 1 1 15 15 15 13 15 15 1 40 15 15 1 15 8 15 1 15 15 56 15 15 15 15
6 5 6 1 6 4 6 1 6 6 6 6 6 6 6 6 6 6 6 6 1 6 6 6 6 6 6 6 6 1 6 6 1 6 6 6 6 6 1 6 6 6 6 6 6 6 6 6 6 1 6 6 6 1 6 6 6 6 6 -1 6 6 6 6 6 6 6 6 6 6 6 6 6 6 6 6 1 1 6 6 6 6 6 6 1 6 6 6 1 6 6 6 1 6 6 6 6 6 6 6
28 5 28 1 25 4 14 1 28 25 14 14 25 14 28 8 8 25 25 28 1 25 25 25 17 25 20 28 25 1 25 25 1 28 28 28 20 28 1 25 25 25 28 25 28 28 28 25 25 1 14 25 25 1 23 15 28 25 15 6 -1 15 25 25 15 47 28 28 28 25 28 20 21 15 10 14 1 1 28 17 25 13 25 25 1 15 25 25 1 25 8 28 1 25 28 15 25 25 28 25
15 5 15 1 15 4 14 1 15 15 14 14 15 14 15 8 8 15 15 15 1 15 15 15 15 15 15 15 15 1 15 15 1 15 15 15 15 15 1 15 15 15 15 15 15 15 15 15 15 1 14 15 15 1 15 15 15 15 47 6 15 -1 15 15 75 15 15 15 15 15 15 15 15 15 10 14 1 1 15 15 15 13 15 15 1 40 15 15 1 15 8 15 1 15 15 47 15 15 15 15
25 5 25 1 50 4 14 1 25 28 14 14 28 14 25 8 8 28 27 25 1 25 28 50 17 28 20 25 50 1 27 28 1 25 25 25 20 25 1 27 50 27 25 50 25 25 25 28 59 1 14 28 28 1 23 15 25 28 15 6 25 15 -1 33 15 25 25 25 25 28 25 20 21 15 10 14 1 1 25 17 28 13 28 50 1 15 27 50 1 28 8 25 1 28 25 15 27 28 25 28
25 5 25 1 33 4 14 1 25 28 14 14 28 14 25 8 8 28 27 25 1 25 28 33 17 28 20 25 33 1 27 28 1 25 25 25 20 25 1 27 33 27 25 33 25 25 25 28 33 1 14 28 28 1 23 15 25 28 15 6 25 15 33 -1 15 25 25 25 25 28 25 20 21 15 10 14 1 1 25 17 28 13 28 33 1 15 27 33 1 28 8 25 1 28 25 15 27 28 25 28
15 5 15 1 15 4 14 1 15 15 14 14 15 14 15 8 8 15 15 15 1 15 15 15 15 15 15 15 15 1 15 15 1 15 15 15 15 15 1 15 15 15 15 15 15 15 15 15 15 1 14 15 15 1 15 15 15 15 47 6 15 75 15 15 -1 15 15 15 15 15 15 15 15 15 10 14 1 1 15 15 15 13 15 15 1 40 15 15 1 15 8 15 1 15 15 47 15 15 15 15
28 5 28 1 25 4 14 1 28 25 14 14 25 14 28 8 8 25 25 28 1 25 25 25 17 25 20 28 25 1 25 25 1 28 28 28 20 28 1 25 25 25 28 25 28 28 28 25 25 1 14 25 25 1 23 15 28 25 15 6 47 15 25 25 15 -1 28 28 28 25 28 20 21 15 10 14 1 1 28 17 25 13 25 25 1 15 25 25 1 25 8 28 1 25 28 15 25 25 28 25
70 5 28 1 25 4 14 1 28 25 14 14 25 14 28 8 8 25 25 62 1 25 25 25 17 25 20 28 25 1 25 25 1 28 28 70 20 28 1 25 25 25 28 25 28 28 32 25 25 1 14 25 25 1 23 15 70 25 15 6 28 15 25 25 15 28 -1 28 28 25 28 20 21 15 10 14 1 1 28 17 25 13 25 25 1 15 25 25 1 25 8 28 1 25 28 15 25 25 28 25
28 5 31 1 25 4 14 1 45 25 14 14 25 14 66 8 8 25 25 28 1 25 25 25 17 25 20 45 25 1 25 25 1 89 45 28 20 67 1 25 25 25 67 25 63 45 28 25 25 1 14 25 25 1 23 15 28 25 15 6 28 15 25 25 15 28 28 -1 45 25 88 20 21 15 10 14 1 1 45 17 25 13 25 25 1 15 25 25 1 25 8 54 1 25 45 15 25 25 45 25
28 5 31 1 25 4 14 1 76 25 14 14 25 14 45 8 8 25 25 28 1 25 25 25 17 25 20 59 25 1 25 25 1 45 47 28 20 45 1 25 25 25 45 25 45 47 28 25 25 1 14 25 25 1 23 15 28 25 15 6 28 15 25 25 15 28 28 45 -1 25 45 20 21 15 10 14 1 1 59 17 25 13 25 25 1 15 25 25 1 25 8 45 1 25 45 15 25 25 59 25
25 5 25 1 28 4 14 1 25 28 14 14 77 14 25 8 8 62 27 25 1 25 54 28 17 28 20 25 28 1 27 56 1 25 25 25 20 25 1 27 28 27 25 28 25 25 25 54 28 1 14 62 38 1 23 15 25 91 15 6 25 15 28 28 15 25 25 25 25 -1 25 20 21 15 10 14 1 1 25 17 40 13 62 28 1 15 27 28 1 38 8 25 1 45 25 15 27 36 25 45
28 5 31 1 25 4 14 1 45 25 14 14 25 14 66 8 8 25 25 28 1 25 25 25 17 25 20 45 25 1 25 25 1 88 45 28 20 67 1 25 25 25 67 25 63 45 28 25 25 1 14 25 25 1 23 15 28 25 15 6 28 15 25 25 15 28 28 88 45 25 -1 20 21 15 10 14 1 1 45 17 25 13 25 25 1 15 25 25 1 25 8 54 1 25 45 15 25 25 45 25
20 5 20 1 20 4 14 1 20 20 14 14 20 14 20 8 8 20 20 20 1 20 20 20 17 20 20 20 20 1 20 20 1 20 20 20 81 20 1 20 20 20 20 20 20 20 20 20 20 1 14 20 20 1 20 15 20 20 15 6 20 15 20 20 15 20 20 20 20 20 20 -1 20 15 10 14 1 1 20 17 20 13 20 20 1 15 20 20 1 20 8 20 1 20 20 15 20 20 20 20
21 5 21 1 21 4 14 1 21 21 14 14 21 14 21 8 8 21 21 21 1 21 21 21 17 21 20 21 21 1 21 21 1 21 21 21 20 21 1 21 21 21 21 21 21 21 21 21 21 1 14 21 21 1 21 15 21 21 15 6 21 15 21 21 15 21 21 21 21 21 21 20 -1 15 10 14 1 1 21 17 21 13 21 21 1 15 21 21 1 21 8 21 1 21 21 15 21 21 21 21
15 5 15 1 15 4 14 1 15 15 14 14 15 14 15 8 8 15 15 15 1 15 15 15 15 15 15 15 15 1 15 15 1 15 15 15 15 15 1 15 15 15 15 15 15 15 15 15 15 1 14 15 15 1 15 32 15 15 15 6 15 15 15 15 15 15 15 15 15 15 15 15 15 -1 10 14 1 1 15 15 15 13 15 15 1 15 15 15 1 15 8 15 1 15 15 15 15 15 15 15
10 5 10 1 10 4 10 1 10 10 10 10 10 10 10 8 8 10 10 10 1 10 10 10 10 10 10 10 10 1 10 10 1 10 10 10 10 10 1 10 10 10 10 10 10 10 10 10 10 1 10 10 10 1 10 10 10 10 10 6 10 10 10 10 10 10 10 10 10 10 10 10 10 10 -1 10 1 1 10 10 10 10 10 10 1 10 10 10 1 10 8 10 1 10 10 10 10 10 10 10
14 5 14 1 14 4 84 1 14 14 14 14 14 14 14 8 8 14 14 14 1 14 14 14 14 14 14 14 14 1 14 14 1 14 14 14 14 14 1 14 14 14 14 14 14 14 14 14 14 1 14 14 14 1 14 14 14 14 14 6 14 14 14 14 14 14 14 14 14 14 14 14 14 14 10 -1 1 1 14 14 14 13 14 14 1 14 14 14 1 14 8 14 1 14 14 14 14 14 14 14
1 1 1 62 1 1 1 62 1 1 1 1 1 1 1 1 1 1 1 1 1 1 1 1 1 1 1 1 1 80 1 1 1 1 1 1 1 1 6 1 1 1 1 1 1 1 1 1 1 62 1 1 1 1 1 1 1 1 1 1 1 1 1 1 1 1 1 1 1 1 1 1 1 1 1 1 -1 6 1 1 1 1 1 1 69 1 1 1 60 1 1 1 1 1 1 1 1 1 1 1
1 1 1 6 1 1 1 6 1 1 1 1 1 1 1 1 1 1 1 1 1 1 1 1 1 1 1 1 1 6 1 1 1 1 1 1 1 1 44 1 1 1 1 1 1 1 1 1 1 6 1 1 1 1 1 1 1 1 1 1 1 1 1 1 1 1 1 1 1 1 1 1 1 1 1 1 6 -1 1 1 1 1 1 1 6 1 1 1 6 1 1 1 1 1 1 1 1 1 1 1
28 5 31 1 25 4 14 1 59 25 14 14 25 14 45 8 8 25 25 28 1 25 25 25 17 25 20 73 25 1 25 25 1 45 47 28 20 45 1 25 25 25 45 25 45 47 28 25 25 1 14 25 25 1 23 15 28 25 15 6 28 15 25 25 15 28 28 45 59 25 45 20 21 15 10 14 1 1 -1 17 25 13 25 25 1 15 25 25 1 25 8 45 1 25 45 15 25 25 73 25
17 5 17 1 17 4 14 1 17 17 14 14 17 14 17 8 8 17 17 17 1 17 17 17 17 17 17 17 17 1 17 17 1 17 17 17 17 17 1 17 17 17 17 17 17 17 17 17 17 1 14 17 17 1 17 15 17 17 15 6 17 15 17 17 15 17 17 17 17 17 17 17 17 15 10 14 1 1 17 -1 17 13 17 17 1 15 17 17 1 17 8 17 1 17 17 15 17 17 17 17
25 5 25 1 28 4 14 1 25 28 14 14 40 14 25 8 8 40 27 25 1 25 40 28 17 28 20 25 28 1 27 40 1 25 25 25 20 25 1 27 28 27 25 28 25 25 25 40 28 1 14 40 38 1 23 15 25 40 15 6 25 15 28 28 15 25 25 25 25 40 25 20 21 15 10 14 1 1 25 17 -1 13 40 28 1 15 27 28 1 38 8 25 1 40 25 15 27 36 25 40
13 5 13 1 13 4 13 1 13 13 13 13 13 13 13 8 8 13 13 13 1 13 13 13 13 13 13 13 13 1 13 13 1 13 13 13 13 13 1 13 13 13 13 13 13 13 13 13 13 1 13 13 13 1 13 13 13 13 13 6 13 13 13 13 13 13 13 13 13 13 13 13 13 13 10 13 1 1 13 13 13 -1 13 13 1 13 13 13 1 13 8 13 1 13 13 13 13 13 13 13
25 5 25 1 28 4 14 1 25 28 14 14 62 14 25 8 8 89 27 25 1 25 54 28 17 28 20 25 28 1 27 56 1 25 25 25 20 25 1 27 28 27 25 28 25 25 25 54 28 1 14 70 38 1 23 15 25 62 15 6 25 15 28 28 15 25 25 25 25 62 25 20 21 15 10 14 1 1 25 17 40 13 -1 28 1 15 27 28 1 38 8 25 1 45 25 15 27 36 25 45
25 5 25 1 73 4 14 1 25 28 14 14 28 14 25 8 8 28 27 25 1 25 28 73 17 28 20 25 77 1 27 28 1 25 25 25 20 25 1 27 73 27 25 73 25 25 25 28 50 1 14 28 28 1 23 15 25 28 15 6 25 15 50 33 15 25 25 25 25 28 25 20 21 15 10 14 1 1 25 17 28 13 28 -1 1 15 27 73 1 28 8 25 1 28 25 15 27 28 25 28
1 1 1 62 1 1 1 62 1 1 1 1 1 1 1 1 1 1 1 1 1 1 1 1 1 1 1 1 1 69 1 1 1 1 1 1 1 1 6 1 1 1 1 1 1 1 1 1 1 62 1 1 1 1 1 1 1 1 1 1 1 1 1 1 1 1 1 1 1 1 1 1 1 1 1 1 69 6 1 1 1 1 1 1 -1 1 1 1 60 1 1 1 1 1 1 1 1 1 1 1
15 5 15 1 15 4 14 1 15 15 14 14 15 14 15 8 8 15 15 15 1 15 15 15 15 15 15 15 15 1 15 15 1 15 15 15 15 15 1 15 15 15 15 15 15 15 15 15 15 1 14 15 15 1 15 15 15 15 40 6 15 40 15 15 40 15 15 15 15 15 15 15 15 15 10 14 1 1 15 15 15 13 15 15 1 -1 15 15 1 15 8 15 1 15 15 40 15 15 15 15
25 5 25 1 27 4 14 1 25 27 14 14 27 14 25 8 8 27 78 25 1 25 27 27 17 27 20 25 27 1 93 27 1 25 25 25 20 25 1 69 27 95 25 27 25 25 25 27 27 1 14 27 27 1 23 15 25 27 15 6 25 15 27 27 15 25 25 25 25 27 25 20 21 15 10 14 1 1 25 17 27 13 27 27 1 15 -1 27 1 27 8 25 1 27 25 15 69 27 25 27
25 5 25 1 87 4 14 1 25 28 14 14 28 14 25 8 8 28 27 25 1 25 28 87 17 28 20 25 73 1 27 28 1 25 25 25 20 25 1 27 87 27 25 87 25 25 25 28 50 1 14 28 28 1 23 15 25 28 15 6 25 15 50 33 15 25 25 25 25 28 25 20 21 15 10 14 1 1 25 17 28 13 28 73 1 15 27 -1 1 28 8 25 1 28 25 15 27 28 25 28
1 1 1 60 1 1 1 60 1 1 1 1 1 1 1 1 1 1 1 1 1 1 1 1 1 1 1 1 1 60 1 1 1 1 1 1 1 1 6 1 1 1 1 1 1 1 1 1 1 60 1 1 1 1 1 1 1 1 1 1 1 1 1 1 1 1 1 1 1 1 1 1 1 1 1 1 60 6 1 1 1 1 1 1 60 1 1 1 -1 1 1 1 1 1 1 1 1 1 1 1
25 5 25 1 28 4 14 1 25 28 14 14 38 14 25 8 8 38 27 25 1 25 38 28 17 28 20 25 28 1 27 38 1 25 25 25 20 25 1 27 28 27 25 28 25 25 25 38 28 1 14 38 38 1 23 15 25 38 15 6 25 15 28 28 15 25 25 25 25 38 25 20 21 15 10 14 1 1 25 17 38 13 38 28 1 15 27 28 1 -1 8 25 1 38 25 15 27 36 25 38
8 5 8 1 8 4 8 1 8 8 8 8 8 8 8 22 23 8 8 8 1 8 8 8 8 8 8 8 8 1 8 8 1 8 8 8 8 8 1 8 8 8 8 8 8 8 8 8 8 1 8 8 8 1 8 8 8 8 8 6 8 8 8 8 8 8 8 8 8 8 8 8 8 8 8 8 1 1 8 8 8 8 8 8 1 8 8 8 1 8 -1 8 1 8 8 8 8 8 8 8
28 5 31 1 25 4 14 1 45 25 14 14 25 14 54 8 8 25 25 28 1 25 25 25 17 25 20 45 25 1 25 25 1 54 45 28 20 54 1 25 25 25 54 25 54 45 28 25 25 1 14 25 25 1 23 15 28 25 15 6 28 15 25 25 15 28 28 54 45 25 54 20 21 15 10 14 1 1 45 17 25 13 25 25 1 15 25 25 1 25 8 -1 1 25 45 15 25 25 45 25
1 1 1 1 1 1 1 1 1 1 1 1 1 1 1 1 1 1 1 1 64 1 1 1 1 1 1 1 1 1 1 1 1 1 1 1 1 1 1 1 1 1 1 1 1 1 1 1 1 1 1 1 1 39 1 1 1 1 1 1 1 1 1 1 1 1 1 1 1 1 1 1 1 1 1 1 1 1 1 1 1 1 1 1 1 1 1 1 1 1 1 1 -1 1 1 1 1 1 1 1
25 5 25 1 28 4 14 1 25 28 14 14 45 14 25 8 8 45 27 25 1 25 45 28 17 28 20 25 28 1 27 45 1 25 25 25 20 25 1 27 28 27 25 28 25 25 25 45 28 1 14 45 38 1 23 15 25 45 15 6 25 15 28 28 15 25 25 25 25 45 25 20 21 15 10 14 1 1 25 17 40 13 45 28 1 15 27 28 1 38 8 25 1 -1 25 15 27 36 25 63
28 5 31 1 25 4 14 1 45 25 14 14 25 14 45 8 8 25 25 28 1 25 25 25 17 25 20 45 25 1 25 25 1 45 45 28 20 45 1 25 25 25 45 25 45 45 28 25 25 1 14 25 25 1 23 15 28 25 15 6 28 15 25 25 15 28 28 45 45 25 45 20 21 15 10 14 1 1 45 17 25 13 25 25 1 15 25 25 1 25 8 45 1 25 -1 15 25 25 45 25
15 5 15 1 15 4 14 1 15 15 14 14 15 14 15 8 8 15 15 15 1 15 15 15 15 15 15 15 15 1 15 15 1 15 15 15 15 15 1 15 15 15 15 15 15 15 15 15 15 1 14 15 15 1 15 15 15 15 56 6 15 47 15 15 47 15 15 15 15 15 15 15 15 15 10 14 1 1 15 15 15 13 15 15 1 40 15 15 1 15 8 15 1 15 15 -1 15 15 15 15
25 5 25 1 27 4 14 1 25 27 14 14 27 14 25 8 8 27 69 25 1 25 27 27 17 27 20 25 27 1 69 27 1 25 25 25 20 25 1 81 27 69 25 27 25 25 25 27 27 1 14 27 27 1 23 15 25 27 15 6 25 15 27 27 15 25 25 25 25 27 25 20 21 15 10 14 1 1 25 17 27 13 27 27 1 15 69 27 1 27 8 25 1 27 25 15 -1 27 25 27
25 5 25 1 28 4 14 1 25 28 14 14 36 14 25 8 8 36 27 25 1 25 36 28 17 28 20 25 28 1 27 36 1 25 25 25 20 25 1 27 28 27 25 28 25 25 25 36 28 1 14 36 36 1 23 15 25 36 15 6 25 15 28 28 15 25 25 25 25 36 25 20 21 15 10 14 1 1 25 17 36 13 36 28 1 15 27 28 1 36 8 25 1 36 25 15 27 -1 25 36
28 5 31 1 25 4 14 1 59 25 14 14 25 14 45 8 8 25 25 28 1 25 25 25 17 25 20 73 25 1 25 25 1 45 47 28 20 45 1 25 25 25 45 25 45 47 28 25 25 1 14 25 25 1 23 15 28 25 15 6 28 15 25 25 15 28 28 45 59 25 45 20 21 15 10 14 1 1 73 17 25 13 25 25 1 15 25 25 1 25 8 45 1 25 45 15 25 25 -1 25
25 5 25 1 28 4 14 1 25 28 14 14 45 14 25 8 8 45 27 25 1 25 45 28 17 28 20 25 28 1 27 45 1 25 25 25 20 25 1 27 28 27 25 28 25 25 25 45 28 1 14 45 38 1 23 15 25 45 15 6 25 15 28 28 15 25 25 25 25 45 25 20 21 15 10 14 1 1 25 17 40 13 45 28 1 15 27 28 1 38 8 25 1 63 25 15 27 36 25 -1
