50
-1 49669697 49669697 349760269 49669697 595316518 595316518 327139181 164387926 349760269 49669697 349760269 164387926 349760269 349760269 49669697 49669697 349760269 49669697 349760269 34738299 349760269 146346057 349760269 74372070 74372070 49669697 349760269 34738299 349760269 349760269 49669697 49669697 49669697 49669697 74372070 49669697 595316518 49669697 49669697 49669697 595316518 349760269 595316518 331231089 164387926 164387926 49669697 164387926 49669697
49669697 -1 436482378 49669697 301819866 49669697 49669697 49669697 49669697 49669697 102861678 49669697 49669697 49669697 49669697 519992648 523261006 49669697 775720913 49669697 34738299 49669697 49669697 49669697 49669697 49669697 112717222 49669697 34738299 49669697 49669697 917501728 191958207 436482378 678503220 49669697 815522115 49669697 191958207 815522115 815522115 49669697 49669697 49669697 49669697 49669697 49669697 815522115 49669697 191958207
49669697 436482378 -1 49669697 301819866 49669697 49669697 49669697 49669697 49669697 102861678 49669697 49669697 49669697 49669697 436482378 436482378 49669697 436482378 49669697 34738299 49669697 49669697 49669697 49669697 49669697 112717222 49669697 34738299 49669697 49669697 436482378 191958207 919233378 436482378 49669697 436482378 49669697 191958207 436482378 436482378 49669697 49669697 49669697 49669697 49669697 49669697 436482378 49669697 191958207
349760269 49669697 49669697 -1 49669697 349760269 349760269 327139181 164387926 644986548 49669697 644986548 164387926 356779554 573258065 49669697 49669697 644986548 49669697 573258065 34738299 573258065 146346057 644986548 74372070 74372070 49669697 644986548 34738299 573258065 644986548 49669697 49669697 49669697 49669697 74372070 49669697 349760269 49669697 49669697 49669697 349760269 356779554 349760269 331231089 164387926 164387926 49669697 164387926 49669697
49669697 301819866 301819866 49669697 -1 49669697 49669697 49669697 49669697 49669697 102861678 49669697 49669697 49669697 49669697 301819866 301819866 49669697 301819866 49669697 34738299 49669697 49669697 49669697 49669697 49669697 112717222 49669697 34738299 49669697 49669697 301819866 191958207 301819866 301819866 49669697 301819866 49669697 191958207 301819866 301819866 49669697 49669697 49669697 49669697 49669697 49669697 301819866 49669697 191958207
595316518 49669697 49669697 349760269 49669697 -1 727467851 327139181 164387926 349760269 49669697 349760269 164387926 349760269 349760269 49669697 49669697 349760269 49669697 349760269 34738299 349760269 146346057 349760269 74372070 74372070 49669697 349760269 34738299 349760269 349760269 49669697 49669697 49669697 49669697 74372070 49669697 727467851 49669697 49669697 49669697 931209793 349760269 947179669 331231089 164387926 164387926 49669697 164387926 49669697
595316518 49669697 49669697 349760269 49669697 727467851 -1 327139181 164387926 349760269 49669697 349760269 164387926 349760269 349760269 49669697 49669697 349760269 49669697 349760269 34738299 349760269 146346057 349760269 74372070 74372070 49669697 349760269 34738299 349760269 349760269 49669697 49669697 49669697 49669697 74372070 49669697 773842576 49669697 49669697 49669697 727467851 349760269 727467851 331231089 164387926 164387926 49669697 164387926 49669697
327139181 49669697 49669697 327139181 49669697 327139181 327139181 -1 164387926 327139181 49669697 327139181 164387926 327139181 327139181 49669697 49669697 327139181 49669697 327139181 34738299 327139181 146346057 327139181 74372070 74372070 49669697 327139181 34738299 327139181 327139181 49669697 49669697 49669697 49669697 74372070 49669697 327139181 49669697 49669697 49669697 327139181 327139181 327139181 327139181 164387926 164387926 49669697 164387926 49669697
164387926 49669697 49669697 164387926 49669697 164387926 164387926 164387926 -1 164387926 49669697 164387926 340381105 164387926 164387926 49669697 49669697 164387926 49669697 164387926 34738299 164387926 146346057 164387926 74372070 74372070 49669697 164387926 34738299 164387926 164387926 49669697 49669697 49669697 49669697 74372070 49669697 164387926 49669697 49669697 49669697 164387926 164387926 164387926 164387926 516887480 340381105 49669697 471845869 49669697
349760269 49669697 49669697 644986548 49669697 349760269 349760269 327139181 164387926 -1 49669697 657239602 164387926 356779554 573258065 49669697 49669697 657239602 49669697 573258065 34738299 573258065 146346057 657239602 74372070 74372070 49669697 657239602 34738299 573258065 657239602 49669697 49669697 49669697 49669697 74372070 49669697 349760269 49669697 49669697 49669697 349760269 356779554 349760269 331231089 164387926 164387926 49669697 164387926 49669697
49669697 102861678 102861678 49669697 102861678 49669697 49669697 49669697 49669697 49669697 -1 49669697 49669697 49669697 49669697 102861678 102861678 49669697 102861678 49669697 34738299 49669697 49669697 49669697 49669697 49669697 102861678 49669697 34738299 49669697 49669697 102861678 102861678 102861678 102861678 49669697 102861678 49669697 102861678 102861678 102861678 49669697 49669697 49669697 49669697 49669697 49669697 102861678 49669697 102861678
349760269 49669697 49669697 644986548 49669697 349760269 349760269 327139181 164387926 657239602 49669697 -1 164387926 356779554 573258065 49669697 49669697 789265308 49669697 573258065 34738299 573258065 146346057 789265308 74372070 74372070 49669697 769109867 34738299 573258065 789265308 49669697 49669697 49669697 49669697 74372070 49669697 349760269 49669697 49669697 49669697 349760269 356779554 349760269 331231089 164387926 164387926 49669697 164387926 49669697
164387926 49669697 49669697 164387926 49669697 164387926 164387926 164387926 340381105 164387926 49669697 164387926 -1 164387926 164387926 49669697 49669697 164387926 49669697 164387926 34738299 164387926 146346057 164387926 74372070 74372070 49669697 164387926 34738299 164387926 164387926 49669697 49669697 49669697 49669697 74372070 49669697 164387926 49669697 49669697 49669697 164387926 164387926 164387926 164387926 340381105 681544045 49669697 340381105 49669697
349760269 49669697 49669697 356779554 49669697 349760269 349760269 327139181 164387926 356779554 49669697 356779554 164387926 -1 356779554 49669697 49669697 356779554 49669697 356779554 34738299 356779554 146346057 356779554 74372070 74372070 49669697 356779554 34738299 356779554 356779554 49669697 49669697 49669697 49669697 74372070 49669697 349760269 49669697 49669697 49669697 349760269 794598862 349760269 331231089 164387926 164387926 49669697 164387926 49669697
349760269 49669697 49669697 573258065 49669697 349760269 349760269 327139181 164387926 573258065 49669697 573258065 164387926 356779554 -1 49669697 49669697 573258065 49669697 709747275 34738299 709747275 146346057 573258065 74372070 74372070 49669697 573258065 34738299 709747275 573258065 49669697 49669697 49669697 49669697 74372070 49669697 349760269 49669697 49669697 49669697 349760269 356779554 349760269 331231089 164387926 164387926 49669697 164387926 49669697
49669697 519992648 436482378 49669697 301819866 49669697 49669697 49669697 49669697 49669697 102861678 49669697 49669697 49669697 49669697 -1 519992648 49669697 519992648 49669697 34738299 49669697 49669697 49669697 49669697 49669697 112717222 49669697 34738299 49669697 49669697 519992648 191958207 436482378 519992648 49669697 519992648 49669697 191958207 519992648 519992648 49669697 49669697 49669697 49669697 49669697 49669697 519992648 49669697 191958207
49669697 523261006 436482378 49669697 301819866 49669697 49669697 49669697 49669697 49669697 102861678 49669697 49669697 49669697 49669697 519992648 -1 49669697 523261006 49669697 34738299 49669697 49669697 49669697 49669697 49669697 112717222 49669697 34738299 49669697 49669697 523261006 191958207 436482378 523261006 49669697 523261006 49669697 191958207 523261006 523261006 49669697 49669697 49669697 49669697 49669697 49669697 523261006 49669697 191958207
349760269 49669697 49669697 644986548 49669697 349760269 349760269 327139181 164387926 657239602 49669697 789265308 164387926 356779554 573258065 49669697 49669697 -1 49669697 573258065 34738299 573258065 146346057 921396243 74372070 74372070 49669697 769109867 34738299 573258065 989844321 49669697 49669697 49669697 49669697 74372070 49669697 349760269 49669697 49669697 49669697 349760269 356779554 349760269 331231089 164387926 164387926 49669697 164387926 49669697
49669697 775720913 436482378 49669697 301819866 49669697 49669697 49669697 49669697 49669697 102861678 49669697 49669697 49669697 49669697 519992648 523261006 49669697 -1 49669697 34738299 49669697 49669697 49669697 49669697 49669697 112717222 49669697 34738299 49669697 49669697 775720913 191958207 436482378 678503220 49669697 775720913 49669697 191958207 775720913 775720913 49669697 49669697 49669697 49669697 49669697 49669697 775720913 49669697 191958207
349760269 49669697 49669697 573258065 49669697 349760269 349760269 327139181 164387926 573258065 49669697 573258065 164387926 356779554 709747275 49669697 49669697 573258065 49669697 -1 34738299 815960703 146346057 573258065 74372070 74372070 49669697 573258065 34738299 815960703 573258065 49669697 49669697 49669697 49669697 74372070 49669697 349760269 49669697 49669697 49669697 349760269 356779554 349760269 331231089 164387926 164387926 49669697 164387926 49669697
34738299 34738299 34738299 34738299 34738299 34738299 34738299 34738299 34738299 34738299 34738299 34738299 34738299 34738299 34738299 34738299 34738299 34738299 34738299 34738299 -1 34738299 34738299 34738299 34738299 34738299 34738299 34738299 206228898 34738299 34738299 34738299 34738299 34738299 34738299 34738299 34738299 34738299 34738299 34738299 34738299 34738299 34738299 34738299 34738299 34738299 34738299 34738299 34738299 34738299
349760269 49669697 49669697 573258065 49669697 349760269 349760269 327139181 164387926 573258065 49669697 573258065 164387926 356779554 709747275 49669697 49669697 573258065 49669697 815960703 34738299 -1 146346057 573258065 74372070 74372070 49669697 573258065 34738299 949564755 573258065 49669697 49669697 49669697 49669697 74372070 49669697 349760269 49669697 49669697 49669697 349760269 356779554 349760269 331231089 164387926 164387926 49669697 164387926 49669697
146346057 49669697 49669697 146346057 49669697 146346057 146346057 146346057 146346057 146346057 49669697 146346057 146346057 146346057 146346057 49669697 49669697 146346057 49669697 146346057 34738299 146346057 -1 146346057 74372070 74372070 49669697 146346057 34738299 146346057 146346057 49669697 49669697 49669697 49669697 74372070 49669697 146346057 49669697 49669697 49669697 146346057 146346057 146346057 146346057 146346057 146346057 49669697 146346057 49669697
349760269 49669697 49669697 644986548 49669697 349760269 349760269 327139181 164387926 657239602 49669697 789265308 164387926 356779554 573258065 49669697 49669697 921396243 49669697 573258065 34738299 573258065 146346057 -1 74372070 74372070 49669697 769109867 34738299 573258065 921396243 49669697 49669697 49669697 49669697 74372070 49669697 349760269 49669697 49669697 49669697 349760269 356779554 349760269 331231089 164387926 164387926 49669697 164387926 49669697
74372070 49669697 49669697 74372070 49669697 74372070 74372070 74372070 74372070 74372070 49669697 74372070 74372070 74372070 74372070 49669697 49669697 74372070 49669697 74372070 34738299 74372070 74372070 74372070 -1 642470619 49669697 74372070 34738299 74372070 74372070 49669697 49669697 49669697 49669697 971256776 49669697 74372070 49669697 49669697 49669697 74372070 74372070 74372070 74372070 74372070 74372070 49669697 74372070 49669697
74372070 49669697 49669697 74372070 49669697 74372070 74372070 74372070 74372070 74372070 49669697 74372070 74372070 74372070 74372070 49669697 49669697 74372070 49669697 74372070 34738299 74372070 74372070 74372070 642470619 -1 49669697 74372070 34738299 74372070 74372070 49669697 49669697 49669697 49669697 642470619 49669697 74372070 49669697 49669697 49669697 74372070 74372070 74372070 74372070 74372070 74372070 49669697 74372070 49669697
49669697 112717222 112717222 49669697 112717222 49669697 49669697 49669697 49669697 49669697 102861678 49669697 49669697 49669697 49669697 112717222 112717222 49669697 112717222 49669697 34738299 49669697 49669697 49669697 49669697 49669697 -1 49669697 34738299 49669697 49669697 112717222 112717222 112717222 112717222 49669697 112717222 49669697 112717222 112717222 112717222 49669697 49669697 49669697 49669697 49669697 49669697 112717222 49669697 112717222
349760269 49669697 49669697 644986548 49669697 349760269 349760269 327139181 164387926 657239602 49669697 769109867 164387926 356779554 573258065 49669697 49669697 769109867 49669697 573258065 34738299 573258065 146346057 769109867 74372070 74372070 49669697 -1 34738299 573258065 769109867 49669697 49669697 49669697 49669697 74372070 49669697 349760269 49669697 49669697 49669697 349760269 356779554 349760269 331231089 164387926 164387926 49669697 164387926 49669697
34738299 34738299 34738299 34738299 34738299 34738299 34738299 34738299 34738299 34738299 34738299 34738299 34738299 34738299 34738299 34738299 34738299 34738299 34738299 34738299 206228898 34738299 34738299 34738299 34738299 34738299 34738299 34738299 -1 34738299 34738299 34738299 34738299 34738299 34738299 34738299 34738299 34738299 34738299 34738299 34738299 34738299 34738299 34738299 34738299 34738299 34738299 34738299 34738299 34738299
349760269 49669697 49669697 573258065 49669697 349760269 349760269 327139181 164387926 573258065 49669697 573258065 164387926 356779554 709747275 49669697 49669697 573258065 49669697 815960703 34738299 949564755 146346057 573258065 74372070 74372070 49669697 573258065 34738299 -1 573258065 49669697 49669697 49669697 49669697 74372070 49669697 349760269 49669697 49669697 49669697 349760269 356779554 349760269 331231089 164387926 164387926 49669697 164387926 49669697
349760269 49669697 49669697 644986548 49669697 349760269 349760269 327139181 164387926 657239602 49669697 789265308 164387926 356779554 573258065 49669697 49669697 989844321 49669697 573258065 34738299 573258065 146346057 921396243 74372070 74372070 49669697 769109867 34738299 573258065 -1 49669697 49669697 49669697 49669697 74372070 49669697 349760269 49669697 49669697 49669697 349760269 356779554 349760269 331231089 164387926 164387926 49669697 164387926 49669697
49669697 917501728 436482378 49669697 301819866 49669697 49669697 49669697 49669697 49669697 102861678 49669697 49669697 49669697 49669697 519992648 523261006 49669697 775720913 49669697 34738299 49669697 49669697 49669697 49669697 49669697 112717222 49669697 34738299 49669697 49669697 -1 191958207 436482378 678503220 49669697 815522115 49669697 191958207 815522115 815522115 49669697 49669697 49669697 49669697 49669697 49669697 815522115 49669697 191958207
49669697 191958207 191958207 49669697 191958207 49669697 49669697 49669697 49669697 49669697 102861678 49669697 49669697 49669697 49669697 191958207 191958207 49669697 191958207 49669697 34738299 49669697 49669697 49669697 49669697 49669697 112717222 49669697 34738299 49669697 49669697 191958207 -1 191958207 191958207 49669697 191958207 49669697 681145255 191958207 191958207 49669697 49669697 49669697 49669697 49669697 49669697 191958207 49669697 296193451
49669697 436482378 919233378 49669697 301819866 49669697 49669697 49669697 49669697 49669697 102861678 49669697 49669697 49669697 49669697 436482378 436482378 49669697 436482378 49669697 34738299 49669697 49669697 49669697 49669697 49669697 112717222 49669697 34738299 49669697 49669697 436482378 191958207 -1 436482378 49669697 436482378 49669697 191958207 436482378 436482378 49669697 49669697 49669697 49669697 49669697 49669697 436482378 49669697 191958207
49669697 678503220 436482378 49669697 301819866 49669697 49669697 49669697 49669697 49669697 102861678 49669697 49669697 49669697 49669697 519992648 523261006 49669697 678503220 49669697 34738299 49669697 49669697 49669697 49669697 49669697 112717222 49669697 34738299 49669697 49669697 678503220 191958207 436482378 -1 49669697 678503220 49669697 191958207 678503220 678503220 49669697 49669697 49669697 49669697 49669697 49669697 678503220 49669697 191958207
74372070 49669697 49669697 74372070 49669697 74372070 74372070 74372070 74372070 74372070 49669697 74372070 74372070 74372070 74372070 49669697 49669697 74372070 49669697 74372070 34738299 74372070 74372070 74372070 971256776 642470619 49669697 74372070 34738299 74372070 74372070 49669697 49669697 49669697 49669697 -1 49669697 74372070 49669697 49669697 49669697 74372070 74372070 74372070 74372070 74372070 74372070 49669697 74372070 49669697
49669697 815522115 436482378 49669697 301819866 49669697 49669697 49669697 49669697 49669697 102861678 49669697 49669697 49669697 49669697 519992648 523261006 49669697 775720913 49669697 34738299 49669697 49669697 49669697 49669697 49669697 112717222 49669697 34738299 49669697 49669697 815522115 191958207 436482378 678503220 49669697 -1 49669697 191958207 869059048 909656321 49669697 49669697 49669697 49669697 49669697 49669697 845051215 49669697 191958207
595316518 49669697 49669697 349760269 49669697 727467851 773842576 327139181 164387926 349760269 49669697 349760269 164387926 349760269 349760269 49669697 49669697 349760269 49669697 349760269 34738299 349760269 146346057 349760269 74372070 74372070 49669697 349760269 34738299 349760269 349760269 49669697 49669697 49669697 49669697 74372070 49669697 -1 49669697 49669697 49669697 727467851 349760269 727467851 331231089 164387926 164387926 49669697 164387926 49669697
49669697 191958207 191958207 49669697 191958207 49669697 49669697 49669697 49669697 49669697 102861678 49669697 49669697 49669697 49669697 191958207 191958207 49669697 191958207 49669697 34738299 49669697 49669697 49669697 49669697 49669697 112717222 49669697 34738299 49669697 49669697 191958207 681145255 191958207 191958207 49669697 191958207 49669697 -1 191958207 191958207 49669697 49669697 49669697 49669697 49669697 49669697 191958207 49669697 296193451
49669697 815522115 436482378 49669697 301819866 49669697 49669697 49669697 49669697 49669697 102861678 49669697 49669697 49669697 49669697 519992648 523261006 49669697 775720913 49669697 34738299 49669697 49669697 49669697 49669697 49669697 112717222 49669697 34738299 49669697 49669697 815522115 191958207 436482378 678503220 49669697 869059048 49669697 191958207 -1 869059048 49669697 49669697 49669697 49669697 49669697 49669697 845051215 49669697 191958207
49669697 815522115 436482378 49669697 301819866 49669697 49669697 49669697 49669697 49669697 102861678 49669697 49669697 49669697 49669697 519992648 523261006 49669697 775720913 49669697 34738299 49669697 49669697 49669697 49669697 49669697 112717222 49669697 34738299 49669697 49669697 815522115 191958207 436482378 678503220 49669697 909656321 49669697 191958207 869059048 -1 49669697 49669697 49669697 49669697 49669697 49669697 845051215 49669697 191958207
595316518 49669697 49669697 349760269 49669697 931209793 727467851 327139181 164387926 349760269 49669697 349760269 164387926 349760269 349760269 49669697 49669697 349760269 49669697 349760269 34738299 349760269 146346057 349760269 74372070 74372070 49669697 349760269 34738299 349760269 349760269 49669697 49669697 49669697 49669697 74372070 49669697 727467851 49669697 49669697 49669697 -1 349760269 931209793 331231089 164387926 164387926 49669697 164387926 49669697
349760269 49669697 49669697 356779554 49669697 349760269 349760269 327139181 164387926 356779554 49669697 356779554 164387926 794598862 356779554 49669697 49669697 356779554 49669697 356779554 34738299 356779554 146346057 356779554 74372070 74372070 49669697 356779554 34738299 356779554 356779554 49669697 49669697 49669697 49669697 74372070 49669697 349760269 49669697 49669697 49669697 349760269 -1 349760269 331231089 164387926 164387926 49669697 164387926 49669697
595316518 49669697 49669697 349760269 49669697 947179669 727467851 327139181 164387926 349760269 49669697 349760269 164387926 349760269 349760269 49669697 49669697 349760269 49669697 349760269 34738299 349760269 146346057 349760269 74372070 74372070 49669697 349760269 34738299 349760269 349760269 49669697 49669697 49669697 49669697 74372070 49669697 727467851 49669697 49669697 49669697 931209793 349760269 -1 331231089 164387926 164387926 49669697 164387926 49669697
331231089 49669697 49669697 331231089 49669697 331231089 331231089 327139181 164387926 331231089 49669697 331231089 164387926 331231089 331231089 49669697 49669697 331231089 49669697 331231089 34738299 331231089 146346057 331231089 74372070 74372070 49669697 331231089 34738299 331231089 331231089 49669697 49669697 49669697 49669697 74372070 49669697 331231089 49669697 49669697 49669697 331231089 331231089 331231089 -1 164387926 164387926 49669697 164387926 49669697
164387926 49669697 49669697 164387926 49669697 164387926 164387926 164387926 516887480 164387926 49669697 164387926 340381105 164387926 164387926 49669697 49669697 164387926 49669697 164387926 34738299 164387926 146346057 164387926 74372070 74372070 49669697 164387926 34738299 164387926 164387926 49669697 49669697 49669697 49669697 74372070 49669697 164387926 49669697 49669697 49669697 164387926 164387926 164387926 164387926 -1 340381105 49669697 471845869 49669697
164387926 49669697 49669697 164387926 49669697 164387926 164387926 164387926 340381105 164387926 49669697 164387926 681544045 164387926 164387926 49669697 49669697 164387926 49669697 164387926 34738299 164387926 146346057 164387926 74372070 74372070 49669697 164387926 34738299 164387926 164387926 49669697 49669697 49669697 49669697 74372070 49669697 164387926 49669697 49669697 49669697 164387926 164387926 164387926 164387926 340381105 -1 49669697 340381105 49669697
49669697 815522115 436482378 49669697 301819866 49669697 49669697 49669697 49669697 49669697 102861678 49669697 49669697 49669697 49669697 519992648 523261006 49669697 775720913 49669697 34738299 49669697 49669697 49669697 49669697 49669697 112717222 49669697 34738299 49669697 49669697 815522115 191958207 436482378 678503220 49669697 845051215 49669697 191958207 845051215 845051215 49669697 49669697 49669697 49669697 49669697 49669697 -1 49669697 191958207
164387926 49669697 49669697 164387926 49669697 164387926 164387926 164387926 471845869 164387926 49669697 164387926 340381105 164387926 164387926 49669697 49669697 164387926 49669697 164387926 34738299 164387926 146346057 164387926 74372070 74372070 49669697 164387926 34738299 164387926 164387926 49669697 49669697 49669697 49669697 74372070 49669697 164387926 49669697 49669697 49669697 164387926 164387926 164387926 164387926 471845869 340381105 49669697 -1 49669697
49669697 191958207 191958207 49669697 191958207 49669697 49669697 49669697 49669697 49669697 102861678 49669697 49669697 49669697 49669697 191958207 191958207 49669697 191958207 49669697 34738299 49669697 49669697 49669697 49669697 49669697 112717222 49669697 34738299 49669697 49669697 191958207 296193451 191958207 191958207 49669697 191958207 49669697 296193451 191958207 191958207 49669697 49669697 49669697 49669697 49669697 49669697 191958207 49669697 -1
