50
-1 512598345 90349415 326563191 305312135 67325140 526061949 194547285 7064177 139550685 305312135 222672787 90349415 305312135 305312135 222672787 125236778 305312135 33139426 222672787 305312135 139550685 224589146 305312135 305312135 526061949 305312135 296803903 305312135 125236778 305312135 204236135 305312135 305312135 133026674 526061949 305312135 305312135 305312135 224589146 526061949 305312135 326563191 305312135 33139426 305312135 305312135 305312135 305312135 224589146
512598345 -1 90349415 326563191 305312135 67325140 512598345 194547285 7064177 139550685 305312135 222672787 90349415 305312135 305312135 222672787 125236778 305312135 33139426 222672787 305312135 139550685 224589146 305312135 305312135 512598345 305312135 296803903 305312135 125236778 305312135 204236135 305312135 305312135 133026674 512598345 305312135 305312135 305312135 224589146 512598345 305312135 326563191 305312135 33139426 305312135 305312135 305312135 305312135 224589146
90349415 90349415 -1 90349415 90349415 67325140 90349415 90349415 7064177 90349415 90349415 90349415 864863038 90349415 90349415 90349415 90349415 90349415 33139426 90349415 90349415 90349415 90349415 90349415 90349415 90349415 90349415 90349415 90349415 90349415 90349415 90349415 90349415 90349415 90349415 90349415 90349415 90349415 90349415 90349415 90349415 90349415 90349415 90349415 33139426 90349415 90349415 90349415 90349415 90349415
326563191 326563191 90349415 -1 305312135 67325140 326563191 194547285 7064177 139550685 305312135 222672787 90349415 305312135 305312135 222672787 125236778 305312135 33139426 222672787 305312135 139550685 224589146 305312135 305312135 326563191 305312135 296803903 305312135 125236778 305312135 204236135 305312135 305312135 133026674 326563191 305312135 305312135 305312135 224589146 326563191 305312135 790472452 305312135 33139426 305312135 305312135 305312135 305312135 224589146
305312135 305312135 90349415 305312135 -1 67325140 305312135 194547285 7064177 139550685 484747298 222672787 90349415 334055888 329307987 222672787 125236778 329307987 33139426 222672787 334055888 139550685 224589146 586547415 334055888 305312135 334055888 296803903 334055888 125236778 329307987 204236135 721302812 334055888 133026674 305312135 334055888 334055888 329307987 224589146 305312135 334055888 305312135 334055888 33139426 334055888 334055888 334055888 334055888 224589146
67325140 67325140 67325140 67325140 67325140 -1 67325140 67325140 7064177 67325140 67325140 67325140 67325140 67325140 67325140 67325140 67325140 67325140 33139426 67325140 67325140 67325140 67325140 67325140 67325140 67325140 67325140 67325140 67325140 67325140 67325140 67325140 67325140 67325140 67325140 67325140 67325140 67325140 67325140 67325140 67325140 67325140 67325140 67325140 33139426 67325140 67325140 67325140 67325140 67325140
526061949 512598345 90349415 326563191 305312135 67325140 -1 194547285 7064177 139550685 305312135 222672787 90349415 305312135 305312135 222672787 125236778 305312135 33139426 222672787 305312135 139550685 224589146 305312135 305312135 690739892 305312135 296803903 305312135 125236778 305312135 204236135 305312135 305312135 133026674 690739892 305312135 305312135 305312135 224589146 690739892 305312135 326563191 305312135 33139426 305312135 305312135 305312135 305312135 224589146
194547285 194547285 90349415 194547285 194547285 67325140 194547285 -1 7064177 139550685 194547285 194547285 90349415 194547285 194547285 194547285 125236778 194547285 33139426 194547285 194547285 139550685 194547285 194547285 194547285 194547285 194547285 194547285 194547285 125236778 194547285 194547285 194547285 194547285 133026674 194547285 194547285 194547285 194547285 194547285 194547285 194547285 194547285 194547285 33139426 194547285 194547285 194547285 194547285 194547285
7064177 7064177 7064177 7064177 7064177 7064177 7064177 7064177 -1 7064177 7064177 7064177 7064177 7064177 7064177 7064177 7064177 7064177 7064177 7064177 7064177 7064177 7064177 7064177 7064177 7064177 7064177 7064177 7064177 7064177 7064177 7064177 7064177 7064177 7064177 7064177 7064177 7064177 7064177 7064177 7064177 7064177 7064177 7064177 7064177 7064177 7064177 7064177 7064177 7064177
139550685 139550685 90349415 139550685 139550685 67325140 139550685 139550685 7064177 -1 139550685 139550685 90349415 139550685 139550685 139550685 125236778 139550685 33139426 139550685 139550685 548004157 139550685 139550685 139550685 139550685 139550685 139550685 139550685 125236778 139550685 139550685 139550685 139550685 133026674 139550685 139550685 139550685 139550685 139550685 139550685 139550685 139550685 139550685 33139426 139550685 139550685 139550685 139550685 139550685
305312135 305312135 90349415 305312135 484747298 67325140 305312135 194547285 7064177 139550685 -1 222672787 90349415 334055888 329307987 222672787 125236778 329307987 33139426 222672787 334055888 139550685 224589146 484747298 334055888 305312135 334055888 296803903 334055888 125236778 329307987 204236135 484747298 334055888 133026674 305312135 334055888 334055888 329307987 224589146 305312135 334055888 305312135 334055888 33139426 334055888 334055888 334055888 334055888 224589146
222672787 222672787 90349415 222672787 222672787 67325140 222672787 194547285 7064177 139550685 222672787 -1 90349415 222672787 222672787 230441068 125236778 222672787 33139426 230441068 222672787 139550685 222672787 222672787 222672787 222672787 222672787 222672787 222672787 125236778 222672787 204236135 222672787 222672787 133026674 222672787 222672787 222672787 222672787 222672787 222672787 222672787 222672787 222672787 33139426 222672787 222672787 222672787 222672787 222672787
90349415 90349415 864863038 90349415 90349415 67325140 90349415 90349415 7064177 90349415 90349415 90349415 -1 90349415 90349415 90349415 90349415 90349415 33139426 90349415 90349415 90349415 90349415 90349415 90349415 90349415 90349415 90349415 90349415 90349415 90349415 90349415 90349415 90349415 90349415 90349415 90349415 90349415 90349415 90349415 90349415 90349415 90349415 90349415 33139426 90349415 90349415 90349415 90349415 90349415
305312135 305312135 90349415 305312135 334055888 67325140 305312135 194547285 7064177 139550685 334055888 222672787 90349415 -1 329307987 222672787 125236778 329307987 33139426 222672787 381313980 139550685 224589146 334055888 419750926 305312135 749851636 296803903 504779964 125236778 329307987 204236135 334055888 381313980 133026674 305312135 336428674 381313980 329307987 224589146 305312135 381313980 305312135 381313980 33139426 336428674 381313980 381313980 693767909 224589146
305312135 305312135 90349415 305312135 329307987 67325140 305312135 194547285 7064177 139550685 329307987 222672787 90349415 329307987 -1 222672787 125236778 733578986 33139426 222672787 329307987 139550685 224589146 329307987 329307987 305312135 329307987 296803903 329307987 125236778 840429804 204236135 329307987 329307987 133026674 305312135 329307987 329307987 402278488 224589146 305312135 329307987 305312135 329307987 33139426 329307987 329307987 329307987 329307987 224589146
222672787 222672787 90349415 222672787 222672787 67325140 222672787 194547285 7064177 139550685 222672787 230441068 90349415 222672787 222672787 -1 125236778 222672787 33139426 277405494 222672787 139550685 222672787 222672787 222672787 222672787 222672787 222672787 222672787 125236778 222672787 204236135 222672787 222672787 133026674 222672787 222672787 222672787 222672787 222672787 222672787 222672787 222672787 222672787 33139426 222672787 222672787 222672787 222672787 222672787
125236778 125236778 90349415 125236778 125236778 67325140 125236778 125236778 7064177 125236778 125236778 125236778 90349415 125236778 125236778 125236778 -1 125236778 33139426 125236778 125236778 125236778 125236778 125236778 125236778 125236778 125236778 125236778 125236778 539731115 125236778 125236778 125236778 125236778 125236778 125236778 125236778 125236778 125236778 125236778 125236778 125236778 125236778 125236778 33139426 125236778 125236778 125236778 125236778 125236778
305312135 305312135 90349415 305312135 329307987 67325140 305312135 194547285 7064177 139550685 329307987 222672787 90349415 329307987 733578986 222672787 125236778 -1 33139426 222672787 329307987 139550685 224589146 329307987 329307987 305312135 329307987 296803903 329307987 125236778 733578986 204236135 329307987 329307987 133026674 305312135 329307987 329307987 402278488 224589146 305312135 329307987 305312135 329307987 33139426 329307987 329307987 329307987 329307987 224589146
33139426 33139426 33139426 33139426 33139426 33139426 33139426 33139426 7064177 33139426 33139426 33139426 33139426 33139426 33139426 33139426 33139426 33139426 -1 33139426 33139426 33139426 33139426 33139426 33139426 33139426 33139426 33139426 33139426 33139426 33139426 33139426 33139426 33139426 33139426 33139426 33139426 33139426 33139426 33139426 33139426 33139426 33139426 33139426 521119398 33139426 33139426 33139426 33139426 33139426
222672787 222672787 90349415 222672787 222672787 67325140 222672787 194547285 7064177 139550685 222672787 230441068 90349415 222672787 222672787 277405494 125236778 222672787 33139426 -1 222672787 139550685 222672787 222672787 222672787 222672787 222672787 222672787 222672787 125236778 222672787 204236135 222672787 222672787 133026674 222672787 222672787 222672787 222672787 222672787 222672787 222672787 222672787 222672787 33139426 222672787 222672787 222672787 222672787 222672787
305312135 305312135 90349415 305312135 334055888 67325140 305312135 194547285 7064177 139550685 334055888 222672787 90349415 381313980 329307987 222672787 125236778 329307987 33139426 222672787 -1 139550685 224589146 334055888 381313980 305312135 381313980 296803903 381313980 125236778 329307987 204236135 334055888 574223389 133026674 305312135 336428674 984664382 329307987 224589146 305312135 460513560 305312135 836548848 33139426 336428674 452448182 574223389 381313980 224589146
139550685 139550685 90349415 139550685 139550685 67325140 139550685 139550685 7064177 548004157 139550685 139550685 90349415 139550685 139550685 139550685 125236778 139550685 33139426 139550685 139550685 -1 139550685 139550685 139550685 139550685 139550685 139550685 139550685 125236778 139550685 139550685 139550685 139550685 133026674 139550685 139550685 139550685 139550685 139550685 139550685 139550685 139550685 139550685 33139426 139550685 139550685 139550685 139550685 139550685
224589146 224589146 90349415 224589146 224589146 67325140 224589146 194547285 7064177 139550685 224589146 222672787 90349415 224589146 224589146 222672787 125236778 224589146 33139426 222672787 224589146 139550685 -1 224589146 224589146 224589146 224589146 224589146 224589146 125236778 224589146 204236135 224589146 224589146 133026674 224589146 224589146 224589146 224589146 287679316 224589146 224589146 224589146 224589146 33139426 224589146 224589146 224589146 224589146 386552269
305312135 305312135 90349415 305312135 586547415 67325140 305312135 194547285 7064177 139550685 484747298 222672787 90349415 334055888 329307987 222672787 125236778 329307987 33139426 222672787 334055888 139550685 224589146 -1 334055888 305312135 334055888 296803903 334055888 125236778 329307987 204236135 586547415 334055888 133026674 305312135 334055888 334055888 329307987 224589146 305312135 334055888 305312135 334055888 33139426 334055888 334055888 334055888 334055888 224589146
305312135 305312135 90349415 305312135 334055888 67325140 305312135 194547285 7064177 139550685 334055888 222672787 90349415 419750926 329307987 222672787 125236778 329307987 33139426 222672787 381313980 139550685 224589146 334055888 -1 305312135 419750926 296803903 419750926 125236778 329307987 204236135 334055888 381313980 133026674 305312135 336428674 381313980 329307987 224589146 305312135 381313980 305312135 381313980 33139426 336428674 381313980 381313980 419750926 224589146
526061949 512598345 90349415 326563191 305312135 67325140 690739892 194547285 7064177 139550685 305312135 222672787 90349415 305312135 305312135 222672787 125236778 305312135 33139426 222672787 305312135 139550685 224589146 305312135 305312135 -1 305312135 296803903 305312135 125236778 305312135 204236135 305312135 305312135 133026674 839343223 305312135 305312135 305312135 224589146 977201895 305312135 326563191 305312135 33139426 305312135 305312135 305312135 305312135 224589146
305312135 305312135 90349415 305312135 334055888 67325140 305312135 194547285 7064177 139550685 334055888 222672787 90349415 749851636 329307987 222672787 125236778 329307987 33139426 222672787 381313980 139550685 224589146 334055888 419750926 305312135 -1 296803903 504779964 125236778 329307987 204236135 334055888 381313980 133026674 305312135 336428674 381313980 329307987 224589146 305312135 381313980 305312135 381313980 33139426 336428674 381313980 381313980 693767909 224589146
296803903 296803903 90349415 296803903 296803903 67325140 296803903 194547285 7064177 139550685 296803903 222672787 90349415 296803903 296803903 222672787 125236778 296803903 33139426 222672787 296803903 139550685 224589146 296803903 296803903 296803903 296803903 -1 296803903 125236778 296803903 204236135 296803903 296803903 133026674 296803903 296803903 296803903 296803903 224589146 296803903 296803903 296803903 296803903 33139426 296803903 296803903 296803903 296803903 224589146
305312135 305312135 90349415 305312135 334055888 67325140 305312135 194547285 7064177 139550685 334055888 222672787 90349415 504779964 329307987 222672787 125236778 329307987 33139426 222672787 381313980 139550685 224589146 334055888 419750926 305312135 504779964 296803903 -1 125236778 329307987 204236135 334055888 381313980 133026674 305312135 336428674 381313980 329307987 224589146 305312135 381313980 305312135 381313980 33139426 336428674 381313980 381313980 504779964 224589146
125236778 125236778 90349415 125236778 125236778 67325140 125236778 125236778 7064177 125236778 125236778 125236778 90349415 125236778 125236778 125236778 539731115 125236778 33139426 125236778 125236778 125236778 125236778 125236778 125236778 125236778 125236778 125236778 125236778 -1 125236778 125236778 125236778 125236778 125236778 125236778 125236778 125236778 125236778 125236778 125236778 125236778 125236778 125236778 33139426 125236778 125236778 125236778 125236778 125236778
305312135 305312135 90349415 305312135 329307987 67325140 305312135 194547285 7064177 139550685 329307987 222672787 90349415 329307987 840429804 222672787 125236778 733578986 33139426 222672787 329307987 139550685 224589146 329307987 329307987 305312135 329307987 296803903 329307987 125236778 -1 204236135 329307987 329307987 133026674 305312135 329307987 329307987 402278488 224589146 305312135 329307987 305312135 329307987 33139426 329307987 329307987 329307987 329307987 224589146
204236135 204236135 90349415 204236135 204236135 67325140 204236135 194547285 7064177 139550685 204236135 204236135 90349415 204236135 204236135 204236135 125236778 204236135 33139426 204236135 204236135 139550685 204236135 204236135 204236135 204236135 204236135 204236135 204236135 125236778 204236135 -1 204236135 204236135 133026674 204236135 204236135 204236135 204236135 204236135 204236135 204236135 204236135 204236135 33139426 204236135 204236135 204236135 204236135 204236135
305312135 305312135 90349415 305312135 721302812 67325140 305312135 194547285 7064177 139550685 484747298 222672787 90349415 334055888 329307987 222672787 125236778 329307987 33139426 222672787 334055888 139550685 224589146 586547415 334055888 305312135 334055888 296803903 334055888 125236778 329307987 204236135 -1 334055888 133026674 305312135 334055888 334055888 329307987 224589146 305312135 334055888 305312135 334055888 33139426 334055888 334055888 334055888 334055888 224589146
305312135 305312135 90349415 305312135 334055888 67325140 305312135 194547285 7064177 139550685 334055888 222672787 90349415 381313980 329307987 222672787 125236778 329307987 33139426 222672787 574223389 139550685 224589146 334055888 381313980 305312135 381313980 296803903 381313980 125236778 329307987 204236135 334055888 -1 133026674 305312135 336428674 574223389 329307987 224589146 305312135 460513560 305312135 574223389 33139426 336428674 452448182 636976914 381313980 224589146
133026674 133026674 90349415 133026674 133026674 67325140 133026674 133026674 7064177 133026674 133026674 133026674 90349415 133026674 133026674 133026674 125236778 133026674 33139426 133026674 133026674 133026674 133026674 133026674 133026674 133026674 133026674 133026674 133026674 125236778 133026674 133026674 133026674 133026674 -1 133026674 133026674 133026674 133026674 133026674 133026674 133026674 133026674 133026674 33139426 133026674 133026674 133026674 133026674 133026674
526061949 512598345 90349415 326563191 305312135 67325140 690739892 194547285 7064177 139550685 305312135 222672787 90349415 305312135 305312135 222672787 125236778 305312135 33139426 222672787 305312135 139550685 224589146 305312135 305312135 839343223 305312135 296803903 305312135 125236778 305312135 204236135 305312135 305312135 133026674 -1 305312135 305312135 305312135 224589146 839343223 305312135 326563191 305312135 33139426 305312135 305312135 305312135 305312135 224589146
305312135 305312135 90349415 305312135 334055888 67325140 305312135 194547285 7064177 139550685 334055888 222672787 90349415 336428674 329307987 222672787 125236778 329307987 33139426 222672787 336428674 139550685 224589146 334055888 336428674 305312135 336428674 296803903 336428674 125236778 329307987 204236135 334055888 336428674 133026674 305312135 -1 336428674 329307987 224589146 305312135 336428674 305312135 336428674 33139426 419378659 336428674 336428674 336428674 224589146
305312135 305312135 90349415 305312135 334055888 67325140 305312135 194547285 7064177 139550685 334055888 222672787 90349415 381313980 329307987 222672787 125236778 329307987 33139426 222672787 984664382 139550685 224589146 334055888 381313980 305312135 381313980 296803903 381313980 125236778 329307987 204236135 334055888 574223389 133026674 305312135 336428674 -1 329307987 224589146 305312135 460513560 305312135 836548848 33139426 336428674 452448182 574223389 381313980 224589146
305312135 305312135 90349415 305312135 329307987 67325140 305312135 194547285 7064177 139550685 329307987 222672787 90349415 329307987 402278488 222672787 125236778 402278488 33139426 222672787 329307987 139550685 224589146 329307987 329307987 305312135 329307987 296803903 329307987 125236778 402278488 204236135 329307987 329307987 133026674 305312135 329307987 329307987 -1 224589146 305312135 329307987 305312135 329307987 33139426 329307987 329307987 329307987 329307987 224589146
224589146 224589146 90349415 224589146 224589146 67325140 224589146 194547285 7064177 139550685 224589146 222672787 90349415 224589146 224589146 222672787 125236778 224589146 33139426 222672787 224589146 139550685 287679316 224589146 224589146 224589146 224589146 224589146 224589146 125236778 224589146 204236135 224589146 224589146 133026674 224589146 224589146 224589146 224589146 -1 224589146 224589146 224589146 224589146 33139426 224589146 224589146 224589146 224589146 287679316
526061949 512598345 90349415 326563191 305312135 67325140 690739892 194547285 7064177 139550685 305312135 222672787 90349415 305312135 305312135 222672787 125236778 305312135 33139426 222672787 305312135 139550685 224589146 305312135 305312135 977201895 305312135 296803903 305312135 125236778 305312135 204236135 305312135 305312135 133026674 839343223 305312135 305312135 305312135 224589146 -1 305312135 326563191 305312135 33139426 305312135 305312135 305312135 305312135 224589146
305312135 305312135 90349415 305312135 334055888 67325140 305312135 194547285 7064177 139550685 334055888 222672787 90349415 381313980 329307987 222672787 125236778 329307987 33139426 222672787 460513560 139550685 224589146 334055888 381313980 305312135 381313980 296803903 381313980 125236778 329307987 204236135 334055888 460513560 133026674 305312135 336428674 460513560 329307987 224589146 305312135 -1 305312135 460513560 33139426 336428674 452448182 460513560 381313980 224589146
326563191 326563191 90349415 790472452 305312135 67325140 326563191 194547285 7064177 139550685 305312135 222672787 90349415 305312135 305312135 222672787 125236778 305312135 33139426 222672787 305312135 139550685 224589146 305312135 305312135 326563191 305312135 296803903 305312135 125236778 305312135 204236135 305312135 305312135 133026674 326563191 305312135 305312135 305312135 224589146 326563191 305312135 -1 305312135 33139426 305312135 305312135 305312135 305312135 224589146
305312135 305312135 90349415 305312135 334055888 67325140 305312135 194547285 7064177 139550685 334055888 222672787 90349415 381313980 329307987 222672787 125236778 329307987 33139426 222672787 836548848 139550685 224589146 334055888 381313980 305312135 381313980 296803903 381313980 125236778 329307987 204236135 334055888 574223389 133026674 305312135 336428674 836548848 329307987 224589146 305312135 460513560 305312135 -1 33139426 336428674 452448182 574223389 381313980 224589146
33139426 33139426 33139426 33139426 33139426 33139426 33139426 33139426 7064177 33139426 33139426 33139426 33139426 33139426 33139426 33139426 33139426 33139426 521119398 33139426 33139426 33139426 33139426 33139426 33139426 33139426 33139426 33139426 33139426 33139426 33139426 33139426 33139426 33139426 33139426 33139426 33139426 33139426 33139426 33139426 33139426 33139426 33139426 33139426 -1 33139426 33139426 33139426 33139426 33139426
305312135 305312135 90349415 305312135 334055888 67325140 305312135 194547285 7064177 139550685 334055888 222672787 90349415 336428674 329307987 222672787 125236778 329307987 33139426 222672787 336428674 139550685 224589146 334055888 336428674 305312135 336428674 296803903 336428674 125236778 329307987 204236135 334055888 336428674 133026674 305312135 419378659 336428674 329307987 224589146 305312135 336428674 305312135 336428674 33139426 -1 336428674 336428674 336428674 224589146
305312135 305312135 90349415 305312135 334055888 67325140 305312135 194547285 7064177 139550685 334055888 222672787 90349415 381313980 329307987 222672787 125236778 329307987 33139426 222672787 452448182 139550685 224589146 334055888 381313980 305312135 381313980 296803903 381313980 125236778 329307987 204236135 334055888 452448182 133026674 305312135 336428674 452448182 329307987 224589146 305312135 452448182 305312135 452448182 33139426 336428674 -1 452448182 381313980 224589146
305312135 305312135 90349415 305312135 334055888 67325140 305312135 194547285 7064177 139550685 334055888 222672787 90349415 381313980 329307987 222672787 125236778 329307987 33139426 222672787 574223389 139550685 224589146 334055888 381313980 305312135 381313980 296803903 381313980 125236778 329307987 204236135 334055888 636976914 133026674 305312135 336428674 574223389 329307987 224589146 305312135 460513560 305312135 574223389 33139426 336428674 452448182 -1 381313980 224589146
305312135 305312135 90349415 305312135 334055888 67325140 305312135 194547285 7064177 139550685 334055888 222672787 90349415 693767909 329307987 222672787 125236778 329307987 33139426 222672787 381313980 139550685 224589146 334055888 419750926 305312135 693767909 296803903 504779964 125236778 329307987 204236135 334055888 381313980 133026674 305312135 336428674 381313980 329307987 224589146 305312135 381313980 305312135 381313980 33139426 336428674 381313980 381313980 -1 224589146
224589146 224589146 90349415 224589146 224589146 67325140 224589146 194547285 7064177 139550685 224589146 222672787 90349415 224589146 224589146 222672787 125236778 224589146 33139426 222672787 224589146 139550685 386552269 224589146 224589146 224589146 224589146 224589146 224589146 125236778 224589146 204236135 224589146 224589146 133026674 224589146 224589146 224589146 224589146 287679316 224589146 224589146 224589146 224589146 33139426 224589146 224589146 224589146 224589146 -1
