50
-1 194616458 194616458 194616458 194616458 194616458 57249707 92302160 194616458 194616458 194616458 57249707 194616458 194616458 194616458 194616458 194616458 194616458 66960253 194616458 57249707 194616458 194616458 194616458 194616458 194616458 194616458 194616458 194616458 194616458 79027180 66960253 194616458 79027180 194616458 194616458 194616458 67101782 66960253 194616458 194616458 119413584 194616458 194616458 66960253 194616458 66960253 92302160 194616458 57249707
194616458 -1 335036439 759303151 683557644 335036439 57249707 92302160 317369796 284079128 683557644 57249707 759303151 484667838 323989836 284079128 284079128 730589211 66960253 759303151 57249707 284079128 335036439 683557644 284079128 759303151 759303151 284079128 407249748 759303151 79027180 66960253 683557644 79027180 759303151 284079128 759303151 67101782 66960253 284079128 335036439 119413584 407249748 759303151 66960253 455380416 66960253 92302160 675371193 57249707
194616458 335036439 -1 335036439 335036439 810727726 57249707 92302160 317369796 284079128 335036439 57249707 335036439 335036439 323989836 284079128 284079128 335036439 66960253 335036439 57249707 284079128 890407533 335036439 284079128 335036439 335036439 284079128 335036439 335036439 79027180 66960253 335036439 79027180 335036439 284079128 335036439 67101782 66960253 284079128 457016361 119413584 335036439 335036439 66960253 335036439 66960253 92302160 335036439 57249707
194616458 759303151 335036439 -1 683557644 335036439 57249707 92302160 317369796 284079128 683557644 57249707 894968229 484667838 323989836 284079128 284079128 730589211 66960253 796419182 57249707 284079128 335036439 683557644 284079128 936286315 815900462 284079128 407249748 796419182 79027180 66960253 683557644 79027180 830436033 284079128 815900462 67101782 66960253 284079128 335036439 119413584 407249748 830436033 66960253 455380416 66960253 92302160 675371193 57249707
194616458 683557644 335036439 683557644 -1 335036439 57249707 92302160 317369796 284079128 877996850 57249707 683557644 484667838 323989836 284079128 284079128 683557644 66960253 683557644 57249707 284079128 335036439 761230913 284079128 683557644 683557644 284079128 407249748 683557644 79027180 66960253 686512598 79027180 683557644 284079128 683557644 67101782 66960253 284079128 335036439 119413584 407249748 683557644 66960253 455380416 66960253 92302160 675371193 57249707
194616458 335036439 810727726 335036439 335036439 -1 57249707 92302160 317369796 284079128 335036439 57249707 335036439 335036439 323989836 284079128 284079128 335036439 66960253 335036439 57249707 284079128 810727726 335036439 284079128 335036439 335036439 284079128 335036439 335036439 79027180 66960253 335036439 79027180 335036439 284079128 335036439 67101782 66960253 284079128 457016361 119413584 335036439 335036439 66960253 335036439 66960253 92302160 335036439 57249707
57249707 57249707 57249707 57249707 57249707 57249707 -1 57249707 57249707 57249707 57249707 925260418 57249707 57249707 57249707 57249707 57249707 57249707 57249707 57249707 925260418 57249707 57249707 57249707 57249707 57249707 57249707 57249707 57249707 57249707 57249707 57249707 57249707 57249707 57249707 57249707 57249707 57249707 57249707 57249707 57249707 57249707 57249707 57249707 57249707 57249707 57249707 57249707 57249707 293409781
92302160 92302160 92302160 92302160 92302160 92302160 57249707 -1 92302160 92302160 92302160 57249707 92302160 92302160 92302160 92302160 92302160 92302160 66960253 92302160 57249707 92302160 92302160 92302160 92302160 92302160 92302160 92302160 92302160 92302160 79027180 66960253 92302160 79027180 92302160 92302160 92302160 67101782 66960253 92302160 92302160 92302160 92302160 92302160 66960253 92302160 66960253 784275419 92302160 57249707
194616458 317369796 317369796 317369796 317369796 317369796 57249707 92302160 -1 284079128 317369796 57249707 317369796 317369796 317369796 284079128 284079128 317369796 66960253 317369796 57249707 284079128 317369796 317369796 284079128 317369796 317369796 284079128 317369796 317369796 79027180 66960253 317369796 79027180 317369796 284079128 317369796 67101782 66960253 284079128 317369796 119413584 317369796 317369796 66960253 317369796 66960253 92302160 317369796 57249707
194616458 284079128 284079128 284079128 284079128 284079128 57249707 92302160 284079128 -1 284079128 57249707 284079128 284079128 284079128 853168446 336553936 284079128 66960253 284079128 57249707 599756124 284079128 284079128 389443009 284079128 284079128 389443009 284079128 284079128 79027180 66960253 284079128 79027180 284079128 953678241 284079128 67101782 66960253 389443009 284079128 119413584 284079128 284079128 66960253 284079128 66960253 92302160 284079128 57249707
194616458 683557644 335036439 683557644 877996850 335036439 57249707 92302160 317369796 284079128 -1 57249707 683557644 484667838 323989836 284079128 284079128 683557644 66960253 683557644 57249707 284079128 335036439 761230913 284079128 683557644 683557644 284079128 407249748 683557644 79027180 66960253 686512598 79027180 683557644 284079128 683557644 67101782 66960253 284079128 335036439 119413584 407249748 683557644 66960253 455380416 66960253 92302160 675371193 57249707
57249707 57249707 57249707 57249707 57249707 57249707 925260418 57249707 57249707 57249707 57249707 -1 57249707 57249707 57249707 57249707 57249707 57249707 57249707 57249707 974325203 57249707 57249707 57249707 57249707 57249707 57249707 57249707 57249707 57249707 57249707 57249707 57249707 57249707 57249707 57249707 57249707 57249707 57249707 57249707 57249707 57249707 57249707 57249707 57249707 57249707 57249707 57249707 57249707 293409781
194616458 759303151 335036439 894968229 683557644 335036439 57249707 92302160 317369796 284079128 683557644 57249707 -1 484667838 323989836 284079128 284079128 730589211 66960253 796419182 57249707 284079128 335036439 683557644 284079128 894968229 815900462 284079128 407249748 796419182 79027180 66960253 683557644 79027180 830436033 284079128 815900462 67101782 66960253 284079128 335036439 119413584 407249748 830436033 66960253 455380416 66960253 92302160 675371193 57249707
194616458 484667838 335036439 484667838 484667838 335036439 57249707 92302160 317369796 284079128 484667838 57249707 484667838 -1 323989836 284079128 284079128 484667838 66960253 484667838 57249707 284079128 335036439 484667838 284079128 484667838 484667838 284079128 407249748 484667838 79027180 66960253 484667838 79027180 484667838 284079128 484667838 67101782 66960253 284079128 335036439 119413584 407249748 484667838 66960253 455380416 66960253 92302160 484667838 57249707
194616458 323989836 323989836 323989836 323989836 323989836 57249707 92302160 317369796 284079128 323989836 57249707 323989836 323989836 -1 284079128 284079128 323989836 66960253 323989836 57249707 284079128 323989836 323989836 284079128 323989836 323989836 284079128 323989836 323989836 79027180 66960253 323989836 79027180 323989836 284079128 323989836 67101782 66960253 284079128 323989836 119413584 323989836 323989836 66960253 323989836 66960253 92302160 323989836 57249707
194616458 284079128 284079128 284079128 284079128 284079128 57249707 92302160 284079128 853168446 284079128 57249707 284079128 284079128 284079128 -1 336553936 284079128 66960253 284079128 57249707 599756124 284079128 284079128 389443009 284079128 284079128 389443009 284079128 284079128 79027180 66960253 284079128 79027180 284079128 853168446 284079128 67101782 66960253 389443009 284079128 119413584 284079128 284079128 66960253 284079128 66960253 92302160 284079128 57249707
194616458 284079128 284079128 284079128 284079128 284079128 57249707 92302160 284079128 336553936 284079128 57249707 284079128 284079128 284079128 336553936 -1 284079128 66960253 284079128 57249707 336553936 284079128 284079128 336553936 284079128 284079128 336553936 284079128 284079128 79027180 66960253 284079128 79027180 284079128 336553936 284079128 67101782 66960253 336553936 284079128 119413584 284079128 284079128 66960253 284079128 66960253 92302160 284079128 57249707
194616458 730589211 335036439 730589211 683557644 335036439 57249707 92302160 317369796 284079128 683557644 57249707 730589211 484667838 323989836 284079128 284079128 -1 66960253 730589211 57249707 284079128 335036439 683557644 284079128 730589211 730589211 284079128 407249748 730589211 79027180 66960253 683557644 79027180 730589211 284079128 730589211 67101782 66960253 284079128 335036439 119413584 407249748 730589211 66960253 455380416 66960253 92302160 675371193 57249707
66960253 66960253 66960253 66960253 66960253 66960253 57249707 66960253 66960253 66960253 66960253 57249707 66960253 66960253 66960253 66960253 66960253 66960253 -1 66960253 57249707 66960253 66960253 66960253 66960253 66960253 66960253 66960253 66960253 66960253 66960253 395236600 66960253 66960253 66960253 66960253 66960253 66960253 395236600 66960253 66960253 66960253 66960253 66960253 395236600 66960253 735393815 66960253 66960253 57249707
194616458 759303151 335036439 796419182 683557644 335036439 57249707 92302160 317369796 284079128 683557644 57249707 796419182 484667838 323989836 284079128 284079128 730589211 66960253 -1 57249707 284079128 335036439 683557644 284079128 796419182 796419182 284079128 407249748 855396964 79027180 66960253 683557644 79027180 796419182 284079128 796419182 67101782 66960253 284079128 335036439 119413584 407249748 796419182 66960253 455380416 66960253 92302160 675371193 57249707
57249707 57249707 57249707 57249707 57249707 57249707 925260418 57249707 57249707 57249707 57249707 974325203 57249707 57249707 57249707 57249707 57249707 57249707 57249707 57249707 -1 57249707 57249707 57249707 57249707 57249707 57249707 57249707 57249707 57249707 57249707 57249707 57249707 57249707 57249707 57249707 57249707 57249707 57249707 57249707 57249707 57249707 57249707 57249707 57249707 57249707 57249707 57249707 57249707 293409781
194616458 284079128 284079128 284079128 284079128 284079128 57249707 92302160 284079128 599756124 284079128 57249707 284079128 284079128 284079128 599756124 336553936 284079128 66960253 284079128 57249707 -1 284079128 284079128 389443009 284079128 284079128 389443009 284079128 284079128 79027180 66960253 284079128 79027180 284079128 599756124 284079128 67101782 66960253 389443009 284079128 119413584 284079128 284079128 66960253 284079128 66960253 92302160 284079128 57249707
194616458 335036439 890407533 335036439 335036439 810727726 57249707 92302160 317369796 284079128 335036439 57249707 335036439 335036439 323989836 284079128 284079128 335036439 66960253 335036439 57249707 284079128 -1 335036439 284079128 335036439 335036439 284079128 335036439 335036439 79027180 66960253 335036439 79027180 335036439 284079128 335036439 67101782 66960253 284079128 457016361 119413584 335036439 335036439 66960253 335036439 66960253 92302160 335036439 57249707
194616458 683557644 335036439 683557644 761230913 335036439 57249707 92302160 317369796 284079128 761230913 57249707 683557644 484667838 323989836 284079128 284079128 683557644 66960253 683557644 57249707 284079128 335036439 -1 284079128 683557644 683557644 284079128 407249748 683557644 79027180 66960253 686512598 79027180 683557644 284079128 683557644 67101782 66960253 284079128 335036439 119413584 407249748 683557644 66960253 455380416 66960253 92302160 675371193 57249707
194616458 284079128 284079128 284079128 284079128 284079128 57249707 92302160 284079128 389443009 284079128 57249707 284079128 284079128 284079128 389443009 336553936 284079128 66960253 284079128 57249707 389443009 284079128 284079128 -1 284079128 284079128 608227478 284079128 284079128 79027180 66960253 284079128 79027180 284079128 389443009 284079128 67101782 66960253 608227478 284079128 119413584 284079128 284079128 66960253 284079128 66960253 92302160 284079128 57249707
194616458 759303151 335036439 936286315 683557644 335036439 57249707 92302160 317369796 284079128 683557644 57249707 894968229 484667838 323989836 284079128 284079128 730589211 66960253 796419182 57249707 284079128 335036439 683557644 284079128 -1 815900462 284079128 407249748 796419182 79027180 66960253 683557644 79027180 830436033 284079128 815900462 67101782 66960253 284079128 335036439 119413584 407249748 830436033 66960253 455380416 66960253 92302160 675371193 57249707
194616458 759303151 335036439 815900462 683557644 335036439 57249707 92302160 317369796 284079128 683557644 57249707 815900462 484667838 323989836 284079128 284079128 730589211 66960253 796419182 57249707 284079128 335036439 683557644 284079128 815900462 -1 284079128 407249748 796419182 79027180 66960253 683557644 79027180 815900462 284079128 989583603 67101782 66960253 284079128 335036439 119413584 407249748 815900462 66960253 455380416 66960253 92302160 675371193 57249707
194616458 284079128 284079128 284079128 284079128 284079128 57249707 92302160 284079128 389443009 284079128 57249707 284079128 284079128 284079128 389443009 336553936 284079128 66960253 284079128 57249707 389443009 284079128 284079128 608227478 284079128 284079128 -1 284079128 284079128 79027180 66960253 284079128 79027180 284079128 389443009 284079128 67101782 66960253 997357940 284079128 119413584 284079128 284079128 66960253 284079128 66960253 92302160 284079128 57249707
194616458 407249748 335036439 407249748 407249748 335036439 57249707 92302160 317369796 284079128 407249748 57249707 407249748 407249748 323989836 284079128 284079128 407249748 66960253 407249748 57249707 284079128 335036439 407249748 284079128 407249748 407249748 284079128 -1 407249748 79027180 66960253 407249748 79027180 407249748 284079128 407249748 67101782 66960253 284079128 335036439 119413584 959068055 407249748 66960253 407249748 66960253 92302160 407249748 57249707
194616458 759303151 335036439 796419182 683557644 335036439 57249707 92302160 317369796 284079128 683557644 57249707 796419182 484667838 323989836 284079128 284079128 730589211 66960253 855396964 57249707 284079128 335036439 683557644 284079128 796419182 796419182 284079128 407249748 -1 79027180 66960253 683557644 79027180 796419182 284079128 796419182 67101782 66960253 284079128 335036439 119413584 407249748 796419182 66960253 455380416 66960253 92302160 675371193 57249707
79027180 79027180 79027180 79027180 79027180 79027180 57249707 79027180 79027180 79027180 79027180 57249707 79027180 79027180 79027180 79027180 79027180 79027180 66960253 79027180 57249707 79027180 79027180 79027180 79027180 79027180 79027180 79027180 79027180 79027180 -1 66960253 79027180 210194118 79027180 79027180 79027180 67101782 66960253 79027180 79027180 79027180 79027180 79027180 66960253 79027180 66960253 79027180 79027180 57249707
66960253 66960253 66960253 66960253 66960253 66960253 57249707 66960253 66960253 66960253 66960253 57249707 66960253 66960253 66960253 66960253 66960253 66960253 395236600 66960253 57249707 66960253 66960253 66960253 66960253 66960253 66960253 66960253 66960253 66960253 66960253 -1 66960253 66960253 66960253 66960253 66960253 66960253 431962082 66960253 66960253 66960253 66960253 66960253 812677107 66960253 395236600 66960253 66960253 57249707
194616458 683557644 335036439 683557644 686512598 335036439 57249707 92302160 317369796 284079128 686512598 57249707 683557644 484667838 323989836 284079128 284079128 683557644 66960253 683557644 57249707 284079128 335036439 686512598 284079128 683557644 683557644 284079128 407249748 683557644 79027180 66960253 -1 79027180 683557644 284079128 683557644 67101782 66960253 284079128 335036439 119413584 407249748 683557644 66960253 455380416 66960253 92302160 675371193 57249707
79027180 79027180 79027180 79027180 79027180 79027180 57249707 79027180 79027180 79027180 79027180 57249707 79027180 79027180 79027180 79027180 79027180 79027180 66960253 79027180 57249707 79027180 79027180 79027180 79027180 79027180 79027180 79027180 79027180 79027180 210194118 66960253 79027180 -1 79027180 79027180 79027180 67101782 66960253 79027180 79027180 79027180 79027180 79027180 66960253 79027180 66960253 79027180 79027180 57249707
194616458 759303151 335036439 830436033 683557644 335036439 57249707 92302160 317369796 284079128 683557644 57249707 830436033 484667838 323989836 284079128 284079128 730589211 66960253 796419182 57249707 284079128 335036439 683557644 284079128 830436033 815900462 284079128 407249748 796419182 79027180 66960253 683557644 79027180 -1 284079128 815900462 67101782 66960253 284079128 335036439 119413584 407249748 898734073 66960253 455380416 66960253 92302160 675371193 57249707
194616458 284079128 284079128 284079128 284079128 284079128 57249707 92302160 284079128 953678241 284079128 57249707 284079128 284079128 284079128 853168446 336553936 284079128 66960253 284079128 57249707 599756124 284079128 284079128 389443009 284079128 284079128 389443009 284079128 284079128 79027180 66960253 284079128 79027180 284079128 -1 284079128 67101782 66960253 389443009 284079128 119413584 284079128 284079128 66960253 284079128 66960253 92302160 284079128 57249707
194616458 759303151 335036439 815900462 683557644 335036439 57249707 92302160 317369796 284079128 683557644 57249707 815900462 484667838 323989836 284079128 284079128 730589211 66960253 796419182 57249707 284079128 335036439 683557644 284079128 815900462 989583603 284079128 407249748 796419182 79027180 66960253 683557644 79027180 815900462 284079128 -1 67101782 66960253 284079128 335036439 119413584 407249748 815900462 66960253 455380416 66960253 92302160 675371193 57249707
67101782 67101782 67101782 67101782 67101782 67101782 57249707 67101782 67101782 67101782 67101782 57249707 67101782 67101782 67101782 67101782 67101782 67101782 66960253 67101782 57249707 67101782 67101782 67101782 67101782 67101782 67101782 67101782 67101782 67101782 67101782 66960253 67101782 67101782 67101782 67101782 67101782 -1 66960253 67101782 67101782 67101782 67101782 67101782 66960253 67101782 66960253 67101782 67101782 57249707
66960253 66960253 66960253 66960253 66960253 66960253 57249707 66960253 66960253 66960253 66960253 57249707 66960253 66960253 66960253 66960253 66960253 66960253 395236600 66960253 57249707 66960253 66960253 66960253 66960253 66960253 66960253 66960253 66960253 66960253 66960253 431962082 66960253 66960253 66960253 66960253 66960253 66960253 -1 66960253 66960253 66960253 66960253 66960253 431962082 66960253 395236600 66960253 66960253 57249707
194616458 284079128 284079128 284079128 284079128 284079128 57249707 92302160 284079128 389443009 284079128 57249707 284079128 284079128 284079128 389443009 336553936 284079128 66960253 284079128 57249707 389443009 284079128 284079128 608227478 284079128 284079128 997357940 284079128 284079128 79027180 66960253 284079128 79027180 284079128 389443009 284079128 67101782 66960253 -1 284079128 119413584 284079128 284079128 66960253 284079128 66960253 92302160 284079128 57249707
194616458 335036439 457016361 335036439 335036439 457016361 57249707 92302160 317369796 284079128 335036439 57249707 335036439 335036439 323989836 284079128 284079128 335036439 66960253 335036439 57249707 284079128 457016361 335036439 284079128 335036439 335036439 284079128 335036439 335036439 79027180 66960253 335036439 79027180 335036439 284079128 335036439 67101782 66960253 284079128 -1 119413584 335036439 335036439 66960253 335036439 66960253 92302160 335036439 57249707
119413584 119413584 119413584 119413584 119413584 119413584 57249707 92302160 119413584 119413584 119413584 57249707 119413584 119413584 119413584 119413584 119413584 119413584 66960253 119413584 57249707 119413584 119413584 119413584 119413584 119413584 119413584 119413584 119413584 119413584 79027180 66960253 119413584 79027180 119413584 119413584 119413584 67101782 66960253 119413584 119413584 -1 119413584 119413584 66960253 119413584 66960253 92302160 119413584 57249707
194616458 407249748 335036439 407249748 407249748 335036439 57249707 92302160 317369796 284079128 407249748 57249707 407249748 407249748 323989836 284079128 284079128 407249748 66960253 407249748 57249707 284079128 335036439 407249748 284079128 407249748 407249748 284079128 959068055 407249748 79027180 66960253 407249748 79027180 407249748 284079128 407249748 67101782 66960253 284079128 335036439 119413584 -1 407249748 66960253 407249748 66960253 92302160 407249748 57249707
194616458 759303151 335036439 830436033 683557644 335036439 57249707 92302160 317369796 284079128 683557644 57249707 830436033 484667838 323989836 284079128 284079128 730589211 66960253 796419182 57249707 284079128 335036439 683557644 284079128 830436033 815900462 284079128 407249748 796419182 79027180 66960253 683557644 79027180 898734073 284079128 815900462 67101782 66960253 284079128 335036439 119413584 407249748 -1 66960253 455380416 66960253 92302160 675371193 57249707
66960253 66960253 66960253 66960253 66960253 66960253 57249707 66960253 66960253 66960253 66960253 57249707 66960253 66960253 66960253 66960253 66960253 66960253 395236600 66960253 57249707 66960253 66960253 66960253 66960253 66960253 66960253 66960253 66960253 66960253 66960253 812677107 66960253 66960253 66960253 66960253 66960253 66960253 431962082 66960253 66960253 66960253 66960253 66960253 -1 66960253 395236600 66960253 66960253 57249707
194616458 455380416 335036439 455380416 455380416 335036439 57249707 92302160 317369796 284079128 455380416 57249707 455380416 455380416 323989836 284079128 284079128 455380416 66960253 455380416 57249707 284079128 335036439 455380416 284079128 455380416 455380416 284079128 407249748 455380416 79027180 66960253 455380416 79027180 455380416 284079128 455380416 67101782 66960253 284079128 335036439 119413584 407249748 455380416 66960253 -1 66960253 92302160 455380416 57249707
66960253 66960253 66960253 66960253 66960253 66960253 57249707 66960253 66960253 66960253 66960253 57249707 66960253 66960253 66960253 66960253 66960253 66960253 735393815 66960253 57249707 66960253 66960253 66960253 66960253 66960253 66960253 66960253 66960253 66960253 66960253 395236600 66960253 66960253 66960253 66960253 66960253 66960253 395236600 66960253 66960253 66960253 66960253 66960253 395236600 66960253 -1 66960253 66960253 57249707
92302160 92302160 92302160 92302160 92302160 92302160 57249707 784275419 92302160 92302160 92302160 57249707 92302160 92302160 92302160 92302160 92302160 92302160 66960253 92302160 57249707 92302160 92302160 92302160 92302160 92302160 92302160 92302160 92302160 92302160 79027180 66960253 92302160 79027180 92302160 92302160 92302160 67101782 66960253 92302160 92302160 92302160 92302160 92302160 66960253 92302160 66960253 -1 92302160 57249707
194616458 675371193 335036439 675371193 675371193 335036439 57249707 92302160 317369796 284079128 675371193 57249707 675371193 484667838 323989836 284079128 284079128 675371193 66960253 675371193 57249707 284079128 335036439 675371193 284079128 675371193 675371193 284079128 407249748 675371193 79027180 66960253 675371193 79027180 675371193 284079128 675371193 67101782 66960253 284079128 335036439 119413584 407249748 675371193 66960253 455380416 66960253 92302160 -1 57249707
57249707 57249707 57249707 57249707 57249707 57249707 293409781 57249707 57249707 57249707 57249707 293409781 57249707 57249707 57249707 57249707 57249707 57249707 57249707 57249707 293409781 57249707 57249707 57249707 57249707 57249707 57249707 57249707 57249707 57249707 57249707 57249707 57249707 57249707 57249707 57249707 57249707 57249707 57249707 57249707 57249707 57249707 57249707 57249707 57249707 57249707 57249707 57249707 57249707 -1
