50
-1 85050798 85050798 85050798 85050798 85050798 85050798 42468876 85050798 85050798 42468876 85050798 85050798 85050798 85050798 85050798 85050798 85050798 85050798 85050798 85050798 85050798 85050798 85050798 42468876 85050798 85050798 85050798 85050798 85050798 85050798 85050798 85050798 56643251 42468876 85050798 42468876 85050798 56643251 85050798 85050798 85050798 85050798 42468876 85050798 85050798 42468876 85050798 85050798 85050798
85050798 -1 125228347 282189336 355346231 355346231 282189336 42468876 193267402 282189336 42468876 282189336 193267402 193267402 125228347 193267402 282189336 193267402 193267402 282189336 282189336 282189336 282189336 282189336 42468876 282189336 282189336 193267402 282189336 282189336 193267402 990718287 193267402 56643251 42468876 282189336 42468876 125228347 56643251 150683298 282189336 282189336 193267402 42468876 282189336 150683298 42468876 282189336 282189336 282189336
85050798 125228347 -1 125228347 125228347 125228347 125228347 42468876 125228347 125228347 42468876 125228347 125228347 125228347 346925240 125228347 125228347 125228347 125228347 125228347 125228347 125228347 125228347 125228347 42468876 125228347 125228347 125228347 125228347 125228347 125228347 125228347 125228347 56643251 42468876 125228347 42468876 877624449 56643251 125228347 125228347 125228347 125228347 42468876 125228347 125228347 42468876 125228347 125228347 125228347
85050798 282189336 125228347 -1 282189336 282189336 353646543 42468876 193267402 292019640 42468876 614566167 193267402 193267402 125228347 193267402 614566167 193267402 193267402 353646543 292019640 353646543 292019640 353646543 42468876 292019640 292019640 193267402 333667364 333667364 193267402 282189336 193267402 56643251 42468876 348418664 42468876 125228347 56643251 150683298 602903855 292019640 193267402 42468876 292019640 150683298 42468876 348418664 292019640 353646543
85050798 355346231 125228347 282189336 -1 897608258 282189336 42468876 193267402 282189336 42468876 282189336 193267402 193267402 125228347 193267402 282189336 193267402 193267402 282189336 282189336 282189336 282189336 282189336 42468876 282189336 282189336 193267402 282189336 282189336 193267402 355346231 193267402 56643251 42468876 282189336 42468876 125228347 56643251 150683298 282189336 282189336 193267402 42468876 282189336 150683298 42468876 282189336 282189336 282189336
85050798 355346231 125228347 282189336 897608258 -1 282189336 42468876 193267402 282189336 42468876 282189336 193267402 193267402 125228347 193267402 282189336 193267402 193267402 282189336 282189336 282189336 282189336 282189336 42468876 282189336 282189336 193267402 282189336 282189336 193267402 355346231 193267402 56643251 42468876 282189336 42468876 125228347 56643251 150683298 282189336 282189336 193267402 42468876 282189336 150683298 42468876 282189336 282189336 282189336
85050798 282189336 125228347 353646543 282189336 282189336 -1 42468876 193267402 292019640 42468876 353646543 193267402 193267402 125228347 193267402 353646543 193267402 193267402 680219805 292019640 680219805 292019640 680219805 42468876 292019640 292019640 193267402 333667364 333667364 193267402 282189336 193267402 56643251 42468876 348418664 42468876 125228347 56643251 150683298 353646543 292019640 193267402 42468876 292019640 150683298 42468876 348418664 292019640 524174072
42468876 42468876 42468876 42468876 42468876 42468876 42468876 -1 42468876 42468876 259930739 42468876 42468876 42468876 42468876 42468876 42468876 42468876 42468876 42468876 42468876 42468876 42468876 42468876 753708522 42468876 42468876 42468876 42468876 42468876 42468876 42468876 42468876 42468876 643603879 42468876 88626941 42468876 42468876 42468876 42468876 42468876 42468876 88626941 42468876 42468876 49119513 42468876 42468876 42468876
85050798 193267402 125228347 193267402 193267402 193267402 193267402 42468876 -1 193267402 42468876 193267402 214998157 214998157 125228347 455991762 193267402 214998157 762211540 193267402 193267402 193267402 193267402 193267402 42468876 193267402 193267402 973889219 193267402 193267402 741791011 193267402 214998157 56643251 42468876 193267402 42468876 125228347 56643251 150683298 193267402 193267402 214998157 42468876 193267402 150683298 42468876 193267402 193267402 193267402
85050798 282189336 125228347 292019640 282189336 282189336 292019640 42468876 193267402 -1 42468876 292019640 193267402 193267402 125228347 193267402 292019640 193267402 193267402 292019640 508834496 292019640 592630031 292019640 42468876 592630031 592630031 193267402 292019640 292019640 193267402 282189336 193267402 56643251 42468876 292019640 42468876 125228347 56643251 150683298 292019640 508834496 193267402 42468876 592630031 150683298 42468876 292019640 890358466 292019640
42468876 42468876 42468876 42468876 42468876 42468876 42468876 259930739 42468876 42468876 -1 42468876 42468876 42468876 42468876 42468876 42468876 42468876 42468876 42468876 42468876 42468876 42468876 42468876 259930739 42468876 42468876 42468876 42468876 42468876 42468876 42468876 42468876 42468876 259930739 42468876 88626941 42468876 42468876 42468876 42468876 42468876 42468876 88626941 42468876 42468876 49119513 42468876 42468876 42468876
85050798 282189336 125228347 614566167 282189336 282189336 353646543 42468876 193267402 292019640 42468876 -1 193267402 193267402 125228347 193267402 915251993 193267402 193267402 353646543 292019640 353646543 292019640 353646543 42468876 292019640 292019640 193267402 333667364 333667364 193267402 282189336 193267402 56643251 42468876 348418664 42468876 125228347 56643251 150683298 602903855 292019640 193267402 42468876 292019640 150683298 42468876 348418664 292019640 353646543
85050798 193267402 125228347 193267402 193267402 193267402 193267402 42468876 214998157 193267402 42468876 193267402 -1 340522506 125228347 214998157 193267402 340522506 214998157 193267402 193267402 193267402 193267402 193267402 42468876 193267402 193267402 214998157 193267402 193267402 214998157 193267402 707176756 56643251 42468876 193267402 42468876 125228347 56643251 150683298 193267402 193267402 430101578 42468876 193267402 150683298 42468876 193267402 193267402 193267402
85050798 193267402 125228347 193267402 193267402 193267402 193267402 42468876 214998157 193267402 42468876 193267402 340522506 -1 125228347 214998157 193267402 926180750 214998157 193267402 193267402 193267402 193267402 193267402 42468876 193267402 193267402 214998157 193267402 193267402 214998157 193267402 340522506 56643251 42468876 193267402 42468876 125228347 56643251 150683298 193267402 193267402 340522506 42468876 193267402 150683298 42468876 193267402 193267402 193267402
85050798 125228347 346925240 125228347 125228347 125228347 125228347 42468876 125228347 125228347 42468876 125228347 125228347 125228347 -1 125228347 125228347 125228347 125228347 125228347 125228347 125228347 125228347 125228347 42468876 125228347 125228347 125228347 125228347 125228347 125228347 125228347 125228347 56643251 42468876 125228347 42468876 346925240 56643251 125228347 125228347 125228347 125228347 42468876 125228347 125228347 42468876 125228347 125228347 125228347
85050798 193267402 125228347 193267402 193267402 193267402 193267402 42468876 455991762 193267402 42468876 193267402 214998157 214998157 125228347 -1 193267402 214998157 455991762 193267402 193267402 193267402 193267402 193267402 42468876 193267402 193267402 455991762 193267402 193267402 455991762 193267402 214998157 56643251 42468876 193267402 42468876 125228347 56643251 150683298 193267402 193267402 214998157 42468876 193267402 150683298 42468876 193267402 193267402 193267402
85050798 282189336 125228347 614566167 282189336 282189336 353646543 42468876 193267402 292019640 42468876 915251993 193267402 193267402 125228347 193267402 -1 193267402 193267402 353646543 292019640 353646543 292019640 353646543 42468876 292019640 292019640 193267402 333667364 333667364 193267402 282189336 193267402 56643251 42468876 348418664 42468876 125228347 56643251 150683298 602903855 292019640 193267402 42468876 292019640 150683298 42468876 348418664 292019640 353646543
85050798 193267402 125228347 193267402 193267402 193267402 193267402 42468876 214998157 193267402 42468876 193267402 340522506 926180750 125228347 214998157 193267402 -1 214998157 193267402 193267402 193267402 193267402 193267402 42468876 193267402 193267402 214998157 193267402 193267402 214998157 193267402 340522506 56643251 42468876 193267402 42468876 125228347 56643251 150683298 193267402 193267402 340522506 42468876 193267402 150683298 42468876 193267402 193267402 193267402
85050798 193267402 125228347 193267402 193267402 193267402 193267402 42468876 762211540 193267402 42468876 193267402 214998157 214998157 125228347 455991762 193267402 214998157 -1 193267402 193267402 193267402 193267402 193267402 42468876 193267402 193267402 762211540 193267402 193267402 741791011 193267402 214998157 56643251 42468876 193267402 42468876 125228347 56643251 150683298 193267402 193267402 214998157 42468876 193267402 150683298 42468876 193267402 193267402 193267402
85050798 282189336 125228347 353646543 282189336 282189336 680219805 42468876 193267402 292019640 42468876 353646543 193267402 193267402 125228347 193267402 353646543 193267402 193267402 -1 292019640 682722609 292019640 837501716 42468876 292019640 292019640 193267402 333667364 333667364 193267402 282189336 193267402 56643251 42468876 348418664 42468876 125228347 56643251 150683298 353646543 292019640 193267402 42468876 292019640 150683298 42468876 348418664 292019640 524174072
85050798 282189336 125228347 292019640 282189336 282189336 292019640 42468876 193267402 508834496 42468876 292019640 193267402 193267402 125228347 193267402 292019640 193267402 193267402 292019640 -1 292019640 508834496 292019640 42468876 508834496 508834496 193267402 292019640 292019640 193267402 282189336 193267402 56643251 42468876 292019640 42468876 125228347 56643251 150683298 292019640 828485818 193267402 42468876 508834496 150683298 42468876 292019640 508834496 292019640
85050798 282189336 125228347 353646543 282189336 282189336 680219805 42468876 193267402 292019640 42468876 353646543 193267402 193267402 125228347 193267402 353646543 193267402 193267402 682722609 292019640 -1 292019640 682722609 42468876 292019640 292019640 193267402 333667364 333667364 193267402 282189336 193267402 56643251 42468876 348418664 42468876 125228347 56643251 150683298 353646543 292019640 193267402 42468876 292019640 150683298 42468876 348418664 292019640 524174072
85050798 282189336 125228347 292019640 282189336 282189336 292019640 42468876 193267402 592630031 42468876 292019640 193267402 193267402 125228347 193267402 292019640 193267402 193267402 292019640 508834496 292019640 -1 292019640 42468876 759188657 875045737 193267402 292019640 292019640 193267402 282189336 193267402 56643251 42468876 292019640 42468876 125228347 56643251 150683298 292019640 508834496 193267402 42468876 759188657 150683298 42468876 292019640 592630031 292019640
85050798 282189336 125228347 353646543 282189336 282189336 680219805 42468876 193267402 292019640 42468876 353646543 193267402 193267402 125228347 193267402 353646543 193267402 193267402 837501716 292019640 682722609 292019640 -1 42468876 292019640 292019640 193267402 333667364 333667364 193267402 282189336 193267402 56643251 42468876 348418664 42468876 125228347 56643251 150683298 353646543 292019640 193267402 42468876 292019640 150683298 42468876 348418664 292019640 524174072
42468876 42468876 42468876 42468876 42468876 42468876 42468876 753708522 42468876 42468876 259930739 42468876 42468876 42468876 42468876 42468876 42468876 42468876 42468876 42468876 42468876 42468876 42468876 42468876 -1 42468876 42468876 42468876 42468876 42468876 42468876 42468876 42468876 42468876 643603879 42468876 88626941 42468876 42468876 42468876 42468876 42468876 42468876 88626941 42468876 42468876 49119513 42468876 42468876 42468876
85050798 282189336 125228347 292019640 282189336 282189336 292019640 42468876 193267402 592630031 42468876 292019640 193267402 193267402 125228347 193267402 292019640 193267402 193267402 292019640 508834496 292019640 759188657 292019640 42468876 -1 759188657 193267402 292019640 292019640 193267402 282189336 193267402 56643251 42468876 292019640 42468876 125228347 56643251 150683298 292019640 508834496 193267402 42468876 969043332 150683298 42468876 292019640 592630031 292019640
85050798 282189336 125228347 292019640 282189336 282189336 292019640 42468876 193267402 592630031 42468876 292019640 193267402 193267402 125228347 193267402 292019640 193267402 193267402 292019640 508834496 292019640 875045737 292019640 42468876 759188657 -1 193267402 292019640 292019640 193267402 282189336 193267402 56643251 42468876 292019640 42468876 125228347 56643251 150683298 292019640 508834496 193267402 42468876 759188657 150683298 42468876 292019640 592630031 292019640
85050798 193267402 125228347 193267402 193267402 193267402 193267402 42468876 973889219 193267402 42468876 193267402 214998157 214998157 125228347 455991762 193267402 214998157 762211540 193267402 193267402 193267402 193267402 193267402 42468876 193267402 193267402 -1 193267402 193267402 741791011 193267402 214998157 56643251 42468876 193267402 42468876 125228347 56643251 150683298 193267402 193267402 214998157 42468876 193267402 150683298 42468876 193267402 193267402 193267402
85050798 282189336 125228347 333667364 282189336 282189336 333667364 42468876 193267402 292019640 42468876 333667364 193267402 193267402 125228347 193267402 333667364 193267402 193267402 333667364 292019640 333667364 292019640 333667364 42468876 292019640 292019640 193267402 -1 741456759 193267402 282189336 193267402 56643251 42468876 333667364 42468876 125228347 56643251 150683298 333667364 292019640 193267402 42468876 292019640 150683298 42468876 333667364 292019640 333667364
85050798 282189336 125228347 333667364 282189336 282189336 333667364 42468876 193267402 292019640 42468876 333667364 193267402 193267402 125228347 193267402 333667364 193267402 193267402 333667364 292019640 333667364 292019640 333667364 42468876 292019640 292019640 193267402 741456759 -1 193267402 282189336 193267402 56643251 42468876 333667364 42468876 125228347 56643251 150683298 333667364 292019640 193267402 42468876 292019640 150683298 42468876 333667364 292019640 333667364
85050798 193267402 125228347 193267402 193267402 193267402 193267402 42468876 741791011 193267402 42468876 193267402 214998157 214998157 125228347 455991762 193267402 214998157 741791011 193267402 193267402 193267402 193267402 193267402 42468876 193267402 193267402 741791011 193267402 193267402 -1 193267402 214998157 56643251 42468876 193267402 42468876 125228347 56643251 150683298 193267402 193267402 214998157 42468876 193267402 150683298 42468876 193267402 193267402 193267402
85050798 990718287 125228347 282189336 355346231 355346231 282189336 42468876 193267402 282189336 42468876 282189336 193267402 193267402 125228347 193267402 282189336 193267402 193267402 282189336 282189336 282189336 282189336 282189336 42468876 282189336 282189336 193267402 282189336 282189336 193267402 -1 193267402 56643251 42468876 282189336 42468876 125228347 56643251 150683298 282189336 282189336 193267402 42468876 282189336 150683298 42468876 282189336 282189336 282189336
85050798 193267402 125228347 193267402 193267402 193267402 193267402 42468876 214998157 193267402 42468876 193267402 707176756 340522506 125228347 214998157 193267402 340522506 214998157 193267402 193267402 193267402 193267402 193267402 42468876 193267402 193267402 214998157 193267402 193267402 214998157 193267402 -1 56643251 42468876 193267402 42468876 125228347 56643251 150683298 193267402 193267402 430101578 42468876 193267402 150683298 42468876 193267402 193267402 193267402
56643251 56643251 56643251 56643251 56643251 56643251 56643251 42468876 56643251 56643251 42468876 56643251 56643251 56643251 56643251 56643251 56643251 56643251 56643251 56643251 56643251 56643251 56643251 56643251 42468876 56643251 56643251 56643251 56643251 56643251 56643251 56643251 56643251 -1 42468876 56643251 42468876 56643251 455804644 56643251 56643251 56643251 56643251 42468876 56643251 56643251 42468876 56643251 56643251 56643251
42468876 42468876 42468876 42468876 42468876 42468876 42468876 643603879 42468876 42468876 259930739 42468876 42468876 42468876 42468876 42468876 42468876 42468876 42468876 42468876 42468876 42468876 42468876 42468876 643603879 42468876 42468876 42468876 42468876 42468876 42468876 42468876 42468876 42468876 -1 42468876 88626941 42468876 42468876 42468876 42468876 42468876 42468876 88626941 42468876 42468876 49119513 42468876 42468876 42468876
85050798 282189336 125228347 348418664 282189336 282189336 348418664 42468876 193267402 292019640 42468876 348418664 193267402 193267402 125228347 193267402 348418664 193267402 193267402 348418664 292019640 348418664 292019640 348418664 42468876 292019640 292019640 193267402 333667364 333667364 193267402 282189336 193267402 56643251 42468876 -1 42468876 125228347 56643251 150683298 348418664 292019640 193267402 42468876 292019640 150683298 42468876 471916298 292019640 348418664
42468876 42468876 42468876 42468876 42468876 42468876 42468876 88626941 42468876 42468876 88626941 42468876 42468876 42468876 42468876 42468876 42468876 42468876 42468876 42468876 42468876 42468876 42468876 42468876 88626941 42468876 42468876 42468876 42468876 42468876 42468876 42468876 42468876 42468876 88626941 42468876 -1 42468876 42468876 42468876 42468876 42468876 42468876 804241158 42468876 42468876 49119513 42468876 42468876 42468876
85050798 125228347 877624449 125228347 125228347 125228347 125228347 42468876 125228347 125228347 42468876 125228347 125228347 125228347 346925240 125228347 125228347 125228347 125228347 125228347 125228347 125228347 125228347 125228347 42468876 125228347 125228347 125228347 125228347 125228347 125228347 125228347 125228347 56643251 42468876 125228347 42468876 -1 56643251 125228347 125228347 125228347 125228347 42468876 125228347 125228347 42468876 125228347 125228347 125228347
56643251 56643251 56643251 56643251 56643251 56643251 56643251 42468876 56643251 56643251 42468876 56643251 56643251 56643251 56643251 56643251 56643251 56643251 56643251 56643251 56643251 56643251 56643251 56643251 42468876 56643251 56643251 56643251 56643251 56643251 56643251 56643251 56643251 455804644 42468876 56643251 42468876 56643251 -1 56643251 56643251 56643251 56643251 42468876 56643251 56643251 42468876 56643251 56643251 56643251
85050798 150683298 125228347 150683298 150683298 150683298 150683298 42468876 150683298 150683298 42468876 150683298 150683298 150683298 125228347 150683298 150683298 150683298 150683298 150683298 150683298 150683298 150683298 150683298 42468876 150683298 150683298 150683298 150683298 150683298 150683298 150683298 150683298 56643251 42468876 150683298 42468876 125228347 56643251 -1 150683298 150683298 150683298 42468876 150683298 275426667 42468876 150683298 150683298 150683298
85050798 282189336 125228347 602903855 282189336 282189336 353646543 42468876 193267402 292019640 42468876 602903855 193267402 193267402 125228347 193267402 602903855 193267402 193267402 353646543 292019640 353646543 292019640 353646543 42468876 292019640 292019640 193267402 333667364 333667364 193267402 282189336 193267402 56643251 42468876 348418664 42468876 125228347 56643251 150683298 -1 292019640 193267402 42468876 292019640 150683298 42468876 348418664 292019640 353646543
85050798 282189336 125228347 292019640 282189336 282189336 292019640 42468876 193267402 508834496 42468876 292019640 193267402 193267402 125228347 193267402 292019640 193267402 193267402 292019640 828485818 292019640 508834496 292019640 42468876 508834496 508834496 193267402 292019640 292019640 193267402 282189336 193267402 56643251 42468876 292019640 42468876 125228347 56643251 150683298 292019640 -1 193267402 42468876 508834496 150683298 42468876 292019640 508834496 292019640
85050798 193267402 125228347 193267402 193267402 193267402 193267402 42468876 214998157 193267402 42468876 193267402 430101578 340522506 125228347 214998157 193267402 340522506 214998157 193267402 193267402 193267402 193267402 193267402 42468876 193267402 193267402 214998157 193267402 193267402 214998157 193267402 430101578 56643251 42468876 193267402 42468876 125228347 56643251 150683298 193267402 193267402 -1 42468876 193267402 150683298 42468876 193267402 193267402 193267402
42468876 42468876 42468876 42468876 42468876 42468876 42468876 88626941 42468876 42468876 88626941 42468876 42468876 42468876 42468876 42468876 42468876 42468876 42468876 42468876 42468876 42468876 42468876 42468876 88626941 42468876 42468876 42468876 42468876 42468876 42468876 42468876 42468876 42468876 88626941 42468876 804241158 42468876 42468876 42468876 42468876 42468876 42468876 -1 42468876 42468876 49119513 42468876 42468876 42468876
85050798 282189336 125228347 292019640 282189336 282189336 292019640 42468876 193267402 592630031 42468876 292019640 193267402 193267402 125228347 193267402 292019640 193267402 193267402 292019640 508834496 292019640 759188657 292019640 42468876 969043332 759188657 193267402 292019640 292019640 193267402 282189336 193267402 56643251 42468876 292019640 42468876 125228347 56643251 150683298 292019640 508834496 193267402 42468876 -1 150683298 42468876 292019640 592630031 292019640
85050798 150683298 125228347 150683298 150683298 150683298 150683298 42468876 150683298 150683298 42468876 150683298 150683298 150683298 125228347 150683298 150683298 150683298 150683298 150683298 150683298 150683298 150683298 150683298 42468876 150683298 150683298 150683298 150683298 150683298 150683298 150683298 150683298 56643251 42468876 150683298 42468876 125228347 56643251 275426667 150683298 150683298 150683298 42468876 150683298 -1 42468876 150683298 150683298 150683298
42468876 42468876 42468876 42468876 42468876 42468876 42468876 49119513 42468876 42468876 49119513 42468876 42468876 42468876 42468876 42468876 42468876 42468876 42468876 42468876 42468876 42468876 42468876 42468876 49119513 42468876 42468876 42468876 42468876 42468876 42468876 42468876 42468876 42468876 49119513 42468876 49119513 42468876 42468876 42468876 42468876 42468876 42468876 49119513 42468876 42468876 -1 42468876 42468876 42468876
85050798 282189336 125228347 348418664 282189336 282189336 348418664 42468876 193267402 292019640 42468876 348418664 193267402 193267402 125228347 193267402 348418664 193267402 193267402 348418664 292019640 348418664 292019640 348418664 42468876 292019640 292019640 193267402 333667364 333667364 193267402 282189336 193267402 56643251 42468876 471916298 42468876 125228347 56643251 150683298 348418664 292019640 193267402 42468876 292019640 150683298 42468876 -1 292019640 348418664
85050798 282189336 125228347 292019640 282189336 282189336 292019640 42468876 193267402 890358466 42468876 292019640 193267402 193267402 125228347 193267402 292019640 193267402 193267402 292019640 508834496 292019640 592630031 292019640 42468876 592630031 592630031 193267402 292019640 292019640 193267402 282189336 193267402 56643251 42468876 292019640 42468876 125228347 56643251 150683298 292019640 508834496 193267402 42468876 592630031 150683298 42468876 292019640 -1 292019640
85050798 282189336 125228347 353646543 282189336 282189336 524174072 42468876 193267402 292019640 42468876 353646543 193267402 193267402 125228347 193267402 353646543 193267402 193267402 524174072 292019640 524174072 292019640 524174072 42468876 292019640 292019640 193267402 333667364 333667364 193267402 282189336 193267402 56643251 42468876 348418664 42468876 125228347 56643251 150683298 353646543 292019640 193267402 42468876 292019640 150683298 42468876 348418664 292019640 -1
