50
-1 4550882 339734803 582397042 142609371 14481862 582397042 142609371 184010779 582397042 119627880 142609371 582397042 582397042 4550882 582397042 142609371 142609371 48008796 160073503 582397042 99824126 89592449 249958763 160073503 142609371 142609371 14481862 238118261 311505010 311505010 142609371 4550882 89592449 288308221 582397042 482079414 14481862 543127658 142609371 151908198 119627880 236825047 142609371 14481862 152988051 142609371 142609371 582397042 582397042
4550882 -1 4550882 4550882 4550882 4550882 4550882 4550882 4550882 4550882 4550882 4550882 4550882 4550882 685714711 4550882 4550882 4550882 4550882 4550882 4550882 4550882 4550882 4550882 4550882 4550882 4550882 4550882 4550882 4550882 4550882 4550882 970419920 4550882 4550882 4550882 4550882 4550882 4550882 4550882 4550882 4550882 4550882 4550882 4550882 4550882 4550882 4550882 4550882 4550882
339734803 4550882 -1 339734803 142609371 14481862 339734803 142609371 184010779 339734803 119627880 142609371 339734803 339734803 4550882 339734803 142609371 142609371 48008796 160073503 339734803 99824126 89592449 249958763 160073503 142609371 142609371 14481862 238118261 311505010 311505010 142609371 4550882 89592449 288308221 339734803 339734803 14481862 339734803 142609371 151908198 119627880 236825047 142609371 14481862 152988051 142609371 142609371 339734803 339734803
582397042 4550882 339734803 -1 142609371 14481862 724755634 142609371 184010779 670868582 119627880 142609371 724755634 724755634 4550882 724755634 142609371 142609371 48008796 160073503 693347100 99824126 89592449 249958763 160073503 142609371 142609371 14481862 238118261 311505010 311505010 142609371 4550882 89592449 288308221 724755634 482079414 14481862 543127658 142609371 151908198 119627880 236825047 142609371 14481862 152988051 142609371 142609371 724755634 724755634
142609371 4550882 142609371 142609371 -1 14481862 142609371 490571764 142609371 142609371 119627880 327120528 142609371 142609371 4550882 142609371 582542368 327120528 48008796 142609371 142609371 99824126 89592449 142609371 142609371 351633508 582542368 14481862 142609371 142609371 142609371 503965553 4550882 89592449 142609371 142609371 142609371 14481862 142609371 503965553 142609371 119627880 142609371 582542368 14481862 142609371 490571764 582542368 142609371 142609371
14481862 4550882 14481862 14481862 14481862 -1 14481862 14481862 14481862 14481862 14481862 14481862 14481862 14481862 4550882 14481862 14481862 14481862 14481862 14481862 14481862 14481862 14481862 14481862 14481862 14481862 14481862 434880150 14481862 14481862 14481862 14481862 4550882 14481862 14481862 14481862 14481862 434880150 14481862 14481862 14481862 14481862 14481862 14481862 434880150 14481862 14481862 14481862 14481862 14481862
582397042 4550882 339734803 724755634 142609371 14481862 -1 142609371 184010779 670868582 119627880 142609371 803722828 803722828 4550882 803722828 142609371 142609371 48008796 160073503 693347100 99824126 89592449 249958763 160073503 142609371 142609371 14481862 238118261 311505010 311505010 142609371 4550882 89592449 288308221 803722828 482079414 14481862 543127658 142609371 151908198 119627880 236825047 142609371 14481862 152988051 142609371 142609371 803722828 803722828
142609371 4550882 142609371 142609371 490571764 14481862 142609371 -1 142609371 142609371 119627880 327120528 142609371 142609371 4550882 142609371 490571764 327120528 48008796 142609371 142609371 99824126 89592449 142609371 142609371 351633508 490571764 14481862 142609371 142609371 142609371 490571764 4550882 89592449 142609371 142609371 142609371 14481862 142609371 490571764 142609371 119627880 142609371 490571764 14481862 142609371 546251963 490571764 142609371 142609371
184010779 4550882 184010779 184010779 142609371 14481862 184010779 142609371 -1 184010779 119627880 142609371 184010779 184010779 4550882 184010779 142609371 142609371 48008796 160073503 184010779 99824126 89592449 184010779 160073503 142609371 142609371 14481862 184010779 184010779 184010779 142609371 4550882 89592449 184010779 184010779 184010779 14481862 184010779 142609371 151908198 119627880 184010779 142609371 14481862 152988051 142609371 142609371 184010779 184010779
582397042 4550882 339734803 670868582 142609371 14481862 670868582 142609371 184010779 -1 119627880 142609371 670868582 670868582 4550882 670868582 142609371 142609371 48008796 160073503 670868582 99824126 89592449 249958763 160073503 142609371 142609371 14481862 238118261 311505010 311505010 142609371 4550882 89592449 288308221 670868582 482079414 14481862 543127658 142609371 151908198 119627880 236825047 142609371 14481862 152988051 142609371 142609371 670868582 670868582
119627880 4550882 119627880 119627880 119627880 14481862 119627880 119627880 119627880 119627880 -1 119627880 119627880 119627880 4550882 119627880 119627880 119627880 48008796 119627880 119627880 99824126 89592449 119627880 119627880 119627880 119627880 14481862 119627880 119627880 119627880 119627880 4550882 89592449 119627880 119627880 119627880 14481862 119627880 119627880 119627880 197077577 119627880 119627880 14481862 119627880 119627880 119627880 119627880 119627880
142609371 4550882 142609371 142609371 327120528 14481862 142609371 327120528 142609371 142609371 119627880 -1 142609371 142609371 4550882 142609371 327120528 555567479 48008796 142609371 142609371 99824126 89592449 142609371 142609371 327120528 327120528 14481862 142609371 142609371 142609371 327120528 4550882 89592449 142609371 142609371 142609371 14481862 142609371 327120528 142609371 119627880 142609371 327120528 14481862 142609371 327120528 327120528 142609371 142609371
582397042 4550882 339734803 724755634 142609371 14481862 803722828 142609371 184010779 670868582 119627880 142609371 -1 841469948 4550882 990954019 142609371 142609371 48008796 160073503 693347100 99824126 89592449 249958763 160073503 142609371 142609371 14481862 238118261 311505010 311505010 142609371 4550882 89592449 288308221 900665038 482079414 14481862 543127658 142609371 151908198 119627880 236825047 142609371 14481862 152988051 142609371 142609371 968947387 945761093
582397042 4550882 339734803 724755634 142609371 14481862 803722828 142609371 184010779 670868582 119627880 142609371 841469948 -1 4550882 841469948 142609371 142609371 48008796 160073503 693347100 99824126 89592449 249958763 160073503 142609371 142609371 14481862 238118261 311505010 311505010 142609371 4550882 89592449 288308221 841469948 482079414 14481862 543127658 142609371 151908198 119627880 236825047 142609371 14481862 152988051 142609371 142609371 841469948 841469948
4550882 685714711 4550882 4550882 4550882 4550882 4550882 4550882 4550882 4550882 4550882 4550882 4550882 4550882 -1 4550882 4550882 4550882 4550882 4550882 4550882 4550882 4550882 4550882 4550882 4550882 4550882 4550882 4550882 4550882 4550882 4550882 685714711 4550882 4550882 4550882 4550882 4550882 4550882 4550882 4550882 4550882 4550882 4550882 4550882 4550882 4550882 4550882 4550882 4550882
582397042 4550882 339734803 724755634 142609371 14481862 803722828 142609371 184010779 670868582 119627880 142609371 990954019 841469948 4550882 -1 142609371 142609371 48008796 160073503 693347100 99824126 89592449 249958763 160073503 142609371 142609371 14481862 238118261 311505010 311505010 142609371 4550882 89592449 288308221 900665038 482079414 14481862 543127658 142609371 151908198 119627880 236825047 142609371 14481862 152988051 142609371 142609371 968947387 945761093
142609371 4550882 142609371 142609371 582542368 14481862 142609371 490571764 142609371 142609371 119627880 327120528 142609371 142609371 4550882 142609371 -1 327120528 48008796 142609371 142609371 99824126 89592449 142609371 142609371 351633508 600738592 14481862 142609371 142609371 142609371 503965553 4550882 89592449 142609371 142609371 142609371 14481862 142609371 503965553 142609371 119627880 142609371 920225675 14481862 142609371 490571764 600738592 142609371 142609371
142609371 4550882 142609371 142609371 327120528 14481862 142609371 327120528 142609371 142609371 119627880 555567479 142609371 142609371 4550882 142609371 327120528 -1 48008796 142609371 142609371 99824126 89592449 142609371 142609371 327120528 327120528 14481862 142609371 142609371 142609371 327120528 4550882 89592449 142609371 142609371 142609371 14481862 142609371 327120528 142609371 119627880 142609371 327120528 14481862 142609371 327120528 327120528 142609371 142609371
48008796 4550882 48008796 48008796 48008796 14481862 48008796 48008796 48008796 48008796 48008796 48008796 48008796 48008796 4550882 48008796 48008796 48008796 -1 48008796 48008796 48008796 48008796 48008796 48008796 48008796 48008796 14481862 48008796 48008796 48008796 48008796 4550882 48008796 48008796 48008796 48008796 14481862 48008796 48008796 48008796 48008796 48008796 48008796 14481862 48008796 48008796 48008796 48008796 48008796
160073503 4550882 160073503 160073503 142609371 14481862 160073503 142609371 160073503 160073503 119627880 142609371 160073503 160073503 4550882 160073503 142609371 142609371 48008796 -1 160073503 99824126 89592449 160073503 204032829 142609371 142609371 14481862 160073503 160073503 160073503 142609371 4550882 89592449 160073503 160073503 160073503 14481862 160073503 142609371 151908198 119627880 160073503 142609371 14481862 152988051 142609371 142609371 160073503 160073503
582397042 4550882 339734803 693347100 142609371 14481862 693347100 142609371 184010779 670868582 119627880 142609371 693347100 693347100 4550882 693347100 142609371 142609371 48008796 160073503 -1 99824126 89592449 249958763 160073503 142609371 142609371 14481862 238118261 311505010 311505010 142609371 4550882 89592449 288308221 693347100 482079414 14481862 543127658 142609371 151908198 119627880 236825047 142609371 14481862 152988051 142609371 142609371 693347100 693347100
99824126 4550882 99824126 99824126 99824126 14481862 99824126 99824126 99824126 99824126 99824126 99824126 99824126 99824126 4550882 99824126 99824126 99824126 48008796 99824126 99824126 -1 89592449 99824126 99824126 99824126 99824126 14481862 99824126 99824126 99824126 99824126 4550882 89592449 99824126 99824126 99824126 14481862 99824126 99824126 99824126 99824126 99824126 99824126 14481862 99824126 99824126 99824126 99824126 99824126
89592449 4550882 89592449 89592449 89592449 14481862 89592449 89592449 89592449 89592449 89592449 89592449 89592449 89592449 4550882 89592449 89592449 89592449 48008796 89592449 89592449 89592449 -1 89592449 89592449 89592449 89592449 14481862 89592449 89592449 89592449 89592449 4550882 343704084 89592449 89592449 89592449 14481862 89592449 89592449 89592449 89592449 89592449 89592449 14481862 89592449 89592449 89592449 89592449 89592449
249958763 4550882 249958763 249958763 142609371 14481862 249958763 142609371 184010779 249958763 119627880 142609371 249958763 249958763 4550882 249958763 142609371 142609371 48008796 160073503 249958763 99824126 89592449 -1 160073503 142609371 142609371 14481862 238118261 249958763 249958763 142609371 4550882 89592449 249958763 249958763 249958763 14481862 249958763 142609371 151908198 119627880 236825047 142609371 14481862 152988051 142609371 142609371 249958763 249958763
160073503 4550882 160073503 160073503 142609371 14481862 160073503 142609371 160073503 160073503 119627880 142609371 160073503 160073503 4550882 160073503 142609371 142609371 48008796 204032829 160073503 99824126 89592449 160073503 -1 142609371 142609371 14481862 160073503 160073503 160073503 142609371 4550882 89592449 160073503 160073503 160073503 14481862 160073503 142609371 151908198 119627880 160073503 142609371 14481862 152988051 142609371 142609371 160073503 160073503
142609371 4550882 142609371 142609371 351633508 14481862 142609371 351633508 142609371 142609371 119627880 327120528 142609371 142609371 4550882 142609371 351633508 327120528 48008796 142609371 142609371 99824126 89592449 142609371 142609371 -1 351633508 14481862 142609371 142609371 142609371 351633508 4550882 89592449 142609371 142609371 142609371 14481862 142609371 351633508 142609371 119627880 142609371 351633508 14481862 142609371 351633508 351633508 142609371 142609371
142609371 4550882 142609371 142609371 582542368 14481862 142609371 490571764 142609371 142609371 119627880 327120528 142609371 142609371 4550882 142609371 600738592 327120528 48008796 142609371 142609371 99824126 89592449 142609371 142609371 351633508 -1 14481862 142609371 142609371 142609371 503965553 4550882 89592449 142609371 142609371 142609371 14481862 142609371 503965553 142609371 119627880 142609371 600738592 14481862 142609371 490571764 619223963 142609371 142609371
14481862 4550882 14481862 14481862 14481862 434880150 14481862 14481862 14481862 14481862 14481862 14481862 14481862 14481862 4550882 14481862 14481862 14481862 14481862 14481862 14481862 14481862 14481862 14481862 14481862 14481862 14481862 -1 14481862 14481862 14481862 14481862 4550882 14481862 14481862 14481862 14481862 762641422 14481862 14481862 14481862 14481862 14481862 14481862 720042780 14481862 14481862 14481862 14481862 14481862
238118261 4550882 238118261 238118261 142609371 14481862 238118261 142609371 184010779 238118261 119627880 142609371 238118261 238118261 4550882 238118261 142609371 142609371 48008796 160073503 238118261 99824126 89592449 238118261 160073503 142609371 142609371 14481862 -1 238118261 238118261 142609371 4550882 89592449 238118261 238118261 238118261 14481862 238118261 142609371 151908198 119627880 236825047 142609371 14481862 152988051 142609371 142609371 238118261 238118261
311505010 4550882 311505010 311505010 142609371 14481862 311505010 142609371 184010779 311505010 119627880 142609371 311505010 311505010 4550882 311505010 142609371 142609371 48008796 160073503 311505010 99824126 89592449 249958763 160073503 142609371 142609371 14481862 238118261 -1 393536912 142609371 4550882 89592449 288308221 311505010 311505010 14481862 311505010 142609371 151908198 119627880 236825047 142609371 14481862 152988051 142609371 142609371 311505010 311505010
311505010 4550882 311505010 311505010 142609371 14481862 311505010 142609371 184010779 311505010 119627880 142609371 311505010 311505010 4550882 311505010 142609371 142609371 48008796 160073503 311505010 99824126 89592449 249958763 160073503 142609371 142609371 14481862 238118261 393536912 -1 142609371 4550882 89592449 288308221 311505010 311505010 14481862 311505010 142609371 151908198 119627880 236825047 142609371 14481862 152988051 142609371 142609371 311505010 311505010
142609371 4550882 142609371 142609371 503965553 14481862 142609371 490571764 142609371 142609371 119627880 327120528 142609371 142609371 4550882 142609371 503965553 327120528 48008796 142609371 142609371 99824126 89592449 142609371 142609371 351633508 503965553 14481862 142609371 142609371 142609371 -1 4550882 89592449 142609371 142609371 142609371 14481862 142609371 825271382 142609371 119627880 142609371 503965553 14481862 142609371 490571764 503965553 142609371 142609371
4550882 970419920 4550882 4550882 4550882 4550882 4550882 4550882 4550882 4550882 4550882 4550882 4550882 4550882 685714711 4550882 4550882 4550882 4550882 4550882 4550882 4550882 4550882 4550882 4550882 4550882 4550882 4550882 4550882 4550882 4550882 4550882 -1 4550882 4550882 4550882 4550882 4550882 4550882 4550882 4550882 4550882 4550882 4550882 4550882 4550882 4550882 4550882 4550882 4550882
89592449 4550882 89592449 89592449 89592449 14481862 89592449 89592449 89592449 89592449 89592449 89592449 89592449 89592449 4550882 89592449 89592449 89592449 48008796 89592449 89592449 89592449 343704084 89592449 89592449 89592449 89592449 14481862 89592449 89592449 89592449 89592449 4550882 -1 89592449 89592449 89592449 14481862 89592449 89592449 89592449 89592449 89592449 89592449 14481862 89592449 89592449 89592449 89592449 89592449
288308221 4550882 288308221 288308221 142609371 14481862 288308221 142609371 184010779 288308221 119627880 142609371 288308221 288308221 4550882 288308221 142609371 142609371 48008796 160073503 288308221 99824126 89592449 249958763 160073503 142609371 142609371 14481862 238118261 288308221 288308221 142609371 4550882 89592449 -1 288308221 288308221 14481862 288308221 142609371 151908198 119627880 236825047 142609371 14481862 152988051 142609371 142609371 288308221 288308221
582397042 4550882 339734803 724755634 142609371 14481862 803722828 142609371 184010779 670868582 119627880 142609371 900665038 841469948 4550882 900665038 142609371 142609371 48008796 160073503 693347100 99824126 89592449 249958763 160073503 142609371 142609371 14481862 238118261 311505010 311505010 142609371 4550882 89592449 288308221 -1 482079414 14481862 543127658 142609371 151908198 119627880 236825047 142609371 14481862 152988051 142609371 142609371 900665038 900665038
482079414 4550882 339734803 482079414 142609371 14481862 482079414 142609371 184010779 482079414 119627880 142609371 482079414 482079414 4550882 482079414 142609371 142609371 48008796 160073503 482079414 99824126 89592449 249958763 160073503 142609371 142609371 14481862 238118261 311505010 311505010 142609371 4550882 89592449 288308221 482079414 -1 14481862 482079414 142609371 151908198 119627880 236825047 142609371 14481862 152988051 142609371 142609371 482079414 482079414
14481862 4550882 14481862 14481862 14481862 434880150 14481862 14481862 14481862 14481862 14481862 14481862 14481862 14481862 4550882 14481862 14481862 14481862 14481862 14481862 14481862 14481862 14481862 14481862 14481862 14481862 14481862 762641422 14481862 14481862 14481862 14481862 4550882 14481862 14481862 14481862 14481862 -1 14481862 14481862 14481862 14481862 14481862 14481862 720042780 14481862 14481862 14481862 14481862 14481862
543127658 4550882 339734803 543127658 142609371 14481862 543127658 142609371 184010779 543127658 119627880 142609371 543127658 543127658 4550882 543127658 142609371 142609371 48008796 160073503 543127658 99824126 89592449 249958763 160073503 142609371 142609371 14481862 238118261 311505010 311505010 142609371 4550882 89592449 288308221 543127658 482079414 14481862 -1 142609371 151908198 119627880 236825047 142609371 14481862 152988051 142609371 142609371 543127658 543127658
142609371 4550882 142609371 142609371 503965553 14481862 142609371 490571764 142609371 142609371 119627880 327120528 142609371 142609371 4550882 142609371 503965553 327120528 48008796 142609371 142609371 99824126 89592449 142609371 142609371 351633508 503965553 14481862 142609371 142609371 142609371 825271382 4550882 89592449 142609371 142609371 142609371 14481862 142609371 -1 142609371 119627880 142609371 503965553 14481862 142609371 490571764 503965553 142609371 142609371
151908198 4550882 151908198 151908198 142609371 14481862 151908198 142609371 151908198 151908198 119627880 142609371 151908198 151908198 4550882 151908198 142609371 142609371 48008796 151908198 151908198 99824126 89592449 151908198 151908198 142609371 142609371 14481862 151908198 151908198 151908198 142609371 4550882 89592449 151908198 151908198 151908198 14481862 151908198 142609371 -1 119627880 151908198 142609371 14481862 151908198 142609371 142609371 151908198 151908198
119627880 4550882 119627880 119627880 119627880 14481862 119627880 119627880 119627880 119627880 197077577 119627880 119627880 119627880 4550882 119627880 119627880 119627880 48008796 119627880 119627880 99824126 89592449 119627880 119627880 119627880 119627880 14481862 119627880 119627880 119627880 119627880 4550882 89592449 119627880 119627880 119627880 14481862 119627880 119627880 119627880 -1 119627880 119627880 14481862 119627880 119627880 119627880 119627880 119627880
236825047 4550882 236825047 236825047 142609371 14481862 236825047 142609371 184010779 236825047 119627880 142609371 236825047 236825047 4550882 236825047 142609371 142609371 48008796 160073503 236825047 99824126 89592449 236825047 160073503 142609371 142609371 14481862 236825047 236825047 236825047 142609371 4550882 89592449 236825047 236825047 236825047 14481862 236825047 142609371 151908198 119627880 -1 142609371 14481862 152988051 142609371 142609371 236825047 236825047
142609371 4550882 142609371 142609371 582542368 14481862 142609371 490571764 142609371 142609371 119627880 327120528 142609371 142609371 4550882 142609371 920225675 327120528 48008796 142609371 142609371 99824126 89592449 142609371 142609371 351633508 600738592 14481862 142609371 142609371 142609371 503965553 4550882 89592449 142609371 142609371 142609371 14481862 142609371 503965553 142609371 119627880 142609371 -1 14481862 142609371 490571764 600738592 142609371 142609371
14481862 4550882 14481862 14481862 14481862 434880150 14481862 14481862 14481862 14481862 14481862 14481862 14481862 14481862 4550882 14481862 14481862 14481862 14481862 14481862 14481862 14481862 14481862 14481862 14481862 14481862 14481862 720042780 14481862 14481862 14481862 14481862 4550882 14481862 14481862 14481862 14481862 720042780 14481862 14481862 14481862 14481862 14481862 14481862 -1 14481862 14481862 14481862 14481862 14481862
152988051 4550882 152988051 152988051 142609371 14481862 152988051 142609371 152988051 152988051 119627880 142609371 152988051 152988051 4550882 152988051 142609371 142609371 48008796 152988051 152988051 99824126 89592449 152988051 152988051 142609371 142609371 14481862 152988051 152988051 152988051 142609371 4550882 89592449 152988051 152988051 152988051 14481862 152988051 142609371 151908198 119627880 152988051 142609371 14481862 -1 142609371 142609371 152988051 152988051
142609371 4550882 142609371 142609371 490571764 14481862 142609371 546251963 142609371 142609371 119627880 327120528 142609371 142609371 4550882 142609371 490571764 327120528 48008796 142609371 142609371 99824126 89592449 142609371 142609371 351633508 490571764 14481862 142609371 142609371 142609371 490571764 4550882 89592449 142609371 142609371 142609371 14481862 142609371 490571764 142609371 119627880 142609371 490571764 14481862 142609371 -1 490571764 142609371 142609371
142609371 4550882 142609371 142609371 582542368 14481862 142609371 490571764 142609371 142609371 119627880 327120528 142609371 142609371 4550882 142609371 600738592 327120528 48008796 142609371 142609371 99824126 89592449 142609371 142609371 351633508 619223963 14481862 142609371 142609371 142609371 503965553 4550882 89592449 142609371 142609371 142609371 14481862 142609371 503965553 142609371 119627880 142609371 600738592 14481862 142609371 490571764 -1 142609371 142609371
582397042 4550882 339734803 724755634 142609371 14481862 803722828 142609371 184010779 670868582 119627880 142609371 968947387 841469948 4550882 968947387 142609371 142609371 48008796 160073503 693347100 99824126 89592449 249958763 160073503 142609371 142609371 14481862 238118261 311505010 311505010 142609371 4550882 89592449 288308221 900665038 482079414 14481862 543127658 142609371 151908198 119627880 236825047 142609371 14481862 152988051 142609371 142609371 -1 945761093
582397042 4550882 339734803 724755634 142609371 14481862 803722828 142609371 184010779 670868582 119627880 142609371 945761093 841469948 4550882 945761093 142609371 142609371 48008796 160073503 693347100 99824126 89592449 249958763 160073503 142609371 142609371 14481862 238118261 311505010 311505010 142609371 4550882 89592449 288308221 900665038 482079414 14481862 543127658 142609371 151908198 119627880 236825047 142609371 14481862 152988051 142609371 142609371 945761093 -1
