100
-1 2 13 43 1 1 37 20 43 9 2 20 9 9 12 12 2 37 1 2 1 1 11 1 9 1 43 13 12 13 9 91 12 9 5 9 13 13 9 13 9 53 37 13 9 43 9 0 12 9 43 9 12 9 12 9 20 9 37 13 9 9 9 5 13 11 43 13 1 1 13 13 12 9 1 6 37 9 12 18 13 13 1 12 20 2 13 12 12 12 9 9 9 13 9 1 13 13 12 1
2 -1 2 2 1 1 2 2 2 2 2 2 2 2 2 2 2 2 1 26 1 1 2 1 2 1 2 2 2 2 2 2 2 2 2 2 2 2 2 2 2 2 2 2 2 2 2 0 2 2 2 2 2 2 2 2 2 2 2 2 2 2 2 2 2 2 2 2 1 1 2 2 2 2 1 2 2 2 2 2 2 2 1 2 2 2 2 2 2 2 2 2 2 2 2 1 2 2 2 1
13 2 -1 13 1 1 13 13 13 9 2 13 9 9 12 12 2 13 1 2 1 1 11 1 9 1 13 21 12 21 9 13 12 9 5 9 20 20 9 21 9 13 13 21 9 13 9 0 12 9 13 9 12 9 12 9 13 9 13 21 9 9 9 5 21 11 13 21 1 1 21 21 12 9 1 6 13 9 12 13 21 20 1 12 13 2 20 12 12 12 9 9 9 13 9 1 21 20 12 1
43 2 13 -1 1 1 37 20 55 9 2 20 9 9 12 12 2 37 1 2 1 1 11 1 9 1 55 13 12 13 9 43 12 9 5 9 13 13 9 13 9 43 37 13 9 55 9 0 12 9 55 9 12 9 12 9 20 9 37 13 9 9 9 5 13 11 55 13 1 1 13 13 12 9 1 6 37 9 12 18 13 13 1 12 20 2 13 12 12 12 9 9 9 13 9 1 13 13 12 1
1 1 1 1 -1 6 1 1 1 1 1 1 1 1 1 1 1 1 6 1 6 1 1 6 1 2 1 1 1 1 1 1 1 1 1 1 1 1 1 1 1 1 1 1 1 1 1 0 1 1 1 1 1 1 1 1 1 1 1 1 1 1 1 1 1 1 1 1 6 6 1 1 1 1 1 1 1 1 1 1 1 1 6 1 1 1 1 1 1 1 1 1 1 1 1 6 1 1 1 1
1 1 1 1 6 -1 1 1 1 1 1 1 1 1 1 1 1 1 33 1 33 1 1 33 1 2 1 1 1 1 1 1 1 1 1 1 1 1 1 1 1 1 1 1 1 1 1 0 1 1 1 1 1 1 1 1 1 1 1 1 1 1 1 1 1 1 1 1 7 7 1 1 1 1 1 1 1 1 1 1 1 1 78 1 1 1 1 1 1 1 1 1 1 1 1 33 1 1 1 1
37 2 13 37 1 1 -1 20 37 9 2 20 9 9 12 12 2 41 1 2 1 1 11 1 9 1 37 13 12 13 9 37 12 9 5 9 13 13 9 13 9 37 41 13 9 37 9 0 12 9 37 9 12 9 12 9 20 9 41 13 9 9 9 5 13 11 37 13 1 1 13 13 12 9 1 6 41 9 12 18 13 13 1 12 20 2 13 12 12 12 9 9 9 13 9 1 13 13 12 1
20 2 13 20 1 1 20 -1 20 9 2 22 9 9 12 12 2 20 1 2 1 1 11 1 9 1 20 13 12 13 9 20 12 9 5 9 13 13 9 13 9 20 20 13 9 20 9 0 12 9 20 9 12 9 12 9 22 9 20 13 9 9 9 5 13 11 20 13 1 1 13 13 12 9 1 6 20 9 12 18 13 13 1 12 22 2 13 12 12 12 9 9 9 13 9 1 13 13 12 1
43 2 13 55 1 1 37 20 -1 9 2 20 9 9 12 12 2 37 1 2 1 1 11 1 9 1 83 13 12 13 9 43 12 9 5 9 13 13 9 13 9 43 37 13 9 78 9 0 12 9 86 9 12 9 12 9 20 9 37 13 9 9 9 5 13 11 95 13 1 1 13 13 12 9 1 6 37 9 12 18 13 13 1 12 20 2 13 12 12 12 9 9 9 13 9 1 13 13 12 1
9 2 9 9 1 1 9 9 9 -1 2 9 31 27 9 9 2 9 1 2 1 1 9 1 31 1 9 9 9 9 31 9 9 85 5 9 9 9 22 9 31 9 9 9 31 9 22 0 9 31 9 39 9 31 9 10 9 31 9 9 9 27 22 5 9 9 9 9 1 1 9 9 9 31 1 6 9 18 9 9 9 9 1 9 9 2 9 9 9 9 31 31 22 9 27 1 9 9 9 1
2 2 2 2 1 1 2 2 2 2 -1 2 2 2 2 2 2 2 1 2 1 1 2 1 2 1 2 2 2 2 2 2 2 2 2 2 2 2 2 2 2 2 2 2 2 2 2 0 2 2 2 2 2 2 2 2 2 2 2 2 2 2 2 2 2 2 2 2 1 1 2 2 2 2 1 2 2 2 2 2 2 2 1 2 2 2 2 2 2 2 2 2 2 2 2 1 2 2 2 1
20 2 13 20 1 1 20 22 20 9 2 -1 9 9 12 12 2 20 1 2 1 1 11 1 9 1 20 13 12 13 9 20 12 9 5 9 13 13 9 13 9 20 20 13 9 20 9 0 12 9 20 9 12 9 12 9 80 9 20 13 9 9 9 5 13 11 20 13 1 1 13 13 12 9 1 6 20 9 12 18 13 13 1 12 99 2 13 12 12 12 9 9 9 13 9 1 13 13 12 1
9 2 9 9 1 1 9 9 9 31 2 9 -1 27 9 9 2 9 1 2 1 1 9 1 62 1 9 9 9 9 54 9 9 31 5 9 9 9 22 9 52 9 9 9 49 9 22 0 9 75 9 31 9 62 9 10 9 58 9 9 9 27 22 5 9 9 9 9 1 1 9 9 9 39 1 6 9 18 9 9 9 9 1 9 9 2 9 9 9 9 62 46 22 9 27 1 9 9 9 1
9 2 9 9 1 1 9 9 9 27 2 9 27 -1 9 9 2 9 1 2 1 1 9 1 27 1 9 9 9 9 27 9 9 27 5 9 9 9 22 9 27 9 9 9 27 9 22 0 9 27 9 27 9 27 9 10 9 27 9 9 9 57 22 5 9 9 9 9 1 1 9 9 9 27 1 6 9 18 9 9 9 9 1 9 9 2 9 9 9 9 27 27 22 9 57 1 9 9 9 1
12 2 12 12 1 1 12 12 12 9 2 12 9 9 -1 20 2 12 1 2 1 1 11 1 9 1 12 12 20 12 9 12 20 9 5 9 12 12 9 12 9 12 12 12 9 12 9 0 20 9 12 9 20 9 20 9 12 9 12 12 9 9 9 5 12 11 12 12 1 1 12 12 67 9 1 6 12 9 20 12 12 12 1 20 12 2 12 20 20 20 9 9 9 12 9 1 12 12 20 1
12 2 12 12 1 1 12 12 12 9 2 12 9 9 20 -1 2 12 1 2 1 1 11 1 9 1 12 12 39 12 9 12 28 9 5 9 12 12 9 12 9 12 12 12 9 12 9 0 28 9 12 9 33 9 28 9 12 9 12 12 9 9 9 5 12 11 12 12 1 1 12 12 20 9 1 6 12 9 28 12 12 12 1 28 12 2 12 28 28 33 9 9 9 12 9 1 12 12 39 1
2 2 2 2 1 1 2 2 2 2 2 2 2 2 2 2 -1 2 1 2 1 1 2 1 2 1 2 2 2 2 2 2 2 2 2 2 2 2 2 2 2 2 2 2 2 2 2 0 2 2 2 2 2 2 2 2 2 2 2 2 2 2 2 2 2 2 2 2 1 1 2 2 2 2 1 2 2 2 2 2 2 2 1 2 2 88 2 2 2 2 2 2 2 2 2 1 2 2 2 1
37 2 13 37 1 1 41 20 37 9 2 20 9 9 12 12 2 -1 1 2 1 1 11 1 9 1 37 13 12 13 9 37 12 9 5 9 13 13 9 13 9 37 41 13 9 37 9 0 12 9 37 9 12 9 12 9 20 9 41 13 9 9 9 5 13 11 37 13 1 1 13 13 12 9 1 6 41 9 12 18 13 13 1 12 20 2 13 12 12 12 9 9 9 13 9 1 13 13 12 1
1 1 1 1 6 33 1 1 1 1 1 1 1 1 1 1 1 1 -1 1 71 1 1 80 1 2 1 1 1 1 1 1 1 1 1 1 1 1 1 1 1 1 1 1 1 1 1 0 1 1 1 1 1 1 1 1 1 1 1 1 1 1 1 1 1 1 1 1 7 7 1 1 1 1 1 1 1 1 1 1 1 1 33 1 1 1 1 1 1 1 1 1 1 1 1 36 1 1 1 1
2 26 2 2 1 1 2 2 2 2 2 2 2 2 2 2 2 2 1 -1 1 1 2 1 2 1 2 2 2 2 2 2 2 2 2 2 2 2 2 2 2 2 2 2 2 2 2 0 2 2 2 2 2 2 2 2 2 2 2 2 2 2 2 2 2 2 2 2 1 1 2 2 2 2 1 2 2 2 2 2 2 2 1 2 2 2 2 2 2 2 2 2 2 2 2 1 2 2 2 1
1 1 1 1 6 33 1 1 1 1 1 1 1 1 1 1 1 1 71 1 -1 1 1 71 1 2 1 1 1 1 1 1 1 1 1 1 1 1 1 1 1 1 1 1 1 1 1 0 1 1 1 1 1 1 1 1 1 1 1 1 1 1 1 1 1 1 1 1 7 7 1 1 1 1 1 1 1 1 1 1 1 1 33 1 1 1 1 1 1 1 1 1 1 1 1 36 1 1 1 1
1 1 1 1 1 1 1 1 1 1 1 1 1 1 1 1 1 1 1 1 1 -1 1 1 1 1 1 1 1 1 1 1 1 1 1 1 1 1 1 1 1 1 1 1 1 1 1 0 1 1 1 1 1 1 1 1 1 1 1 1 1 1 1 1 1 1 1 1 1 1 1 1 1 1 33 1 1 1 1 1 1 1 1 1 1 1 1 1 1 1 1 1 1 1 1 1 1 1 1 1
11 2 11 11 1 1 11 11 11 9 2 11 9 9 11 11 2 11 1 2 1 1 -1 1 9 1 11 11 11 11 9 11 11 9 5 9 11 11 9 11 9 11 11 11 9 11 9 0 11 9 11 9 11 9 11 9 11 9 11 11 9 9 9 5 11 11 11 11 1 1 11 11 11 9 1 6 11 9 11 11 11 11 1 11 11 2 11 11 11 11 9 9 9 11 9 1 11 11 11 1
1 1 1 1 6 33 1 1 1 1 1 1 1 1 1 1 1 1 80 1 71 1 1 -1 1 2 1 1 1 1 1 1 1 1 1 1 1 1 1 1 1 1 1 1 1 1 1 0 1 1 1 1 1 1 1 1 1 1 1 1 1 1 1 1 1 1 1 1 7 7 1 1 1 1 1 1 1 1 1 1 1 1 33 1 1 1 1 1 1 1 1 1 1 1 1 36 1 1 1 1
9 2 9 9 1 1 9 9 9 31 2 9 62 27 9 9 2 9 1 2 1 1 9 1 -1 1 9 9 9 9 54 9 9 31 5 9 9 9 22 9 52 9 9 9 49 9 22 0 9 62 9 31 9 96 9 10 9 58 9 9 9 27 22 5 9 9 9 9 1 1 9 9 9 39 1 6 9 18 9 9 9 9 1 9 9 2 9 9 9 9 98 46 22 9 27 1 9 9 9 1
1 1 1 1 2 2 1 1 1 1 1 1 1 1 1 1 1 1 2 1 2 1 1 2 1 -1 1 1 1 1 1 1 1 1 1 1 1 1 1 1 1 1 1 1 1 1 1 0 1 1 1 1 1 1 1 1 1 1 1 1 1 1 1 1 1 1 1 1 2 2 1 1 1 1 1 1 1 1 1 1 1 1 2 1 1 1 1 1 1 1 1 1 1 1 1 2 1 1 1 1
43 2 13 55 1 1 37 20 83 9 2 20 9 9 12 12 2 37 1 2 1 1 11 1 9 1 -1 13 12 13 9 43 12 9 5 9 13 13 9 13 9 43 37 13 9 78 9 0 12 9 83 9 12 9 12 9 20 9 37 13 9 9 9 5 13 11 83 13 1 1 13 13 12 9 1 6 37 9 12 18 13 13 1 12 20 2 13 12 12 12 9 9 9 13 9 1 13 13 12 1
13 2 21 13 1 1 13 13 13 9 2 13 9 9 12 12 2 13 1 2 1 1 11 1 9 1 13 -1 12 59 9 13 12 9 5 9 20 20 9 49 9 13 13 32 9 13 9 0 12 9 13 9 12 9 12 9 13 9 13 59 9 9 9 5 59 11 13 80 1 1 56 59 12 9 1 6 13 9 12 13 59 20 1 12 13 2 20 12 12 12 9 9 9 13 9 1 59 20 12 1
12 2 12 12 1 1 12 12 12 9 2 12 9 9 20 39 2 12 1 2 1 1 11 1 9 1 12 12 -1 12 9 12 28 9 5 9 12 12 9 12 9 12 12 12 9 12 9 0 28 9 12 9 33 9 28 9 12 9 12 12 9 9 9 5 12 11 12 12 1 1 12 12 20 9 1 6 12 9 28 12 12 12 1 28 12 2 12 28 28 33 9 9 9 12 9 1 12 12 63 1
13 2 21 13 1 1 13 13 13 9 2 13 9 9 12 12 2 13 1 2 1 1 11 1 9 1 13 59 12 -1 9 13 12 9 5 9 20 20 9 49 9 13 13 32 9 13 9 0 12 9 13 9 12 9 12 9 13 9 13 66 9 9 9 5 83 11 13 59 1 1 56 66 12 9 1 6 13 9 12 13 61 20 1 12 13 2 20 12 12 12 9 9 9 13 9 1 93 20 12 1
9 2 9 9 1 1 9 9 9 31 2 9 54 27 9 9 2 9 1 2 1 1 9 1 54 1 9 9 9 9 -1 9 9 31 5 9 9 9 22 9 52 9 9 9 49 9 22 0 9 54 9 31 9 54 9 10 9 54 9 9 9 27 22 5 9 9 9 9 1 1 9 9 9 39 1 6 9 18 9 9 9 9 1 9 9 2 9 9 9 9 54 46 22 9 27 1 9 9 9 1
91 2 13 43 1 1 37 20 43 9 2 20 9 9 12 12 2 37 1 2 1 1 11 1 9 1 43 13 12 13 9 -1 12 9 5 9 13 13 9 13 9 53 37 13 9 43 9 0 12 9 43 9 12 9 12 9 20 9 37 13 9 9 9 5 13 11 43 13 1 1 13 13 12 9 1 6 37 9 12 18 13 13 1 12 20 2 13 12 12 12 9 9 9 13 9 1 13 13 12 1
12 2 12 12 1 1 12 12 12 9 2 12 9 9 20 28 2 12 1 2 1 1 11 1 9 1 12 12 28 12 9 12 -1 9 5 9 12 12 9 12 9 12 12 12 9 12 9 0 33 9 12 9 28 9 28 9 12 9 12 12 9 9 9 5 12 11 12 12 1 1 12 12 20 9 1 6 12 9 28 12 12 12 1 28 12 2 12 28 28 28 9 9 9 12 9 1 12 12 28 1
9 2 9 9 1 1 9 9 9 85 2 9 31 27 9 9 2 9 1 2 1 1 9 1 31 1 9 9 9 9 31 9 9 -1 5 9 9 9 22 9 31 9 9 9 31 9 22 0 9 31 9 39 9 31 9 10 9 31 9 9 9 27 22 5 9 9 9 9 1 1 9 9 9 31 1 6 9 18 9 9 9 9 1 9 9 2 9 9 9 9 31 31 22 9 27 1 9 9 9 1
5 2 5 5 1 1 5 5 5 5 2 5 5 5 5 5 2 5 1 2 1 1 5 1 5 1 5 5 5 5 5 5 5 5 -1 5 5 5 5 5 5 5 5 5 5 5 5 0 5 5 5 5 5 5 5 5 5 5 5 5 5 5 5 6 5 5 5 5 1 1 5 5 5 5 1 5 5 5 5 5 5 5 1 5 5 2 5 5 5 5 5 5 5 5 5 1 5 5 5 1
9 2 9 9 1 1 9 9 9 9 2 9 9 9 9 9 2 9 1 2 1 1 9 1 9 1 9 9 9 9 9 9 9 9 5 -1 9 9 9 9 9 9 9 9 9 9 9 0 9 9 9 9 9 9 9 9 9 9 9 9 9 9 9 5 9 9 9 9 1 1 9 9 9 9 1 6 9 9 9 9 9 9 1 9 9 2 9 9 9 9 9 9 9 9 9 1 9 9 9 1
13 2 20 13 1 1 13 13 13 9 2 13 9 9 12 12 2 13 1 2 1 1 11 1 9 1 13 20 12 20 9 13 12 9 5 9 -1 41 9 20 9 13 13 20 9 13 9 0 12 9 13 9 12 9 12 9 13 9 13 20 9 9 9 5 20 11 13 20 1 1 20 20 12 9 1 6 13 9 12 13 20 34 1 12 13 2 41 12 12 12 9 9 9 13 9 1 20 92 12 1
13 2 20 13 1 1 13 13 13 9 2 13 9 9 12 12 2 13 1 2 1 1 11 1 9 1 13 20 12 20 9 13 12 9 5 9 41 -1 9 20 9 13 13 20 9 13 9 0 12 9 13 9 12 9 12 9 13 9 13 20 9 9 9 5 20 11 13 20 1 1 20 20 12 9 1 6 13 9 12 13 20 34 1 12 13 2 89 12 12 12 9 9 9 13 9 1 20 41 12 1
9 2 9 9 1 1 9 9 9 22 2 9 22 22 9 9 2 9 1 2 1 1 9 1 22 1 9 9 9 9 22 9 9 22 5 9 9 9 -1 9 22 9 9 9 22 9 55 0 9 22 9 22 9 22 9 10 9 22 9 9 9 22 86 5 9 9 9 9 1 1 9 9 9 22 1 6 9 18 9 9 9 9 1 9 9 2 9 9 9 9 22 22 40 9 22 1 9 9 9 1
13 2 21 13 1 1 13 13 13 9 2 13 9 9 12 12 2 13 1 2 1 1 11 1 9 1 13 49 12 49 9 13 12 9 5 9 20 20 9 -1 9 13 13 32 9 13 9 0 12 9 13 9 12 9 12 9 13 9 13 49 9 9 9 5 49 11 13 49 1 1 49 49 12 9 1 6 13 9 12 13 49 20 1 12 13 2 20 12 12 12 9 9 9 13 9 1 49 20 12 1
9 2 9 9 1 1 9 9 9 31 2 9 52 27 9 9 2 9 1 2 1 1 9 1 52 1 9 9 9 9 52 9 9 31 5 9 9 9 22 9 -1 9 9 9 49 9 22 0 9 52 9 31 9 52 9 10 9 52 9 9 9 27 22 5 9 9 9 9 1 1 9 9 9 39 1 6 9 18 9 9 9 9 1 9 9 2 9 9 9 9 52 46 22 9 27 1 9 9 9 1
53 2 13 43 1 1 37 20 43 9 2 20 9 9 12 12 2 37 1 2 1 1 11 1 9 1 43 13 12 13 9 53 12 9 5 9 13 13 9 13 9 -1 37 13 9 43 9 0 12 9 43 9 12 9 12 9 20 9 37 13 9 9 9 5 13 11 43 13 1 1 13 13 12 9 1 6 37 9 12 18 13 13 1 12 20 2 13 12 12 12 9 9 9 13 9 1 13 13 12 1
37 2 13 37 1 1 41 20 37 9 2 20 9 9 12 12 2 41 1 2 1 1 11 1 9 1 37 13 12 13 9 37 12 9 5 9 13 13 9 13 9 37 -1 13 9 37 9 0 12 9 37 9 12 9 12 9 20 9 69 13 9 9 9 5 13 11 37 13 1 1 13 13 12 9 1 6 69 9 12 18 13 13 1 12 20 2 13 12 12 12 9 9 9 13 9 1 13 13 12 1
13 2 21 13 1 1 13 13 13 9 2 13 9 9 12 12 2 13 1 2 1 1 11 1 9 1 13 32 12 32 9 13 12 9 5 9 20 20 9 32 9 13 13 -1 9 13 9 0 12 9 13 9 12 9 12 9 13 9 13 32 9 9 9 5 32 11 13 32 1 1 32 32 12 9 1 6 13 9 12 13 32 20 1 12 13 2 20 12 12 12 9 9 9 13 9 1 32 20 12 1
9 2 9 9 1 1 9 9 9 31 2 9 49 27 9 9 2 9 1 2 1 1 9 1 49 1 9 9 9 9 49 9 9 31 5 9 9 9 22 9 49 9 9 9 -1 9 22 0 9 49 9 31 9 49 9 10 9 49 9 9 9 27 22 5 9 9 9 9 1 1 9 9 9 39 1 6 9 18 9 9 9 9 1 9 9 2 9 9 9 9 49 46 22 9 27 1 9 9 9 1
43 2 13 55 1 1 37 20 78 9 2 20 9 9 12 12 2 37 1 2 1 1 11 1 9 1 78 13 12 13 9 43 12 9 5 9 13 13 9 13 9 43 37 13 9 -1 9 0 12 9 78 9 12 9 12 9 20 9 37 13 9 9 9 5 13 11 78 13 1 1 13 13 12 9 1 6 37 9 12 18 13 13 1 12 20 2 13 12 12 12 9 9 9 13 9 1 13 13 12 1
9 2 9 9 1 1 9 9 9 22 2 9 22 22 9 9 2 9 1 2 1 1 9 1 22 1 9 9 9 9 22 9 9 22 5 9 9 9 55 9 22 9 9 9 22 9 -1 0 9 22 9 22 9 22 9 10 9 22 9 9 9 22 55 5 9 9 9 9 1 1 9 9 9 22 1 6 9 18 9 9 9 9 1 9 9 2 9 9 9 9 22 22 40 9 22 1 9 9 9 1
0 0 0 0 0 0 0 0 0 0 0 0 0 0 0 0 0 0 0 0 0 0 0 0 0 0 0 0 0 0 0 0 0 0 0 0 0 0 0 0 0 0 0 0 0 0 0 -1 0 0 0 0 0 0 0 0 0 0 0 0 0 0 0 0 0 0 0 0 0 0 0 0 0 0 0 0 0 0 0 0 0 0 0 0 0 0 0 0 0 0 0 0 0 0 0 0 0 0 0 0
12 2 12 12 1 1 12 12 12 9 2 12 9 9 20 28 2 12 1 2 1 1 11 1 9 1 12 12 28 12 9 12 33 9 5 9 12 12 9 12 9 12 12 12 9 12 9 0 -1 9 12 9 28 9 28 9 12 9 12 12 9 9 9 5 12 11 12 12 1 1 12 12 20 9 1 6 12 9 28 12 12 12 1 28 12 2 12 28 28 28 9 9 9 12 9 1 12 12 28 1
9 2 9 9 1 1 9 9 9 31 2 9 75 27 9 9 2 9 1 2 1 1 9 1 62 1 9 9 9 9 54 9 9 31 5 9 9 9 22 9 52 9 9 9 49 9 22 0 9 -1 9 31 9 62 9 10 9 58 9 9 9 27 22 5 9 9 9 9 1 1 9 9 9 39 1 6 9 18 9 9 9 9 1 9 9 2 9 9 9 9 62 46 22 9 27 1 9 9 9 1
43 2 13 55 1 1 37 20 86 9 2 20 9 9 12 12 2 37 1 2 1 1 11 1 9 1 83 13 12 13 9 43 12 9 5 9 13 13 9 13 9 43 37 13 9 78 9 0 12 9 -1 9 12 9 12 9 20 9 37 13 9 9 9 5 13 11 86 13 1 1 13 13 12 9 1 6 37 9 12 18 13 13 1 12 20 2 13 12 12 12 9 9 9 13 9 1 13 13 12 1
9 2 9 9 1 1 9 9 9 39 2 9 31 27 9 9 2 9 1 2 1 1 9 1 31 1 9 9 9 9 31 9 9 39 5 9 9 9 22 9 31 9 9 9 31 9 22 0 9 31 9 -1 9 31 9 10 9 31 9 9 9 27 22 5 9 9 9 9 1 1 9 9 9 31 1 6 9 18 9 9 9 9 1 9 9 2 9 9 9 9 31 31 22 9 27 1 9 9 9 1
12 2 12 12 1 1 12 12 12 9 2 12 9 9 20 33 2 12 1 2 1 1 11 1 9 1 12 12 33 12 9 12 28 9 5 9 12 12 9 12 9 12 12 12 9 12 9 0 28 9 12 9 -1 9 28 9 12 9 12 12 9 9 9 5 12 11 12 12 1 1 12 12 20 9 1 6 12 9 28 12 12 12 1 28 12 2 12 28 28 50 9 9 9 12 9 1 12 12 33 1
9 2 9 9 1 1 9 9 9 31 2 9 62 27 9 9 2 9 1 2 1 1 9 1 96 1 9 9 9 9 54 9 9 31 5 9 9 9 22 9 52 9 9 9 49 9 22 0 9 62 9 31 9 -1 9 10 9 58 9 9 9 27 22 5 9 9 9 9 1 1 9 9 9 39 1 6 9 18 9 9 9 9 1 9 9 2 9 9 9 9 96 46 22 9 27 1 9 9 9 1
12 2 12 12 1 1 12 12 12 9 2 12 9 9 20 28 2 12 1 2 1 1 11 1 9 1 12 12 28 12 9 12 28 9 5 9 12 12 9 12 9 12 12 12 9 12 9 0 28 9 12 9 28 9 -1 9 12 9 12 12 9 9 9 5 12 11 12 12 1 1 12 12 20 9 1 6 12 9 83 12 12 12 1 28 12 2 12 28 96 28 34 9 9 12 9 1 12 12 28 1
9 2 9 9 1 1 9 9 9 10 2 9 10 10 9 9 2 9 1 2 1 1 9 1 10 1 9 9 9 9 10 9 9 10 5 9 9 9 10 9 10 9 9 9 10 9 10 0 9 10 9 10 9 10 9 -1 9 10 9 9 9 10 10 5 9 9 9 9 1 1 9 9 9 10 1 6 9 10 9 9 9 9 1 9 9 2 9 9 9 9 10 10 10 9 10 1 9 9 9 1
20 2 13 20 1 1 20 22 20 9 2 80 9 9 12 12 2 20 1 2 1 1 11 1 9 1 20 13 12 13 9 20 12 9 5 9 13 13 9 13 9 20 20 13 9 20 9 0 12 9 20 9 12 9 12 9 -1 9 20 13 9 9 9 5 13 11 20 13 1 1 13 13 12 9 1 6 20 9 12 18 13 13 1 12 80 2 13 12 12 12 9 9 9 13 9 1 13 13 12 1
9 2 9 9 1 1 9 9 9 31 2 9 58 27 9 9 2 9 1 2 1 1 9 1 58 1 9 9 9 9 54 9 9 31 5 9 9 9 22 9 52 9 9 9 49 9 22 0 9 58 9 31 9 58 9 10 9 -1 9 9 9 27 22 5 9 9 9 9 1 1 9 9 9 39 1 6 9 18 9 9 9 9 1 9 9 2 9 9 9 9 58 46 22 9 27 1 9 9 9 1
37 2 13 37 1 1 41 20 37 9 2 20 9 9 12 12 2 41 1 2 1 1 11 1 9 1 37 13 12 13 9 37 12 9 5 9 13 13 9 13 9 37 69 13 9 37 9 0 12 9 37 9 12 9 12 9 20 9 -1 13 9 9 9 5 13 11 37 13 1 1 13 13 12 9 1 6 98 9 12 18 13 13 1 12 20 2 13 12 12 12 9 9 9 13 9 1 13 13 12 1
13 2 21 13 1 1 13 13 13 9 2 13 9 9 12 12 2 13 1 2 1 1 11 1 9 1 13 59 12 66 9 13 12 9 5 9 20 20 9 49 9 13 13 32 9 13 9 0 12 9 13 9 12 9 12 9 13 9 13 -1 9 9 9 5 66 11 13 59 1 1 56 69 12 9 1 6 13 9 12 13 61 20 1 12 13 2 20 12 12 12 9 9 9 13 9 1 66 20 12 1
9 2 9 9 1 1 9 9 9 9 2 9 9 9 9 9 2 9 1 2 1 1 9 1 9 1 9 9 9 9 9 9 9 9 5 9 9 9 9 9 9 9 9 9 9 9 9 0 9 9 9 9 9 9 9 9 9 9 9 9 -1 9 9 5 9 9 9 9 1 1 9 9 9 9 1 6 9 9 9 9 9 9 1 9 9 2 9 9 9 9 9 9 9 9 9 1 9 9 9 1
9 2 9 9 1 1 9 9 9 27 2 9 27 57 9 9 2 9 1 2 1 1 9 1 27 1 9 9 9 9 27 9 9 27 5 9 9 9 22 9 27 9 9 9 27 9 22 0 9 27 9 27 9 27 9 10 9 27 9 9 9 -1 22 5 9 9 9 9 1 1 9 9 9 27 1 6 9 18 9 9 9 9 1 9 9 2 9 9 9 9 27 27 22 9 67 1 9 9 9 1
9 2 9 9 1 1 9 9 9 22 2 9 22 22 9 9 2 9 1 2 1 1 9 1 22 1 9 9 9 9 22 9 9 22 5 9 9 9 86 9 22 9 9 9 22 9 55 0 9 22 9 22 9 22 9 10 9 22 9 9 9 22 -1 5 9 9 9 9 1 1 9 9 9 22 1 6 9 18 9 9 9 9 1 9 9 2 9 9 9 9 22 22 40 9 22 1 9 9 9 1
5 2 5 5 1 1 5 5 5 5 2 5 5 5 5 5 2 5 1 2 1 1 5 1 5 1 5 5 5 5 5 5 5 5 6 5 5 5 5 5 5 5 5 5 5 5 5 0 5 5 5 5 5 5 5 5 5 5 5 5 5 5 5 -1 5 5 5 5 1 1 5 5 5 5 1 5 5 5 5 5 5 5 1 5 5 2 5 5 5 5 5 5 5 5 5 1 5 5 5 1
13 2 21 13 1 1 13 13 13 9 2 13 9 9 12 12 2 13 1 2 1 1 11 1 9 1 13 59 12 83 9 13 12 9 5 9 20 20 9 49 9 13 13 32 9 13 9 0 12 9 13 9 12 9 12 9 13 9 13 66 9 9 9 5 -1 11 13 59 1 1 56 66 12 9 1 6 13 9 12 13 61 20 1 12 13 2 20 12 12 12 9 9 9 13 9 1 83 20 12 1
11 2 11 11 1 1 11 11 11 9 2 11 9 9 11 11 2 11 1 2 1 1 11 1 9 1 11 11 11 11 9 11 11 9 5 9 11 11 9 11 9 11 11 11 9 11 9 0 11 9 11 9 11 9 11 9 11 9 11 11 9 9 9 5 11 -1 11 11 1 1 11 11 11 9 1 6 11 9 11 11 11 11 1 11 11 2 11 11 11 11 9 9 9 11 9 1 11 11 11 1
43 2 13 55 1 1 37 20 95 9 2 20 9 9 12 12 2 37 1 2 1 1 11 1 9 1 83 13 12 13 9 43 12 9 5 9 13 13 9 13 9 43 37 13 9 78 9 0 12 9 86 9 12 9 12 9 20 9 37 13 9 9 9 5 13 11 -1 13 1 1 13 13 12 9 1 6 37 9 12 18 13 13 1 12 20 2 13 12 12 12 9 9 9 13 9 1 13 13 12 1
13 2 21 13 1 1 13 13 13 9 2 13 9 9 12 12 2 13 1 2 1 1 11 1 9 1 13 80 12 59 9 13 12 9 5 9 20 20 9 49 9 13 13 32 9 13 9 0 12 9 13 9 12 9 12 9 13 9 13 59 9 9 9 5 59 11 13 -1 1 1 56 59 12 9 1 6 13 9 12 13 59 20 1 12 13 2 20 12 12 12 9 9 9 13 9 1 59 20 12 1
1 1 1 1 6 7 1 1 1 1 1 1 1 1 1 1 1 1 7 1 7 1 1 7 1 2 1 1 1 1 1 1 1 1 1 1 1 1 1 1 1 1 1 1 1 1 1 0 1 1 1 1 1 1 1 1 1 1 1 1 1 1 1 1 1 1 1 1 -1 99 1 1 1 1 1 1 1 1 1 1 1 1 7 1 1 1 1 1 1 1 1 1 1 1 1 7 1 1 1 1
1 1 1 1 6 7 1 1 1 1 1 1 1 1 1 1 1 1 7 1 7 1 1 7 1 2 1 1 1 1 1 1 1 1 1 1 1 1 1 1 1 1 1 1 1 1 1 0 1 1 1 1 1 1 1 1 1 1 1 1 1 1 1 1 1 1 1 1 99 -1 1 1 1 1 1 1 1 1 1 1 1 1 7 1 1 1 1 1 1 1 1 1 1 1 1 7 1 1 1 1
13 2 21 13 1 1 13 13 13 9 2 13 9 9 12 12 2 13 1 2 1 1 11 1 9 1 13 56 12 56 9 13 12 9 5 9 20 20 9 49 9 13 13 32 9 13 9 0 12 9 13 9 12 9 12 9 13 9 13 56 9 9 9 5 56 11 13 56 1 1 -1 56 12 9 1 6 13 9 12 13 56 20 1 12 13 2 20 12 12 12 9 9 9 13 9 1 56 20 12 1
13 2 21 13 1 1 13 13 13 9 2 13 9 9 12 12 2 13 1 2 1 1 11 1 9 1 13 59 12 66 9 13 12 9 5 9 20 20 9 49 9 13 13 32 9 13 9 0 12 9 13 9 12 9 12 9 13 9 13 69 9 9 9 5 66 11 13 59 1 1 56 -1 12 9 1 6 13 9 12 13 61 20 1 12 13 2 20 12 12 12 9 9 9 13 9 1 66 20 12 1
12 2 12 12 1 1 12 12 12 9 2 12 9 9 67 20 2 12 1 2 1 1 11 1 9 1 12 12 20 12 9 12 20 9 5 9 12 12 9 12 9 12 12 12 9 12 9 0 20 9 12 9 20 9 20 9 12 9 12 12 9 9 9 5 12 11 12 12 1 1 12 12 -1 9 1 6 12 9 20 12 12 12 1 20 12 2 12 20 20 20 9 9 9 12 9 1 12 12 20 1
9 2 9 9 1 1 9 9 9 31 2 9 39 27 9 9 2 9 1 2 1 1 9 1 39 1 9 9 9 9 39 9 9 31 5 9 9 9 22 9 39 9 9 9 39 9 22 0 9 39 9 31 9 39 9 10 9 39 9 9 9 27 22 5 9 9 9 9 1 1 9 9 9 -1 1 6 9 18 9 9 9 9 1 9 9 2 9 9 9 9 39 39 22 9 27 1 9 9 9 1
1 1 1 1 1 1 1 1 1 1 1 1 1 1 1 1 1 1 1 1 1 33 1 1 1 1 1 1 1 1 1 1 1 1 1 1 1 1 1 1 1 1 1 1 1 1 1 0 1 1 1 1 1 1 1 1 1 1 1 1 1 1 1 1 1 1 1 1 1 1 1 1 1 1 -1 1 1 1 1 1 1 1 1 1 1 1 1 1 1 1 1 1 1 1 1 1 1 1 1 1
6 2 6 6 1 1 6 6 6 6 2 6 6 6 6 6 2 6 1 2 1 1 6 1 6 1 6 6 6 6 6 6 6 6 5 6 6 6 6 6 6 6 6 6 6 6 6 0 6 6 6 6 6 6 6 6 6 6 6 6 6 6 6 5 6 6 6 6 1 1 6 6 6 6 1 -1 6 6 6 6 6 6 1 6 6 2 6 6 6 6 6 6 6 6 6 1 6 6 6 1
37 2 13 37 1 1 41 20 37 9 2 20 9 9 12 12 2 41 1 2 1 1 11 1 9 1 37 13 12 13 9 37 12 9 5 9 13 13 9 13 9 37 69 13 9 37 9 0 12 9 37 9 12 9 12 9 20 9 98 13 9 9 9 5 13 11 37 13 1 1 13 13 12 9 1 6 -1 9 12 18 13 13 1 12 20 2 13 12 12 12 9 9 9 13 9 1 13 13 12 1
9 2 9 9 1 1 9 9 9 18 2 9 18 18 9 9 2 9 1 2 1 1 9 1 18 1 9 9 9 9 18 9 9 18 5 9 9 9 18 9 18 9 9 9 18 9 18 0 9 18 9 18 9 18 9 10 9 18 9 9 9 18 18 5 9 9 9 9 1 1 9 9 9 18 1 6 9 -1 9 9 9 9 1 9 9 2 9 9 9 9 18 18 18 9 18 1 9 9 9 1
12 2 12 12 1 1 12 12 12 9 2 12 9 9 20 28 2 12 1 2 1 1 11 1 9 1 12 12 28 12 9 12 28 9 5 9 12 12 9 12 9 12 12 12 9 12 9 0 28 9 12 9 28 9 83 9 12 9 12 12 9 9 9 5 12 11 12 12 1 1 12 12 20 9 1 6 12 9 -1 12 12 12 1 28 12 2 12 28 83 28 9 9 9 12 9 1 12 12 28 1
18 2 13 18 1 1 18 18 18 9 2 18 9 9 12 12 2 18 1 2 1 1 11 1 9 1 18 13 12 13 9 18 12 9 5 9 13 13 9 13 9 18 18 13 9 18 9 0 12 9 18 9 12 9 12 9 18 9 18 13 9 9 9 5 13 11 18 13 1 1 13 13 12 9 1 6 18 9 12 -1 13 13 1 12 18 2 13 12 12 12 9 9 9 13 9 1 13 13 12 1
13 2 21 13 1 1 13 13 13 9 2 13 9 9 12 12 2 13 1 2 1 1 11 1 9 1 13 59 12 61 9 13 12 9 5 9 20 20 9 49 9 13 13 32 9 13 9 0 12 9 13 9 12 9 12 9 13 9 13 61 9 9 9 5 61 11 13 59 1 1 56 61 12 9 1 6 13 9 12 13 -1 20 1 12 13 2 20 12 12 12 9 9 9 13 9 1 61 20 12 1
13 2 20 13 1 1 13 13 13 9 2 13 9 9 12 12 2 13 1 2 1 1 11 1 9 1 13 20 12 20 9 13 12 9 5 9 34 34 9 20 9 13 13 20 9 13 9 0 12 9 13 9 12 9 12 9 13 9 13 20 9 9 9 5 20 11 13 20 1 1 20 20 12 9 1 6 13 9 12 13 20 -1 1 12 13 2 34 12 12 12 9 9 9 13 9 1 20 34 12 1
1 1 1 1 6 78 1 1 1 1 1 1 1 1 1 1 1 1 33 1 33 1 1 33 1 2 1 1 1 1 1 1 1 1 1 1 1 1 1 1 1 1 1 1 1 1 1 0 1 1 1 1 1 1 1 1 1 1 1 1 1 1 1 1 1 1 1 1 7 7 1 1 1 1 1 1 1 1 1 1 1 1 -1 1 1 1 1 1 1 1 1 1 1 1 1 33 1 1 1 1
12 2 12 12 1 1 12 12 12 9 2 12 9 9 20 28 2 12 1 2 1 1 11 1 9 1 12 12 28 12 9 12 28 9 5 9 12 12 9 12 9 12 12 12 9 12 9 0 28 9 12 9 28 9 28 9 12 9 12 12 9 9 9 5 12 11 12 12 1 1 12 12 20 9 1 6 12 9 28 12 12 12 1 -1 12 2 12 28 28 28 9 9 9 12 9 1 12 12 28 1
20 2 13 20 1 1 20 22 20 9 2 99 9 9 12 12 2 20 1 2 1 1 11 1 9 1 20 13 12 13 9 20 12 9 5 9 13 13 9 13 9 20 20 13 9 20 9 0 12 9 20 9 12 9 12 9 80 9 20 13 9 9 9 5 13 11 20 13 1 1 13 13 12 9 1 6 20 9 12 18 13 13 1 12 -1 2 13 12 12 12 9 9 9 13 9 1 13 13 12 1
2 2 2 2 1 1 2 2 2 2 2 2 2 2 2 2 88 2 1 2 1 1 2 1 2 1 2 2 2 2 2 2 2 2 2 2 2 2 2 2 2 2 2 2 2 2 2 0 2 2 2 2 2 2 2 2 2 2 2 2 2 2 2 2 2 2 2 2 1 1 2 2 2 2 1 2 2 2 2 2 2 2 1 2 2 -1 2 2 2 2 2 2 2 2 2 1 2 2 2 1
13 2 20 13 1 1 13 13 13 9 2 13 9 9 12 12 2 13 1 2 1 1 11 1 9 1 13 20 12 20 9 13 12 9 5 9 41 89 9 20 9 13 13 20 9 13 9 0 12 9 13 9 12 9 12 9 13 9 13 20 9 9 9 5 20 11 13 20 1 1 20 20 12 9 1 6 13 9 12 13 20 34 1 12 13 2 -1 12 12 12 9 9 9 13 9 1 20 41 12 1
12 2 12 12 1 1 12 12 12 9 2 12 9 9 20 28 2 12 1 2 1 1 11 1 9 1 12 12 28 12 9 12 28 9 5 9 12 12 9 12 9 12 12 12 9 12 9 0 28 9 12 9 28 9 28 9 12 9 12 12 9 9 9 5 12 11 12 12 1 1 12 12 20 9 1 6 12 9 28 12 12 12 1 28 12 2 12 -1 28 28 9 9 9 12 9 1 12 12 28 1
12 2 12 12 1 1 12 12 12 9 2 12 9 9 20 28 2 12 1 2 1 1 11 1 9 1 12 12 28 12 9 12 28 9 5 9 12 12 9 12 9 12 12 12 9 12 9 0 28 9 12 9 28 9 96 9 12 9 12 12 9 9 9 5 12 11 12 12 1 1 12 12 20 9 1 6 12 9 83 12 12 12 1 28 12 2 12 28 -1 28 9 9 9 12 9 1 12 12 28 1
12 2 12 12 1 1 12 12 12 9 2 12 9 9 20 33 2 12 1 2 1 1 11 1 9 1 12 12 33 12 9 12 28 9 5 9 12 12 9 12 9 12 12 12 9 12 9 0 28 9 12 9 50 9 28 9 12 9 12 12 9 9 9 5 12 11 12 12 1 1 12 12 20 9 1 6 12 9 28 12 12 12 1 28 12 2 12 28 28 -1 9 9 9 12 9 1 12 12 33 1
9 2 9 9 1 1 9 9 9 31 2 9 62 27 9 9 2 9 1 2 1 1 9 1 98 1 9 9 9 9 54 9 9 31 5 9 9 9 22 9 52 9 9 9 49 9 22 0 9 62 9 31 9 96 34 10 9 58 9 9 9 27 22 5 9 9 9 9 1 1 9 9 9 39 1 6 9 18 9 9 9 9 1 9 9 2 9 9 9 9 -1 46 22 9 27 1 9 9 9 1
9 2 9 9 1 1 9 9 9 31 2 9 46 27 9 9 2 9 1 2 1 1 9 1 46 1 9 9 9 9 46 9 9 31 5 9 9 9 22 9 46 9 9 9 46 9 22 0 9 46 9 31 9 46 9 10 9 46 9 9 9 27 22 5 9 9 9 9 1 1 9 9 9 39 1 6 9 18 9 9 9 9 1 9 9 2 9 9 9 9 46 -1 22 9 27 1 9 9 9 1
9 2 9 9 1 1 9 9 9 22 2 9 22 22 9 9 2 9 1 2 1 1 9 1 22 1 9 9 9 9 22 9 9 22 5 9 9 9 40 9 22 9 9 9 22 9 40 0 9 22 9 22 9 22 9 10 9 22 9 9 9 22 40 5 9 9 9 9 1 1 9 9 9 22 1 6 9 18 9 9 9 9 1 9 9 2 9 9 9 9 22 22 -1 9 22 1 9 9 9 1
13 2 13 13 1 1 13 13 13 9 2 13 9 9 12 12 2 13 1 2 1 1 11 1 9 1 13 13 12 13 9 13 12 9 5 9 13 13 9 13 9 13 13 13 9 13 9 0 12 9 13 9 12 9 12 9 13 9 13 13 9 9 9 5 13 11 13 13 1 1 13 13 12 9 1 6 13 9 12 13 13 13 1 12 13 2 13 12 12 12 9 9 9 -1 9 1 13 13 12 1
9 2 9 9 1 1 9 9 9 27 2 9 27 57 9 9 2 9 1 2 1 1 9 1 27 1 9 9 9 9 27 9 9 27 5 9 9 9 22 9 27 9 9 9 27 9 22 0 9 27 9 27 9 27 9 10 9 27 9 9 9 67 22 5 9 9 9 9 1 1 9 9 9 27 1 6 9 18 9 9 9 9 1 9 9 2 9 9 9 9 27 27 22 9 -1 1 9 9 9 1
1 1 1 1 6 33 1 1 1 1 1 1 1 1 1 1 1 1 36 1 36 1 1 36 1 2 1 1 1 1 1 1 1 1 1 1 1 1 1 1 1 1 1 1 1 1 1 0 1 1 1 1 1 1 1 1 1 1 1 1 1 1 1 1 1 1 1 1 7 7 1 1 1 1 1 1 1 1 1 1 1 1 33 1 1 1 1 1 1 1 1 1 1 1 1 -1 1 1 1 1
13 2 21 13 1 1 13 13 13 9 2 13 9 9 12 12 2 13 1 2 1 1 11 1 9 1 13 59 12 93 9 13 12 9 5 9 20 20 9 49 9 13 13 32 9 13 9 0 12 9 13 9 12 9 12 9 13 9 13 66 9 9 9 5 83 11 13 59 1 1 56 66 12 9 1 6 13 9 12 13 61 20 1 12 13 2 20 12 12 12 9 9 9 13 9 1 -1 20 12 1
13 2 20 13 1 1 13 13 13 9 2 13 9 9 12 12 2 13 1 2 1 1 11 1 9 1 13 20 12 20 9 13 12 9 5 9 92 41 9 20 9 13 13 20 9 13 9 0 12 9 13 9 12 9 12 9 13 9 13 20 9 9 9 5 20 11 13 20 1 1 20 20 12 9 1 6 13 9 12 13 20 34 1 12 13 2 41 12 12 12 9 9 9 13 9 1 20 -1 12 1
12 2 12 12 1 1 12 12 12 9 2 12 9 9 20 39 2 12 1 2 1 1 11 1 9 1 12 12 63 12 9 12 28 9 5 9 12 12 9 12 9 12 12 12 9 12 9 0 28 9 12 9 33 9 28 9 12 9 12 12 9 9 9 5 12 11 12 12 1 1 12 12 20 9 1 6 12 9 28 12 12 12 1 28 12 2 12 28 28 33 9 9 9 12 9 1 12 12 -1 1
1 1 1 1 1 1 1 1 1 1 1 1 1 1 1 1 1 1 1 1 1 1 1 1 1 1 1 1 1 1 1 1 1 1 1 1 1 1 1 1 1 1 1 1 1 1 1 0 1 1 1 1 1 1 1 1 1 1 1 1 1 1 1 1 1 1 1 1 1 1 1 1 1 1 1 1 1 1 1 1 1 1 1 1 1 1 1 1 1 1 1 1 1 1 1 1 1 1 1 -1
