100
-1 0 0 0 0 0 0 0 0 0 0 0 0 0 0 0 0 0 0 0 0 0 0 0 0 0 0 0 0 0 0 0 0 0 0 0 0 0 0 0 0 0 0 0 0 0 0 0 0 0 0 0 0 0 0 0 0 0 0 0 0 0 0 0 0 0 0 0 0 0 0 0 0 0 0 0 0 0 0 0 0 0 0 0 0 0 0 0 0 0 0 0 0 0 0 0 0 0 0 0
0 -1 12 12 21 12 21 7 21 21 0 8 12 21 21 21 10 8 7 21 12 0 12 2 17 21 17 12 12 17 12 12 7 21 12 12 12 21 3 0 12 21 21 12 21 0 20 12 12 12 17 21 21 21 12 1 21 12 12 21 0 7 17 21 21 12 12 8 7 12 12 21 21 12 12 11 21 12 21 12 21 12 16 12 7 21 7 12 12 12 1 12 12 0 21 12 21 10 12 12
0 12 -1 33 12 33 12 7 12 12 0 8 46 12 12 12 10 8 7 12 70 0 57 2 12 12 12 15 21 12 50 50 7 12 33 70 33 12 3 0 17 12 12 90 12 0 12 30 33 70 12 12 12 12 54 1 12 46 46 12 0 7 12 12 12 70 52 8 7 14 29 12 12 70 70 11 12 17 12 54 12 33 12 29 7 12 7 33 17 33 1 70 33 0 12 29 12 10 70 50
0 12 33 -1 12 52 12 7 12 12 0 8 33 12 12 12 10 8 7 12 33 0 33 2 12 12 12 15 21 12 33 33 7 12 52 33 52 12 3 0 17 12 12 33 12 0 12 30 52 33 12 12 12 12 33 1 12 33 33 12 0 7 12 12 12 33 33 8 7 14 29 12 12 33 33 11 12 17 12 33 12 52 12 29 7 12 7 52 17 52 1 33 49 0 12 29 12 10 33 33
0 21 12 12 -1 12 57 7 57 30 0 8 12 57 29 29 10 8 7 29 12 0 12 2 17 29 17 12 12 17 12 12 7 57 12 12 12 29 3 0 12 29 38 12 40 0 20 12 12 12 17 57 22 35 12 1 29 12 12 29 0 7 17 29 29 12 12 8 7 12 12 29 29 12 12 11 29 12 22 12 57 12 16 12 7 50 7 12 12 12 1 12 12 0 29 12 57 10 12 12
0 12 33 52 12 -1 12 7 12 12 0 8 33 12 12 12 10 8 7 12 33 0 33 2 12 12 12 15 21 12 33 33 7 12 82 33 54 12 3 0 17 12 12 33 12 0 12 30 70 33 12 12 12 12 33 1 12 33 33 12 0 7 12 12 12 33 33 8 7 14 29 12 12 33 33 11 12 17 12 33 12 80 12 29 7 12 7 74 17 86 1 33 49 0 12 29 12 10 33 33
0 21 12 12 57 12 -1 7 57 30 0 8 12 65 29 29 10 8 7 29 12 0 12 2 17 29 17 12 12 17 12 12 7 62 12 12 12 29 3 0 12 29 38 12 40 0 20 12 12 12 17 62 22 35 12 1 29 12 12 29 0 7 17 29 29 12 12 8 7 12 12 29 29 12 12 11 29 12 22 12 99 12 16 12 7 50 7 12 12 12 1 12 12 0 29 12 64 10 12 12
0 7 7 7 7 7 7 -1 7 7 0 7 7 7 7 7 7 7 8 7 7 0 7 2 7 7 7 7 7 7 7 7 8 7 7 7 7 7 3 0 7 7 7 7 7 0 7 7 7 7 7 7 7 7 7 1 7 7 7 7 0 8 7 7 7 7 7 7 82 7 7 7 7 7 7 7 7 7 7 7 7 7 7 7 8 7 8 7 7 7 1 7 7 0 7 7 7 7 7 7
0 21 12 12 57 12 57 7 -1 30 0 8 12 57 29 29 10 8 7 29 12 0 12 2 17 29 17 12 12 17 12 12 7 57 12 12 12 29 3 0 12 29 38 12 40 0 20 12 12 12 17 57 22 35 12 1 29 12 12 29 0 7 17 29 29 12 12 8 7 12 12 29 29 12 12 11 29 12 22 12 57 12 16 12 7 50 7 12 12 12 1 12 12 0 29 12 57 10 12 12
0 21 12 12 30 12 30 7 30 -1 0 8 12 30 29 29 10 8 7 29 12 0 12 2 17 29 17 12 12 17 12 12 7 30 12 12 12 29 3 0 12 29 30 12 30 0 20 12 12 12 17 30 22 30 12 1 29 12 12 29 0 7 17 29 29 12 12 8 7 12 12 29 29 12 12 11 29 12 22 12 30 12 16 12 7 30 7 12 12 12 1 12 12 0 29 12 30 10 12 12
0 0 0 0 0 0 0 0 0 0 -1 0 0 0 0 0 0 0 0 0 0 0 0 0 0 0 0 0 0 0 0 0 0 0 0 0 0 0 0 0 0 0 0 0 0 0 0 0 0 0 0 0 0 0 0 0 0 0 0 0 0 0 0 0 0 0 0 0 0 0 0 0 0 0 0 0 0 0 0 0 0 0 0 0 0 0 0 0 0 0 0 0 0 0 0 0 0 0 0 0
0 8 8 8 8 8 8 7 8 8 0 -1 8 8 8 8 8 8 7 8 8 0 8 2 8 8 8 8 8 8 8 8 7 8 8 8 8 8 3 0 8 8 8 8 8 0 8 8 8 8 8 8 8 8 8 1 8 8 8 8 0 7 8 8 8 8 8 8 7 8 8 8 8 8 8 8 8 8 8 8 8 8 8 8 7 8 7 8 8 8 1 8 8 0 8 8 8 8 8 8
0 12 46 33 12 33 12 7 12 12 0 8 -1 12 12 12 10 8 7 12 46 0 46 2 12 12 12 15 21 12 46 46 7 12 33 46 33 12 3 0 17 12 12 46 12 0 12 30 33 46 12 12 12 12 46 1 12 63 94 12 0 7 12 12 12 46 46 8 7 14 29 12 12 46 46 11 12 17 12 46 12 33 12 29 7 12 7 33 17 33 1 46 33 0 12 29 12 10 46 46
0 21 12 12 57 12 65 7 57 30 0 8 12 -1 29 29 10 8 7 29 12 0 12 2 17 29 17 12 12 17 12 12 7 62 12 12 12 29 3 0 12 29 38 12 40 0 20 12 12 12 17 62 22 35 12 1 29 12 12 29 0 7 17 29 29 12 12 8 7 12 12 29 29 12 12 11 29 12 22 12 65 12 16 12 7 50 7 12 12 12 1 12 12 0 29 12 64 10 12 12
0 21 12 12 29 12 29 7 29 29 0 8 12 29 -1 57 10 8 7 46 12 0 12 2 17 46 17 12 12 17 12 12 7 29 12 12 12 32 3 0 12 57 29 12 29 0 20 12 12 12 17 29 22 29 12 1 94 12 12 57 0 7 17 50 57 12 12 8 7 12 12 44 57 12 12 11 46 12 22 12 29 12 16 12 7 29 7 12 12 12 1 12 12 0 57 12 29 10 12 12
0 21 12 12 29 12 29 7 29 29 0 8 12 29 57 -1 10 8 7 46 12 0 12 2 17 46 17 12 12 17 12 12 7 29 12 12 12 32 3 0 12 69 29 12 29 0 20 12 12 12 17 29 22 29 12 1 57 12 12 69 0 7 17 50 69 12 12 8 7 12 12 44 69 12 12 11 46 12 22 12 29 12 16 12 7 29 7 12 12 12 1 12 12 0 69 12 29 10 12 12
0 10 10 10 10 10 10 7 10 10 0 8 10 10 10 10 -1 8 7 10 10 0 10 2 10 10 10 10 10 10 10 10 7 10 10 10 10 10 3 0 10 10 10 10 10 0 10 10 10 10 10 10 10 10 10 1 10 10 10 10 0 7 10 10 10 10 10 8 7 10 10 10 10 10 10 10 10 10 10 10 10 10 10 10 7 10 7 10 10 10 1 10 10 0 10 10 10 17 10 10
0 8 8 8 8 8 8 7 8 8 0 8 8 8 8 8 8 -1 7 8 8 0 8 2 8 8 8 8 8 8 8 8 7 8 8 8 8 8 3 0 8 8 8 8 8 0 8 8 8 8 8 8 8 8 8 1 8 8 8 8 0 7 8 8 8 8 8 42 7 8 8 8 8 8 8 8 8 8 8 8 8 8 8 8 7 8 7 8 8 8 1 8 8 0 8 8 8 8 8 8
0 7 7 7 7 7 7 8 7 7 0 7 7 7 7 7 7 7 -1 7 7 0 7 2 7 7 7 7 7 7 7 7 78 7 7 7 7 7 3 0 7 7 7 7 7 0 7 7 7 7 7 7 7 7 7 1 7 7 7 7 0 37 7 7 7 7 7 7 8 7 7 7 7 7 7 7 7 7 7 7 7 7 7 7 37 7 24 7 7 7 1 7 7 0 7 7 7 7 7 7
0 21 12 12 29 12 29 7 29 29 0 8 12 29 46 46 10 8 7 -1 12 0 12 2 17 85 17 12 12 17 12 12 7 29 12 12 12 32 3 0 12 46 29 12 29 0 20 12 12 12 17 29 22 29 12 1 46 12 12 46 0 7 17 46 46 12 12 8 7 12 12 44 46 12 12 11 57 12 22 12 29 12 16 12 7 29 7 12 12 12 1 12 12 0 46 12 29 10 12 12
0 12 70 33 12 33 12 7 12 12 0 8 46 12 12 12 10 8 7 12 -1 0 57 2 12 12 12 15 21 12 50 50 7 12 33 84 33 12 3 0 17 12 12 70 12 0 12 30 33 89 12 12 12 12 54 1 12 46 46 12 0 7 12 12 12 74 52 8 7 14 29 12 12 74 74 11 12 17 12 54 12 33 12 29 7 12 7 33 17 33 1 74 33 0 12 29 12 10 74 50
0 0 0 0 0 0 0 0 0 0 0 0 0 0 0 0 0 0 0 0 0 -1 0 0 0 0 0 0 0 0 0 0 0 0 0 0 0 0 0 21 0 0 0 0 0 88 0 0 0 0 0 0 0 0 0 0 0 0 0 0 93 0 0 0 0 0 0 0 0 0 0 0 0 0 0 0 0 0 0 0 0 0 0 0 0 0 0 0 0 0 0 0 0 25 0 0 0 0 0 0
0 12 57 33 12 33 12 7 12 12 0 8 46 12 12 12 10 8 7 12 57 0 -1 2 12 12 12 15 21 12 50 50 7 12 33 57 33 12 3 0 17 12 12 57 12 0 12 30 33 57 12 12 12 12 54 1 12 46 46 12 0 7 12 12 12 57 52 8 7 14 29 12 12 57 57 11 12 17 12 54 12 33 12 29 7 12 7 33 17 33 1 57 33 0 12 29 12 10 57 50
0 2 2 2 2 2 2 2 2 2 0 2 2 2 2 2 2 2 2 2 2 0 2 -1 2 2 2 2 2 2 2 2 2 2 2 2 2 2 2 0 2 2 2 2 2 0 2 2 2 2 2 2 2 2 2 1 2 2 2 2 0 2 2 2 2 2 2 2 2 2 2 2 2 2 2 2 2 2 2 2 2 2 2 2 2 2 2 2 2 2 1 2 2 0 2 2 2 2 2 2
0 17 12 12 17 12 17 7 17 17 0 8 12 17 17 17 10 8 7 17 12 0 12 2 -1 17 95 12 12 18 12 12 7 17 12 12 12 17 3 0 12 17 17 12 17 0 17 12 12 12 70 17 17 17 12 1 17 12 12 17 0 7 69 17 17 12 12 8 7 12 12 17 17 12 12 11 17 12 17 12 17 12 16 12 7 17 7 12 12 12 1 12 12 0 17 12 17 10 12 12
0 21 12 12 29 12 29 7 29 29 0 8 12 29 46 46 10 8 7 85 12 0 12 2 17 -1 17 12 12 17 12 12 7 29 12 12 12 32 3 0 12 46 29 12 29 0 20 12 12 12 17 29 22 29 12 1 46 12 12 46 0 7 17 46 46 12 12 8 7 12 12 44 46 12 12 11 57 12 22 12 29 12 16 12 7 29 7 12 12 12 1 12 12 0 46 12 29 10 12 12
0 17 12 12 17 12 17 7 17 17 0 8 12 17 17 17 10 8 7 17 12 0 12 2 95 17 -1 12 12 18 12 12 7 17 12 12 12 17 3 0 12 17 17 12 17 0 17 12 12 12 70 17 17 17 12 1 17 12 12 17 0 7 69 17 17 12 12 8 7 12 12 17 17 12 12 11 17 12 17 12 17 12 16 12 7 17 7 12 12 12 1 12 12 0 17 12 17 10 12 12
0 12 15 15 12 15 12 7 12 12 0 8 15 12 12 12 10 8 7 12 15 0 15 2 12 12 12 -1 15 12 15 15 7 12 15 15 15 12 3 0 15 12 12 15 12 0 12 15 15 15 12 12 12 12 15 1 12 15 15 12 0 7 12 12 12 15 15 8 7 14 15 12 12 15 15 11 12 15 12 15 12 15 12 15 7 12 7 15 15 15 1 15 15 0 12 15 12 10 15 15
0 12 21 21 12 21 12 7 12 12 0 8 21 12 12 12 10 8 7 12 21 0 21 2 12 12 12 15 -1 12 21 21 7 12 21 21 21 12 3 0 17 12 12 21 12 0 12 21 21 21 12 12 12 12 21 1 12 21 21 12 0 7 12 12 12 21 21 8 7 14 21 12 12 21 21 11 12 17 12 21 12 21 12 21 7 12 7 21 17 21 1 21 21 0 12 21 12 10 21 21
0 17 12 12 17 12 17 7 17 17 0 8 12 17 17 17 10 8 7 17 12 0 12 2 18 17 18 12 12 -1 12 12 7 17 12 12 12 17 3 0 12 17 17 12 17 0 17 12 12 12 18 17 17 17 12 1 17 12 12 17 0 7 18 17 17 12 12 8 7 12 12 17 17 12 12 11 17 12 17 12 17 12 16 12 7 17 7 12 12 12 1 12 12 0 17 12 17 10 12 12
0 12 50 33 12 33 12 7 12 12 0 8 46 12 12 12 10 8 7 12 50 0 50 2 12 12 12 15 21 12 -1 66 7 12 33 50 33 12 3 0 17 12 12 50 12 0 12 30 33 50 12 12 12 12 50 1 12 46 46 12 0 7 12 12 12 50 50 8 7 14 29 12 12 50 50 11 12 17 12 50 12 33 12 29 7 12 7 33 17 33 1 50 33 0 12 29 12 10 50 51
0 12 50 33 12 33 12 7 12 12 0 8 46 12 12 12 10 8 7 12 50 0 50 2 12 12 12 15 21 12 66 -1 7 12 33 50 33 12 3 0 17 12 12 50 12 0 12 30 33 50 12 12 12 12 50 1 12 46 46 12 0 7 12 12 12 50 50 8 7 14 29 12 12 50 50 11 12 17 12 50 12 33 12 29 7 12 7 33 17 33 1 50 33 0 12 29 12 10 50 51
0 7 7 7 7 7 7 8 7 7 0 7 7 7 7 7 7 7 78 7 7 0 7 2 7 7 7 7 7 7 7 7 -1 7 7 7 7 7 3 0 7 7 7 7 7 0 7 7 7 7 7 7 7 7 7 1 7 7 7 7 0 37 7 7 7 7 7 7 8 7 7 7 7 7 7 7 7 7 7 7 7 7 7 7 37 7 24 7 7 7 1 7 7 0 7 7 7 7 7 7
0 21 12 12 57 12 62 7 57 30 0 8 12 62 29 29 10 8 7 29 12 0 12 2 17 29 17 12 12 17 12 12 7 -1 12 12 12 29 3 0 12 29 38 12 40 0 20 12 12 12 17 65 22 35 12 1 29 12 12 29 0 7 17 29 29 12 12 8 7 12 12 29 29 12 12 11 29 12 22 12 62 12 16 12 7 50 7 12 12 12 1 12 12 0 29 12 62 10 12 12
0 12 33 52 12 82 12 7 12 12 0 8 33 12 12 12 10 8 7 12 33 0 33 2 12 12 12 15 21 12 33 33 7 12 -1 33 54 12 3 0 17 12 12 33 12 0 12 30 70 33 12 12 12 12 33 1 12 33 33 12 0 7 12 12 12 33 33 8 7 14 29 12 12 33 33 11 12 17 12 33 12 80 12 29 7 12 7 74 17 82 1 33 49 0 12 29 12 10 33 33
0 12 70 33 12 33 12 7 12 12 0 8 46 12 12 12 10 8 7 12 84 0 57 2 12 12 12 15 21 12 50 50 7 12 33 -1 33 12 3 0 17 12 12 70 12 0 12 30 33 84 12 12 12 12 54 1 12 46 46 12 0 7 12 12 12 74 52 8 7 14 29 12 12 74 74 11 12 17 12 54 12 33 12 29 7 12 7 33 17 33 1 74 33 0 12 29 12 10 74 50
0 12 33 52 12 54 12 7 12 12 0 8 33 12 12 12 10 8 7 12 33 0 33 2 12 12 12 15 21 12 33 33 7 12 54 33 -1 12 3 0 17 12 12 33 12 0 12 30 54 33 12 12 12 12 33 1 12 33 33 12 0 7 12 12 12 33 33 8 7 14 29 12 12 33 33 11 12 17 12 33 12 54 12 29 7 12 7 54 17 54 1 33 49 0 12 29 12 10 33 33
0 21 12 12 29 12 29 7 29 29 0 8 12 29 32 32 10 8 7 32 12 0 12 2 17 32 17 12 12 17 12 12 7 29 12 12 12 -1 3 0 12 32 29 12 29 0 20 12 12 12 17 29 22 29 12 1 32 12 12 32 0 7 17 32 32 12 12 8 7 12 12 32 32 12 12 11 32 12 22 12 29 12 16 12 7 29 7 12 12 12 1 12 12 0 32 12 29 10 12 12
0 3 3 3 3 3 3 3 3 3 0 3 3 3 3 3 3 3 3 3 3 0 3 2 3 3 3 3 3 3 3 3 3 3 3 3 3 3 -1 0 3 3 3 3 3 0 3 3 3 3 3 3 3 3 3 1 3 3 3 3 0 3 3 3 3 3 3 3 3 3 3 3 3 3 3 3 3 3 3 3 3 3 3 3 3 3 3 3 3 3 1 3 3 0 3 3 3 3 3 3
0 0 0 0 0 0 0 0 0 0 0 0 0 0 0 0 0 0 0 0 0 21 0 0 0 0 0 0 0 0 0 0 0 0 0 0 0 0 0 -1 0 0 0 0 0 21 0 0 0 0 0 0 0 0 0 0 0 0 0 0 21 0 0 0 0 0 0 0 0 0 0 0 0 0 0 0 0 0 0 0 0 0 0 0 0 0 0 0 0 0 0 0 0 21 0 0 0 0 0 0
0 12 17 17 12 17 12 7 12 12 0 8 17 12 12 12 10 8 7 12 17 0 17 2 12 12 12 15 17 12 17 17 7 12 17 17 17 12 3 0 -1 12 12 17 12 0 12 17 17 17 12 12 12 12 17 1 12 17 17 12 0 7 12 12 12 17 17 8 7 14 17 12 12 17 17 11 12 17 12 17 12 17 12 17 7 12 7 17 60 17 1 17 17 0 12 17 12 10 17 17
0 21 12 12 29 12 29 7 29 29 0 8 12 29 57 69 10 8 7 46 12 0 12 2 17 46 17 12 12 17 12 12 7 29 12 12 12 32 3 0 12 -1 29 12 29 0 20 12 12 12 17 29 22 29 12 1 57 12 12 92 0 7 17 50 99 12 12 8 7 12 12 44 76 12 12 11 46 12 22 12 29 12 16 12 7 29 7 12 12 12 1 12 12 0 76 12 29 10 12 12
0 21 12 12 38 12 38 7 38 30 0 8 12 38 29 29 10 8 7 29 12 0 12 2 17 29 17 12 12 17 12 12 7 38 12 12 12 29 3 0 12 29 -1 12 38 0 20 12 12 12 17 38 22 35 12 1 29 12 12 29 0 7 17 29 29 12 12 8 7 12 12 29 29 12 12 11 29 12 22 12 38 12 16 12 7 38 7 12 12 12 1 12 12 0 29 12 38 10 12 12
0 12 90 33 12 33 12 7 12 12 0 8 46 12 12 12 10 8 7 12 70 0 57 2 12 12 12 15 21 12 50 50 7 12 33 70 33 12 3 0 17 12 12 -1 12 0 12 30 33 70 12 12 12 12 54 1 12 46 46 12 0 7 12 12 12 70 52 8 7 14 29 12 12 70 70 11 12 17 12 54 12 33 12 29 7 12 7 33 17 33 1 70 33 0 12 29 12 10 70 50
0 21 12 12 40 12 40 7 40 30 0 8 12 40 29 29 10 8 7 29 12 0 12 2 17 29 17 12 12 17 12 12 7 40 12 12 12 29 3 0 12 29 38 12 -1 0 20 12 12 12 17 40 22 35 12 1 29 12 12 29 0 7 17 29 29 12 12 8 7 12 12 29 29 12 12 11 29 12 22 12 40 12 16 12 7 40 7 12 12 12 1 12 14 0 29 12 40 10 12 12
0 0 0 0 0 0 0 0 0 0 0 0 0 0 0 0 0 0 0 0 0 88 0 0 0 0 0 0 0 0 0 0 0 0 0 0 0 0 0 21 0 0 0 0 0 -1 0 0 0 0 0 0 0 0 0 0 0 0 0 0 88 0 0 0 0 0 0 0 0 0 0 0 0 0 0 0 0 0 0 0 0 0 0 0 0 0 0 0 0 0 0 0 0 25 0 0 0 0 0 0
0 20 12 12 20 12 20 7 20 20 0 8 12 20 20 20 10 8 7 20 12 0 12 2 17 20 17 12 12 17 12 12 7 20 12 12 12 20 3 0 12 20 20 12 20 0 -1 12 12 12 17 20 20 20 12 1 20 12 12 20 0 7 17 20 20 12 12 8 7 12 12 20 20 12 12 11 20 12 20 12 20 12 16 12 7 20 7 12 12 12 1 12 12 0 20 12 20 10 12 12
0 12 30 30 12 30 12 7 12 12 0 8 30 12 12 12 10 8 7 12 30 0 30 2 12 12 12 15 21 12 30 30 7 12 30 30 30 12 3 0 17 12 12 30 12 0 12 -1 30 30 12 12 12 12 30 1 12 30 30 12 0 7 12 12 12 30 30 8 7 14 29 12 12 30 30 11 12 17 12 30 12 30 12 29 7 12 7 30 17 30 1 30 30 0 12 29 12 10 30 30
0 12 33 52 12 70 12 7 12 12 0 8 33 12 12 12 10 8 7 12 33 0 33 2 12 12 12 15 21 12 33 33 7 12 70 33 54 12 3 0 17 12 12 33 12 0 12 30 -1 33 12 12 12 12 33 1 12 33 33 12 0 7 12 12 12 33 33 8 7 14 29 12 12 33 33 11 12 17 12 33 12 70 12 29 7 12 7 70 17 70 1 33 49 0 12 29 12 10 33 33
0 12 70 33 12 33 12 7 12 12 0 8 46 12 12 12 10 8 7 12 89 0 57 2 12 12 12 15 21 12 50 50 7 12 33 84 33 12 3 0 17 12 12 70 12 0 12 30 33 -1 12 12 12 12 54 1 12 46 46 12 0 7 12 12 12 74 52 8 7 14 29 12 12 74 74 11 12 17 12 54 12 33 12 29 7 12 7 33 17 33 1 74 33 0 12 29 12 10 74 50
0 17 12 12 17 12 17 7 17 17 0 8 12 17 17 17 10 8 7 17 12 0 12 2 70 17 70 12 12 18 12 12 7 17 12 12 12 17 3 0 12 17 17 12 17 0 17 12 12 12 -1 17 17 17 12 1 17 12 12 17 0 7 69 17 17 12 12 8 7 12 12 17 17 12 12 11 17 12 17 12 17 12 16 12 7 17 7 12 12 12 1 12 12 0 17 12 17 10 12 12
0 21 12 12 57 12 62 7 57 30 0 8 12 62 29 29 10 8 7 29 12 0 12 2 17 29 17 12 12 17 12 12 7 65 12 12 12 29 3 0 12 29 38 12 40 0 20 12 12 12 17 -1 22 35 12 1 29 12 12 29 0 7 17 29 29 12 12 8 7 12 12 29 29 12 12 11 29 12 22 12 62 12 16 12 7 50 7 12 12 12 1 12 12 0 29 12 62 10 12 12
0 21 12 12 22 12 22 7 22 22 0 8 12 22 22 22 10 8 7 22 12 0 12 2 17 22 17 12 12 17 12 12 7 22 12 12 12 22 3 0 12 22 22 12 22 0 20 12 12 12 17 22 -1 22 12 1 22 12 12 22 0 7 17 22 22 12 12 8 7 12 12 22 22 12 12 11 22 12 41 12 22 12 16 12 7 22 7 12 12 12 1 12 12 0 22 12 22 10 12 12
0 21 12 12 35 12 35 7 35 30 0 8 12 35 29 29 10 8 7 29 12 0 12 2 17 29 17 12 12 17 12 12 7 35 12 12 12 29 3 0 12 29 35 12 35 0 20 12 12 12 17 35 22 -1 12 1 29 12 12 29 0 7 17 29 29 12 12 8 7 12 12 29 29 12 12 11 29 12 22 12 35 12 16 12 7 35 7 12 12 12 1 12 12 0 29 12 35 10 12 12
0 12 54 33 12 33 12 7 12 12 0 8 46 12 12 12 10 8 7 12 54 0 54 2 12 12 12 15 21 12 50 50 7 12 33 54 33 12 3 0 17 12 12 54 12 0 12 30 33 54 12 12 12 12 -1 1 12 46 46 12 0 7 12 12 12 54 52 8 7 14 29 12 12 54 54 11 12 17 12 79 12 33 12 29 7 12 7 33 17 33 1 54 33 0 12 29 12 10 54 50
0 1 1 1 1 1 1 1 1 1 0 1 1 1 1 1 1 1 1 1 1 0 1 1 1 1 1 1 1 1 1 1 1 1 1 1 1 1 1 0 1 1 1 1 1 0 1 1 1 1 1 1 1 1 1 -1 1 1 1 1 0 1 1 1 1 1 1 1 1 1 1 1 1 1 1 1 1 1 1 1 1 1 1 1 1 1 1 1 1 1 59 1 1 0 1 1 1 1 1 1
0 21 12 12 29 12 29 7 29 29 0 8 12 29 94 57 10 8 7 46 12 0 12 2 17 46 17 12 12 17 12 12 7 29 12 12 12 32 3 0 12 57 29 12 29 0 20 12 12 12 17 29 22 29 12 1 -1 12 12 57 0 7 17 50 57 12 12 8 7 12 12 44 57 12 12 11 46 12 22 12 29 12 16 12 7 29 7 12 12 12 1 12 12 0 57 12 29 10 12 12
0 12 46 33 12 33 12 7 12 12 0 8 63 12 12 12 10 8 7 12 46 0 46 2 12 12 12 15 21 12 46 46 7 12 33 46 33 12 3 0 17 12 12 46 12 0 12 30 33 46 12 12 12 12 46 1 12 -1 63 12 0 7 12 12 12 46 46 8 7 14 29 12 12 46 46 11 12 17 12 46 12 33 12 29 7 12 7 33 17 33 1 46 33 0 12 29 12 10 46 46
0 12 46 33 12 33 12 7 12 12 0 8 94 12 12 12 10 8 7 12 46 0 46 2 12 12 12 15 21 12 46 46 7 12 33 46 33 12 3 0 17 12 12 46 12 0 12 30 33 46 12 12 12 12 46 1 12 63 -1 12 0 7 12 12 12 46 46 8 7 14 29 12 12 46 46 11 12 17 12 46 12 33 12 29 7 12 7 33 17 33 1 46 33 0 12 29 12 10 46 46
0 21 12 12 29 12 29 7 29 29 0 8 12 29 57 69 10 8 7 46 12 0 12 2 17 46 17 12 12 17 12 12 7 29 12 12 12 32 3 0 12 92 29 12 29 0 20 12 12 12 17 29 22 29 12 1 57 12 12 -1 0 7 17 50 92 12 12 8 7 12 12 44 76 12 12 11 46 12 22 12 29 12 16 12 7 29 7 12 12 12 1 12 12 0 76 12 29 10 12 12
0 0 0 0 0 0 0 0 0 0 0 0 0 0 0 0 0 0 0 0 0 93 0 0 0 0 0 0 0 0 0 0 0 0 0 0 0 0 0 21 0 0 0 0 0 88 0 0 0 0 0 0 0 0 0 0 0 0 0 0 -1 0 0 0 0 0 0 0 0 0 0 0 0 0 0 0 0 0 0 0 0 0 0 0 0 0 0 0 0 0 0 0 0 25 0 0 0 0 0 0
0 7 7 7 7 7 7 8 7 7 0 7 7 7 7 7 7 7 37 7 7 0 7 2 7 7 7 7 7 7 7 7 37 7 7 7 7 7 3 0 7 7 7 7 7 0 7 7 7 7 7 7 7 7 7 1 7 7 7 7 0 -1 7 7 7 7 7 7 8 7 7 7 7 7 7 7 7 7 7 7 7 7 7 7 91 7 24 7 7 7 1 7 7 0 7 7 7 7 7 7
0 17 12 12 17 12 17 7 17 17 0 8 12 17 17 17 10 8 7 17 12 0 12 2 69 17 69 12 12 18 12 12 7 17 12 12 12 17 3 0 12 17 17 12 17 0 17 12 12 12 69 17 17 17 12 1 17 12 12 17 0 7 -1 17 17 12 12 8 7 12 12 17 17 12 12 11 17 12 17 12 17 12 16 12 7 17 7 12 12 12 1 12 12 0 17 12 17 10 12 12
0 21 12 12 29 12 29 7 29 29 0 8 12 29 50 50 10 8 7 46 12 0 12 2 17 46 17 12 12 17 12 12 7 29 12 12 12 32 3 0 12 50 29 12 29 0 20 12 12 12 17 29 22 29 12 1 50 12 12 50 0 7 17 -1 50 12 12 8 7 12 12 44 50 12 12 11 46 12 22 12 29 12 16 12 7 29 7 12 12 12 1 12 12 0 50 12 29 10 12 12
0 21 12 12 29 12 29 7 29 29 0 8 12 29 57 69 10 8 7 46 12 0 12 2 17 46 17 12 12 17 12 12 7 29 12 12 12 32 3 0 12 99 29 12 29 0 20 12 12 12 17 29 22 29 12 1 57 12 12 92 0 7 17 50 -1 12 12 8 7 12 12 44 76 12 12 11 46 12 22 12 29 12 16 12 7 29 7 12 12 12 1 12 12 0 76 12 29 10 12 12
0 12 70 33 12 33 12 7 12 12 0 8 46 12 12 12 10 8 7 12 74 0 57 2 12 12 12 15 21 12 50 50 7 12 33 74 33 12 3 0 17 12 12 70 12 0 12 30 33 74 12 12 12 12 54 1 12 46 46 12 0 7 12 12 12 -1 52 8 7 14 29 12 12 87 83 11 12 17 12 54 12 33 12 29 7 12 7 33 17 33 1 83 33 0 12 29 12 10 89 50
0 12 52 33 12 33 12 7 12 12 0 8 46 12 12 12 10 8 7 12 52 0 52 2 12 12 12 15 21 12 50 50 7 12 33 52 33 12 3 0 17 12 12 52 12 0 12 30 33 52 12 12 12 12 52 1 12 46 46 12 0 7 12 12 12 52 -1 8 7 14 29 12 12 52 52 11 12 17 12 52 12 33 12 29 7 12 7 33 17 33 1 52 33 0 12 29 12 10 52 50
0 8 8 8 8 8 8 7 8 8 0 8 8 8 8 8 8 42 7 8 8 0 8 2 8 8 8 8 8 8 8 8 7 8 8 8 8 8 3 0 8 8 8 8 8 0 8 8 8 8 8 8 8 8 8 1 8 8 8 8 0 7 8 8 8 8 8 -1 7 8 8 8 8 8 8 8 8 8 8 8 8 8 8 8 7 8 7 8 8 8 1 8 8 0 8 8 8 8 8 8
0 7 7 7 7 7 7 82 7 7 0 7 7 7 7 7 7 7 8 7 7 0 7 2 7 7 7 7 7 7 7 7 8 7 7 7 7 7 3 0 7 7 7 7 7 0 7 7 7 7 7 7 7 7 7 1 7 7 7 7 0 8 7 7 7 7 7 7 -1 7 7 7 7 7 7 7 7 7 7 7 7 7 7 7 8 7 8 7 7 7 1 7 7 0 7 7 7 7 7 7
0 12 14 14 12 14 12 7 12 12 0 8 14 12 12 12 10 8 7 12 14 0 14 2 12 12 12 14 14 12 14 14 7 12 14 14 14 12 3 0 14 12 12 14 12 0 12 14 14 14 12 12 12 12 14 1 12 14 14 12 0 7 12 12 12 14 14 8 7 -1 14 12 12 14 14 11 12 14 12 14 12 14 12 14 7 12 7 14 14 14 1 14 14 0 12 14 12 10 14 14
0 12 29 29 12 29 12 7 12 12 0 8 29 12 12 12 10 8 7 12 29 0 29 2 12 12 12 15 21 12 29 29 7 12 29 29 29 12 3 0 17 12 12 29 12 0 12 29 29 29 12 12 12 12 29 1 12 29 29 12 0 7 12 12 12 29 29 8 7 14 -1 12 12 29 29 11 12 17 12 29 12 29 12 54 7 12 7 29 17 29 1 29 29 0 12 68 12 10 29 29
0 21 12 12 29 12 29 7 29 29 0 8 12 29 44 44 10 8 7 44 12 0 12 2 17 44 17 12 12 17 12 12 7 29 12 12 12 32 3 0 12 44 29 12 29 0 20 12 12 12 17 29 22 29 12 1 44 12 12 44 0 7 17 44 44 12 12 8 7 12 12 -1 44 12 12 11 44 12 22 12 29 12 16 12 7 29 7 12 12 12 1 12 12 0 44 12 29 10 12 12
0 21 12 12 29 12 29 7 29 29 0 8 12 29 57 69 10 8 7 46 12 0 12 2 17 46 17 12 12 17 12 12 7 29 12 12 12 32 3 0 12 76 29 12 29 0 20 12 12 12 17 29 22 29 12 1 57 12 12 76 0 7 17 50 76 12 12 8 7 12 12 44 -1 12 12 11 46 12 22 12 29 12 16 12 7 29 7 12 12 12 1 12 12 0 96 12 29 10 12 12
0 12 70 33 12 33 12 7 12 12 0 8 46 12 12 12 10 8 7 12 74 0 57 2 12 12 12 15 21 12 50 50 7 12 33 74 33 12 3 0 17 12 12 70 12 0 12 30 33 74 12 12 12 12 54 1 12 46 46 12 0 7 12 12 12 87 52 8 7 14 29 12 12 -1 83 11 12 17 12 54 12 33 12 29 7 12 7 33 17 33 1 83 33 0 12 29 12 10 87 50
0 12 70 33 12 33 12 7 12 12 0 8 46 12 12 12 10 8 7 12 74 0 57 2 12 12 12 15 21 12 50 50 7 12 33 74 33 12 3 0 17 12 12 70 12 0 12 30 33 74 12 12 12 12 54 1 12 46 46 12 0 7 12 12 12 83 52 8 7 14 29 12 12 83 -1 11 12 17 12 54 12 33 12 29 7 12 7 33 17 33 1 86 33 0 12 29 12 10 83 50
0 11 11 11 11 11 11 7 11 11 0 8 11 11 11 11 10 8 7 11 11 0 11 2 11 11 11 11 11 11 11 11 7 11 11 11 11 11 3 0 11 11 11 11 11 0 11 11 11 11 11 11 11 11 11 1 11 11 11 11 0 7 11 11 11 11 11 8 7 11 11 11 11 11 11 -1 11 11 11 11 11 11 11 11 7 11 7 11 11 11 1 11 11 0 11 11 11 10 11 11
0 21 12 12 29 12 29 7 29 29 0 8 12 29 46 46 10 8 7 57 12 0 12 2 17 57 17 12 12 17 12 12 7 29 12 12 12 32 3 0 12 46 29 12 29 0 20 12 12 12 17 29 22 29 12 1 46 12 12 46 0 7 17 46 46 12 12 8 7 12 12 44 46 12 12 11 -1 12 22 12 29 12 16 12 7 29 7 12 12 12 1 12 12 0 46 12 29 10 12 12
0 12 17 17 12 17 12 7 12 12 0 8 17 12 12 12 10 8 7 12 17 0 17 2 12 12 12 15 17 12 17 17 7 12 17 17 17 12 3 0 17 12 12 17 12 0 12 17 17 17 12 12 12 12 17 1 12 17 17 12 0 7 12 12 12 17 17 8 7 14 17 12 12 17 17 11 12 -1 12 17 12 17 12 17 7 12 7 17 17 17 1 17 17 0 12 17 12 10 17 17
0 21 12 12 22 12 22 7 22 22 0 8 12 22 22 22 10 8 7 22 12 0 12 2 17 22 17 12 12 17 12 12 7 22 12 12 12 22 3 0 12 22 22 12 22 0 20 12 12 12 17 22 41 22 12 1 22 12 12 22 0 7 17 22 22 12 12 8 7 12 12 22 22 12 12 11 22 12 -1 12 22 12 16 12 7 22 7 12 12 12 1 12 12 0 22 12 22 10 12 12
0 12 54 33 12 33 12 7 12 12 0 8 46 12 12 12 10 8 7 12 54 0 54 2 12 12 12 15 21 12 50 50 7 12 33 54 33 12 3 0 17 12 12 54 12 0 12 30 33 54 12 12 12 12 79 1 12 46 46 12 0 7 12 12 12 54 52 8 7 14 29 12 12 54 54 11 12 17 12 -1 12 33 12 29 7 12 7 33 17 33 1 54 33 0 12 29 12 10 54 50
0 21 12 12 57 12 99 7 57 30 0 8 12 65 29 29 10 8 7 29 12 0 12 2 17 29 17 12 12 17 12 12 7 62 12 12 12 29 3 0 12 29 38 12 40 0 20 12 12 12 17 62 22 35 12 1 29 12 12 29 0 7 17 29 29 12 12 8 7 12 12 29 29 12 12 11 29 12 22 12 -1 12 16 12 7 50 7 12 12 12 1 12 12 0 29 12 64 10 12 12
0 12 33 52 12 80 12 7 12 12 0 8 33 12 12 12 10 8 7 12 33 0 33 2 12 12 12 15 21 12 33 33 7 12 80 33 54 12 3 0 17 12 12 33 12 0 12 30 70 33 12 12 12 12 33 1 12 33 33 12 0 7 12 12 12 33 33 8 7 14 29 12 12 33 33 11 12 17 12 33 12 -1 12 29 7 12 7 74 17 80 1 33 49 0 12 29 12 10 33 33
0 16 12 12 16 12 16 7 16 16 0 8 12 16 16 16 10 8 7 16 12 0 12 2 16 16 16 12 12 16 12 12 7 16 12 12 12 16 3 0 12 16 16 12 16 0 16 12 12 12 16 16 16 16 12 1 16 12 12 16 0 7 16 16 16 12 12 8 7 12 12 16 16 12 12 11 16 12 16 12 16 12 -1 12 7 16 7 12 12 12 1 12 12 0 16 12 16 10 12 12
0 12 29 29 12 29 12 7 12 12 0 8 29 12 12 12 10 8 7 12 29 0 29 2 12 12 12 15 21 12 29 29 7 12 29 29 29 12 3 0 17 12 12 29 12 0 12 29 29 29 12 12 12 12 29 1 12 29 29 12 0 7 12 12 12 29 29 8 7 14 54 12 12 29 29 11 12 17 12 29 12 29 12 -1 7 12 7 29 17 29 1 29 29 0 12 54 12 10 29 29
0 7 7 7 7 7 7 8 7 7 0 7 7 7 7 7 7 7 37 7 7 0 7 2 7 7 7 7 7 7 7 7 37 7 7 7 7 7 3 0 7 7 7 7 7 0 7 7 7 7 7 7 7 7 7 1 7 7 7 7 0 91 7 7 7 7 7 7 8 7 7 7 7 7 7 7 7 7 7 7 7 7 7 7 -1 7 24 7 7 7 1 7 7 0 7 7 7 7 7 7
0 21 12 12 50 12 50 7 50 30 0 8 12 50 29 29 10 8 7 29 12 0 12 2 17 29 17 12 12 17 12 12 7 50 12 12 12 29 3 0 12 29 38 12 40 0 20 12 12 12 17 50 22 35 12 1 29 12 12 29 0 7 17 29 29 12 12 8 7 12 12 29 29 12 12 11 29 12 22 12 50 12 16 12 7 -1 7 12 12 12 1 12 12 0 29 12 50 10 12 12
0 7 7 7 7 7 7 8 7 7 0 7 7 7 7 7 7 7 24 7 7 0 7 2 7 7 7 7 7 7 7 7 24 7 7 7 7 7 3 0 7 7 7 7 7 0 7 7 7 7 7 7 7 7 7 1 7 7 7 7 0 24 7 7 7 7 7 7 8 7 7 7 7 7 7 7 7 7 7 7 7 7 7 7 24 7 -1 7 7 7 1 7 7 0 7 7 7 7 7 7
0 12 33 52 12 74 12 7 12 12 0 8 33 12 12 12 10 8 7 12 33 0 33 2 12 12 12 15 21 12 33 33 7 12 74 33 54 12 3 0 17 12 12 33 12 0 12 30 70 33 12 12 12 12 33 1 12 33 33 12 0 7 12 12 12 33 33 8 7 14 29 12 12 33 33 11 12 17 12 33 12 74 12 29 7 12 7 -1 17 74 1 33 49 0 12 29 12 10 33 33
0 12 17 17 12 17 12 7 12 12 0 8 17 12 12 12 10 8 7 12 17 0 17 2 12 12 12 15 17 12 17 17 7 12 17 17 17 12 3 0 60 12 12 17 12 0 12 17 17 17 12 12 12 12 17 1 12 17 17 12 0 7 12 12 12 17 17 8 7 14 17 12 12 17 17 11 12 17 12 17 12 17 12 17 7 12 7 17 -1 17 1 17 17 0 12 17 12 10 17 17
0 12 33 52 12 86 12 7 12 12 0 8 33 12 12 12 10 8 7 12 33 0 33 2 12 12 12 15 21 12 33 33 7 12 82 33 54 12 3 0 17 12 12 33 12 0 12 30 70 33 12 12 12 12 33 1 12 33 33 12 0 7 12 12 12 33 33 8 7 14 29 12 12 33 33 11 12 17 12 33 12 80 12 29 7 12 7 74 17 -1 1 33 49 0 12 29 12 10 33 33
0 1 1 1 1 1 1 1 1 1 0 1 1 1 1 1 1 1 1 1 1 0 1 1 1 1 1 1 1 1 1 1 1 1 1 1 1 1 1 0 1 1 1 1 1 0 1 1 1 1 1 1 1 1 1 59 1 1 1 1 0 1 1 1 1 1 1 1 1 1 1 1 1 1 1 1 1 1 1 1 1 1 1 1 1 1 1 1 1 1 -1 1 1 0 1 1 1 1 1 1
0 12 70 33 12 33 12 7 12 12 0 8 46 12 12 12 10 8 7 12 74 0 57 2 12 12 12 15 21 12 50 50 7 12 33 74 33 12 3 0 17 12 12 70 12 0 12 30 33 74 12 12 12 12 54 1 12 46 46 12 0 7 12 12 12 83 52 8 7 14 29 12 12 83 86 11 12 17 12 54 12 33 12 29 7 12 7 33 17 33 1 -1 33 0 12 29 12 10 83 50
0 12 33 49 12 49 12 7 12 12 0 8 33 12 12 12 10 8 7 12 33 0 33 2 12 12 12 15 21 12 33 33 7 12 49 33 49 12 3 0 17 12 12 33 14 0 12 30 49 33 12 12 12 12 33 1 12 33 33 12 0 7 12 12 12 33 33 8 7 14 29 12 12 33 33 11 12 17 12 33 12 49 12 29 7 12 7 49 17 49 1 33 -1 0 12 29 12 10 33 33
0 0 0 0 0 0 0 0 0 0 0 0 0 0 0 0 0 0 0 0 0 25 0 0 0 0 0 0 0 0 0 0 0 0 0 0 0 0 0 21 0 0 0 0 0 25 0 0 0 0 0 0 0 0 0 0 0 0 0 0 25 0 0 0 0 0 0 0 0 0 0 0 0 0 0 0 0 0 0 0 0 0 0 0 0 0 0 0 0 0 0 0 0 -1 0 0 0 0 0 0
0 21 12 12 29 12 29 7 29 29 0 8 12 29 57 69 10 8 7 46 12 0 12 2 17 46 17 12 12 17 12 12 7 29 12 12 12 32 3 0 12 76 29 12 29 0 20 12 12 12 17 29 22 29 12 1 57 12 12 76 0 7 17 50 76 12 12 8 7 12 12 44 96 12 12 11 46 12 22 12 29 12 16 12 7 29 7 12 12 12 1 12 12 0 -1 12 29 10 12 12
0 12 29 29 12 29 12 7 12 12 0 8 29 12 12 12 10 8 7 12 29 0 29 2 12 12 12 15 21 12 29 29 7 12 29 29 29 12 3 0 17 12 12 29 12 0 12 29 29 29 12 12 12 12 29 1 12 29 29 12 0 7 12 12 12 29 29 8 7 14 68 12 12 29 29 11 12 17 12 29 12 29 12 54 7 12 7 29 17 29 1 29 29 0 12 -1 12 10 29 29
0 21 12 12 57 12 64 7 57 30 0 8 12 64 29 29 10 8 7 29 12 0 12 2 17 29 17 12 12 17 12 12 7 62 12 12 12 29 3 0 12 29 38 12 40 0 20 12 12 12 17 62 22 35 12 1 29 12 12 29 0 7 17 29 29 12 12 8 7 12 12 29 29 12 12 11 29 12 22 12 64 12 16 12 7 50 7 12 12 12 1 12 12 0 29 12 -1 10 12 12
0 10 10 10 10 10 10 7 10 10 0 8 10 10 10 10 17 8 7 10 10 0 10 2 10 10 10 10 10 10 10 10 7 10 10 10 10 10 3 0 10 10 10 10 10 0 10 10 10 10 10 10 10 10 10 1 10 10 10 10 0 7 10 10 10 10 10 8 7 10 10 10 10 10 10 10 10 10 10 10 10 10 10 10 7 10 7 10 10 10 1 10 10 0 10 10 10 -1 10 10
0 12 70 33 12 33 12 7 12 12 0 8 46 12 12 12 10 8 7 12 74 0 57 2 12 12 12 15 21 12 50 50 7 12 33 74 33 12 3 0 17 12 12 70 12 0 12 30 33 74 12 12 12 12 54 1 12 46 46 12 0 7 12 12 12 89 52 8 7 14 29 12 12 87 83 11 12 17 12 54 12 33 12 29 7 12 7 33 17 33 1 83 33 0 12 29 12 10 -1 50
0 12 50 33 12 33 12 7 12 12 0 8 46 12 12 12 10 8 7 12 50 0 50 2 12 12 12 15 21 12 51 51 7 12 33 50 33 12 3 0 17 12 12 50 12 0 12 30 33 50 12 12 12 12 50 1 12 46 46 12 0 7 12 12 12 50 50 8 7 14 29 12 12 50 50 11 12 17 12 50 12 33 12 29 7 12 7 33 17 33 1 50 33 0 12 29 12 10 50 -1
