100
-1 3 3 3 3 3 3 3 3 3 3 3 3 3 3 3 3 3 3 3 3 3 3 3 3 3 3 3 3 3 3 3 3 3 3 3 3 3 3 3 39 3 3 3 3 3 3 3 3 3 3 3 3 3 3 3 3 3 3 3 3 3 3 3 3 3 3 3 3 3 3 3 3 3 3 3 3 3 3 3 3 3 3 3 3 3 3 3 60 3 3 3 3 3 3 3 3 3 3 3
3 -1 12 4 35 35 4 28 35 18 6 5 32 35 32 25 35 4 6 27 23 6 35 6 9 35 35 35 28 35 35 16 35 23 35 5 18 6 35 19 3 35 5 35 9 5 5 4 23 35 35 35 5 6 10 35 23 35 4 6 19 35 23 35 23 12 35 5 16 35 19 23 35 35 35 35 23 19 35 97 23 9 32 9 35 12 35 35 3 35 18 12 9 35 35 19 23 6 35 5
3 12 -1 4 12 12 4 12 12 12 6 5 12 12 12 12 12 4 6 12 12 6 12 6 9 12 12 12 12 12 12 12 12 12 12 5 12 6 12 12 3 12 5 12 9 5 5 4 12 12 12 12 5 6 10 12 12 12 4 6 12 12 12 12 12 49 12 5 12 12 12 12 12 12 12 12 12 12 12 12 12 9 12 9 12 34 12 12 3 12 12 12 9 12 12 12 12 6 12 5
3 4 4 -1 4 4 9 4 4 4 4 4 4 4 4 4 4 79 4 4 4 4 4 4 4 4 4 4 4 4 4 4 4 4 4 4 4 4 4 4 3 4 4 4 4 4 4 79 4 4 4 4 4 4 4 4 4 4 77 4 4 4 4 4 4 4 4 4 4 4 4 4 4 4 4 4 4 4 4 4 4 4 4 4 4 4 4 4 3 4 4 4 4 4 4 4 4 4 4 4
3 35 12 4 -1 37 4 28 37 18 6 5 32 65 32 25 37 4 6 27 23 6 37 6 9 37 37 37 28 37 37 16 37 23 37 5 18 6 37 19 3 37 5 37 9 5 5 4 23 57 37 37 5 6 10 37 23 37 4 6 19 37 23 57 23 12 37 5 16 37 19 23 37 37 37 37 23 19 37 35 23 9 32 9 37 12 37 37 3 37 18 12 9 37 37 19 23 6 37 5
3 35 12 4 37 -1 4 28 49 18 6 5 32 37 32 25 41 4 6 27 23 6 49 6 9 41 56 41 28 49 54 16 41 23 38 5 18 6 49 19 3 49 5 41 9 5 5 4 23 37 41 38 5 6 10 55 23 56 4 6 19 37 23 37 23 12 41 5 16 56 19 23 49 56 41 56 23 19 56 35 23 9 32 9 56 12 41 41 3 41 18 12 9 49 41 19 23 6 41 5
3 4 4 9 4 4 -1 4 4 4 4 4 4 4 4 4 4 9 4 4 4 4 4 4 4 4 4 4 4 4 4 4 4 4 4 4 4 4 4 4 3 4 4 4 4 4 4 9 4 4 4 4 4 4 4 4 4 4 9 4 4 4 4 4 4 4 4 4 4 4 4 4 4 4 4 4 4 4 4 4 4 4 4 4 4 4 4 4 3 4 4 4 4 4 4 4 4 4 4 4
3 28 12 4 28 28 4 -1 28 18 6 5 28 28 28 25 28 4 6 27 23 6 28 6 9 28 28 28 78 28 28 16 28 23 28 5 18 6 28 19 3 28 5 28 9 5 5 4 23 28 28 28 5 6 10 28 23 28 4 6 19 28 23 28 23 12 28 5 16 28 19 23 28 28 28 28 23 19 28 28 23 9 28 9 28 12 28 28 3 28 18 12 9 28 28 19 23 6 28 5
3 35 12 4 37 49 4 28 -1 18 6 5 32 37 32 25 41 4 6 27 23 6 86 6 9 41 49 41 28 69 49 16 41 23 38 5 18 6 55 19 3 89 5 41 9 5 5 4 23 37 41 38 5 6 10 49 23 49 4 6 19 37 23 37 23 12 41 5 16 49 19 23 89 49 41 49 23 19 49 35 23 9 32 9 49 12 41 41 3 41 18 12 9 56 41 19 23 6 41 5
3 18 12 4 18 18 4 18 18 -1 6 5 18 18 18 18 18 4 6 18 18 6 18 6 9 18 18 18 18 18 18 16 18 18 18 5 18 6 18 18 3 18 5 18 9 5 5 4 18 18 18 18 5 6 10 18 18 18 4 6 18 18 18 18 18 12 18 5 16 18 18 18 18 18 18 18 18 18 18 18 18 9 18 9 18 12 18 18 3 18 18 12 9 18 18 18 18 6 18 5
3 6 6 4 6 6 4 6 6 6 -1 5 6 6 6 6 6 4 63 6 6 35 6 63 6 6 6 6 6 6 6 6 6 6 6 5 6 63 6 6 3 6 5 6 6 5 5 4 6 6 6 6 5 11 6 6 6 6 4 92 6 6 6 6 6 6 6 5 6 6 6 6 6 6 6 6 6 6 6 6 6 6 6 6 6 6 6 6 3 6 6 6 6 6 6 6 6 63 6 5
3 5 5 4 5 5 4 5 5 5 5 -1 5 5 5 5 5 4 5 5 5 5 5 5 5 5 5 5 5 5 5 5 5 5 5 40 5 5 5 5 3 5 28 5 5 32 33 4 5 5 5 5 22 5 5 5 5 5 4 5 5 5 5 5 5 5 5 33 5 5 5 5 5 5 5 5 5 5 5 5 5 5 5 5 5 5 5 5 3 5 5 5 5 5 5 5 5 5 5 22
3 32 12 4 32 32 4 28 32 18 6 5 -1 32 52 25 32 4 6 27 23 6 32 6 9 32 32 32 28 32 32 16 32 23 32 5 18 6 32 19 3 32 5 32 9 5 5 4 23 32 32 32 5 6 10 32 23 32 4 6 19 32 23 32 23 12 32 5 16 32 19 23 32 32 32 32 23 19 32 32 23 9 52 9 32 12 32 32 3 32 18 12 9 32 32 19 23 6 32 5
3 35 12 4 65 37 4 28 37 18 6 5 32 -1 32 25 37 4 6 27 23 6 37 6 9 37 37 37 28 37 37 16 37 23 37 5 18 6 37 19 3 37 5 37 9 5 5 4 23 57 37 37 5 6 10 37 23 37 4 6 19 37 23 57 23 12 37 5 16 37 19 23 37 37 37 37 23 19 37 35 23 9 32 9 37 12 37 37 3 37 18 12 9 37 37 19 23 6 37 5
3 32 12 4 32 32 4 28 32 18 6 5 52 32 -1 25 32 4 6 27 23 6 32 6 9 32 32 32 28 32 32 16 32 23 32 5 18 6 32 19 3 32 5 32 9 5 5 4 23 32 32 32 5 6 10 32 23 32 4 6 19 32 23 32 23 12 32 5 16 32 19 23 32 32 32 32 23 19 32 32 23 9 71 9 32 12 32 32 3 32 18 12 9 32 32 19 23 6 32 5
3 25 12 4 25 25 4 25 25 18 6 5 25 25 25 -1 25 4 6 25 23 6 25 6 9 25 25 25 25 25 25 16 25 23 25 5 18 6 25 19 3 25 5 25 9 5 5 4 23 25 25 25 5 6 10 25 23 25 4 6 19 25 23 25 23 12 25 5 16 25 19 23 25 25 25 25 23 19 25 25 23 9 25 9 25 12 25 25 3 25 18 12 9 25 25 19 23 6 25 5
3 35 12 4 37 41 4 28 41 18 6 5 32 37 32 25 -1 4 6 27 23 6 41 6 9 41 41 41 28 41 41 16 41 23 38 5 18 6 41 19 3 41 5 55 9 5 5 4 23 37 88 38 5 6 10 41 23 41 4 6 19 37 23 37 23 12 55 5 16 41 19 23 41 41 41 41 23 19 41 35 23 9 32 9 41 12 55 55 3 41 18 12 9 41 55 19 23 6 41 5
3 4 4 79 4 4 9 4 4 4 4 4 4 4 4 4 4 -1 4 4 4 4 4 4 4 4 4 4 4 4 4 4 4 4 4 4 4 4 4 4 3 4 4 4 4 4 4 88 4 4 4 4 4 4 4 4 4 4 77 4 4 4 4 4 4 4 4 4 4 4 4 4 4 4 4 4 4 4 4 4 4 4 4 4 4 4 4 4 3 4 4 4 4 4 4 4 4 4 4 4
3 6 6 4 6 6 4 6 6 6 63 5 6 6 6 6 6 4 -1 6 6 35 6 98 6 6 6 6 6 6 6 6 6 6 6 5 6 74 6 6 3 6 5 6 6 5 5 4 6 6 6 6 5 11 6 6 6 6 4 63 6 6 6 6 6 6 6 5 6 6 6 6 6 6 6 6 6 6 6 6 6 6 6 6 6 6 6 6 3 6 6 6 6 6 6 6 6 85 6 5
3 27 12 4 27 27 4 27 27 18 6 5 27 27 27 25 27 4 6 -1 23 6 27 6 9 27 27 27 27 27 27 16 27 23 27 5 18 6 27 19 3 27 5 27 9 5 5 4 23 27 27 27 5 6 10 27 23 27 4 6 19 27 23 27 23 12 27 5 16 27 19 23 27 27 27 27 23 19 27 27 23 9 27 9 27 12 27 27 3 27 18 12 9 27 27 19 23 6 27 5
3 23 12 4 23 23 4 23 23 18 6 5 23 23 23 23 23 4 6 23 -1 6 23 6 9 23 23 23 23 23 23 16 23 63 23 5 18 6 23 19 3 23 5 23 9 5 5 4 47 23 23 23 5 6 10 23 55 23 4 6 19 23 41 23 23 12 23 5 16 23 19 78 23 23 23 23 41 19 23 23 63 9 23 9 23 12 23 23 3 23 18 12 9 23 23 19 78 6 23 5
3 6 6 4 6 6 4 6 6 6 35 5 6 6 6 6 6 4 35 6 6 -1 6 35 6 6 6 6 6 6 6 6 6 6 6 5 6 35 6 6 3 6 5 6 6 5 5 4 6 6 6 6 5 11 6 6 6 6 4 35 6 6 6 6 6 6 6 5 6 6 6 6 6 6 6 6 6 6 6 6 6 6 6 6 6 6 6 6 3 6 6 6 6 6 6 6 6 35 6 5
3 35 12 4 37 49 4 28 86 18 6 5 32 37 32 25 41 4 6 27 23 6 -1 6 9 41 49 41 28 69 49 16 41 23 38 5 18 6 55 19 3 86 5 41 9 5 5 4 23 37 41 38 5 6 10 49 23 49 4 6 19 37 23 37 23 12 41 5 16 49 19 23 86 49 41 49 23 19 49 35 23 9 32 9 49 12 41 41 3 41 18 12 9 56 41 19 23 6 41 5
3 6 6 4 6 6 4 6 6 6 63 5 6 6 6 6 6 4 98 6 6 35 6 -1 6 6 6 6 6 6 6 6 6 6 6 5 6 74 6 6 3 6 5 6 6 5 5 4 6 6 6 6 5 11 6 6 6 6 4 63 6 6 6 6 6 6 6 5 6 6 6 6 6 6 6 6 6 6 6 6 6 6 6 6 6 6 6 6 3 6 6 6 6 6 6 6 6 85 6 5
3 9 9 4 9 9 4 9 9 9 6 5 9 9 9 9 9 4 6 9 9 6 9 6 -1 9 9 9 9 9 9 9 9 9 9 5 9 6 9 9 3 9 5 9 28 5 5 4 9 9 9 9 5 6 9 9 9 9 4 6 9 9 9 9 9 9 9 5 9 9 9 9 9 9 9 9 9 9 9 9 9 83 9 65 9 9 9 9 3 9 9 9 75 9 9 9 9 6 9 5
3 35 12 4 37 41 4 28 41 18 6 5 32 37 32 25 41 4 6 27 23 6 41 6 9 -1 41 41 28 41 41 16 42 23 38 5 18 6 41 19 3 41 5 41 9 5 5 4 23 37 41 38 5 6 10 41 23 41 4 6 19 37 23 37 23 12 41 5 16 41 19 23 41 41 41 41 23 19 41 35 23 9 32 9 41 12 41 41 3 41 18 12 9 41 41 19 23 6 41 5
3 35 12 4 37 56 4 28 49 18 6 5 32 37 32 25 41 4 6 27 23 6 49 6 9 41 -1 41 28 49 54 16 41 23 38 5 18 6 49 19 3 49 5 41 9 5 5 4 23 37 41 38 5 6 10 55 23 77 4 6 19 37 23 37 23 12 41 5 16 77 19 23 49 62 41 91 23 19 62 35 23 9 32 9 62 12 41 41 3 41 18 12 9 49 41 19 23 6 41 5
3 35 12 4 37 41 4 28 41 18 6 5 32 37 32 25 41 4 6 27 23 6 41 6 9 41 41 -1 28 41 41 16 41 23 38 5 18 6 41 19 3 41 5 41 9 5 5 4 23 37 41 38 5 6 10 41 23 41 4 6 19 37 23 37 23 12 41 5 16 41 19 23 41 41 46 41 23 19 41 35 23 9 32 9 41 12 41 41 3 46 18 12 9 41 41 19 23 6 46 5
3 28 12 4 28 28 4 78 28 18 6 5 28 28 28 25 28 4 6 27 23 6 28 6 9 28 28 28 -1 28 28 16 28 23 28 5 18 6 28 19 3 28 5 28 9 5 5 43 23 28 28 28 5 6 10 28 23 28 4 6 19 28 23 28 23 12 28 5 16 28 19 23 28 28 28 28 23 19 28 28 23 9 28 9 28 12 28 28 3 28 18 12 9 28 28 19 23 6 28 5
3 35 12 4 37 49 4 28 69 18 6 5 32 37 32 25 41 4 6 27 23 6 69 6 9 41 49 41 28 -1 49 16 41 23 38 5 18 6 55 19 3 69 5 41 9 5 5 4 23 37 41 38 5 6 10 49 23 49 4 6 19 37 23 37 23 12 41 5 16 49 19 23 69 49 41 49 23 19 49 35 23 9 32 9 49 12 41 41 3 41 18 12 9 56 41 19 23 6 41 5
3 35 12 4 37 54 4 28 49 18 6 5 32 37 32 25 41 4 6 27 23 6 49 6 9 41 54 41 28 49 -1 16 41 23 38 5 18 6 49 19 3 49 5 41 9 5 5 4 23 37 41 38 5 6 10 54 23 54 4 6 19 37 23 37 23 12 41 5 16 54 19 23 49 54 41 54 23 19 54 35 23 9 32 9 54 12 41 41 3 41 18 12 9 49 41 19 23 6 41 5
3 16 12 4 16 16 4 16 16 16 6 5 16 16 16 16 16 4 6 16 16 6 16 6 9 16 16 16 16 16 16 -1 16 16 16 5 16 6 16 16 3 16 5 16 9 5 5 4 16 16 16 16 5 6 10 16 16 16 4 6 16 16 16 16 16 12 16 5 40 16 16 16 16 16 16 16 16 16 16 16 16 9 16 9 16 12 16 16 3 16 16 12 9 16 16 16 16 6 16 5
3 35 12 4 37 41 4 28 41 18 6 5 32 37 32 25 41 4 6 27 23 6 41 6 9 42 41 41 28 41 41 16 -1 23 38 5 18 6 41 19 3 41 5 41 9 5 5 4 23 37 41 38 5 6 10 41 23 41 4 6 19 37 23 37 23 12 41 5 16 41 19 23 41 41 41 41 23 19 41 35 23 9 32 9 41 12 41 41 3 41 18 12 9 41 41 19 23 6 41 5
3 23 12 4 23 23 4 23 23 18 6 5 23 23 23 23 23 4 6 23 63 6 23 6 9 23 23 23 23 23 23 16 23 -1 23 5 18 6 23 19 3 23 5 23 9 5 5 4 47 23 23 23 5 6 10 23 55 23 4 6 19 23 41 23 23 12 23 5 16 23 19 63 23 23 23 23 41 19 23 23 73 9 23 9 23 12 23 23 3 23 18 12 9 23 23 19 63 6 23 5
3 35 12 4 37 38 4 28 38 18 6 5 32 37 32 25 38 4 6 27 23 6 38 6 9 38 38 38 28 38 38 16 38 23 -1 5 18 6 38 19 3 38 5 38 9 5 5 4 23 37 38 44 5 6 10 38 23 38 4 6 19 37 23 37 23 12 38 5 16 38 19 23 38 38 38 38 23 19 38 35 23 9 32 9 38 12 38 38 3 38 18 12 9 38 38 19 23 6 38 5
3 5 5 4 5 5 4 5 5 5 5 40 5 5 5 5 5 4 5 5 5 5 5 5 5 5 5 5 5 5 5 5 5 5 5 -1 5 5 5 5 3 5 28 5 5 32 33 4 5 5 5 5 22 5 5 5 5 5 4 5 5 5 5 5 5 5 5 33 5 5 5 5 5 5 5 5 5 5 5 5 5 5 5 5 5 5 5 5 3 5 5 5 5 5 5 5 5 5 5 22
3 18 12 4 18 18 4 18 18 18 6 5 18 18 18 18 18 4 6 18 18 6 18 6 9 18 18 18 18 18 18 16 18 18 18 5 -1 6 18 18 3 18 5 18 9 5 5 4 18 18 18 18 5 6 10 18 18 18 4 6 18 18 18 18 18 12 18 5 16 18 18 18 18 18 18 18 18 18 18 18 18 9 18 9 18 12 18 18 3 18 18 12 9 18 18 18 18 6 18 5
3 6 6 4 6 6 4 6 6 6 63 5 6 6 6 6 6 4 74 6 6 35 6 74 6 6 6 6 6 6 6 6 6 6 6 5 6 -1 6 6 3 6 5 6 6 5 5 4 6 6 6 6 5 11 6 6 6 6 4 63 6 6 6 6 6 6 6 5 6 6 6 6 6 6 6 6 6 6 6 6 6 6 6 6 6 6 6 6 3 6 6 6 6 6 6 6 6 74 6 5
3 35 12 4 37 49 4 28 55 18 6 5 32 37 32 25 41 4 6 27 23 6 55 6 9 41 49 41 28 55 49 16 41 23 38 5 18 6 -1 19 3 55 5 41 9 5 5 4 23 37 41 38 5 6 10 49 23 49 4 6 19 37 23 37 23 12 41 5 16 49 19 23 55 49 41 49 23 19 49 35 23 9 32 9 49 12 41 41 3 41 18 12 9 55 41 19 23 6 41 5
3 19 12 4 19 19 4 19 19 18 6 5 19 19 19 19 19 4 6 19 19 6 19 6 9 19 19 19 19 19 19 16 19 19 19 5 18 6 19 -1 3 19 5 19 9 5 5 4 19 19 19 19 5 6 10 19 19 19 4 6 57 19 19 19 19 12 19 5 16 19 76 19 19 19 19 19 19 65 19 19 19 9 19 9 19 12 19 19 3 19 18 12 9 19 19 37 19 6 19 5
39 3 3 3 3 3 3 3 3 3 3 3 3 3 3 3 3 3 3 3 3 3 3 3 3 3 3 3 3 3 3 3 3 3 3 3 3 3 3 3 -1 3 3 3 3 3 3 3 3 3 3 3 3 3 3 3 3 3 3 3 3 3 3 3 3 3 3 3 3 3 3 3 3 3 3 3 3 3 3 3 3 3 3 3 3 3 3 3 39 3 3 3 3 3 3 3 3 3 3 3
3 35 12 4 37 49 4 28 89 18 6 5 32 37 32 25 41 4 6 27 23 6 86 6 9 41 49 41 28 69 49 16 41 23 38 5 18 6 55 19 3 -1 5 41 9 5 5 4 23 37 41 38 5 6 10 49 23 49 4 6 19 37 23 37 23 12 41 5 16 49 19 23 96 49 41 49 23 19 49 35 23 9 32 9 49 12 41 41 3 41 18 12 9 56 41 19 23 6 41 5
3 5 5 4 5 5 4 5 5 5 5 28 5 5 5 5 5 4 5 5 5 5 5 5 5 5 5 5 5 5 5 5 5 5 5 28 5 5 5 5 3 5 -1 5 5 28 28 4 5 5 5 5 22 5 5 5 5 5 4 5 5 5 5 5 5 5 5 28 5 5 5 5 5 5 5 5 5 5 5 5 5 5 5 5 5 5 5 5 3 5 5 5 5 5 5 5 5 5 5 22
3 35 12 4 37 41 4 28 41 18 6 5 32 37 32 25 55 4 6 27 23 6 41 6 9 41 41 41 28 41 41 16 41 23 38 5 18 6 41 19 3 41 5 -1 9 5 5 4 23 37 55 38 5 6 10 41 23 41 4 6 19 37 23 37 23 12 56 5 16 41 19 23 41 41 41 41 23 19 41 35 23 9 32 9 41 12 56 55 3 41 18 12 9 41 56 19 23 6 41 5
3 9 9 4 9 9 4 9 9 9 6 5 9 9 9 9 9 4 6 9 9 6 9 6 28 9 9 9 9 9 9 9 9 9 9 5 9 6 9 9 3 9 5 9 -1 5 5 4 9 9 9 9 5 6 9 9 9 9 4 6 9 9 9 9 9 9 9 5 9 9 9 9 9 9 9 9 9 9 9 9 9 28 9 28 9 9 9 9 3 9 9 9 28 9 9 9 9 6 9 5
3 5 5 4 5 5 4 5 5 5 5 32 5 5 5 5 5 4 5 5 5 5 5 5 5 5 5 5 5 5 5 5 5 5 5 32 5 5 5 5 3 5 28 5 5 -1 32 4 5 5 5 5 22 5 5 5 5 5 4 5 5 5 5 5 5 5 5 32 5 5 5 5 5 5 5 5 5 5 5 5 5 5 5 5 5 5 5 5 3 5 5 5 5 5 5 5 5 5 5 22
3 5 5 4 5 5 4 5 5 5 5 33 5 5 5 5 5 4 5 5 5 5 5 5 5 5 5 5 5 5 5 5 5 5 5 33 5 5 5 5 3 5 28 5 5 32 -1 4 5 5 5 5 22 5 5 5 5 5 4 5 5 5 5 5 5 5 5 78 5 5 5 5 5 5 5 5 5 5 5 5 5 5 5 5 5 5 5 5 3 5 5 5 5 5 5 5 5 5 5 22
3 4 4 79 4 4 9 4 4 4 4 4 4 4 4 4 4 88 4 4 4 4 4 4 4 4 4 4 43 4 4 4 4 4 4 4 4 4 4 4 3 4 4 4 4 4 4 -1 4 4 4 4 4 4 4 4 4 4 77 4 4 4 4 4 4 4 4 4 4 4 4 4 4 4 4 4 4 4 4 4 4 4 4 4 4 4 4 4 3 4 4 4 4 4 4 4 4 4 4 4
3 23 12 4 23 23 4 23 23 18 6 5 23 23 23 23 23 4 6 23 47 6 23 6 9 23 23 23 23 23 23 16 23 47 23 5 18 6 23 19 3 23 5 23 9 5 5 4 -1 23 23 23 5 6 10 23 47 23 4 6 19 23 41 23 23 12 23 5 16 23 19 47 23 23 23 23 41 19 23 23 47 9 23 9 23 12 23 23 3 23 18 12 9 23 23 19 47 6 23 5
3 35 12 4 57 37 4 28 37 18 6 5 32 57 32 25 37 4 6 27 23 6 37 6 9 37 37 37 28 37 37 16 37 23 37 5 18 6 37 19 3 37 5 37 9 5 5 4 23 -1 37 37 5 6 10 37 23 37 4 6 19 37 23 78 23 12 37 5 16 37 19 23 37 37 37 37 23 19 37 35 23 9 32 9 37 12 37 37 3 37 18 12 9 37 37 19 23 6 37 5
3 35 12 4 37 41 4 28 41 18 6 5 32 37 32 25 88 4 6 27 23 6 41 6 9 41 41 41 28 41 41 16 41 23 38 5 18 6 41 19 3 41 5 55 9 5 5 4 23 37 -1 38 5 6 10 41 23 41 4 6 19 37 23 37 23 12 55 5 16 41 19 23 41 41 41 41 23 19 41 35 23 9 32 9 41 12 55 55 3 41 18 12 9 41 55 19 23 6 41 5
3 35 12 4 37 38 4 28 38 18 6 5 32 37 32 25 38 4 6 27 23 6 38 6 9 38 38 38 28 38 38 16 38 23 44 5 18 6 38 19 3 38 5 38 9 5 5 4 23 37 38 -1 5 6 10 38 23 38 4 6 19 37 23 37 23 12 38 5 16 38 19 23 38 38 38 38 23 19 38 35 23 9 32 9 38 12 38 38 3 38 18 12 9 38 38 19 23 6 38 5
3 5 5 4 5 5 4 5 5 5 5 22 5 5 5 5 5 4 5 5 5 5 5 5 5 5 5 5 5 5 5 5 5 5 5 22 5 5 5 5 3 5 22 5 5 22 22 4 5 5 5 5 -1 5 5 5 5 5 4 5 5 5 5 5 5 5 5 22 5 5 5 5 5 5 5 5 5 5 5 5 5 5 5 5 5 5 5 5 3 5 5 5 5 5 5 5 5 5 5 98
3 6 6 4 6 6 4 6 6 6 11 5 6 6 6 6 6 4 11 6 6 11 6 11 6 6 6 6 6 6 6 6 6 6 6 5 6 11 6 6 3 6 5 6 6 5 5 4 6 6 6 6 5 -1 6 6 6 6 4 11 6 6 6 6 6 6 6 5 6 6 6 6 6 6 6 6 6 6 6 6 6 6 6 6 6 6 6 6 3 6 6 6 6 6 6 6 6 11 6 5
3 10 10 4 10 10 4 10 10 10 6 5 10 10 10 10 10 4 6 10 10 6 10 6 9 10 10 10 10 10 10 10 10 10 10 5 10 6 10 10 3 10 5 10 9 5 5 4 10 10 10 10 5 6 -1 10 10 10 4 6 10 10 10 10 10 10 10 5 10 10 10 10 10 10 10 10 10 10 10 10 10 9 10 9 10 10 10 10 3 10 10 10 9 10 10 10 10 6 10 5
3 35 12 4 37 55 4 28 49 18 6 5 32 37 32 25 41 4 6 27 23 6 49 6 9 41 55 41 28 49 54 16 41 23 38 5 18 6 49 19 3 49 5 41 9 5 5 4 23 37 41 38 5 6 10 -1 23 55 4 6 19 37 23 37 23 12 41 5 16 55 19 23 49 55 41 55 23 19 55 35 23 9 32 9 55 12 41 41 3 41 18 12 9 49 41 19 23 6 41 5
3 23 12 4 23 23 4 23 23 18 6 5 23 23 23 23 23 4 6 23 55 6 23 6 9 23 23 23 23 23 23 16 23 55 23 5 18 6 23 19 3 23 5 23 9 5 5 4 47 23 23 23 5 6 10 23 -1 23 4 6 19 23 41 23 23 12 23 5 16 23 19 55 23 23 23 23 41 19 23 23 55 9 23 9 23 12 23 23 3 23 18 12 9 23 23 19 55 6 23 5
3 35 12 4 37 56 4 28 49 18 6 5 32 37 32 25 41 4 6 27 23 6 49 6 9 41 77 41 28 49 54 16 41 23 38 5 18 6 49 19 3 49 5 41 9 5 5 4 23 37 41 38 5 6 10 55 23 -1 4 6 19 37 23 37 23 12 41 5 16 79 19 23 49 62 41 77 23 19 62 35 23 9 32 9 62 12 41 41 3 41 18 12 9 49 41 19 23 6 41 5
3 4 4 77 4 4 9 4 4 4 4 4 4 4 4 4 4 77 4 4 4 4 4 4 4 4 4 4 4 4 4 4 4 4 4 4 4 4 4 4 3 4 4 4 4 4 4 77 4 4 4 4 4 4 4 4 4 4 -1 4 4 4 4 4 4 4 4 4 4 4 4 4 4 4 4 4 4 4 4 4 4 4 4 4 4 4 4 4 3 4 4 4 4 4 4 4 4 4 4 4
3 6 6 4 6 6 4 6 6 6 92 5 6 6 6 6 6 4 63 6 6 35 6 63 6 6 6 6 6 6 6 6 6 6 6 5 6 63 6 6 3 6 5 6 6 5 5 4 6 6 6 6 5 11 6 6 6 6 4 -1 6 6 6 6 6 6 6 5 6 6 6 6 6 6 6 6 6 6 6 6 6 6 6 6 6 6 6 6 3 6 6 6 6 6 6 6 6 63 6 5
3 19 12 4 19 19 4 19 19 18 6 5 19 19 19 19 19 4 6 19 19 6 19 6 9 19 19 19 19 19 19 16 19 19 19 5 18 6 19 57 3 19 5 19 9 5 5 4 19 19 19 19 5 6 10 19 19 19 4 6 -1 19 19 19 19 12 19 5 16 19 57 19 19 19 19 19 19 57 19 19 19 9 19 9 19 12 19 19 3 19 18 12 9 19 19 37 19 6 19 5
3 35 12 4 37 37 4 28 37 18 6 5 32 37 32 25 37 4 6 27 23 6 37 6 9 37 37 37 28 37 37 16 37 23 37 5 18 6 37 19 3 37 5 37 9 5 5 4 23 37 37 37 5 6 10 37 23 37 4 6 19 -1 23 37 23 12 37 5 16 37 19 23 37 37 37 37 23 19 37 35 23 9 32 9 37 12 37 37 3 37 18 12 9 37 37 19 23 6 37 5
3 23 12 4 23 23 4 23 23 18 6 5 23 23 23 23 23 4 6 23 41 6 23 6 9 23 23 23 23 23 23 16 23 41 23 5 18 6 23 19 3 23 5 23 9 5 5 4 41 23 23 23 5 6 10 23 41 23 4 6 19 23 -1 23 23 12 23 5 16 23 19 41 23 23 23 23 84 19 23 23 41 9 23 9 23 12 23 23 3 23 18 12 9 23 23 19 41 6 23 5
3 35 12 4 57 37 4 28 37 18 6 5 32 57 32 25 37 4 6 27 23 6 37 6 9 37 37 37 28 37 37 16 37 23 37 5 18 6 37 19 3 37 5 37 9 5 5 4 23 78 37 37 5 6 10 37 23 37 4 6 19 37 23 -1 23 12 37 5 16 37 19 23 37 37 37 37 23 19 37 35 23 9 32 9 37 12 37 37 3 37 18 12 9 37 37 19 23 6 37 5
3 23 12 4 23 23 4 23 23 18 6 5 23 23 23 23 23 4 6 23 23 6 23 6 9 23 23 23 23 23 23 16 23 23 23 5 18 6 23 19 3 23 5 23 9 5 5 4 23 23 23 23 5 6 10 23 23 23 4 6 19 23 23 23 -1 12 23 5 16 23 19 23 23 23 23 23 23 19 23 23 23 9 23 9 23 12 23 23 3 23 18 12 9 23 23 19 23 6 23 5
3 12 49 4 12 12 4 12 12 12 6 5 12 12 12 12 12 4 6 12 12 6 12 6 9 12 12 12 12 12 12 12 12 12 12 5 12 6 12 12 3 12 5 12 9 5 5 4 12 12 12 12 5 6 10 12 12 12 4 6 12 12 12 12 12 -1 12 5 12 12 12 12 12 12 12 12 12 12 12 12 12 9 12 9 12 34 12 12 3 12 12 12 9 12 12 12 12 6 12 5
3 35 12 4 37 41 4 28 41 18 6 5 32 37 32 25 55 4 6 27 23 6 41 6 9 41 41 41 28 41 41 16 41 23 38 5 18 6 41 19 3 41 5 56 9 5 5 4 23 37 55 38 5 6 10 41 23 41 4 6 19 37 23 37 23 12 -1 5 16 41 19 23 41 41 41 41 23 19 41 35 23 9 32 9 41 12 69 55 3 41 18 12 9 41 69 19 23 6 41 5
3 5 5 4 5 5 4 5 5 5 5 33 5 5 5 5 5 4 5 5 5 5 5 5 5 5 5 5 5 5 5 5 5 5 5 33 5 5 5 5 3 5 28 5 5 32 78 4 5 5 5 5 22 5 5 5 5 5 4 5 5 5 5 5 5 5 5 -1 5 5 5 5 5 5 5 5 5 5 5 5 5 5 5 5 5 5 5 5 3 5 5 5 5 5 5 5 5 5 5 22
3 16 12 4 16 16 4 16 16 16 6 5 16 16 16 16 16 4 6 16 16 6 16 6 9 16 16 16 16 16 16 40 16 16 16 5 16 6 16 16 3 16 5 16 9 5 5 4 16 16 16 16 5 6 10 16 16 16 4 6 16 16 16 16 16 12 16 5 -1 16 16 16 16 16 16 16 16 16 16 16 16 9 16 9 16 12 16 16 3 16 16 12 9 16 16 16 16 6 16 5
3 35 12 4 37 56 4 28 49 18 6 5 32 37 32 25 41 4 6 27 23 6 49 6 9 41 77 41 28 49 54 16 41 23 38 5 18 6 49 19 3 49 5 41 9 5 5 4 23 37 41 38 5 6 10 55 23 79 4 6 19 37 23 37 23 12 41 5 16 -1 19 23 49 62 41 77 23 19 62 35 23 9 32 9 62 12 41 41 3 41 18 12 9 49 41 19 23 6 41 5
3 19 12 4 19 19 4 19 19 18 6 5 19 19 19 19 19 4 6 19 19 6 19 6 9 19 19 19 19 19 19 16 19 19 19 5 18 6 19 76 3 19 5 19 9 5 5 4 19 19 19 19 5 6 10 19 19 19 4 6 57 19 19 19 19 12 19 5 16 19 -1 19 19 19 19 19 19 65 19 19 19 9 19 9 19 12 19 19 3 19 18 12 9 19 19 37 19 6 19 5
3 23 12 4 23 23 4 23 23 18 6 5 23 23 23 23 23 4 6 23 78 6 23 6 9 23 23 23 23 23 23 16 23 63 23 5 18 6 23 19 3 23 5 23 9 5 5 4 47 23 23 23 5 6 10 23 55 23 4 6 19 23 41 23 23 12 23 5 16 23 19 -1 23 23 23 23 41 19 23 23 63 9 23 9 23 12 23 23 3 23 18 12 9 23 23 19 90 6 23 5
3 35 12 4 37 49 4 28 89 18 6 5 32 37 32 25 41 4 6 27 23 6 86 6 9 41 49 41 28 69 49 16 41 23 38 5 18 6 55 19 3 96 5 41 9 5 5 4 23 37 41 38 5 6 10 49 23 49 4 6 19 37 23 37 23 12 41 5 16 49 19 23 -1 49 41 49 23 19 49 35 23 9 32 9 49 12 41 41 3 41 18 12 9 56 41 19 23 6 41 5
3 35 12 4 37 56 4 28 49 18 6 5 32 37 32 25 41 4 6 27 23 6 49 6 9 41 62 41 28 49 54 16 41 23 38 5 18 6 49 19 3 49 5 41 9 5 5 4 23 37 41 38 5 6 10 55 23 62 4 6 19 37 23 37 23 12 41 5 16 62 19 23 49 -1 41 62 23 19 82 35 23 9 32 9 97 12 41 41 3 41 18 12 9 49 41 19 23 6 41 5
3 35 12 4 37 41 4 28 41 18 6 5 32 37 32 25 41 4 6 27 23 6 41 6 9 41 41 46 28 41 41 16 41 23 38 5 18 6 41 19 3 41 5 41 9 5 5 4 23 37 41 38 5 6 10 41 23 41 4 6 19 37 23 37 23 12 41 5 16 41 19 23 41 41 -1 41 23 19 41 35 23 9 32 9 41 12 41 41 3 57 18 12 9 41 41 19 23 6 57 5
3 35 12 4 37 56 4 28 49 18 6 5 32 37 32 25 41 4 6 27 23 6 49 6 9 41 91 41 28 49 54 16 41 23 38 5 18 6 49 19 3 49 5 41 9 5 5 4 23 37 41 38 5 6 10 55 23 77 4 6 19 37 23 37 23 12 41 5 16 77 19 23 49 62 41 -1 23 19 62 35 23 9 32 9 62 12 41 41 3 41 18 12 9 49 41 19 23 6 41 5
3 23 12 4 23 23 4 23 23 18 6 5 23 23 23 23 23 4 6 23 41 6 23 6 9 23 23 23 23 23 23 16 23 41 23 5 18 6 23 19 3 23 5 23 9 5 5 4 41 23 23 23 5 6 10 23 41 23 4 6 19 23 84 23 23 12 23 5 16 23 19 41 23 23 23 23 -1 19 23 23 41 9 23 9 23 12 23 23 3 23 18 12 9 23 23 19 41 6 23 5
3 19 12 4 19 19 4 19 19 18 6 5 19 19 19 19 19 4 6 19 19 6 19 6 9 19 19 19 19 19 19 16 19 19 19 5 18 6 19 65 3 19 5 19 9 5 5 4 19 19 19 19 5 6 10 19 19 19 4 6 57 19 19 19 19 12 19 5 16 19 65 19 19 19 19 19 19 -1 19 19 19 9 19 9 19 12 19 19 3 19 18 12 9 19 19 37 19 6 19 5
3 35 12 4 37 56 4 28 49 18 6 5 32 37 32 25 41 4 6 27 23 6 49 6 9 41 62 41 28 49 54 16 41 23 38 5 18 6 49 19 3 49 5 41 9 5 5 4 23 37 41 38 5 6 10 55 23 62 4 6 19 37 23 37 23 12 41 5 16 62 19 23 49 82 41 62 23 19 -1 35 23 9 32 9 82 12 41 41 3 41 18 12 9 49 41 19 23 6 41 5
3 97 12 4 35 35 4 28 35 18 6 5 32 35 32 25 35 4 6 27 23 6 35 6 9 35 35 35 28 35 35 16 35 23 35 5 18 6 35 19 3 35 5 35 9 5 5 4 23 35 35 35 5 6 10 35 23 35 4 6 19 35 23 35 23 12 35 5 16 35 19 23 35 35 35 35 23 19 35 -1 23 9 32 9 35 12 35 35 3 35 18 12 9 35 35 19 23 6 35 5
3 23 12 4 23 23 4 23 23 18 6 5 23 23 23 23 23 4 6 23 63 6 23 6 9 23 23 23 23 23 23 16 23 73 23 5 18 6 23 19 3 23 5 23 9 5 5 4 47 23 23 23 5 6 10 23 55 23 4 6 19 23 41 23 23 12 23 5 16 23 19 63 23 23 23 23 41 19 23 23 -1 9 23 9 23 12 23 23 3 23 18 12 9 23 23 19 63 6 23 5
3 9 9 4 9 9 4 9 9 9 6 5 9 9 9 9 9 4 6 9 9 6 9 6 83 9 9 9 9 9 9 9 9 9 9 5 9 6 9 9 3 9 5 9 28 5 5 4 9 9 9 9 5 6 9 9 9 9 4 6 9 9 9 9 9 9 9 5 9 9 9 9 9 9 9 9 9 9 9 9 9 -1 9 65 9 9 9 9 3 9 9 9 75 9 9 9 9 6 9 5
3 32 12 4 32 32 4 28 32 18 6 5 52 32 71 25 32 4 6 27 23 6 32 6 9 32 32 32 28 32 32 16 32 23 32 5 18 6 32 19 3 32 5 32 9 5 5 4 23 32 32 32 5 6 10 32 23 32 4 6 19 32 23 32 23 12 32 5 16 32 19 23 32 32 32 32 23 19 32 32 23 9 -1 9 32 12 32 32 3 32 18 12 9 32 32 19 23 6 32 5
3 9 9 4 9 9 4 9 9 9 6 5 9 9 9 9 9 4 6 9 9 6 9 6 65 9 9 9 9 9 9 9 9 9 9 5 9 6 9 9 3 9 5 9 28 5 5 4 9 9 9 9 5 6 9 9 9 9 4 6 9 9 9 9 9 9 9 5 9 9 9 9 9 9 9 9 9 9 9 9 9 65 9 -1 9 9 9 9 3 9 9 9 65 9 9 9 9 6 9 5
3 35 12 4 37 56 4 28 49 18 6 5 32 37 32 25 41 4 6 27 23 6 49 6 9 41 62 41 28 49 54 16 41 23 38 5 18 6 49 19 3 49 5 41 9 5 5 4 23 37 41 38 5 6 10 55 23 62 4 6 19 37 23 37 23 12 41 5 16 62 19 23 49 97 41 62 23 19 82 35 23 9 32 9 -1 12 41 41 3 41 18 12 9 49 41 19 23 6 41 5
3 12 34 4 12 12 4 12 12 12 6 5 12 12 12 12 12 4 6 12 12 6 12 6 9 12 12 12 12 12 12 12 12 12 12 5 12 6 12 12 3 12 5 12 9 5 5 4 12 12 12 12 5 6 10 12 12 12 4 6 12 12 12 12 12 34 12 5 12 12 12 12 12 12 12 12 12 12 12 12 12 9 12 9 12 -1 12 12 3 12 12 12 9 12 12 12 12 6 12 5
3 35 12 4 37 41 4 28 41 18 6 5 32 37 32 25 55 4 6 27 23 6 41 6 9 41 41 41 28 41 41 16 41 23 38 5 18 6 41 19 3 41 5 56 9 5 5 4 23 37 55 38 5 6 10 41 23 41 4 6 19 37 23 37 23 12 69 5 16 41 19 23 41 41 41 41 23 19 41 35 23 9 32 9 41 12 -1 55 3 41 18 12 9 41 97 19 23 6 41 5
3 35 12 4 37 41 4 28 41 18 6 5 32 37 32 25 55 4 6 27 23 6 41 6 9 41 41 41 28 41 41 16 41 23 38 5 18 6 41 19 3 41 5 55 9 5 5 4 23 37 55 38 5 6 10 41 23 41 4 6 19 37 23 37 23 12 55 5 16 41 19 23 41 41 41 41 23 19 41 35 23 9 32 9 41 12 55 -1 3 41 18 12 9 41 55 19 23 6 41 5
60 3 3 3 3 3 3 3 3 3 3 3 3 3 3 3 3 3 3 3 3 3 3 3 3 3 3 3 3 3 3 3 3 3 3 3 3 3 3 3 39 3 3 3 3 3 3 3 3 3 3 3 3 3 3 3 3 3 3 3 3 3 3 3 3 3 3 3 3 3 3 3 3 3 3 3 3 3 3 3 3 3 3 3 3 3 3 3 -1 3 3 3 3 3 3 3 3 3 3 3
3 35 12 4 37 41 4 28 41 18 6 5 32 37 32 25 41 4 6 27 23 6 41 6 9 41 41 46 28 41 41 16 41 23 38 5 18 6 41 19 3 41 5 41 9 5 5 4 23 37 41 38 5 6 10 41 23 41 4 6 19 37 23 37 23 12 41 5 16 41 19 23 41 41 57 41 23 19 41 35 23 9 32 9 41 12 41 41 3 -1 18 12 9 41 41 19 23 6 85 5
3 18 12 4 18 18 4 18 18 18 6 5 18 18 18 18 18 4 6 18 18 6 18 6 9 18 18 18 18 18 18 16 18 18 18 5 18 6 18 18 3 18 5 18 9 5 5 4 18 18 18 18 5 6 10 18 18 18 4 6 18 18 18 18 18 12 18 5 16 18 18 18 18 18 18 18 18 18 18 18 18 9 18 9 18 12 18 18 3 18 -1 12 9 18 18 18 18 6 18 5
3 12 12 4 12 12 4 12 12 12 6 5 12 12 12 12 12 4 6 12 12 6 12 6 9 12 12 12 12 12 12 12 12 12 12 5 12 6 12 12 3 12 5 12 9 5 5 4 12 12 12 12 5 6 10 12 12 12 4 6 12 12 12 12 12 12 12 5 12 12 12 12 12 12 12 12 12 12 12 12 12 9 12 9 12 12 12 12 3 12 12 -1 9 12 12 12 12 6 12 5
3 9 9 4 9 9 4 9 9 9 6 5 9 9 9 9 9 4 6 9 9 6 9 6 75 9 9 9 9 9 9 9 9 9 9 5 9 6 9 9 3 9 5 9 28 5 5 4 9 9 9 9 5 6 9 9 9 9 4 6 9 9 9 9 9 9 9 5 9 9 9 9 9 9 9 9 9 9 9 9 9 75 9 65 9 9 9 9 3 9 9 9 -1 9 9 9 9 6 9 5
3 35 12 4 37 49 4 28 56 18 6 5 32 37 32 25 41 4 6 27 23 6 56 6 9 41 49 41 28 56 49 16 41 23 38 5 18 6 55 19 3 56 5 41 9 5 5 4 23 37 41 38 5 6 10 49 23 49 4 6 19 37 23 37 23 12 41 5 16 49 19 23 56 49 41 49 23 19 49 35 23 9 32 9 49 12 41 41 3 41 18 12 9 -1 41 19 23 6 41 5
3 35 12 4 37 41 4 28 41 18 6 5 32 37 32 25 55 4 6 27 23 6 41 6 9 41 41 41 28 41 41 16 41 23 38 5 18 6 41 19 3 41 5 56 9 5 5 4 23 37 55 38 5 6 10 41 23 41 4 6 19 37 23 37 23 12 69 5 16 41 19 23 41 41 41 41 23 19 41 35 23 9 32 9 41 12 97 55 3 41 18 12 9 41 -1 19 23 6 41 5
3 19 12 4 19 19 4 19 19 18 6 5 19 19 19 19 19 4 6 19 19 6 19 6 9 19 19 19 19 19 19 16 19 19 19 5 18 6 19 37 3 19 5 19 9 5 5 4 19 19 19 19 5 6 10 19 19 19 4 6 37 19 19 19 19 12 19 5 16 19 37 19 19 19 19 19 19 37 19 19 19 9 19 9 19 12 19 19 3 19 18 12 9 19 19 -1 19 6 19 5
3 23 12 4 23 23 4 23 23 18 6 5 23 23 23 23 23 4 6 23 78 6 23 6 9 23 23 23 23 23 23 16 23 63 23 5 18 6 23 19 3 23 5 23 9 5 5 4 47 23 23 23 5 6 10 23 55 23 4 6 19 23 41 23 23 12 23 5 16 23 19 90 23 23 23 23 41 19 23 23 63 9 23 9 23 12 23 23 3 23 18 12 9 23 23 19 -1 6 23 5
3 6 6 4 6 6 4 6 6 6 63 5 6 6 6 6 6 4 85 6 6 35 6 85 6 6 6 6 6 6 6 6 6 6 6 5 6 74 6 6 3 6 5 6 6 5 5 4 6 6 6 6 5 11 6 6 6 6 4 63 6 6 6 6 6 6 6 5 6 6 6 6 6 6 6 6 6 6 6 6 6 6 6 6 6 6 6 6 3 6 6 6 6 6 6 6 6 -1 6 5
3 35 12 4 37 41 4 28 41 18 6 5 32 37 32 25 41 4 6 27 23 6 41 6 9 41 41 46 28 41 41 16 41 23 38 5 18 6 41 19 3 41 5 41 9 5 5 4 23 37 41 38 5 6 10 41 23 41 4 6 19 37 23 37 23 12 41 5 16 41 19 23 41 41 57 41 23 19 41 35 23 9 32 9 41 12 41 41 3 85 18 12 9 41 41 19 23 6 -1 5
3 5 5 4 5 5 4 5 5 5 5 22 5 5 5 5 5 4 5 5 5 5 5 5 5 5 5 5 5 5 5 5 5 5 5 22 5 5 5 5 3 5 22 5 5 22 22 4 5 5 5 5 98 5 5 5 5 5 4 5 5 5 5 5 5 5 5 22 5 5 5 5 5 5 5 5 5 5 5 5 5 5 5 5 5 5 5 5 3 5 5 5 5 5 5 5 5 5 5 -1
