100
-1 2 2 2 4 4 4 4 4 4 54 4 2 4 4 10 4 4 4 4 4 4 4 62 2 4 4 2 4 4 4 4 4 2 4 4 4 1 4 40 4 4 4 2 4 4 4 4 4 4 2 4 4 4 4 2 4 4 2 4 4 2 4 2 4 99 4 4 4 2 4 2 4 2 4 47 4 4 4 4 4 4 2 4 4 35 2 2 4 4 4 2 4 2 4 2 4 2 4 2
2 -1 22 22 2 2 2 2 2 2 2 2 47 2 2 2 2 2 2 2 2 2 2 2 55 2 2 22 2 2 2 2 2 55 2 2 2 1 2 2 2 2 2 22 2 2 2 2 2 2 22 2 2 2 2 51 2 2 22 2 2 25 2 51 2 2 2 2 2 22 2 14 2 22 2 2 2 2 2 2 2 2 22 2 2 2 22 22 2 2 2 47 2 22 2 51 2 47 2 6
2 22 -1 42 2 2 2 2 2 2 2 2 22 2 2 2 2 2 2 2 2 2 2 2 22 2 2 42 2 2 2 2 2 22 2 2 2 1 2 2 2 2 2 42 2 2 2 2 2 2 42 2 2 2 2 22 2 2 42 2 2 22 2 22 2 2 2 2 2 32 2 14 2 24 2 2 2 2 2 2 2 2 32 2 2 2 42 42 2 2 2 22 2 42 2 22 2 22 2 6
2 22 42 -1 2 2 2 2 2 2 2 2 22 2 2 2 2 2 2 2 2 2 2 2 22 2 2 60 2 2 2 2 2 22 2 2 2 1 2 2 2 2 2 60 2 2 2 2 2 2 60 2 2 2 2 22 2 2 43 2 2 22 2 22 2 2 2 2 2 32 2 14 2 24 2 2 2 2 2 2 2 2 32 2 2 2 60 90 2 2 2 22 2 60 2 22 2 22 2 6
4 2 2 2 -1 18 32 18 18 13 4 32 2 32 32 32 32 91 18 5 32 13 32 4 2 32 32 2 13 32 32 18 13 2 13 18 13 1 18 4 32 32 10 2 32 30 22 16 13 13 2 13 18 32 18 2 17 9 2 17 16 2 13 2 32 4 18 32 32 2 18 2 32 2 32 4 32 18 18 18 32 32 2 32 13 4 2 2 32 32 18 2 13 2 32 2 18 2 18 2
4 2 2 2 18 -1 18 30 38 13 4 18 2 18 18 18 18 18 38 5 18 13 18 4 2 18 18 2 13 18 18 38 13 2 13 38 13 1 38 4 18 18 10 2 18 18 18 16 13 13 2 13 38 18 25 2 17 9 2 17 16 2 13 2 18 4 33 18 18 2 37 2 18 2 18 4 18 33 38 38 18 18 2 18 13 4 2 2 18 18 38 2 13 2 18 2 38 2 33 2
4 2 2 2 32 18 -1 18 18 13 4 34 2 32 34 40 34 32 18 5 86 13 34 4 2 34 34 2 13 34 34 18 13 2 13 18 13 1 18 4 34 34 10 2 96 30 22 16 13 13 2 13 18 64 18 2 17 9 2 17 16 2 13 2 34 4 18 34 34 2 18 2 40 2 40 4 34 18 18 18 34 34 2 34 13 4 2 2 34 34 18 2 13 2 34 2 18 2 18 2
4 2 2 2 18 30 18 -1 30 13 4 18 2 18 18 18 18 18 30 5 18 13 18 4 2 18 18 2 13 18 18 30 13 2 13 30 13 1 30 4 18 18 10 2 18 18 18 16 13 13 2 13 30 18 25 2 17 9 2 17 16 2 13 2 18 4 30 18 18 2 30 2 18 2 18 4 18 30 30 30 18 18 2 18 13 4 2 2 18 18 30 2 13 2 18 2 30 2 30 2
4 2 2 2 18 38 18 30 -1 13 4 18 2 18 18 18 18 18 57 5 18 13 18 4 2 18 18 2 13 18 18 57 13 2 13 99 13 1 57 4 18 18 10 2 18 18 18 16 13 13 2 13 85 18 25 2 17 9 2 17 16 2 13 2 18 4 33 18 18 2 37 2 18 2 18 4 18 33 58 57 18 18 2 18 13 4 2 2 18 18 57 2 13 2 18 2 97 2 33 2
4 2 2 2 13 13 13 13 13 -1 4 13 2 13 13 13 13 13 13 5 13 13 13 4 2 13 13 2 13 13 13 13 13 2 13 13 13 1 13 4 13 13 10 2 13 13 13 13 13 71 2 13 13 13 13 2 13 9 2 13 13 2 61 2 13 4 13 13 13 2 13 2 13 2 13 4 13 13 13 13 13 13 2 13 13 4 2 2 13 13 13 2 13 2 13 2 13 2 13 2
54 2 2 2 4 4 4 4 4 4 -1 4 2 4 4 4 4 4 4 4 4 4 4 54 2 4 4 2 4 4 4 4 4 2 4 4 4 1 4 40 4 4 4 2 4 4 4 4 4 4 2 4 4 4 4 2 4 4 2 4 4 2 4 2 4 54 4 4 4 2 4 2 4 2 4 47 4 4 4 4 4 4 2 4 4 35 2 2 4 4 4 2 4 2 4 2 4 2 4 2
4 2 2 2 32 18 34 18 18 13 4 -1 2 32 36 34 55 32 18 5 34 13 55 4 2 46 55 2 13 36 53 18 13 2 13 18 13 1 18 4 55 36 10 2 34 30 22 16 13 13 2 13 18 34 18 2 17 9 2 17 16 2 13 2 55 4 18 55 55 2 18 2 34 2 34 4 36 18 18 18 52 36 2 36 13 4 2 2 36 55 18 2 13 2 36 2 18 2 18 2
2 47 22 22 2 2 2 2 2 2 2 2 -1 2 2 2 2 2 2 2 2 2 2 2 47 2 2 22 2 2 2 2 2 47 2 2 2 1 2 2 2 2 2 22 2 2 2 2 2 2 22 2 2 2 2 47 2 2 22 2 2 25 2 47 2 2 2 2 2 22 2 14 2 22 2 2 2 2 2 2 2 2 22 2 2 2 22 22 2 2 2 84 2 22 2 47 2 81 2 6
4 2 2 2 32 18 32 18 18 13 4 32 2 -1 32 32 32 32 18 5 32 13 32 4 2 32 32 2 13 32 32 18 13 2 13 18 13 1 18 4 32 32 10 2 32 30 22 16 13 13 2 13 18 32 18 2 17 9 2 17 16 2 13 2 32 4 18 32 32 2 18 2 32 2 32 4 32 18 18 18 32 32 2 32 13 4 2 2 32 32 18 2 13 2 32 2 18 2 18 2
4 2 2 2 32 18 34 18 18 13 4 36 2 32 -1 34 36 32 18 5 34 13 36 4 2 36 36 2 13 68 36 18 13 2 13 18 13 1 18 4 36 68 10 2 34 30 22 16 13 13 2 13 18 34 18 2 17 9 2 17 16 2 13 2 36 4 18 36 36 2 18 2 34 2 34 4 46 18 18 18 36 46 2 68 13 4 2 2 68 36 18 2 13 2 68 2 18 2 18 2
10 2 2 2 32 18 40 18 18 13 4 34 2 32 34 -1 34 32 18 5 40 13 34 4 2 34 34 2 13 34 34 18 13 2 13 18 13 1 18 4 34 34 10 2 40 30 22 16 13 13 2 13 18 40 18 2 17 9 2 17 16 2 13 2 34 4 18 34 34 2 18 2 56 2 56 4 34 18 18 18 34 34 2 34 13 4 2 2 34 34 18 2 13 2 34 2 18 2 18 2
4 2 2 2 32 18 34 18 18 13 4 55 2 32 36 34 -1 32 18 5 34 13 60 4 2 46 56 2 13 36 53 18 13 2 13 18 13 1 18 4 60 36 10 2 34 30 22 16 13 13 2 13 18 34 18 2 17 9 2 17 16 2 13 2 60 4 18 60 60 2 18 2 34 2 34 4 36 18 18 18 52 36 2 36 13 4 2 2 36 60 18 2 13 2 36 2 18 2 18 2
4 2 2 2 91 18 32 18 18 13 4 32 2 32 32 32 32 -1 18 5 32 13 32 4 2 32 32 2 13 32 32 18 13 2 13 18 13 1 18 4 32 32 10 2 32 30 22 16 13 13 2 13 18 32 18 2 17 9 2 17 16 2 13 2 32 4 18 32 32 2 18 2 32 2 32 4 32 18 18 18 32 32 2 32 13 4 2 2 32 32 18 2 13 2 32 2 18 2 18 2
4 2 2 2 18 38 18 30 57 13 4 18 2 18 18 18 18 18 -1 5 18 13 18 4 2 18 18 2 13 18 18 57 13 2 13 57 13 1 66 4 18 18 10 2 18 18 18 16 13 13 2 13 57 18 25 2 17 9 2 17 16 2 13 2 18 4 33 18 18 2 37 2 18 2 18 4 18 33 57 66 18 18 2 18 13 4 2 2 18 18 87 2 13 2 18 2 57 2 33 2
4 2 2 2 5 5 5 5 5 5 4 5 2 5 5 5 5 5 5 -1 5 5 5 4 2 5 5 2 5 5 5 5 5 2 5 5 5 1 5 4 5 5 5 2 5 5 5 5 5 5 2 5 5 5 5 2 5 5 2 5 5 2 5 2 5 4 5 5 5 2 5 2 5 2 5 4 5 5 5 5 5 5 2 5 5 4 2 2 5 5 5 2 5 2 5 2 5 2 5 2
4 2 2 2 32 18 86 18 18 13 4 34 2 32 34 40 34 32 18 5 -1 13 34 4 2 34 34 2 13 34 34 18 13 2 13 18 13 1 18 4 34 34 10 2 86 30 22 16 13 13 2 13 18 64 18 2 17 9 2 17 16 2 13 2 34 4 18 34 34 2 18 2 40 2 40 4 34 18 18 18 34 34 2 34 13 4 2 2 34 34 18 2 13 2 34 2 18 2 18 2
4 2 2 2 13 13 13 13 13 13 4 13 2 13 13 13 13 13 13 5 13 -1 13 4 2 13 13 2 13 13 13 13 13 2 13 13 13 1 13 4 13 13 10 2 13 13 13 13 13 13 2 13 13 13 13 2 13 9 2 13 13 2 13 2 13 4 13 13 13 2 13 2 13 2 13 4 13 13 13 13 13 13 2 13 13 4 2 2 13 13 13 2 13 2 13 2 13 2 13 2
4 2 2 2 32 18 34 18 18 13 4 55 2 32 36 34 60 32 18 5 34 13 -1 4 2 46 56 2 13 36 53 18 13 2 13 18 13 1 18 4 81 36 10 2 34 30 22 16 13 13 2 13 18 34 18 2 17 9 2 17 16 2 13 2 81 4 18 62 81 2 18 2 34 2 34 4 36 18 18 18 52 36 2 36 13 4 2 2 36 81 18 2 13 2 36 2 18 2 18 2
62 2 2 2 4 4 4 4 4 4 54 4 2 4 4 4 4 4 4 4 4 4 4 -1 2 4 4 2 4 4 4 4 4 2 4 4 4 1 4 40 4 4 4 2 4 4 4 4 4 4 2 4 4 4 4 2 4 4 2 4 4 2 4 2 4 62 4 4 4 2 4 2 4 2 4 47 4 4 4 4 4 4 2 4 4 35 2 2 4 4 4 2 4 2 4 2 4 2 4 2
2 55 22 22 2 2 2 2 2 2 2 2 47 2 2 2 2 2 2 2 2 2 2 2 -1 2 2 22 2 2 2 2 2 81 2 2 2 1 2 2 2 2 2 22 2 2 2 2 2 2 22 2 2 2 2 51 2 2 22 2 2 25 2 51 2 2 2 2 2 22 2 14 2 22 2 2 2 2 2 2 2 2 22 2 2 2 22 22 2 2 2 47 2 22 2 51 2 47 2 6
4 2 2 2 32 18 34 18 18 13 4 46 2 32 36 34 46 32 18 5 34 13 46 4 2 -1 46 2 13 36 46 18 13 2 13 18 13 1 18 4 46 36 10 2 34 30 22 16 13 13 2 13 18 34 18 2 17 9 2 17 16 2 13 2 46 4 18 46 46 2 18 2 34 2 34 4 36 18 18 18 46 36 2 36 13 4 2 2 36 46 18 2 13 2 36 2 18 2 18 2
4 2 2 2 32 18 34 18 18 13 4 55 2 32 36 34 56 32 18 5 34 13 56 4 2 46 -1 2 13 36 53 18 13 2 13 18 13 1 18 4 56 36 10 2 34 30 22 16 13 13 2 13 18 34 18 2 17 9 2 17 16 2 13 2 56 4 18 56 56 2 18 2 34 2 34 4 36 18 18 18 52 36 2 36 13 4 2 2 36 56 18 2 13 2 36 2 18 2 18 2
2 22 42 60 2 2 2 2 2 2 2 2 22 2 2 2 2 2 2 2 2 2 2 2 22 2 2 -1 2 2 2 2 2 22 2 2 2 1 2 2 2 2 2 70 2 2 2 2 2 2 70 2 2 2 2 22 2 2 43 2 2 22 2 22 2 2 2 2 2 32 2 14 2 24 2 2 2 2 2 2 2 2 32 2 2 2 70 60 2 2 2 22 2 70 2 22 2 22 2 6
4 2 2 2 13 13 13 13 13 13 4 13 2 13 13 13 13 13 13 5 13 13 13 4 2 13 13 2 -1 13 13 13 51 2 18 13 18 1 13 4 13 13 10 2 13 13 13 13 18 13 2 29 13 13 13 2 13 9 2 13 13 2 13 2 13 4 13 13 13 2 13 2 13 2 13 4 13 13 13 13 13 13 2 13 18 4 2 2 13 13 13 2 18 2 13 2 13 2 13 2
4 2 2 2 32 18 34 18 18 13 4 36 2 32 68 34 36 32 18 5 34 13 36 4 2 36 36 2 13 -1 36 18 13 2 13 18 13 1 18 4 36 91 10 2 34 30 22 16 13 13 2 13 18 34 18 2 17 9 2 17 16 2 13 2 36 4 18 36 36 2 18 2 34 2 34 4 46 18 18 18 36 46 2 80 13 4 2 2 73 36 18 2 13 2 91 2 18 2 18 2
4 2 2 2 32 18 34 18 18 13 4 53 2 32 36 34 53 32 18 5 34 13 53 4 2 46 53 2 13 36 -1 18 13 2 13 18 13 1 18 4 53 36 10 2 34 30 22 16 13 13 2 13 18 34 18 2 17 9 2 17 16 2 13 2 53 4 18 53 53 2 18 2 34 2 34 4 36 18 18 18 52 36 2 36 13 4 2 2 36 53 18 2 13 2 36 2 18 2 18 2
4 2 2 2 18 38 18 30 57 13 4 18 2 18 18 18 18 18 57 5 18 13 18 4 2 18 18 2 13 18 18 -1 13 2 13 57 13 1 57 4 18 18 10 2 18 18 18 16 13 13 2 13 57 18 25 2 17 9 2 17 16 2 13 2 18 4 33 18 18 2 37 2 18 2 18 4 18 33 57 57 18 18 2 18 13 4 2 2 18 18 57 2 13 2 18 2 57 2 33 2
4 2 2 2 13 13 13 13 13 13 4 13 2 13 13 13 13 13 13 5 13 13 13 4 2 13 13 2 51 13 13 13 -1 2 18 13 18 1 13 4 13 13 10 2 13 13 13 13 18 13 2 29 13 13 13 2 13 9 2 13 13 2 13 2 13 4 13 13 13 2 13 2 13 2 13 4 13 13 13 13 13 13 2 13 18 4 2 2 13 13 13 2 18 2 13 2 13 2 13 2
2 55 22 22 2 2 2 2 2 2 2 2 47 2 2 2 2 2 2 2 2 2 2 2 81 2 2 22 2 2 2 2 2 -1 2 2 2 1 2 2 2 2 2 22 2 2 2 2 2 2 22 2 2 2 2 51 2 2 22 2 2 25 2 51 2 2 2 2 2 22 2 14 2 22 2 2 2 2 2 2 2 2 22 2 2 2 22 22 2 2 2 47 2 22 2 51 2 47 2 6
4 2 2 2 13 13 13 13 13 13 4 13 2 13 13 13 13 13 13 5 13 13 13 4 2 13 13 2 18 13 13 13 18 2 -1 13 34 1 13 4 13 13 10 2 13 13 13 13 25 13 2 18 13 13 13 2 13 9 2 13 13 2 13 2 13 4 13 13 13 2 13 2 13 2 13 4 13 13 13 13 13 13 2 13 25 4 2 2 13 13 13 2 90 2 13 2 13 2 13 2
4 2 2 2 18 38 18 30 99 13 4 18 2 18 18 18 18 18 57 5 18 13 18 4 2 18 18 2 13 18 18 57 13 2 13 -1 13 1 57 4 18 18 10 2 18 18 18 16 13 13 2 13 85 18 25 2 17 9 2 17 16 2 13 2 18 4 33 18 18 2 37 2 18 2 18 4 18 33 58 57 18 18 2 18 13 4 2 2 18 18 57 2 13 2 18 2 97 2 33 2
4 2 2 2 13 13 13 13 13 13 4 13 2 13 13 13 13 13 13 5 13 13 13 4 2 13 13 2 18 13 13 13 18 2 34 13 -1 1 13 4 13 13 10 2 13 13 13 13 25 13 2 18 13 13 13 2 13 9 2 13 13 2 13 2 13 4 13 13 13 2 13 2 13 2 13 4 13 13 13 13 13 13 2 13 25 4 2 2 13 13 13 2 34 2 13 2 13 2 13 2
1 1 1 1 1 1 1 1 1 1 1 1 1 1 1 1 1 1 1 1 1 1 1 1 1 1 1 1 1 1 1 1 1 1 1 1 1 -1 1 1 1 1 1 1 1 1 1 1 1 1 1 1 1 1 1 1 1 1 1 1 1 1 1 1 1 1 1 1 1 1 1 1 1 1 1 1 1 1 1 1 1 1 1 1 1 1 1 1 1 1 1 1 1 1 1 1 1 1 1 1
4 2 2 2 18 38 18 30 57 13 4 18 2 18 18 18 18 18 66 5 18 13 18 4 2 18 18 2 13 18 18 57 13 2 13 57 13 1 -1 4 18 18 10 2 18 18 18 16 13 13 2 13 57 18 25 2 17 9 2 17 16 2 13 2 18 4 33 18 18 2 37 2 18 2 18 4 18 33 57 74 18 18 2 18 13 4 2 2 18 18 66 2 13 2 18 2 57 2 33 2
40 2 2 2 4 4 4 4 4 4 40 4 2 4 4 4 4 4 4 4 4 4 4 40 2 4 4 2 4 4 4 4 4 2 4 4 4 1 4 -1 4 4 4 2 4 4 4 4 4 4 2 4 4 4 4 2 4 4 2 4 4 2 4 2 4 40 4 4 4 2 4 2 4 2 4 40 4 4 4 4 4 4 2 4 4 35 2 2 4 4 4 2 4 2 4 2 4 2 4 2
4 2 2 2 32 18 34 18 18 13 4 55 2 32 36 34 60 32 18 5 34 13 81 4 2 46 56 2 13 36 53 18 13 2 13 18 13 1 18 4 -1 36 10 2 34 30 22 16 13 13 2 13 18 34 18 2 17 9 2 17 16 2 13 2 94 4 18 62 87 2 18 2 34 2 34 4 36 18 18 18 52 36 2 36 13 4 2 2 36 98 18 2 13 2 36 2 18 2 18 2
4 2 2 2 32 18 34 18 18 13 4 36 2 32 68 34 36 32 18 5 34 13 36 4 2 36 36 2 13 91 36 18 13 2 13 18 13 1 18 4 36 -1 10 2 34 30 22 16 13 13 2 13 18 34 18 2 17 9 2 17 16 2 13 2 36 4 18 36 36 2 18 2 34 2 34 4 46 18 18 18 36 46 2 80 13 4 2 2 73 36 18 2 13 2 96 2 18 2 18 2
4 2 2 2 10 10 10 10 10 10 4 10 2 10 10 10 10 10 10 5 10 10 10 4 2 10 10 2 10 10 10 10 10 2 10 10 10 1 10 4 10 10 -1 2 10 10 10 10 10 10 2 10 10 10 10 2 10 9 2 10 10 2 10 2 10 4 10 10 10 2 10 2 10 2 10 4 10 10 10 10 10 10 2 10 10 4 2 2 10 10 10 2 10 2 10 2 10 2 10 2
2 22 42 60 2 2 2 2 2 2 2 2 22 2 2 2 2 2 2 2 2 2 2 2 22 2 2 70 2 2 2 2 2 22 2 2 2 1 2 2 2 2 2 -1 2 2 2 2 2 2 87 2 2 2 2 22 2 2 43 2 2 22 2 22 2 2 2 2 2 32 2 14 2 24 2 2 2 2 2 2 2 2 32 2 2 2 72 60 2 2 2 22 2 85 2 22 2 22 2 6
4 2 2 2 32 18 96 18 18 13 4 34 2 32 34 40 34 32 18 5 86 13 34 4 2 34 34 2 13 34 34 18 13 2 13 18 13 1 18 4 34 34 10 2 -1 30 22 16 13 13 2 13 18 64 18 2 17 9 2 17 16 2 13 2 34 4 18 34 34 2 18 2 40 2 40 4 34 18 18 18 34 34 2 34 13 4 2 2 34 34 18 2 13 2 34 2 18 2 18 2
4 2 2 2 30 18 30 18 18 13 4 30 2 30 30 30 30 30 18 5 30 13 30 4 2 30 30 2 13 30 30 18 13 2 13 18 13 1 18 4 30 30 10 2 30 -1 22 16 13 13 2 13 18 30 18 2 17 9 2 17 16 2 13 2 30 4 18 30 30 2 18 2 30 2 30 4 30 18 18 18 30 30 2 30 13 4 2 2 30 30 18 2 13 2 30 2 18 2 18 2
4 2 2 2 22 18 22 18 18 13 4 22 2 22 22 22 22 22 18 5 22 13 22 4 2 22 22 2 13 22 22 18 13 2 13 18 13 1 18 4 22 22 10 2 22 22 -1 16 13 13 2 13 18 22 18 2 17 9 2 17 16 2 13 2 22 4 18 22 22 2 18 2 22 2 22 4 22 18 18 18 22 22 2 22 13 4 2 2 22 22 18 2 13 2 22 2 18 2 18 2
4 2 2 2 16 16 16 16 16 13 4 16 2 16 16 16 16 16 16 5 16 13 16 4 2 16 16 2 13 16 16 16 13 2 13 16 13 1 16 4 16 16 10 2 16 16 16 -1 13 13 2 13 16 16 16 2 16 9 2 16 92 2 13 2 16 4 16 16 16 2 16 2 16 2 16 4 16 16 16 16 16 16 2 16 13 4 2 2 16 16 16 2 13 2 16 2 16 2 16 2
4 2 2 2 13 13 13 13 13 13 4 13 2 13 13 13 13 13 13 5 13 13 13 4 2 13 13 2 18 13 13 13 18 2 25 13 25 1 13 4 13 13 10 2 13 13 13 13 -1 13 2 18 13 13 13 2 13 9 2 13 13 2 13 2 13 4 13 13 13 2 13 2 13 2 13 4 13 13 13 13 13 13 2 13 84 4 2 2 13 13 13 2 25 2 13 2 13 2 13 2
4 2 2 2 13 13 13 13 13 71 4 13 2 13 13 13 13 13 13 5 13 13 13 4 2 13 13 2 13 13 13 13 13 2 13 13 13 1 13 4 13 13 10 2 13 13 13 13 13 -1 2 13 13 13 13 2 13 9 2 13 13 2 61 2 13 4 13 13 13 2 13 2 13 2 13 4 13 13 13 13 13 13 2 13 13 4 2 2 13 13 13 2 13 2 13 2 13 2 13 2
2 22 42 60 2 2 2 2 2 2 2 2 22 2 2 2 2 2 2 2 2 2 2 2 22 2 2 70 2 2 2 2 2 22 2 2 2 1 2 2 2 2 2 87 2 2 2 2 2 2 -1 2 2 2 2 22 2 2 43 2 2 22 2 22 2 2 2 2 2 32 2 14 2 24 2 2 2 2 2 2 2 2 32 2 2 2 72 60 2 2 2 22 2 85 2 22 2 22 2 6
4 2 2 2 13 13 13 13 13 13 4 13 2 13 13 13 13 13 13 5 13 13 13 4 2 13 13 2 29 13 13 13 29 2 18 13 18 1 13 4 13 13 10 2 13 13 13 13 18 13 2 -1 13 13 13 2 13 9 2 13 13 2 13 2 13 4 13 13 13 2 13 2 13 2 13 4 13 13 13 13 13 13 2 13 18 4 2 2 13 13 13 2 18 2 13 2 13 2 13 2
4 2 2 2 18 38 18 30 85 13 4 18 2 18 18 18 18 18 57 5 18 13 18 4 2 18 18 2 13 18 18 57 13 2 13 85 13 1 57 4 18 18 10 2 18 18 18 16 13 13 2 13 -1 18 25 2 17 9 2 17 16 2 13 2 18 4 33 18 18 2 37 2 18 2 18 4 18 33 58 57 18 18 2 18 13 4 2 2 18 18 57 2 13 2 18 2 85 2 33 2
4 2 2 2 32 18 64 18 18 13 4 34 2 32 34 40 34 32 18 5 64 13 34 4 2 34 34 2 13 34 34 18 13 2 13 18 13 1 18 4 34 34 10 2 64 30 22 16 13 13 2 13 18 -1 18 2 17 9 2 17 16 2 13 2 34 4 18 34 34 2 18 2 40 2 40 4 34 18 18 18 34 34 2 34 13 4 2 2 34 34 18 2 13 2 34 2 18 2 18 2
4 2 2 2 18 25 18 25 25 13 4 18 2 18 18 18 18 18 25 5 18 13 18 4 2 18 18 2 13 18 18 25 13 2 13 25 13 1 25 4 18 18 10 2 18 18 18 16 13 13 2 13 25 18 -1 2 17 9 2 17 16 2 13 2 18 4 25 18 18 2 25 2 18 2 18 4 18 25 25 25 18 18 2 18 13 4 2 2 18 18 25 2 13 2 18 2 25 2 25 2
2 51 22 22 2 2 2 2 2 2 2 2 47 2 2 2 2 2 2 2 2 2 2 2 51 2 2 22 2 2 2 2 2 51 2 2 2 1 2 2 2 2 2 22 2 2 2 2 2 2 22 2 2 2 2 -1 2 2 22 2 2 25 2 76 2 2 2 2 2 22 2 14 2 22 2 2 2 2 2 2 2 2 22 2 2 2 22 22 2 2 2 47 2 22 2 72 2 47 2 6
4 2 2 2 17 17 17 17 17 13 4 17 2 17 17 17 17 17 17 5 17 13 17 4 2 17 17 2 13 17 17 17 13 2 13 17 13 1 17 4 17 17 10 2 17 17 17 16 13 13 2 13 17 17 17 2 -1 9 2 17 16 2 13 2 17 4 17 17 17 2 17 2 17 2 17 4 17 17 17 17 17 17 2 17 13 4 2 2 17 17 17 2 13 2 17 2 17 2 17 2
4 2 2 2 9 9 9 9 9 9 4 9 2 9 9 9 9 9 9 5 9 9 9 4 2 9 9 2 9 9 9 9 9 2 9 9 9 1 9 4 9 9 9 2 9 9 9 9 9 9 2 9 9 9 9 2 9 -1 2 9 9 2 9 2 9 4 9 9 9 2 9 2 9 2 9 4 9 9 9 9 9 9 2 9 9 4 2 2 9 9 9 2 9 2 9 2 9 2 9 2
2 22 42 43 2 2 2 2 2 2 2 2 22 2 2 2 2 2 2 2 2 2 2 2 22 2 2 43 2 2 2 2 2 22 2 2 2 1 2 2 2 2 2 43 2 2 2 2 2 2 43 2 2 2 2 22 2 2 -1 2 2 22 2 22 2 2 2 2 2 32 2 14 2 24 2 2 2 2 2 2 2 2 32 2 2 2 43 43 2 2 2 22 2 43 2 22 2 22 2 6
4 2 2 2 17 17 17 17 17 13 4 17 2 17 17 17 17 17 17 5 17 13 17 4 2 17 17 2 13 17 17 17 13 2 13 17 13 1 17 4 17 17 10 2 17 17 17 16 13 13 2 13 17 17 17 2 17 9 2 -1 16 2 13 2 17 4 17 17 17 2 17 2 17 2 17 4 17 17 17 17 17 17 2 17 13 4 2 2 17 17 17 2 13 2 17 2 17 2 17 2
4 2 2 2 16 16 16 16 16 13 4 16 2 16 16 16 16 16 16 5 16 13 16 4 2 16 16 2 13 16 16 16 13 2 13 16 13 1 16 4 16 16 10 2 16 16 16 92 13 13 2 13 16 16 16 2 16 9 2 16 -1 2 13 2 16 4 16 16 16 2 16 2 16 2 16 4 16 16 16 16 16 16 2 16 13 4 2 2 16 16 16 2 13 2 16 2 16 2 16 2
2 25 22 22 2 2 2 2 2 2 2 2 25 2 2 2 2 2 2 2 2 2 2 2 25 2 2 22 2 2 2 2 2 25 2 2 2 1 2 2 2 2 2 22 2 2 2 2 2 2 22 2 2 2 2 25 2 2 22 2 2 -1 2 25 2 2 2 2 2 22 2 14 2 22 2 2 2 2 2 2 2 2 22 2 2 2 22 22 2 2 2 25 2 22 2 25 2 25 2 6
4 2 2 2 13 13 13 13 13 61 4 13 2 13 13 13 13 13 13 5 13 13 13 4 2 13 13 2 13 13 13 13 13 2 13 13 13 1 13 4 13 13 10 2 13 13 13 13 13 61 2 13 13 13 13 2 13 9 2 13 13 2 -1 2 13 4 13 13 13 2 13 2 13 2 13 4 13 13 13 13 13 13 2 13 13 4 2 2 13 13 13 2 13 2 13 2 13 2 13 2
2 51 22 22 2 2 2 2 2 2 2 2 47 2 2 2 2 2 2 2 2 2 2 2 51 2 2 22 2 2 2 2 2 51 2 2 2 1 2 2 2 2 2 22 2 2 2 2 2 2 22 2 2 2 2 76 2 2 22 2 2 25 2 -1 2 2 2 2 2 22 2 14 2 22 2 2 2 2 2 2 2 2 22 2 2 2 22 22 2 2 2 47 2 22 2 72 2 47 2 6
4 2 2 2 32 18 34 18 18 13 4 55 2 32 36 34 60 32 18 5 34 13 81 4 2 46 56 2 13 36 53 18 13 2 13 18 13 1 18 4 94 36 10 2 34 30 22 16 13 13 2 13 18 34 18 2 17 9 2 17 16 2 13 2 -1 4 18 62 87 2 18 2 34 2 34 4 36 18 18 18 52 36 2 36 13 4 2 2 36 94 18 2 13 2 36 2 18 2 18 2
99 2 2 2 4 4 4 4 4 4 54 4 2 4 4 4 4 4 4 4 4 4 4 62 2 4 4 2 4 4 4 4 4 2 4 4 4 1 4 40 4 4 4 2 4 4 4 4 4 4 2 4 4 4 4 2 4 4 2 4 4 2 4 2 4 -1 4 4 4 2 4 2 4 2 4 47 4 4 4 4 4 4 2 4 4 35 2 2 4 4 4 2 4 2 4 2 4 2 4 2
4 2 2 2 18 33 18 30 33 13 4 18 2 18 18 18 18 18 33 5 18 13 18 4 2 18 18 2 13 18 18 33 13 2 13 33 13 1 33 4 18 18 10 2 18 18 18 16 13 13 2 13 33 18 25 2 17 9 2 17 16 2 13 2 18 4 -1 18 18 2 33 2 18 2 18 4 18 57 33 33 18 18 2 18 13 4 2 2 18 18 33 2 13 2 18 2 33 2 56 2
4 2 2 2 32 18 34 18 18 13 4 55 2 32 36 34 60 32 18 5 34 13 62 4 2 46 56 2 13 36 53 18 13 2 13 18 13 1 18 4 62 36 10 2 34 30 22 16 13 13 2 13 18 34 18 2 17 9 2 17 16 2 13 2 62 4 18 -1 62 2 18 2 34 2 34 4 36 18 18 18 52 36 2 36 13 4 2 2 36 62 18 2 13 2 36 2 18 2 18 2
4 2 2 2 32 18 34 18 18 13 4 55 2 32 36 34 60 32 18 5 34 13 81 4 2 46 56 2 13 36 53 18 13 2 13 18 13 1 18 4 87 36 10 2 34 30 22 16 13 13 2 13 18 34 18 2 17 9 2 17 16 2 13 2 87 4 18 62 -1 2 18 2 34 2 34 4 36 18 18 18 52 36 2 36 13 4 2 2 36 87 18 2 13 2 36 2 18 2 18 2
2 22 32 32 2 2 2 2 2 2 2 2 22 2 2 2 2 2 2 2 2 2 2 2 22 2 2 32 2 2 2 2 2 22 2 2 2 1 2 2 2 2 2 32 2 2 2 2 2 2 32 2 2 2 2 22 2 2 32 2 2 22 2 22 2 2 2 2 2 -1 2 14 2 24 2 2 2 2 2 2 2 2 94 2 2 2 32 32 2 2 2 22 2 32 2 22 2 22 2 6
4 2 2 2 18 37 18 30 37 13 4 18 2 18 18 18 18 18 37 5 18 13 18 4 2 18 18 2 13 18 18 37 13 2 13 37 13 1 37 4 18 18 10 2 18 18 18 16 13 13 2 13 37 18 25 2 17 9 2 17 16 2 13 2 18 4 33 18 18 2 -1 2 18 2 18 4 18 33 37 37 18 18 2 18 13 4 2 2 18 18 37 2 13 2 18 2 37 2 33 2
2 14 14 14 2 2 2 2 2 2 2 2 14 2 2 2 2 2 2 2 2 2 2 2 14 2 2 14 2 2 2 2 2 14 2 2 2 1 2 2 2 2 2 14 2 2 2 2 2 2 14 2 2 2 2 14 2 2 14 2 2 14 2 14 2 2 2 2 2 14 2 -1 2 14 2 2 2 2 2 2 2 2 14 2 2 2 14 14 2 2 2 14 2 14 2 14 2 14 2 6
4 2 2 2 32 18 40 18 18 13 4 34 2 32 34 56 34 32 18 5 40 13 34 4 2 34 34 2 13 34 34 18 13 2 13 18 13 1 18 4 34 34 10 2 40 30 22 16 13 13 2 13 18 40 18 2 17 9 2 17 16 2 13 2 34 4 18 34 34 2 18 2 -1 2 80 4 34 18 18 18 34 34 2 34 13 4 2 2 34 34 18 2 13 2 34 2 18 2 18 2
2 22 24 24 2 2 2 2 2 2 2 2 22 2 2 2 2 2 2 2 2 2 2 2 22 2 2 24 2 2 2 2 2 22 2 2 2 1 2 2 2 2 2 24 2 2 2 2 2 2 24 2 2 2 2 22 2 2 24 2 2 22 2 22 2 2 2 2 2 24 2 14 2 -1 2 2 2 2 2 2 2 2 24 2 2 2 24 24 2 2 2 22 2 24 2 22 2 22 2 6
4 2 2 2 32 18 40 18 18 13 4 34 2 32 34 56 34 32 18 5 40 13 34 4 2 34 34 2 13 34 34 18 13 2 13 18 13 1 18 4 34 34 10 2 40 30 22 16 13 13 2 13 18 40 18 2 17 9 2 17 16 2 13 2 34 4 18 34 34 2 18 2 80 2 -1 4 34 18 18 18 34 34 2 34 13 4 2 2 34 34 18 2 13 2 34 2 18 2 18 2
47 2 2 2 4 4 4 4 4 4 47 4 2 4 4 4 4 4 4 4 4 4 4 47 2 4 4 2 4 4 4 4 4 2 4 4 4 1 4 40 4 4 4 2 4 4 4 4 4 4 2 4 4 4 4 2 4 4 2 4 4 2 4 2 4 47 4 4 4 2 4 2 4 2 4 -1 4 4 4 4 4 4 2 4 4 35 2 2 4 4 4 2 4 2 4 2 4 2 4 2
4 2 2 2 32 18 34 18 18 13 4 36 2 32 46 34 36 32 18 5 34 13 36 4 2 36 36 2 13 46 36 18 13 2 13 18 13 1 18 4 36 46 10 2 34 30 22 16 13 13 2 13 18 34 18 2 17 9 2 17 16 2 13 2 36 4 18 36 36 2 18 2 34 2 34 4 -1 18 18 18 36 85 2 46 13 4 2 2 46 36 18 2 13 2 46 2 18 2 18 2
4 2 2 2 18 33 18 30 33 13 4 18 2 18 18 18 18 18 33 5 18 13 18 4 2 18 18 2 13 18 18 33 13 2 13 33 13 1 33 4 18 18 10 2 18 18 18 16 13 13 2 13 33 18 25 2 17 9 2 17 16 2 13 2 18 4 57 18 18 2 33 2 18 2 18 4 18 -1 33 33 18 18 2 18 13 4 2 2 18 18 33 2 13 2 18 2 33 2 56 2
4 2 2 2 18 38 18 30 58 13 4 18 2 18 18 18 18 18 57 5 18 13 18 4 2 18 18 2 13 18 18 57 13 2 13 58 13 1 57 4 18 18 10 2 18 18 18 16 13 13 2 13 58 18 25 2 17 9 2 17 16 2 13 2 18 4 33 18 18 2 37 2 18 2 18 4 18 33 -1 57 18 18 2 18 13 4 2 2 18 18 57 2 13 2 18 2 58 2 33 2
4 2 2 2 18 38 18 30 57 13 4 18 2 18 18 18 18 18 66 5 18 13 18 4 2 18 18 2 13 18 18 57 13 2 13 57 13 1 74 4 18 18 10 2 18 18 18 16 13 13 2 13 57 18 25 2 17 9 2 17 16 2 13 2 18 4 33 18 18 2 37 2 18 2 18 4 18 33 57 -1 18 18 2 18 13 4 2 2 18 18 66 2 13 2 18 2 57 2 33 2
4 2 2 2 32 18 34 18 18 13 4 52 2 32 36 34 52 32 18 5 34 13 52 4 2 46 52 2 13 36 52 18 13 2 13 18 13 1 18 4 52 36 10 2 34 30 22 16 13 13 2 13 18 34 18 2 17 9 2 17 16 2 13 2 52 4 18 52 52 2 18 2 34 2 34 4 36 18 18 18 -1 36 2 36 13 4 2 2 36 52 18 2 13 2 36 2 18 2 18 2
4 2 2 2 32 18 34 18 18 13 4 36 2 32 46 34 36 32 18 5 34 13 36 4 2 36 36 2 13 46 36 18 13 2 13 18 13 1 18 4 36 46 10 2 34 30 22 16 13 13 2 13 18 34 18 2 17 9 2 17 16 2 13 2 36 4 18 36 36 2 18 2 34 2 34 4 85 18 18 18 36 -1 2 46 13 4 2 2 46 36 18 2 13 2 46 2 18 2 18 2
2 22 32 32 2 2 2 2 2 2 2 2 22 2 2 2 2 2 2 2 2 2 2 2 22 2 2 32 2 2 2 2 2 22 2 2 2 1 2 2 2 2 2 32 2 2 2 2 2 2 32 2 2 2 2 22 2 2 32 2 2 22 2 22 2 2 2 2 2 94 2 14 2 24 2 2 2 2 2 2 2 2 -1 2 2 2 32 32 2 2 2 22 2 32 2 22 2 22 2 6
4 2 2 2 32 18 34 18 18 13 4 36 2 32 68 34 36 32 18 5 34 13 36 4 2 36 36 2 13 80 36 18 13 2 13 18 13 1 18 4 36 80 10 2 34 30 22 16 13 13 2 13 18 34 18 2 17 9 2 17 16 2 13 2 36 4 18 36 36 2 18 2 34 2 34 4 46 18 18 18 36 46 2 -1 13 4 2 2 73 36 18 2 13 2 80 2 18 2 18 2
4 2 2 2 13 13 13 13 13 13 4 13 2 13 13 13 13 13 13 5 13 13 13 4 2 13 13 2 18 13 13 13 18 2 25 13 25 1 13 4 13 13 10 2 13 13 13 13 84 13 2 18 13 13 13 2 13 9 2 13 13 2 13 2 13 4 13 13 13 2 13 2 13 2 13 4 13 13 13 13 13 13 2 13 -1 4 2 2 13 13 13 2 25 2 13 2 13 2 13 2
35 2 2 2 4 4 4 4 4 4 35 4 2 4 4 4 4 4 4 4 4 4 4 35 2 4 4 2 4 4 4 4 4 2 4 4 4 1 4 35 4 4 4 2 4 4 4 4 4 4 2 4 4 4 4 2 4 4 2 4 4 2 4 2 4 35 4 4 4 2 4 2 4 2 4 35 4 4 4 4 4 4 2 4 4 -1 2 2 4 4 4 2 4 2 4 2 4 2 4 2
2 22 42 60 2 2 2 2 2 2 2 2 22 2 2 2 2 2 2 2 2 2 2 2 22 2 2 70 2 2 2 2 2 22 2 2 2 1 2 2 2 2 2 72 2 2 2 2 2 2 72 2 2 2 2 22 2 2 43 2 2 22 2 22 2 2 2 2 2 32 2 14 2 24 2 2 2 2 2 2 2 2 32 2 2 2 -1 60 2 2 2 22 2 72 2 22 2 22 2 6
2 22 42 90 2 2 2 2 2 2 2 2 22 2 2 2 2 2 2 2 2 2 2 2 22 2 2 60 2 2 2 2 2 22 2 2 2 1 2 2 2 2 2 60 2 2 2 2 2 2 60 2 2 2 2 22 2 2 43 2 2 22 2 22 2 2 2 2 2 32 2 14 2 24 2 2 2 2 2 2 2 2 32 2 2 2 60 -1 2 2 2 22 2 60 2 22 2 22 2 6
4 2 2 2 32 18 34 18 18 13 4 36 2 32 68 34 36 32 18 5 34 13 36 4 2 36 36 2 13 73 36 18 13 2 13 18 13 1 18 4 36 73 10 2 34 30 22 16 13 13 2 13 18 34 18 2 17 9 2 17 16 2 13 2 36 4 18 36 36 2 18 2 34 2 34 4 46 18 18 18 36 46 2 73 13 4 2 2 -1 36 18 2 13 2 73 2 18 2 18 2
4 2 2 2 32 18 34 18 18 13 4 55 2 32 36 34 60 32 18 5 34 13 81 4 2 46 56 2 13 36 53 18 13 2 13 18 13 1 18 4 98 36 10 2 34 30 22 16 13 13 2 13 18 34 18 2 17 9 2 17 16 2 13 2 94 4 18 62 87 2 18 2 34 2 34 4 36 18 18 18 52 36 2 36 13 4 2 2 36 -1 18 2 13 2 36 2 18 2 18 2
4 2 2 2 18 38 18 30 57 13 4 18 2 18 18 18 18 18 87 5 18 13 18 4 2 18 18 2 13 18 18 57 13 2 13 57 13 1 66 4 18 18 10 2 18 18 18 16 13 13 2 13 57 18 25 2 17 9 2 17 16 2 13 2 18 4 33 18 18 2 37 2 18 2 18 4 18 33 57 66 18 18 2 18 13 4 2 2 18 18 -1 2 13 2 18 2 57 2 33 2
2 47 22 22 2 2 2 2 2 2 2 2 84 2 2 2 2 2 2 2 2 2 2 2 47 2 2 22 2 2 2 2 2 47 2 2 2 1 2 2 2 2 2 22 2 2 2 2 2 2 22 2 2 2 2 47 2 2 22 2 2 25 2 47 2 2 2 2 2 22 2 14 2 22 2 2 2 2 2 2 2 2 22 2 2 2 22 22 2 2 2 -1 2 22 2 47 2 81 2 6
4 2 2 2 13 13 13 13 13 13 4 13 2 13 13 13 13 13 13 5 13 13 13 4 2 13 13 2 18 13 13 13 18 2 90 13 34 1 13 4 13 13 10 2 13 13 13 13 25 13 2 18 13 13 13 2 13 9 2 13 13 2 13 2 13 4 13 13 13 2 13 2 13 2 13 4 13 13 13 13 13 13 2 13 25 4 2 2 13 13 13 2 -1 2 13 2 13 2 13 2
2 22 42 60 2 2 2 2 2 2 2 2 22 2 2 2 2 2 2 2 2 2 2 2 22 2 2 70 2 2 2 2 2 22 2 2 2 1 2 2 2 2 2 85 2 2 2 2 2 2 85 2 2 2 2 22 2 2 43 2 2 22 2 22 2 2 2 2 2 32 2 14 2 24 2 2 2 2 2 2 2 2 32 2 2 2 72 60 2 2 2 22 2 -1 2 22 2 22 2 6
4 2 2 2 32 18 34 18 18 13 4 36 2 32 68 34 36 32 18 5 34 13 36 4 2 36 36 2 13 91 36 18 13 2 13 18 13 1 18 4 36 96 10 2 34 30 22 16 13 13 2 13 18 34 18 2 17 9 2 17 16 2 13 2 36 4 18 36 36 2 18 2 34 2 34 4 46 18 18 18 36 46 2 80 13 4 2 2 73 36 18 2 13 2 -1 2 18 2 18 2
2 51 22 22 2 2 2 2 2 2 2 2 47 2 2 2 2 2 2 2 2 2 2 2 51 2 2 22 2 2 2 2 2 51 2 2 2 1 2 2 2 2 2 22 2 2 2 2 2 2 22 2 2 2 2 72 2 2 22 2 2 25 2 72 2 2 2 2 2 22 2 14 2 22 2 2 2 2 2 2 2 2 22 2 2 2 22 22 2 2 2 47 2 22 2 -1 2 47 2 6
4 2 2 2 18 38 18 30 97 13 4 18 2 18 18 18 18 18 57 5 18 13 18 4 2 18 18 2 13 18 18 57 13 2 13 97 13 1 57 4 18 18 10 2 18 18 18 16 13 13 2 13 85 18 25 2 17 9 2 17 16 2 13 2 18 4 33 18 18 2 37 2 18 2 18 4 18 33 58 57 18 18 2 18 13 4 2 2 18 18 57 2 13 2 18 2 -1 2 33 2
2 47 22 22 2 2 2 2 2 2 2 2 81 2 2 2 2 2 2 2 2 2 2 2 47 2 2 22 2 2 2 2 2 47 2 2 2 1 2 2 2 2 2 22 2 2 2 2 2 2 22 2 2 2 2 47 2 2 22 2 2 25 2 47 2 2 2 2 2 22 2 14 2 22 2 2 2 2 2 2 2 2 22 2 2 2 22 22 2 2 2 81 2 22 2 47 2 -1 2 6
4 2 2 2 18 33 18 30 33 13 4 18 2 18 18 18 18 18 33 5 18 13 18 4 2 18 18 2 13 18 18 33 13 2 13 33 13 1 33 4 18 18 10 2 18 18 18 16 13 13 2 13 33 18 25 2 17 9 2 17 16 2 13 2 18 4 56 18 18 2 33 2 18 2 18 4 18 56 33 33 18 18 2 18 13 4 2 2 18 18 33 2 13 2 18 2 33 2 -1 2
2 6 6 6 2 2 2 2 2 2 2 2 6 2 2 2 2 2 2 2 2 2 2 2 6 2 2 6 2 2 2 2 2 6 2 2 2 1 2 2 2 2 2 6 2 2 2 2 2 2 6 2 2 2 2 6 2 2 6 2 2 6 2 6 2 2 2 2 2 6 2 6 2 6 2 2 2 2 2 2 2 2 6 2 2 2 6 6 2 2 2 6 2 6 2 6 2 6 2 -1
