100
-1 22 6 5 35 18 30 43 43 5 43 43 5 32 21 5 23 26 27 43 25 10 20 5 40 43 43 16 7 10 43 7 25 43 5 5 5 25 43 10 43 5 7 43 5 43 5 35 23 18 30 5 5 5 21 30 43 21 5 5 30 21 26 16 5 43 7 20 21 5 6 43 14 43 43 30 5 43 16 5 43 10 23 35 43 5 5 21 21 5 30 30 43 7 38 5 5 35 5 21
22 -1 6 5 22 18 22 22 22 5 22 22 5 22 21 5 22 22 22 22 22 10 20 5 22 22 22 16 7 10 22 7 22 22 5 5 5 22 22 10 22 5 7 22 5 22 5 22 22 18 22 5 5 5 21 22 22 21 5 5 22 21 22 16 5 22 7 20 21 5 6 22 14 22 22 22 5 22 16 5 22 10 22 22 22 5 5 21 21 5 22 22 22 7 22 5 5 22 5 21
6 6 -1 5 6 6 6 6 6 5 6 6 5 6 6 5 6 6 6 6 6 6 6 5 6 6 6 6 6 6 6 6 6 6 5 5 5 6 6 6 6 5 6 6 5 6 5 6 6 6 6 5 5 5 6 6 6 6 5 5 6 6 6 6 5 6 6 6 6 5 6 6 6 6 6 6 5 6 6 5 6 6 6 6 6 5 5 6 6 5 6 6 6 6 6 5 5 6 5 6
5 5 5 -1 5 5 5 5 5 6 5 5 6 5 5 6 5 5 5 5 5 5 5 6 5 5 5 5 5 5 5 5 5 5 84 6 6 5 5 5 5 6 5 5 6 5 5 5 5 5 5 6 6 6 5 5 5 5 6 6 5 5 5 5 75 5 5 5 5 6 5 5 5 5 5 5 6 5 5 6 5 5 5 5 5 6 6 5 5 6 5 5 5 5 5 87 6 5 6 5
35 22 6 5 -1 18 30 35 35 5 35 35 5 32 21 5 23 26 27 35 25 10 20 5 35 35 35 16 7 10 35 7 25 35 5 5 5 25 35 10 35 5 7 35 5 35 5 99 23 18 30 5 5 5 21 30 35 21 5 5 30 21 26 16 5 35 7 20 21 5 6 35 14 35 35 30 5 35 16 5 35 10 23 35 35 5 5 21 21 5 30 30 35 7 35 5 5 35 5 21
18 18 6 5 18 -1 18 18 18 5 18 18 5 18 18 5 18 18 18 18 18 10 18 5 18 18 18 16 7 10 18 7 18 18 5 5 5 18 18 10 18 5 7 18 5 18 5 18 18 18 18 5 5 5 18 18 18 18 5 5 18 18 18 16 5 18 7 18 18 5 6 18 14 18 18 18 5 18 16 5 18 10 18 18 18 5 5 18 18 5 18 18 18 7 18 5 5 18 5 18
30 22 6 5 30 18 -1 30 30 5 30 30 5 30 21 5 23 26 27 30 25 10 20 5 30 30 30 16 7 10 30 7 25 30 5 5 5 25 30 10 30 5 7 30 5 30 5 30 23 18 76 5 5 5 21 69 30 21 5 5 69 21 26 16 5 30 7 20 21 5 6 30 14 30 30 70 5 30 16 5 30 10 23 30 30 5 5 21 21 5 76 88 30 7 30 5 5 30 5 21
43 22 6 5 35 18 30 -1 94 5 65 59 5 32 21 5 23 26 27 94 25 10 20 5 40 52 59 16 7 10 83 7 25 59 5 5 5 25 59 10 45 5 7 44 5 65 5 35 23 18 30 5 5 5 21 30 52 21 5 5 30 21 26 16 5 95 7 20 21 5 6 65 14 94 59 30 5 65 16 5 52 10 23 35 96 5 5 21 21 5 30 30 91 7 38 5 5 35 5 21
43 22 6 5 35 18 30 94 -1 5 65 59 5 32 21 5 23 26 27 97 25 10 20 5 40 52 59 67 7 10 83 7 25 59 5 5 5 25 59 10 45 5 7 44 5 65 5 35 23 18 30 5 5 5 21 30 52 21 5 5 30 21 26 16 5 94 7 20 21 5 6 65 14 95 59 30 5 65 16 5 52 10 23 35 94 5 5 21 21 5 30 30 91 7 38 5 5 35 5 21
5 5 5 6 5 5 5 5 5 -1 5 5 49 5 5 49 5 5 5 5 5 5 5 13 5 5 5 5 5 5 5 5 5 5 6 13 41 5 5 5 5 19 5 5 64 5 5 5 5 5 5 49 49 19 5 5 5 5 17 49 5 5 5 5 6 5 5 5 5 71 5 5 5 5 5 5 26 5 5 13 5 5 5 5 5 49 49 5 5 54 5 5 5 5 5 6 33 5 51 5
43 22 6 5 35 18 30 65 65 5 -1 59 5 32 21 5 23 26 27 65 25 10 20 5 40 52 59 16 7 10 65 7 25 59 5 5 5 25 59 10 45 5 7 44 5 71 5 35 23 18 30 5 5 5 21 30 52 21 5 5 30 21 26 16 5 65 7 20 21 5 6 65 14 65 59 30 5 65 16 5 52 10 23 35 65 5 5 21 21 5 30 30 65 7 38 5 5 35 5 21
43 22 6 5 35 18 30 59 59 5 59 -1 5 32 21 5 23 26 27 59 25 10 20 5 40 52 77 16 7 10 59 7 25 77 5 5 5 25 77 10 45 5 7 44 5 59 5 35 23 18 30 5 5 5 21 30 52 21 5 5 30 21 26 16 5 59 7 20 21 5 6 59 14 59 70 30 5 59 16 5 52 10 23 35 59 5 5 21 21 5 30 30 59 7 38 5 5 35 5 21
5 5 5 6 5 5 5 5 5 49 5 5 -1 5 5 69 5 5 5 5 5 5 5 13 5 5 5 5 5 5 5 5 5 5 6 13 41 5 5 5 5 19 5 5 49 5 5 5 5 5 5 69 69 19 5 5 5 5 17 63 5 5 5 5 6 5 5 5 5 49 5 5 5 5 5 5 26 5 5 13 5 5 5 5 5 69 69 5 5 49 5 5 5 5 5 6 33 5 49 5
32 22 6 5 32 18 30 32 32 5 32 32 5 -1 21 5 23 26 27 32 25 10 20 5 32 32 32 16 7 10 32 7 25 32 5 5 5 25 32 10 32 5 7 32 5 32 5 32 23 18 30 5 5 5 21 30 32 21 5 5 30 21 26 16 5 32 7 20 21 5 6 32 14 32 32 30 5 32 16 5 32 10 23 32 32 5 5 21 21 5 30 30 32 7 32 5 5 32 5 21
21 21 6 5 21 18 21 21 21 5 21 21 5 21 -1 5 21 21 21 21 21 10 20 5 21 21 21 16 7 10 21 7 21 21 5 5 5 21 21 10 21 5 7 21 5 21 5 21 21 18 21 5 5 5 35 21 21 35 5 5 21 35 21 16 5 21 7 20 35 5 6 21 14 21 21 21 5 21 16 5 21 10 21 21 21 5 5 35 35 5 21 21 21 7 21 5 5 21 5 35
5 5 5 6 5 5 5 5 5 49 5 5 69 5 5 -1 5 5 5 5 5 5 5 13 5 5 5 5 5 5 5 5 5 5 6 13 41 5 5 5 5 19 5 5 49 5 5 5 5 5 5 84 84 19 5 5 5 5 17 63 5 5 5 5 6 5 5 5 5 49 5 5 5 5 5 5 26 5 5 13 5 5 5 5 5 69 84 5 5 49 5 5 5 5 5 6 33 5 49 5
23 22 6 5 23 18 23 23 23 5 23 23 5 23 21 5 -1 23 23 23 23 10 20 5 23 23 23 16 7 10 23 7 23 23 5 5 5 23 23 10 23 5 7 23 5 23 5 23 26 18 23 5 5 5 21 23 23 21 5 5 23 21 23 16 5 23 7 20 21 5 6 23 14 23 23 23 5 23 16 5 23 10 23 23 23 5 5 21 21 5 23 23 23 7 23 5 5 23 5 21
26 22 6 5 26 18 26 26 26 5 26 26 5 26 21 5 23 -1 26 26 25 10 20 5 26 26 26 16 7 10 26 7 25 26 5 5 5 25 26 10 26 5 7 26 5 26 5 26 23 18 26 5 5 5 21 26 26 21 5 5 26 21 26 16 5 26 7 20 21 5 6 26 14 26 26 26 5 26 16 5 26 10 23 26 26 5 5 21 21 5 26 26 26 7 26 5 5 26 5 21
27 22 6 5 27 18 27 27 27 5 27 27 5 27 21 5 23 26 -1 27 25 10 20 5 27 27 27 16 7 10 27 7 25 27 5 5 5 25 27 10 27 5 7 27 5 27 5 27 23 18 27 5 5 5 21 27 27 21 5 5 27 21 26 16 5 27 7 20 21 5 6 27 14 27 27 27 5 27 16 5 27 10 23 27 27 5 5 21 21 5 27 27 27 7 27 5 5 27 5 21
43 22 6 5 35 18 30 94 97 5 65 59 5 32 21 5 23 26 27 -1 25 10 20 5 40 52 59 16 7 10 83 7 25 59 5 5 5 25 59 10 45 5 7 44 5 65 5 35 23 18 30 5 5 5 21 30 52 21 5 5 30 21 26 16 5 94 7 20 21 5 6 65 14 95 59 30 5 65 16 5 52 10 23 35 94 5 5 21 21 5 30 30 91 7 38 5 5 35 5 21
25 22 6 5 25 18 25 25 25 5 25 25 5 25 21 5 23 25 25 25 -1 10 20 5 25 25 25 16 7 10 25 7 81 25 5 5 5 25 25 10 25 5 7 25 5 25 5 25 23 18 25 5 5 5 21 25 25 21 5 5 25 21 25 16 5 25 7 20 21 5 6 25 14 25 25 25 5 25 16 5 25 10 23 25 25 5 5 21 21 5 25 25 25 7 25 5 5 25 5 21
10 10 6 5 10 10 10 10 10 5 10 10 5 10 10 5 10 10 10 10 10 -1 10 5 10 10 10 10 7 31 10 7 10 10 5 5 5 10 10 31 10 5 7 10 5 10 5 10 10 10 10 5 5 5 10 10 10 10 5 5 10 10 10 10 5 10 7 10 10 5 6 10 10 10 10 10 5 10 10 5 10 93 10 10 10 5 5 10 10 5 10 10 10 7 10 5 5 10 5 10
20 20 6 5 20 18 20 20 20 5 20 20 5 20 20 5 20 20 20 20 20 10 -1 5 20 20 20 16 7 10 20 7 20 20 5 5 5 20 20 10 20 5 7 20 5 20 5 20 20 18 20 5 5 5 20 20 20 20 5 5 20 20 20 16 5 20 7 72 20 5 6 20 14 20 20 20 5 20 16 5 20 10 20 20 20 5 5 20 20 5 20 20 20 7 20 5 5 20 5 20
5 5 5 6 5 5 5 5 5 13 5 5 13 5 5 13 5 5 5 5 5 5 5 -1 5 5 5 5 5 5 5 5 5 5 6 48 13 5 5 5 5 13 5 5 13 5 5 5 5 5 5 13 13 13 5 5 5 5 13 13 5 5 5 5 6 5 5 5 5 13 5 5 5 5 5 5 13 5 5 50 5 5 5 5 5 13 13 5 5 13 5 5 5 5 5 6 13 5 13 5
40 22 6 5 35 18 30 40 40 5 40 40 5 32 21 5 23 26 27 40 25 10 20 5 -1 40 40 16 7 10 40 7 25 40 5 5 5 25 40 10 40 5 7 40 5 40 5 35 23 18 30 5 5 5 21 30 40 21 5 5 30 21 26 16 5 40 7 20 21 5 6 40 14 40 40 30 5 40 16 5 40 10 23 35 40 5 5 21 21 5 30 30 40 7 38 5 5 35 5 21
43 22 6 5 35 18 30 52 52 5 52 52 5 32 21 5 23 26 27 52 25 10 20 5 40 -1 52 16 7 10 52 7 25 52 5 5 5 25 52 10 45 5 7 44 5 52 5 35 23 18 30 5 5 5 21 30 88 21 5 5 30 21 26 16 5 52 7 20 21 5 6 52 14 52 52 30 5 52 16 5 88 10 23 35 52 5 5 21 21 5 30 30 52 7 38 5 5 35 5 21
43 22 6 5 35 18 30 59 59 5 59 77 5 32 21 5 23 26 27 59 25 10 20 5 40 52 -1 16 7 10 59 7 25 89 5 5 5 25 99 10 45 5 7 44 5 59 5 35 23 18 30 5 5 5 21 30 52 21 5 5 30 21 26 16 5 59 7 20 21 5 6 59 14 59 70 30 5 59 16 5 52 10 23 35 59 5 5 21 21 5 30 30 59 7 38 5 5 35 5 21
16 16 6 5 16 16 16 16 67 5 16 16 5 16 16 5 16 16 16 16 16 10 16 5 16 16 16 -1 7 10 16 7 16 16 5 5 5 16 16 10 16 5 7 16 5 16 5 16 16 16 16 5 5 5 16 16 16 16 5 5 16 16 16 76 5 16 7 16 16 5 6 16 14 16 16 16 5 16 16 5 16 10 16 16 16 5 5 16 16 5 16 16 16 7 16 5 5 16 5 16
7 7 6 5 7 7 7 7 7 5 7 7 5 7 7 5 7 7 7 7 7 7 7 5 7 7 7 7 -1 7 7 14 7 7 5 5 5 7 7 7 7 5 84 7 5 7 5 7 7 7 7 5 5 5 7 7 7 7 5 5 7 7 7 7 5 7 18 7 7 5 6 7 7 7 7 7 5 7 7 5 7 7 7 7 7 5 5 7 7 5 7 7 7 14 7 5 5 7 5 7
10 10 6 5 10 10 10 10 10 5 10 10 5 10 10 5 10 10 10 10 10 31 10 5 10 10 10 10 7 -1 10 7 10 10 5 5 5 10 10 34 10 5 7 10 5 10 5 10 10 10 10 5 5 5 10 10 10 10 5 5 10 10 10 10 5 10 7 10 10 5 6 10 10 10 10 10 5 10 10 5 10 31 10 10 10 5 5 10 10 5 10 10 10 7 10 5 5 10 5 10
43 22 6 5 35 18 30 83 83 5 65 59 5 32 21 5 23 26 27 83 25 10 20 5 40 52 59 16 7 10 -1 7 25 59 5 5 5 25 59 10 45 5 7 44 5 65 5 35 23 18 30 5 5 5 21 30 52 21 5 5 30 21 26 16 5 83 7 20 21 5 6 65 14 83 59 30 5 65 16 5 52 10 23 35 83 5 5 21 21 5 30 30 83 7 38 5 5 35 5 21
7 7 6 5 7 7 7 7 7 5 7 7 5 7 7 5 7 7 7 7 7 7 7 5 7 7 7 7 14 7 7 -1 7 7 5 5 5 7 7 7 7 5 14 7 5 7 5 7 7 7 7 5 5 5 7 7 7 7 5 5 7 7 7 7 5 7 14 7 7 5 6 7 7 7 7 7 5 7 7 5 7 7 7 7 7 5 5 7 7 5 7 7 7 80 7 5 5 7 5 7
25 22 6 5 25 18 25 25 25 5 25 25 5 25 21 5 23 25 25 25 81 10 20 5 25 25 25 16 7 10 25 7 -1 25 5 5 5 25 25 10 25 5 7 25 5 25 5 25 23 18 25 5 5 5 21 25 25 21 5 5 25 21 25 16 5 25 7 20 21 5 6 25 14 25 25 25 5 25 16 5 25 10 23 25 25 5 5 21 21 5 25 25 25 7 25 5 5 25 5 21
43 22 6 5 35 18 30 59 59 5 59 77 5 32 21 5 23 26 27 59 25 10 20 5 40 52 89 16 7 10 59 7 25 -1 5 5 5 25 89 10 45 5 7 44 5 59 5 35 23 18 30 5 5 5 21 30 52 21 5 5 30 21 26 16 5 59 7 20 21 5 6 59 14 59 70 30 5 59 16 5 52 10 23 35 59 5 5 21 21 5 30 30 59 7 38 5 5 35 5 21
5 5 5 84 5 5 5 5 5 6 5 5 6 5 5 6 5 5 5 5 5 5 5 6 5 5 5 5 5 5 5 5 5 5 -1 6 6 5 5 5 5 6 5 5 6 5 5 5 5 5 5 6 6 6 5 5 5 5 6 6 5 5 5 5 75 5 5 5 5 6 5 5 5 5 5 5 6 5 5 6 5 5 5 5 5 6 6 5 5 6 5 5 5 5 5 84 6 5 6 5
5 5 5 6 5 5 5 5 5 13 5 5 13 5 5 13 5 5 5 5 5 5 5 48 5 5 5 5 5 5 5 5 5 5 6 -1 13 5 5 5 5 13 5 5 13 5 5 5 5 5 5 13 13 13 5 5 5 5 13 13 5 5 5 5 6 5 5 5 5 13 5 5 5 5 5 5 13 5 5 48 5 5 5 5 5 13 13 5 5 13 5 5 5 5 5 6 13 5 13 5
5 5 5 6 5 5 5 5 5 41 5 5 41 5 5 41 5 5 5 5 5 5 5 13 5 5 5 5 5 5 5 5 5 5 6 13 -1 5 5 5 5 19 5 5 41 5 5 5 5 5 5 41 41 19 5 5 5 5 17 41 5 5 5 5 6 5 5 5 5 41 5 5 5 5 5 5 26 5 5 13 5 5 5 5 5 41 41 5 5 41 5 5 5 5 5 6 33 5 41 5
25 22 6 5 25 18 25 25 25 5 25 25 5 25 21 5 23 25 25 25 25 10 20 5 25 25 25 16 7 10 25 7 25 25 5 5 5 -1 25 10 25 5 7 25 5 25 5 25 23 18 25 5 5 5 21 25 25 21 5 5 25 21 25 16 5 25 7 20 21 5 6 25 14 25 25 25 5 25 16 5 25 10 23 25 25 5 5 21 21 5 25 25 25 7 25 5 5 25 5 21
43 22 6 5 35 18 30 59 59 5 59 77 5 32 21 5 23 26 27 59 25 10 20 5 40 52 99 16 7 10 59 7 25 89 5 5 5 25 -1 10 45 5 7 44 5 59 5 35 23 18 30 5 5 5 21 30 52 21 5 5 30 21 26 16 5 59 7 20 21 5 6 59 14 59 70 30 5 59 16 5 52 10 23 35 59 5 5 21 21 5 30 30 59 7 38 5 5 35 5 21
10 10 6 5 10 10 10 10 10 5 10 10 5 10 10 5 10 10 10 10 10 31 10 5 10 10 10 10 7 34 10 7 10 10 5 5 5 10 10 -1 10 5 7 10 5 10 5 10 10 10 10 5 5 5 10 10 10 10 5 5 10 10 10 10 5 10 7 10 10 5 6 10 10 10 10 10 5 10 10 5 10 31 10 10 10 5 5 10 10 5 10 10 10 7 10 5 5 10 5 10
43 22 6 5 35 18 30 45 45 5 45 45 5 32 21 5 23 26 27 45 25 10 20 5 40 45 45 16 7 10 45 7 25 45 5 5 5 25 45 10 -1 5 7 44 5 45 5 35 23 18 30 5 5 5 21 30 45 21 5 5 30 21 26 16 5 45 7 20 21 5 6 45 14 45 45 30 5 45 16 5 45 10 23 35 45 5 5 21 21 5 30 30 45 7 38 5 5 35 5 21
5 5 5 6 5 5 5 5 5 19 5 5 19 5 5 19 5 5 5 5 5 5 5 13 5 5 5 5 5 5 5 5 5 5 6 13 19 5 5 5 5 -1 5 5 19 5 5 5 5 5 5 19 19 50 5 5 5 5 17 19 5 5 5 5 6 5 5 5 5 19 5 5 5 5 5 5 19 5 5 13 5 5 5 5 5 19 19 5 5 19 5 5 5 5 5 6 19 5 19 5
7 7 6 5 7 7 7 7 7 5 7 7 5 7 7 5 7 7 7 7 7 7 7 5 7 7 7 7 84 7 7 14 7 7 5 5 5 7 7 7 7 5 -1 7 5 7 5 7 7 7 7 5 5 5 7 7 7 7 5 5 7 7 7 7 5 7 18 7 7 5 6 7 7 7 7 7 5 7 7 5 7 7 7 7 7 5 5 7 7 5 7 7 7 14 7 5 5 7 5 7
43 22 6 5 35 18 30 44 44 5 44 44 5 32 21 5 23 26 27 44 25 10 20 5 40 44 44 16 7 10 44 7 25 44 5 5 5 25 44 10 44 5 7 -1 5 44 5 35 23 18 30 5 5 5 21 30 44 21 5 5 30 21 26 16 5 44 7 20 21 5 6 44 14 44 44 30 5 44 16 5 44 10 23 35 44 5 5 21 21 5 30 30 44 7 38 5 5 35 5 21
5 5 5 6 5 5 5 5 5 64 5 5 49 5 5 49 5 5 5 5 5 5 5 13 5 5 5 5 5 5 5 5 5 5 6 13 41 5 5 5 5 19 5 5 -1 5 5 5 5 5 5 49 49 19 5 5 5 5 17 49 5 5 5 5 6 5 5 5 5 64 5 5 5 5 5 5 26 5 5 13 5 5 5 5 5 49 49 5 5 54 5 5 5 5 5 6 33 5 51 5
43 22 6 5 35 18 30 65 65 5 71 59 5 32 21 5 23 26 27 65 25 10 20 5 40 52 59 16 7 10 65 7 25 59 5 5 5 25 59 10 45 5 7 44 5 -1 5 35 23 18 30 5 5 5 21 30 52 21 5 5 30 21 26 16 5 65 7 20 21 5 6 65 14 65 59 30 5 65 16 5 52 10 23 35 65 5 5 21 21 5 30 30 65 7 38 5 5 35 5 21
5 5 5 5 5 5 5 5 5 5 5 5 5 5 5 5 5 5 5 5 5 5 5 5 5 5 5 5 5 5 5 5 5 5 5 5 5 5 5 5 5 5 5 5 5 5 -1 5 5 5 5 5 5 5 5 5 5 5 5 5 5 5 5 5 5 5 5 5 5 5 5 5 5 5 5 5 5 5 5 5 5 5 5 5 5 5 5 5 5 5 5 5 5 5 5 5 5 5 5 5
35 22 6 5 99 18 30 35 35 5 35 35 5 32 21 5 23 26 27 35 25 10 20 5 35 35 35 16 7 10 35 7 25 35 5 5 5 25 35 10 35 5 7 35 5 35 5 -1 23 18 30 5 5 5 21 30 35 21 5 5 30 21 26 16 5 35 7 20 21 5 6 35 14 35 35 30 5 35 16 5 35 10 23 35 35 5 5 21 21 5 30 30 35 7 35 5 5 35 5 21
23 22 6 5 23 18 23 23 23 5 23 23 5 23 21 5 26 23 23 23 23 10 20 5 23 23 23 16 7 10 23 7 23 23 5 5 5 23 23 10 23 5 7 23 5 23 5 23 -1 18 23 5 5 5 21 23 23 21 5 5 23 21 23 16 5 23 7 20 21 5 6 23 14 23 23 23 5 23 16 5 23 10 23 23 23 5 5 21 21 5 23 23 23 7 23 5 5 23 5 21
18 18 6 5 18 18 18 18 18 5 18 18 5 18 18 5 18 18 18 18 18 10 18 5 18 18 18 16 7 10 18 7 18 18 5 5 5 18 18 10 18 5 7 18 5 18 5 18 18 -1 18 5 5 5 18 18 18 18 5 5 18 18 18 16 5 18 7 18 18 5 6 18 14 18 18 18 5 18 16 5 18 10 18 18 18 5 5 18 18 5 18 18 18 7 18 5 5 18 5 18
30 22 6 5 30 18 76 30 30 5 30 30 5 30 21 5 23 26 27 30 25 10 20 5 30 30 30 16 7 10 30 7 25 30 5 5 5 25 30 10 30 5 7 30 5 30 5 30 23 18 -1 5 5 5 21 69 30 21 5 5 69 21 26 16 5 30 7 20 21 5 6 30 14 30 30 70 5 30 16 5 30 10 23 30 30 5 5 21 21 5 87 76 30 7 30 5 5 30 5 21
5 5 5 6 5 5 5 5 5 49 5 5 69 5 5 84 5 5 5 5 5 5 5 13 5 5 5 5 5 5 5 5 5 5 6 13 41 5 5 5 5 19 5 5 49 5 5 5 5 5 5 -1 92 19 5 5 5 5 17 63 5 5 5 5 6 5 5 5 5 49 5 5 5 5 5 5 26 5 5 13 5 5 5 5 5 69 92 5 5 49 5 5 5 5 5 6 33 5 49 5
5 5 5 6 5 5 5 5 5 49 5 5 69 5 5 84 5 5 5 5 5 5 5 13 5 5 5 5 5 5 5 5 5 5 6 13 41 5 5 5 5 19 5 5 49 5 5 5 5 5 5 92 -1 19 5 5 5 5 17 63 5 5 5 5 6 5 5 5 5 49 5 5 5 5 5 5 26 5 5 13 5 5 5 5 5 69 93 5 5 49 5 5 5 5 5 6 33 5 49 5
5 5 5 6 5 5 5 5 5 19 5 5 19 5 5 19 5 5 5 5 5 5 5 13 5 5 5 5 5 5 5 5 5 5 6 13 19 5 5 5 5 50 5 5 19 5 5 5 5 5 5 19 19 -1 5 5 5 5 17 19 5 5 5 5 6 5 5 5 5 19 5 5 5 5 5 5 19 5 5 13 5 5 5 5 5 19 19 5 5 19 5 5 5 5 5 6 19 5 19 5
21 21 6 5 21 18 21 21 21 5 21 21 5 21 35 5 21 21 21 21 21 10 20 5 21 21 21 16 7 10 21 7 21 21 5 5 5 21 21 10 21 5 7 21 5 21 5 21 21 18 21 5 5 5 -1 21 21 76 5 5 21 76 21 16 5 21 7 20 76 5 6 21 14 21 21 21 5 21 16 5 21 10 21 21 21 5 5 76 42 5 21 21 21 7 21 5 5 21 5 76
30 22 6 5 30 18 69 30 30 5 30 30 5 30 21 5 23 26 27 30 25 10 20 5 30 30 30 16 7 10 30 7 25 30 5 5 5 25 30 10 30 5 7 30 5 30 5 30 23 18 69 5 5 5 21 -1 30 21 5 5 70 21 26 16 5 30 7 20 21 5 6 30 14 30 30 69 5 30 16 5 30 10 23 30 30 5 5 21 21 5 69 69 30 7 30 5 5 30 5 21
43 22 6 5 35 18 30 52 52 5 52 52 5 32 21 5 23 26 27 52 25 10 20 5 40 88 52 16 7 10 52 7 25 52 5 5 5 25 52 10 45 5 7 44 5 52 5 35 23 18 30 5 5 5 21 30 -1 21 5 5 30 21 26 16 5 52 7 20 21 5 6 52 14 52 52 30 5 52 16 5 88 10 23 35 52 5 5 21 21 5 30 30 52 7 38 5 5 35 5 21
21 21 6 5 21 18 21 21 21 5 21 21 5 21 35 5 21 21 21 21 21 10 20 5 21 21 21 16 7 10 21 7 21 21 5 5 5 21 21 10 21 5 7 21 5 21 5 21 21 18 21 5 5 5 76 21 21 -1 5 5 21 94 21 16 5 21 7 20 86 5 6 21 14 21 21 21 5 21 16 5 21 10 21 21 21 5 5 86 42 5 21 21 21 7 21 5 5 21 5 81
5 5 5 6 5 5 5 5 5 17 5 5 17 5 5 17 5 5 5 5 5 5 5 13 5 5 5 5 5 5 5 5 5 5 6 13 17 5 5 5 5 17 5 5 17 5 5 5 5 5 5 17 17 17 5 5 5 5 -1 17 5 5 5 5 6 5 5 5 5 17 5 5 5 5 5 5 17 5 5 13 5 5 5 5 5 17 17 5 5 17 5 5 5 5 5 6 17 5 17 5
5 5 5 6 5 5 5 5 5 49 5 5 63 5 5 63 5 5 5 5 5 5 5 13 5 5 5 5 5 5 5 5 5 5 6 13 41 5 5 5 5 19 5 5 49 5 5 5 5 5 5 63 63 19 5 5 5 5 17 -1 5 5 5 5 6 5 5 5 5 49 5 5 5 5 5 5 26 5 5 13 5 5 5 5 5 63 63 5 5 49 5 5 5 5 5 6 33 5 49 5
30 22 6 5 30 18 69 30 30 5 30 30 5 30 21 5 23 26 27 30 25 10 20 5 30 30 30 16 7 10 30 7 25 30 5 5 5 25 30 10 30 5 7 30 5 30 5 30 23 18 69 5 5 5 21 70 30 21 5 5 -1 21 26 16 5 30 7 20 21 5 6 30 14 30 30 69 5 30 16 5 30 10 23 30 30 5 5 21 21 5 69 69 30 7 30 5 5 30 5 21
21 21 6 5 21 18 21 21 21 5 21 21 5 21 35 5 21 21 21 21 21 10 20 5 21 21 21 16 7 10 21 7 21 21 5 5 5 21 21 10 21 5 7 21 5 21 5 21 21 18 21 5 5 5 76 21 21 94 5 5 21 -1 21 16 5 21 7 20 86 5 6 21 14 21 21 21 5 21 16 5 21 10 21 21 21 5 5 86 42 5 21 21 21 7 21 5 5 21 5 81
26 22 6 5 26 18 26 26 26 5 26 26 5 26 21 5 23 26 26 26 25 10 20 5 26 26 26 16 7 10 26 7 25 26 5 5 5 25 26 10 26 5 7 26 5 26 5 26 23 18 26 5 5 5 21 26 26 21 5 5 26 21 -1 16 5 26 7 20 21 5 6 26 14 26 26 26 5 26 16 5 26 10 23 26 26 5 5 21 21 5 26 26 26 7 26 5 5 26 5 21
16 16 6 5 16 16 16 16 16 5 16 16 5 16 16 5 16 16 16 16 16 10 16 5 16 16 16 76 7 10 16 7 16 16 5 5 5 16 16 10 16 5 7 16 5 16 5 16 16 16 16 5 5 5 16 16 16 16 5 5 16 16 16 -1 5 16 7 16 16 5 6 16 14 16 16 16 5 16 16 5 16 10 16 16 16 5 5 16 16 5 16 16 16 7 16 5 5 16 5 16
5 5 5 75 5 5 5 5 5 6 5 5 6 5 5 6 5 5 5 5 5 5 5 6 5 5 5 5 5 5 5 5 5 5 75 6 6 5 5 5 5 6 5 5 6 5 5 5 5 5 5 6 6 6 5 5 5 5 6 6 5 5 5 5 -1 5 5 5 5 6 5 5 5 5 5 5 6 5 5 6 5 5 5 5 5 6 6 5 5 6 5 5 5 5 5 75 6 5 6 5
43 22 6 5 35 18 30 95 94 5 65 59 5 32 21 5 23 26 27 94 25 10 20 5 40 52 59 16 7 10 83 7 25 59 5 5 5 25 59 10 45 5 7 44 5 65 5 35 23 18 30 5 5 5 21 30 52 21 5 5 30 21 26 16 5 -1 7 20 21 5 6 65 14 94 59 30 5 65 16 5 52 10 23 35 95 5 5 21 21 5 30 30 91 7 38 5 5 35 5 21
7 7 6 5 7 7 7 7 7 5 7 7 5 7 7 5 7 7 7 7 7 7 7 5 7 7 7 7 18 7 7 14 7 7 5 5 5 7 7 7 7 5 18 7 5 7 5 7 7 7 7 5 5 5 7 7 7 7 5 5 7 7 7 7 5 7 -1 7 7 5 6 7 7 7 7 7 5 7 7 5 7 7 7 7 7 5 5 7 7 5 7 7 7 14 7 5 5 7 5 7
20 20 6 5 20 18 20 20 20 5 20 20 5 20 20 5 20 20 20 20 20 10 72 5 20 20 20 16 7 10 20 7 20 20 5 5 5 20 20 10 20 5 7 20 5 20 5 20 20 18 20 5 5 5 20 20 20 20 5 5 20 20 20 16 5 20 7 -1 20 5 6 20 14 20 20 20 5 20 16 5 20 10 20 20 20 5 5 20 20 5 20 20 20 7 20 5 5 20 5 20
21 21 6 5 21 18 21 21 21 5 21 21 5 21 35 5 21 21 21 21 21 10 20 5 21 21 21 16 7 10 21 7 21 21 5 5 5 21 21 10 21 5 7 21 5 21 5 21 21 18 21 5 5 5 76 21 21 86 5 5 21 86 21 16 5 21 7 20 -1 5 6 21 14 21 21 21 5 21 16 5 21 10 21 21 21 5 5 99 42 5 21 21 21 7 21 5 5 21 5 81
5 5 5 6 5 5 5 5 5 71 5 5 49 5 5 49 5 5 5 5 5 5 5 13 5 5 5 5 5 5 5 5 5 5 6 13 41 5 5 5 5 19 5 5 64 5 5 5 5 5 5 49 49 19 5 5 5 5 17 49 5 5 5 5 6 5 5 5 5 -1 5 5 5 5 5 5 26 5 5 13 5 5 5 5 5 49 49 5 5 54 5 5 5 5 5 6 33 5 51 5
6 6 6 5 6 6 6 6 6 5 6 6 5 6 6 5 6 6 6 6 6 6 6 5 6 6 6 6 6 6 6 6 6 6 5 5 5 6 6 6 6 5 6 6 5 6 5 6 6 6 6 5 5 5 6 6 6 6 5 5 6 6 6 6 5 6 6 6 6 5 -1 6 6 6 6 6 5 6 6 5 6 6 6 6 6 5 5 6 6 5 6 6 6 6 6 5 5 6 5 6
43 22 6 5 35 18 30 65 65 5 65 59 5 32 21 5 23 26 27 65 25 10 20 5 40 52 59 16 7 10 65 7 25 59 5 5 5 25 59 10 45 5 7 44 5 65 5 35 23 18 30 5 5 5 21 30 52 21 5 5 30 21 26 16 5 65 7 20 21 5 6 -1 14 65 59 30 5 73 16 5 52 10 23 35 65 5 5 21 21 5 30 30 65 7 38 5 5 35 5 21
14 14 6 5 14 14 14 14 14 5 14 14 5 14 14 5 14 14 14 14 14 10 14 5 14 14 14 14 7 10 14 7 14 14 5 5 5 14 14 10 14 5 7 14 5 14 5 14 14 14 14 5 5 5 14 14 14 14 5 5 14 14 14 14 5 14 7 14 14 5 6 14 -1 14 14 14 5 14 14 5 14 10 14 14 14 5 5 14 14 5 14 14 14 7 14 5 5 14 5 14
43 22 6 5 35 18 30 94 95 5 65 59 5 32 21 5 23 26 27 95 25 10 20 5 40 52 59 16 7 10 83 7 25 59 5 5 5 25 59 10 45 5 7 44 5 65 5 35 23 18 30 5 5 5 21 30 52 21 5 5 30 21 26 16 5 94 7 20 21 5 6 65 14 -1 59 30 5 65 16 5 52 10 23 35 94 5 5 21 21 5 30 30 91 7 38 5 5 35 5 21
43 22 6 5 35 18 30 59 59 5 59 70 5 32 21 5 23 26 27 59 25 10 20 5 40 52 70 16 7 10 59 7 25 70 5 5 5 25 70 10 45 5 7 44 5 59 5 35 23 18 30 5 5 5 21 30 52 21 5 5 30 21 26 16 5 59 7 20 21 5 6 59 14 59 -1 30 5 59 16 5 52 10 23 35 59 5 5 21 21 5 30 30 59 7 38 5 5 35 5 21
30 22 6 5 30 18 70 30 30 5 30 30 5 30 21 5 23 26 27 30 25 10 20 5 30 30 30 16 7 10 30 7 25 30 5 5 5 25 30 10 30 5 7 30 5 30 5 30 23 18 70 5 5 5 21 69 30 21 5 5 69 21 26 16 5 30 7 20 21 5 6 30 14 30 30 -1 5 30 16 5 30 10 23 30 30 5 5 21 21 5 70 70 30 7 30 5 5 30 5 21
5 5 5 6 5 5 5 5 5 26 5 5 26 5 5 26 5 5 5 5 5 5 5 13 5 5 5 5 5 5 5 5 5 5 6 13 26 5 5 5 5 19 5 5 26 5 5 5 5 5 5 26 26 19 5 5 5 5 17 26 5 5 5 5 6 5 5 5 5 26 5 5 5 5 5 5 -1 5 5 13 5 5 5 5 5 26 26 5 5 26 5 5 5 5 5 6 26 5 26 5
43 22 6 5 35 18 30 65 65 5 65 59 5 32 21 5 23 26 27 65 25 10 20 5 40 52 59 16 7 10 65 7 25 59 5 5 5 25 59 10 45 5 7 44 5 65 5 35 23 18 30 5 5 5 21 30 52 21 5 5 30 21 26 16 5 65 7 20 21 5 6 73 14 65 59 30 5 -1 16 5 52 10 23 35 65 5 5 21 21 5 30 30 65 7 38 5 5 35 5 21
16 16 6 5 16 16 16 16 16 5 16 16 5 16 16 5 16 16 16 16 16 10 16 5 16 16 16 16 7 10 16 7 16 16 5 5 5 16 16 10 16 5 7 16 5 16 5 16 16 16 16 5 5 5 16 16 16 16 5 5 16 16 16 16 5 16 7 16 16 5 6 16 14 16 16 16 5 16 -1 5 16 10 16 16 16 5 5 16 16 5 16 16 16 7 16 5 5 16 5 16
5 5 5 6 5 5 5 5 5 13 5 5 13 5 5 13 5 5 5 5 5 5 5 50 5 5 5 5 5 5 5 5 5 5 6 48 13 5 5 5 5 13 5 5 13 5 5 5 5 5 5 13 13 13 5 5 5 5 13 13 5 5 5 5 6 5 5 5 5 13 5 5 5 5 5 5 13 5 5 -1 5 5 5 5 5 13 13 5 5 13 5 5 5 5 5 6 13 5 13 5
43 22 6 5 35 18 30 52 52 5 52 52 5 32 21 5 23 26 27 52 25 10 20 5 40 88 52 16 7 10 52 7 25 52 5 5 5 25 52 10 45 5 7 44 5 52 5 35 23 18 30 5 5 5 21 30 88 21 5 5 30 21 26 16 5 52 7 20 21 5 6 52 14 52 52 30 5 52 16 5 -1 10 23 35 52 5 5 21 21 5 30 30 52 7 38 5 5 35 5 21
10 10 6 5 10 10 10 10 10 5 10 10 5 10 10 5 10 10 10 10 10 93 10 5 10 10 10 10 7 31 10 7 10 10 5 5 5 10 10 31 10 5 7 10 5 10 5 10 10 10 10 5 5 5 10 10 10 10 5 5 10 10 10 10 5 10 7 10 10 5 6 10 10 10 10 10 5 10 10 5 10 -1 10 10 10 5 5 10 10 5 10 10 10 7 10 5 5 10 5 10
23 22 6 5 23 18 23 23 23 5 23 23 5 23 21 5 23 23 23 23 23 10 20 5 23 23 23 16 7 10 23 7 23 23 5 5 5 23 23 10 23 5 7 23 5 23 5 23 23 18 23 5 5 5 21 23 23 21 5 5 23 21 23 16 5 23 7 20 21 5 6 23 14 23 23 23 5 23 16 5 23 10 -1 23 23 5 5 21 21 5 23 23 23 7 23 5 5 23 5 21
35 22 6 5 35 18 30 35 35 5 35 35 5 32 21 5 23 26 27 35 25 10 20 5 35 35 35 16 7 10 35 7 25 35 5 5 5 25 35 10 35 5 7 35 5 35 5 35 23 18 30 5 5 5 21 30 35 21 5 5 30 21 26 16 5 35 7 20 21 5 6 35 14 35 35 30 5 35 16 5 35 10 23 -1 35 5 5 21 21 5 30 30 35 7 35 5 5 35 5 21
43 22 6 5 35 18 30 96 94 5 65 59 5 32 21 5 23 26 27 94 25 10 20 5 40 52 59 16 7 10 83 7 25 59 5 5 5 25 59 10 45 5 7 44 5 65 5 35 23 18 30 5 5 5 21 30 52 21 5 5 30 21 26 16 5 95 7 20 21 5 6 65 14 94 59 30 5 65 16 5 52 10 23 35 -1 5 5 21 21 5 30 30 91 7 38 5 5 35 5 21
5 5 5 6 5 5 5 5 5 49 5 5 69 5 5 69 5 5 5 5 5 5 5 13 5 5 5 5 5 5 5 5 5 5 6 13 41 5 5 5 5 19 5 5 49 5 5 5 5 5 5 69 69 19 5 5 5 5 17 63 5 5 5 5 6 5 5 5 5 49 5 5 5 5 5 5 26 5 5 13 5 5 5 5 5 -1 69 5 5 49 5 5 5 5 5 6 33 5 49 5
5 5 5 6 5 5 5 5 5 49 5 5 69 5 5 84 5 5 5 5 5 5 5 13 5 5 5 5 5 5 5 5 5 5 6 13 41 5 5 5 5 19 5 5 49 5 5 5 5 5 5 92 93 19 5 5 5 5 17 63 5 5 5 5 6 5 5 5 5 49 5 5 5 5 5 5 26 5 5 13 5 5 5 5 5 69 -1 5 5 49 5 5 5 5 5 6 33 5 49 5
21 21 6 5 21 18 21 21 21 5 21 21 5 21 35 5 21 21 21 21 21 10 20 5 21 21 21 16 7 10 21 7 21 21 5 5 5 21 21 10 21 5 7 21 5 21 5 21 21 18 21 5 5 5 76 21 21 86 5 5 21 86 21 16 5 21 7 20 99 5 6 21 14 21 21 21 5 21 16 5 21 10 21 21 21 5 5 -1 42 5 21 21 21 7 21 5 5 21 5 81
21 21 6 5 21 18 21 21 21 5 21 21 5 21 35 5 21 21 21 21 21 10 20 5 21 21 21 16 7 10 21 7 21 21 5 5 5 21 21 10 21 5 7 21 5 21 5 21 21 18 21 5 5 5 42 21 21 42 5 5 21 42 21 16 5 21 7 20 42 5 6 21 14 21 21 21 5 21 16 5 21 10 21 21 21 5 5 42 -1 5 21 21 21 7 21 5 5 21 5 42
5 5 5 6 5 5 5 5 5 54 5 5 49 5 5 49 5 5 5 5 5 5 5 13 5 5 5 5 5 5 5 5 5 5 6 13 41 5 5 5 5 19 5 5 54 5 5 5 5 5 5 49 49 19 5 5 5 5 17 49 5 5 5 5 6 5 5 5 5 54 5 5 5 5 5 5 26 5 5 13 5 5 5 5 5 49 49 5 5 -1 5 5 5 5 5 6 33 5 51 5
30 22 6 5 30 18 76 30 30 5 30 30 5 30 21 5 23 26 27 30 25 10 20 5 30 30 30 16 7 10 30 7 25 30 5 5 5 25 30 10 30 5 7 30 5 30 5 30 23 18 87 5 5 5 21 69 30 21 5 5 69 21 26 16 5 30 7 20 21 5 6 30 14 30 30 70 5 30 16 5 30 10 23 30 30 5 5 21 21 5 -1 76 30 7 30 5 5 30 5 21
30 22 6 5 30 18 88 30 30 5 30 30 5 30 21 5 23 26 27 30 25 10 20 5 30 30 30 16 7 10 30 7 25 30 5 5 5 25 30 10 30 5 7 30 5 30 5 30 23 18 76 5 5 5 21 69 30 21 5 5 69 21 26 16 5 30 7 20 21 5 6 30 14 30 30 70 5 30 16 5 30 10 23 30 30 5 5 21 21 5 76 -1 30 7 30 5 5 30 5 21
43 22 6 5 35 18 30 91 91 5 65 59 5 32 21 5 23 26 27 91 25 10 20 5 40 52 59 16 7 10 83 7 25 59 5 5 5 25 59 10 45 5 7 44 5 65 5 35 23 18 30 5 5 5 21 30 52 21 5 5 30 21 26 16 5 91 7 20 21 5 6 65 14 91 59 30 5 65 16 5 52 10 23 35 91 5 5 21 21 5 30 30 -1 7 38 5 5 35 5 21
7 7 6 5 7 7 7 7 7 5 7 7 5 7 7 5 7 7 7 7 7 7 7 5 7 7 7 7 14 7 7 80 7 7 5 5 5 7 7 7 7 5 14 7 5 7 5 7 7 7 7 5 5 5 7 7 7 7 5 5 7 7 7 7 5 7 14 7 7 5 6 7 7 7 7 7 5 7 7 5 7 7 7 7 7 5 5 7 7 5 7 7 7 -1 7 5 5 7 5 7
38 22 6 5 35 18 30 38 38 5 38 38 5 32 21 5 23 26 27 38 25 10 20 5 38 38 38 16 7 10 38 7 25 38 5 5 5 25 38 10 38 5 7 38 5 38 5 35 23 18 30 5 5 5 21 30 38 21 5 5 30 21 26 16 5 38 7 20 21 5 6 38 14 38 38 30 5 38 16 5 38 10 23 35 38 5 5 21 21 5 30 30 38 7 -1 5 5 35 5 21
5 5 5 87 5 5 5 5 5 6 5 5 6 5 5 6 5 5 5 5 5 5 5 6 5 5 5 5 5 5 5 5 5 5 84 6 6 5 5 5 5 6 5 5 6 5 5 5 5 5 5 6 6 6 5 5 5 5 6 6 5 5 5 5 75 5 5 5 5 6 5 5 5 5 5 5 6 5 5 6 5 5 5 5 5 6 6 5 5 6 5 5 5 5 5 -1 6 5 6 5
5 5 5 6 5 5 5 5 5 33 5 5 33 5 5 33 5 5 5 5 5 5 5 13 5 5 5 5 5 5 5 5 5 5 6 13 33 5 5 5 5 19 5 5 33 5 5 5 5 5 5 33 33 19 5 5 5 5 17 33 5 5 5 5 6 5 5 5 5 33 5 5 5 5 5 5 26 5 5 13 5 5 5 5 5 33 33 5 5 33 5 5 5 5 5 6 -1 5 33 5
35 22 6 5 35 18 30 35 35 5 35 35 5 32 21 5 23 26 27 35 25 10 20 5 35 35 35 16 7 10 35 7 25 35 5 5 5 25 35 10 35 5 7 35 5 35 5 35 23 18 30 5 5 5 21 30 35 21 5 5 30 21 26 16 5 35 7 20 21 5 6 35 14 35 35 30 5 35 16 5 35 10 23 35 35 5 5 21 21 5 30 30 35 7 35 5 5 -1 5 21
5 5 5 6 5 5 5 5 5 51 5 5 49 5 5 49 5 5 5 5 5 5 5 13 5 5 5 5 5 5 5 5 5 5 6 13 41 5 5 5 5 19 5 5 51 5 5 5 5 5 5 49 49 19 5 5 5 5 17 49 5 5 5 5 6 5 5 5 5 51 5 5 5 5 5 5 26 5 5 13 5 5 5 5 5 49 49 5 5 51 5 5 5 5 5 6 33 5 -1 5
21 21 6 5 21 18 21 21 21 5 21 21 5 21 35 5 21 21 21 21 21 10 20 5 21 21 21 16 7 10 21 7 21 21 5 5 5 21 21 10 21 5 7 21 5 21 5 21 21 18 21 5 5 5 76 21 21 81 5 5 21 81 21 16 5 21 7 20 81 5 6 21 14 21 21 21 5 21 16 5 21 10 21 21 21 5 5 81 42 5 21 21 21 7 21 5 5 21 5 -1
