100
-1 6 58 6 6 6 6 6 70 3 6 2 29 6 6 6 6 6 6 6 6 70 6 36 6 6 70 2 37 6 6 6 6 23 6 6 6 5 22 36 36 6 6 6 5 16 3 6 6 2 6 70 70 6 70 13 6 6 6 70 5 3 6 3 6 13 6 6 6 22 36 13 16 6 6 6 6 70 6 5 13 5 6 37 6 6 3 6 6 6 6 6 6 6 6 2 6 2 3 5
6 -1 6 28 31 15 31 31 6 3 14 2 6 48 31 15 31 14 26 30 31 6 15 6 14 15 6 2 6 31 15 14 31 6 31 6 22 5 6 6 6 14 22 31 5 6 3 14 14 2 15 6 6 14 6 6 31 31 15 6 5 3 31 3 7 6 15 31 15 6 6 6 6 14 30 11 12 6 15 5 6 5 15 6 31 31 3 22 31 15 30 31 15 15 15 2 31 2 3 5
58 6 -1 6 6 6 6 6 58 3 6 2 29 6 6 6 6 6 6 6 6 58 6 36 6 6 58 2 37 6 6 6 6 23 6 6 6 5 22 36 36 6 78 6 5 16 3 6 6 2 6 58 58 6 58 13 6 6 6 58 5 3 6 3 6 13 6 6 6 22 36 13 16 6 6 6 6 58 6 5 13 5 6 37 6 6 3 6 6 6 6 6 6 6 6 2 6 2 3 5
6 28 6 -1 28 15 28 28 6 3 14 2 6 28 28 15 28 14 26 28 28 6 15 6 14 15 6 2 6 28 15 14 28 6 28 6 22 5 6 6 6 14 22 28 5 6 3 14 14 2 15 6 6 14 6 6 28 28 15 6 5 3 28 3 7 6 15 28 15 6 6 6 6 14 28 11 12 6 15 5 6 5 15 6 28 28 3 22 28 15 28 28 15 15 15 2 28 2 3 5
6 31 6 28 -1 15 54 82 6 3 14 2 6 31 36 15 52 14 26 30 85 6 15 6 14 15 6 2 6 81 15 14 47 6 52 6 22 5 6 6 6 14 22 89 5 6 3 14 14 2 15 6 6 14 6 6 49 47 15 6 5 3 47 3 7 6 15 52 15 6 6 6 6 14 30 11 12 6 15 5 6 5 15 6 36 36 3 22 47 15 30 94 15 15 15 2 47 2 3 5
6 15 6 15 15 -1 15 15 6 3 14 2 6 15 15 15 15 14 15 15 15 6 15 6 14 43 6 2 6 15 65 14 15 6 15 6 15 5 6 6 6 14 15 15 5 6 3 14 14 2 56 6 6 14 6 6 15 15 19 6 5 3 15 3 7 6 19 15 19 6 6 6 6 14 15 11 12 6 19 5 6 5 19 6 15 15 3 15 15 19 15 15 19 19 19 2 15 2 3 5
6 31 6 28 54 15 -1 54 6 3 14 2 6 31 36 15 52 14 26 30 54 6 15 6 14 15 6 2 6 54 15 14 47 6 52 6 22 5 6 6 6 14 22 54 5 6 3 14 14 2 15 6 6 14 6 6 49 47 15 6 5 3 47 3 7 6 15 52 15 6 6 6 6 14 30 11 12 6 15 5 6 5 15 6 36 36 3 22 47 15 30 54 15 15 15 2 47 2 3 5
6 31 6 28 82 15 54 -1 6 3 14 2 6 31 36 15 52 14 26 30 82 6 15 6 14 15 6 2 6 81 15 14 47 6 52 6 22 5 6 6 6 14 22 82 5 6 3 14 14 2 15 6 6 14 6 6 49 47 15 6 5 3 47 3 7 6 15 52 15 6 6 6 6 14 30 11 12 6 15 5 6 5 15 6 36 36 3 22 47 15 30 82 15 15 15 2 47 2 3 5
70 6 58 6 6 6 6 6 -1 3 6 2 29 6 6 6 6 6 6 6 6 83 6 36 6 6 75 2 37 6 6 6 6 23 6 6 6 5 22 36 36 6 6 6 5 16 3 6 6 2 6 86 98 6 83 13 6 6 6 79 5 3 6 3 6 13 6 6 6 22 36 13 16 6 6 6 6 76 6 5 13 5 6 37 6 6 3 6 6 6 6 6 6 6 6 2 6 2 3 5
3 3 3 3 3 3 3 3 3 -1 3 2 3 3 3 3 3 3 3 3 3 3 3 3 3 3 3 2 3 3 3 3 3 3 3 3 3 3 3 3 3 3 3 3 3 3 3 3 3 2 3 3 3 3 3 3 3 3 3 3 3 3 3 3 3 3 3 3 3 3 3 3 3 3 3 3 3 3 3 3 3 3 3 3 3 3 3 3 3 3 3 3 3 3 3 2 3 2 3 3
6 14 6 14 14 14 14 14 6 3 -1 2 6 14 14 14 14 45 14 14 14 6 14 6 82 14 6 2 6 14 14 47 14 6 14 6 14 5 6 6 6 24 14 14 5 6 3 66 81 2 14 6 6 24 6 6 14 14 14 6 5 3 14 3 7 6 14 14 14 6 6 6 6 33 14 11 12 6 14 5 6 5 14 6 14 14 3 14 14 14 14 14 14 14 14 2 14 2 3 5
2 2 2 2 2 2 2 2 2 2 2 -1 2 2 2 2 2 2 2 2 2 2 2 2 2 2 2 46 2 2 2 2 2 2 2 2 2 2 2 2 2 2 2 2 2 2 2 2 2 41 2 2 2 2 2 2 2 2 2 2 2 2 2 2 2 2 2 2 2 2 2 2 2 2 2 2 2 2 2 2 2 2 2 2 2 2 2 2 2 2 2 2 2 2 2 46 2 46 2 2
29 6 29 6 6 6 6 6 29 3 6 2 -1 6 6 6 6 6 6 6 6 29 6 29 6 6 29 2 29 6 6 6 6 23 6 6 6 5 22 29 29 6 6 6 5 16 3 6 6 2 6 29 29 6 29 13 6 6 6 29 5 3 6 3 6 13 6 6 6 22 29 13 16 6 6 6 6 29 6 5 13 5 6 29 6 6 3 6 6 6 6 6 6 6 6 2 6 2 3 5
6 48 6 28 31 15 31 31 6 3 14 2 6 -1 31 15 31 14 26 30 31 6 15 6 14 15 6 2 6 31 15 14 31 6 31 6 22 5 6 6 6 14 22 31 5 6 3 14 14 2 15 6 6 14 6 6 31 31 15 6 5 3 31 3 7 6 15 31 15 6 6 6 6 14 30 11 12 6 15 5 6 5 15 6 31 31 3 22 31 15 30 31 15 15 15 2 31 2 3 5
6 31 6 28 36 15 36 36 6 3 14 2 6 31 -1 15 36 14 26 30 36 6 15 6 14 15 6 2 6 36 15 14 36 6 36 6 22 5 6 6 6 14 22 36 5 6 3 14 14 2 15 6 6 14 6 6 36 36 15 6 5 3 36 3 7 6 15 36 15 6 6 6 6 14 30 11 12 6 15 5 6 5 15 6 45 45 3 22 36 15 30 36 15 15 15 2 36 2 3 5
6 15 6 15 15 15 15 15 6 3 14 2 6 15 15 -1 15 14 15 15 15 6 66 6 14 15 6 2 6 15 15 14 15 6 15 6 15 5 6 6 6 14 15 15 5 6 3 14 14 2 15 6 6 14 6 6 15 15 15 6 5 3 15 3 7 6 15 15 15 6 6 6 6 14 15 11 12 6 15 5 6 5 15 6 15 15 3 15 15 15 15 15 15 15 15 2 15 2 3 5
6 31 6 28 52 15 52 52 6 3 14 2 6 31 36 15 -1 14 26 30 52 6 15 6 14 15 6 2 6 52 15 14 47 6 72 6 22 5 6 6 6 14 22 52 5 6 3 14 14 2 15 6 6 14 6 6 49 47 15 6 5 3 47 3 7 6 15 72 15 6 6 6 6 14 30 11 12 6 15 5 6 5 15 6 36 36 3 22 47 15 30 52 15 15 15 2 47 2 3 5
6 14 6 14 14 14 14 14 6 3 45 2 6 14 14 14 14 -1 14 14 14 6 14 6 45 14 6 2 6 14 14 45 14 6 14 6 14 5 6 6 6 24 14 14 5 6 3 45 45 2 14 6 6 24 6 6 14 14 14 6 5 3 14 3 7 6 14 14 14 6 6 6 6 33 14 11 12 6 14 5 6 5 14 6 14 14 3 14 14 14 14 14 14 14 14 2 14 2 3 5
6 26 6 26 26 15 26 26 6 3 14 2 6 26 26 15 26 14 -1 26 26 6 15 6 14 15 6 2 6 26 15 14 26 6 26 6 22 5 6 6 6 14 22 26 5 6 3 14 14 2 15 6 6 14 6 6 26 26 15 6 5 3 26 3 7 6 15 26 15 6 6 6 6 14 26 11 12 6 15 5 6 5 15 6 26 26 3 22 26 15 26 26 15 15 15 2 26 2 3 5
6 30 6 28 30 15 30 30 6 3 14 2 6 30 30 15 30 14 26 -1 30 6 15 6 14 15 6 2 6 30 15 14 30 6 30 6 22 5 6 6 6 14 22 30 5 6 3 14 14 2 15 6 6 14 6 6 30 30 15 6 5 3 30 3 7 6 15 30 15 6 6 6 6 14 61 11 12 6 15 5 6 5 15 6 30 30 3 22 30 15 31 30 15 15 15 2 30 2 3 5
6 31 6 28 85 15 54 82 6 3 14 2 6 31 36 15 52 14 26 30 -1 6 15 6 14 15 6 2 6 81 15 14 47 6 52 6 22 5 6 6 6 14 22 85 5 6 3 14 14 2 15 6 6 14 6 6 49 47 15 6 5 3 47 3 7 6 15 52 15 6 6 6 6 14 30 11 12 6 15 5 6 5 15 6 36 36 3 22 47 15 30 85 15 15 15 2 47 2 3 5
70 6 58 6 6 6 6 6 83 3 6 2 29 6 6 6 6 6 6 6 6 -1 6 36 6 6 75 2 37 6 6 6 6 23 6 6 6 5 22 36 36 6 6 6 5 16 3 6 6 2 6 83 83 6 84 13 6 6 6 79 5 3 6 3 6 13 6 6 6 22 36 13 16 6 6 6 6 76 6 5 13 5 6 37 6 6 3 6 6 6 6 6 6 6 6 2 6 2 3 5
6 15 6 15 15 15 15 15 6 3 14 2 6 15 15 66 15 14 15 15 15 6 -1 6 14 15 6 2 6 15 15 14 15 6 15 6 15 5 6 6 6 14 15 15 5 6 3 14 14 2 15 6 6 14 6 6 15 15 15 6 5 3 15 3 7 6 15 15 15 6 6 6 6 14 15 11 12 6 15 5 6 5 15 6 15 15 3 15 15 15 15 15 15 15 15 2 15 2 3 5
36 6 36 6 6 6 6 6 36 3 6 2 29 6 6 6 6 6 6 6 6 36 6 -1 6 6 36 2 36 6 6 6 6 23 6 6 6 5 22 54 81 6 6 6 5 16 3 6 6 2 6 36 36 6 36 13 6 6 6 36 5 3 6 3 6 13 6 6 6 22 54 13 16 6 6 6 6 36 6 5 13 5 6 36 6 6 3 6 6 6 6 6 6 6 6 2 6 2 3 5
6 14 6 14 14 14 14 14 6 3 82 2 6 14 14 14 14 45 14 14 14 6 14 6 -1 14 6 2 6 14 14 47 14 6 14 6 14 5 6 6 6 24 14 14 5 6 3 66 81 2 14 6 6 24 6 6 14 14 14 6 5 3 14 3 7 6 14 14 14 6 6 6 6 33 14 11 12 6 14 5 6 5 14 6 14 14 3 14 14 14 14 14 14 14 14 2 14 2 3 5
6 15 6 15 15 43 15 15 6 3 14 2 6 15 15 15 15 14 15 15 15 6 15 6 14 -1 6 2 6 15 43 14 15 6 15 6 15 5 6 6 6 14 15 15 5 6 3 14 14 2 43 6 6 14 6 6 15 15 19 6 5 3 15 3 7 6 19 15 19 6 6 6 6 14 15 11 12 6 19 5 6 5 19 6 15 15 3 15 15 19 15 15 19 19 19 2 15 2 3 5
70 6 58 6 6 6 6 6 75 3 6 2 29 6 6 6 6 6 6 6 6 75 6 36 6 6 -1 2 37 6 6 6 6 23 6 6 6 5 22 36 36 6 6 6 5 16 3 6 6 2 6 75 75 6 75 13 6 6 6 75 5 3 6 3 6 13 6 6 6 22 36 13 16 6 6 6 6 75 6 5 13 5 6 37 6 6 3 6 6 6 6 6 6 6 6 2 6 2 3 5
2 2 2 2 2 2 2 2 2 2 2 46 2 2 2 2 2 2 2 2 2 2 2 2 2 2 2 -1 2 2 2 2 2 2 2 2 2 2 2 2 2 2 2 2 2 2 2 2 2 41 2 2 2 2 2 2 2 2 2 2 2 2 2 2 2 2 2 2 2 2 2 2 2 2 2 2 2 2 2 2 2 2 2 2 2 2 2 2 2 2 2 2 2 2 2 48 2 48 2 2
37 6 37 6 6 6 6 6 37 3 6 2 29 6 6 6 6 6 6 6 6 37 6 36 6 6 37 2 -1 6 6 6 6 23 6 6 6 5 22 36 36 6 6 6 5 16 3 6 6 2 6 37 37 6 37 13 6 6 6 37 5 3 6 3 6 13 6 6 6 22 36 13 16 6 6 6 6 37 6 5 13 5 6 37 6 6 3 6 6 6 6 6 6 6 6 2 6 2 3 5
6 31 6 28 81 15 54 81 6 3 14 2 6 31 36 15 52 14 26 30 81 6 15 6 14 15 6 2 6 -1 15 14 47 6 52 6 22 5 6 6 6 14 22 81 5 6 3 14 14 2 15 6 6 14 6 6 49 47 15 6 5 3 47 3 7 6 15 52 15 6 6 6 6 14 30 11 12 6 15 5 6 5 15 6 36 36 3 22 47 15 30 81 15 15 15 2 47 2 3 5
6 15 6 15 15 65 15 15 6 3 14 2 6 15 15 15 15 14 15 15 15 6 15 6 14 43 6 2 6 15 -1 14 15 6 15 6 15 5 6 6 6 14 15 15 5 6 3 14 14 2 56 6 6 14 6 6 15 15 19 6 5 3 15 3 7 6 19 15 19 6 6 6 6 14 15 11 12 6 19 5 6 5 19 6 15 15 3 15 15 19 15 15 19 19 19 2 15 2 3 5
6 14 6 14 14 14 14 14 6 3 47 2 6 14 14 14 14 45 14 14 14 6 14 6 47 14 6 2 6 14 14 -1 14 6 14 6 14 5 6 6 6 24 14 14 5 6 3 47 47 2 14 6 6 24 6 6 14 14 14 6 5 3 14 3 7 6 14 14 14 6 6 6 6 33 14 11 12 6 14 5 6 5 14 6 14 14 3 14 14 14 14 14 14 14 14 2 14 2 3 5
6 31 6 28 47 15 47 47 6 3 14 2 6 31 36 15 47 14 26 30 47 6 15 6 14 15 6 2 6 47 15 14 -1 6 47 6 22 5 6 6 6 14 22 47 5 6 3 14 14 2 15 6 6 14 6 6 47 52 15 6 5 3 52 3 7 6 15 47 15 6 6 6 6 14 30 11 12 6 15 5 6 5 15 6 36 36 3 22 91 15 30 47 15 15 15 2 91 2 3 5
23 6 23 6 6 6 6 6 23 3 6 2 23 6 6 6 6 6 6 6 6 23 6 23 6 6 23 2 23 6 6 6 6 -1 6 6 6 5 22 23 23 6 6 6 5 16 3 6 6 2 6 23 23 6 23 13 6 6 6 23 5 3 6 3 6 13 6 6 6 22 23 13 16 6 6 6 6 23 6 5 13 5 6 23 6 6 3 6 6 6 6 6 6 6 6 2 6 2 3 5
6 31 6 28 52 15 52 52 6 3 14 2 6 31 36 15 72 14 26 30 52 6 15 6 14 15 6 2 6 52 15 14 47 6 -1 6 22 5 6 6 6 14 22 52 5 6 3 14 14 2 15 6 6 14 6 6 49 47 15 6 5 3 47 3 7 6 15 91 15 6 6 6 6 14 30 11 12 6 15 5 6 5 15 6 36 36 3 22 47 15 30 52 15 15 15 2 47 2 3 5
6 6 6 6 6 6 6 6 6 3 6 2 6 6 6 6 6 6 6 6 6 6 6 6 6 6 6 2 6 6 6 6 6 6 6 -1 6 5 6 6 6 6 6 6 5 6 3 6 6 2 6 6 6 6 6 6 6 6 6 6 5 3 6 3 6 6 6 6 6 6 6 6 6 6 6 6 6 6 6 5 6 5 6 6 6 6 3 6 6 6 6 6 6 6 6 2 6 2 3 5
6 22 6 22 22 15 22 22 6 3 14 2 6 22 22 15 22 14 22 22 22 6 15 6 14 15 6 2 6 22 15 14 22 6 22 6 -1 5 6 6 6 14 22 22 5 6 3 14 14 2 15 6 6 14 6 6 22 22 15 6 5 3 22 3 7 6 15 22 15 6 6 6 6 14 22 11 12 6 15 5 6 5 15 6 22 22 3 47 22 15 22 22 15 15 15 2 22 2 3 5
5 5 5 5 5 5 5 5 5 3 5 2 5 5 5 5 5 5 5 5 5 5 5 5 5 5 5 2 5 5 5 5 5 5 5 5 5 -1 5 5 5 5 5 5 5 5 3 5 5 2 5 5 5 5 5 5 5 5 5 5 91 3 5 3 5 5 5 5 5 5 5 5 5 5 5 5 5 5 5 91 5 19 5 5 5 5 3 5 5 5 5 5 5 5 5 2 5 2 3 86
22 6 22 6 6 6 6 6 22 3 6 2 22 6 6 6 6 6 6 6 6 22 6 22 6 6 22 2 22 6 6 6 6 22 6 6 6 5 -1 22 22 6 6 6 5 16 3 6 6 2 6 22 22 6 22 13 6 6 6 22 5 3 6 3 6 13 6 6 6 22 22 13 16 6 6 6 6 22 6 5 13 5 6 22 6 6 3 6 6 6 6 6 6 6 6 2 6 2 3 5
36 6 36 6 6 6 6 6 36 3 6 2 29 6 6 6 6 6 6 6 6 36 6 54 6 6 36 2 36 6 6 6 6 23 6 6 6 5 22 -1 54 6 6 6 5 16 3 6 6 2 6 36 36 6 36 13 6 6 6 36 5 3 6 3 6 13 6 6 6 22 62 13 16 6 6 6 6 36 6 5 13 5 6 36 6 6 3 6 6 6 6 6 6 6 6 2 6 2 3 5
36 6 36 6 6 6 6 6 36 3 6 2 29 6 6 6 6 6 6 6 6 36 6 81 6 6 36 2 36 6 6 6 6 23 6 6 6 5 22 54 -1 6 6 6 5 16 3 6 6 2 6 36 36 6 36 13 6 6 6 36 5 3 6 3 6 13 6 6 6 22 54 13 16 6 6 6 6 36 6 5 13 5 6 36 6 6 3 6 6 6 6 6 6 6 6 2 6 2 3 5
6 14 6 14 14 14 14 14 6 3 24 2 6 14 14 14 14 24 14 14 14 6 14 6 24 14 6 2 6 14 14 24 14 6 14 6 14 5 6 6 6 -1 14 14 5 6 3 24 24 2 14 6 6 84 6 6 14 14 14 6 5 3 14 3 7 6 14 14 14 6 6 6 6 24 14 11 12 6 14 5 6 5 14 6 14 14 3 14 14 14 14 14 14 14 14 2 14 2 3 5
6 22 78 22 22 15 22 22 6 3 14 2 6 22 22 15 22 14 22 22 22 6 15 6 14 15 6 2 6 22 15 14 22 6 22 6 22 5 6 6 6 14 -1 22 5 6 3 14 14 2 15 6 6 14 6 6 22 22 15 6 5 3 22 3 7 6 15 22 15 6 6 6 6 14 22 11 12 6 15 5 6 5 15 6 22 22 3 22 22 15 22 22 15 15 15 2 22 2 3 5
6 31 6 28 89 15 54 82 6 3 14 2 6 31 36 15 52 14 26 30 85 6 15 6 14 15 6 2 6 81 15 14 47 6 52 6 22 5 6 6 6 14 22 -1 5 6 3 14 14 2 15 6 6 14 6 6 49 47 15 6 5 3 47 3 7 6 15 52 15 6 6 6 6 14 30 11 12 6 15 5 6 5 15 6 36 36 3 22 47 15 30 89 15 15 15 2 47 2 3 5
5 5 5 5 5 5 5 5 5 3 5 2 5 5 5 5 5 5 5 5 5 5 5 5 5 5 5 2 5 5 5 5 5 5 5 5 5 5 5 5 5 5 5 5 -1 5 3 5 5 2 5 5 5 5 5 5 5 5 5 5 5 3 5 3 5 5 5 5 5 5 5 5 5 5 5 5 5 5 5 5 5 5 5 5 5 5 3 5 5 5 5 5 5 5 5 2 5 2 3 5
16 6 16 6 6 6 6 6 16 3 6 2 16 6 6 6 6 6 6 6 6 16 6 16 6 6 16 2 16 6 6 6 6 16 6 6 6 5 16 16 16 6 6 6 5 -1 3 6 6 2 6 16 16 6 16 13 6 6 6 16 5 3 6 3 6 13 6 6 6 16 16 13 16 6 6 6 6 16 6 5 13 5 6 16 6 6 3 6 6 6 6 6 6 6 6 2 6 2 3 5
3 3 3 3 3 3 3 3 3 3 3 2 3 3 3 3 3 3 3 3 3 3 3 3 3 3 3 2 3 3 3 3 3 3 3 3 3 3 3 3 3 3 3 3 3 3 -1 3 3 2 3 3 3 3 3 3 3 3 3 3 3 6 3 15 3 3 3 3 3 3 3 3 3 3 3 3 3 3 3 3 3 3 3 3 3 3 15 3 3 3 3 3 3 3 3 2 3 2 56 3
6 14 6 14 14 14 14 14 6 3 66 2 6 14 14 14 14 45 14 14 14 6 14 6 66 14 6 2 6 14 14 47 14 6 14 6 14 5 6 6 6 24 14 14 5 6 3 -1 66 2 14 6 6 24 6 6 14 14 14 6 5 3 14 3 7 6 14 14 14 6 6 6 6 33 14 11 12 6 14 5 6 5 14 6 14 14 3 14 14 14 14 14 14 14 14 2 14 2 3 5
6 14 6 14 14 14 14 14 6 3 81 2 6 14 14 14 14 45 14 14 14 6 14 6 81 14 6 2 6 14 14 47 14 6 14 6 14 5 6 6 6 24 14 14 5 6 3 66 -1 2 14 6 6 24 6 6 14 14 14 6 5 3 14 3 7 6 14 14 14 6 6 6 6 33 14 11 12 6 14 5 6 5 14 6 14 14 3 14 14 14 14 14 14 14 14 2 14 2 3 5
2 2 2 2 2 2 2 2 2 2 2 41 2 2 2 2 2 2 2 2 2 2 2 2 2 2 2 41 2 2 2 2 2 2 2 2 2 2 2 2 2 2 2 2 2 2 2 2 2 -1 2 2 2 2 2 2 2 2 2 2 2 2 2 2 2 2 2 2 2 2 2 2 2 2 2 2 2 2 2 2 2 2 2 2 2 2 2 2 2 2 2 2 2 2 2 41 2 41 2 2
6 15 6 15 15 56 15 15 6 3 14 2 6 15 15 15 15 14 15 15 15 6 15 6 14 43 6 2 6 15 56 14 15 6 15 6 15 5 6 6 6 14 15 15 5 6 3 14 14 2 -1 6 6 14 6 6 15 15 19 6 5 3 15 3 7 6 19 15 19 6 6 6 6 14 15 11 12 6 19 5 6 5 19 6 15 15 3 15 15 19 15 15 19 19 19 2 15 2 3 5
70 6 58 6 6 6 6 6 86 3 6 2 29 6 6 6 6 6 6 6 6 83 6 36 6 6 75 2 37 6 6 6 6 23 6 6 6 5 22 36 36 6 6 6 5 16 3 6 6 2 6 -1 86 6 83 13 6 6 6 79 5 3 6 3 6 13 6 6 6 22 36 13 16 6 6 6 6 76 6 5 13 5 6 37 6 6 3 6 6 6 6 6 6 6 6 2 6 2 3 5
70 6 58 6 6 6 6 6 98 3 6 2 29 6 6 6 6 6 6 6 6 83 6 36 6 6 75 2 37 6 6 6 6 23 6 6 6 5 22 36 36 6 6 6 5 16 3 6 6 2 6 86 -1 6 83 13 6 6 6 79 5 3 6 3 6 13 6 6 6 22 36 13 16 6 6 6 6 76 6 5 13 5 6 37 6 6 3 6 6 6 6 6 6 6 6 2 6 2 3 5
6 14 6 14 14 14 14 14 6 3 24 2 6 14 14 14 14 24 14 14 14 6 14 6 24 14 6 2 6 14 14 24 14 6 14 6 14 5 6 6 6 84 14 14 5 6 3 24 24 2 14 6 6 -1 6 6 14 14 14 6 5 3 14 3 7 6 14 14 14 6 6 6 6 24 14 11 12 6 14 5 6 5 14 6 14 14 3 14 14 14 14 14 14 14 14 2 14 2 3 5
70 6 58 6 6 6 6 6 83 3 6 2 29 6 6 6 6 6 6 6 6 84 6 36 6 6 75 2 37 6 6 6 6 23 6 6 6 5 22 36 36 6 6 6 5 16 3 6 6 2 6 83 83 6 -1 13 6 6 6 79 5 3 6 3 6 13 6 6 6 22 36 13 16 6 6 6 6 76 6 5 13 5 6 37 6 6 3 6 6 6 6 6 6 6 6 2 6 2 3 5
13 6 13 6 6 6 6 6 13 3 6 2 13 6 6 6 6 6 6 6 6 13 6 13 6 6 13 2 13 6 6 6 6 13 6 6 6 5 13 13 13 6 6 6 5 13 3 6 6 2 6 13 13 6 13 -1 6 6 6 13 5 3 6 3 6 44 6 6 6 13 13 68 13 6 6 6 6 13 6 5 68 5 6 13 6 6 3 6 6 6 6 6 6 6 6 2 6 2 3 5
6 31 6 28 49 15 49 49 6 3 14 2 6 31 36 15 49 14 26 30 49 6 15 6 14 15 6 2 6 49 15 14 47 6 49 6 22 5 6 6 6 14 22 49 5 6 3 14 14 2 15 6 6 14 6 6 -1 47 15 6 5 3 47 3 7 6 15 49 15 6 6 6 6 14 30 11 12 6 15 5 6 5 15 6 36 36 3 22 47 15 30 49 15 15 15 2 47 2 3 5
6 31 6 28 47 15 47 47 6 3 14 2 6 31 36 15 47 14 26 30 47 6 15 6 14 15 6 2 6 47 15 14 52 6 47 6 22 5 6 6 6 14 22 47 5 6 3 14 14 2 15 6 6 14 6 6 47 -1 15 6 5 3 97 3 7 6 15 47 15 6 6 6 6 14 30 11 12 6 15 5 6 5 15 6 36 36 3 22 52 15 30 47 15 15 15 2 52 2 3 5
6 15 6 15 15 19 15 15 6 3 14 2 6 15 15 15 15 14 15 15 15 6 15 6 14 19 6 2 6 15 19 14 15 6 15 6 15 5 6 6 6 14 15 15 5 6 3 14 14 2 19 6 6 14 6 6 15 15 -1 6 5 3 15 3 7 6 19 15 31 6 6 6 6 14 15 11 12 6 31 5 6 5 31 6 15 15 3 15 15 31 15 15 31 31 23 2 15 2 3 5
70 6 58 6 6 6 6 6 79 3 6 2 29 6 6 6 6 6 6 6 6 79 6 36 6 6 75 2 37 6 6 6 6 23 6 6 6 5 22 36 36 6 6 6 5 16 3 6 6 2 6 79 79 6 79 13 6 6 6 -1 5 3 6 3 6 13 6 6 6 22 36 13 16 6 6 6 6 76 6 5 13 5 6 37 6 6 3 6 6 6 6 6 6 6 6 2 6 2 3 5
5 5 5 5 5 5 5 5 5 3 5 2 5 5 5 5 5 5 5 5 5 5 5 5 5 5 5 2 5 5 5 5 5 5 5 5 5 91 5 5 5 5 5 5 5 5 3 5 5 2 5 5 5 5 5 5 5 5 5 5 -1 3 5 3 5 5 5 5 5 5 5 5 5 5 5 5 5 5 5 91 5 19 5 5 5 5 3 5 5 5 5 5 5 5 5 2 5 2 3 86
3 3 3 3 3 3 3 3 3 3 3 2 3 3 3 3 3 3 3 3 3 3 3 3 3 3 3 2 3 3 3 3 3 3 3 3 3 3 3 3 3 3 3 3 3 3 6 3 3 2 3 3 3 3 3 3 3 3 3 3 3 -1 3 6 3 3 3 3 3 3 3 3 3 3 3 3 3 3 3 3 3 3 3 3 3 3 6 3 3 3 3 3 3 3 3 2 3 2 6 3
6 31 6 28 47 15 47 47 6 3 14 2 6 31 36 15 47 14 26 30 47 6 15 6 14 15 6 2 6 47 15 14 52 6 47 6 22 5 6 6 6 14 22 47 5 6 3 14 14 2 15 6 6 14 6 6 47 97 15 6 5 3 -1 3 7 6 15 47 15 6 6 6 6 14 30 11 12 6 15 5 6 5 15 6 36 36 3 22 52 15 30 47 15 15 15 2 52 2 3 5
3 3 3 3 3 3 3 3 3 3 3 2 3 3 3 3 3 3 3 3 3 3 3 3 3 3 3 2 3 3 3 3 3 3 3 3 3 3 3 3 3 3 3 3 3 3 15 3 3 2 3 3 3 3 3 3 3 3 3 3 3 6 3 -1 3 3 3 3 3 3 3 3 3 3 3 3 3 3 3 3 3 3 3 3 3 3 45 3 3 3 3 3 3 3 3 2 3 2 15 3
6 7 6 7 7 7 7 7 6 3 7 2 6 7 7 7 7 7 7 7 7 6 7 6 7 7 6 2 6 7 7 7 7 6 7 6 7 5 6 6 6 7 7 7 5 6 3 7 7 2 7 6 6 7 6 6 7 7 7 6 5 3 7 3 -1 6 7 7 7 6 6 6 6 7 7 7 7 6 7 5 6 5 7 6 7 7 3 7 7 7 7 7 7 7 7 2 7 2 3 5
13 6 13 6 6 6 6 6 13 3 6 2 13 6 6 6 6 6 6 6 6 13 6 13 6 6 13 2 13 6 6 6 6 13 6 6 6 5 13 13 13 6 6 6 5 13 3 6 6 2 6 13 13 6 13 44 6 6 6 13 5 3 6 3 6 -1 6 6 6 13 13 44 13 6 6 6 6 13 6 5 44 5 6 13 6 6 3 6 6 6 6 6 6 6 6 2 6 2 3 5
6 15 6 15 15 19 15 15 6 3 14 2 6 15 15 15 15 14 15 15 15 6 15 6 14 19 6 2 6 15 19 14 15 6 15 6 15 5 6 6 6 14 15 15 5 6 3 14 14 2 19 6 6 14 6 6 15 15 19 6 5 3 15 3 7 6 -1 15 19 6 6 6 6 14 15 11 12 6 19 5 6 5 19 6 15 15 3 15 15 19 15 15 19 19 19 2 15 2 3 5
6 31 6 28 52 15 52 52 6 3 14 2 6 31 36 15 72 14 26 30 52 6 15 6 14 15 6 2 6 52 15 14 47 6 91 6 22 5 6 6 6 14 22 52 5 6 3 14 14 2 15 6 6 14 6 6 49 47 15 6 5 3 47 3 7 6 15 -1 15 6 6 6 6 14 30 11 12 6 15 5 6 5 15 6 36 36 3 22 47 15 30 52 15 15 15 2 47 2 3 5
6 15 6 15 15 19 15 15 6 3 14 2 6 15 15 15 15 14 15 15 15 6 15 6 14 19 6 2 6 15 19 14 15 6 15 6 15 5 6 6 6 14 15 15 5 6 3 14 14 2 19 6 6 14 6 6 15 15 31 6 5 3 15 3 7 6 19 15 -1 6 6 6 6 14 15 11 12 6 42 5 6 5 76 6 15 15 3 15 15 76 15 15 51 53 23 2 15 2 3 5
22 6 22 6 6 6 6 6 22 3 6 2 22 6 6 6 6 6 6 6 6 22 6 22 6 6 22 2 22 6 6 6 6 22 6 6 6 5 22 22 22 6 6 6 5 16 3 6 6 2 6 22 22 6 22 13 6 6 6 22 5 3 6 3 6 13 6 6 6 -1 22 13 16 6 6 6 6 22 6 5 13 5 6 22 6 6 3 6 6 6 6 6 6 6 6 2 6 2 3 5
36 6 36 6 6 6 6 6 36 3 6 2 29 6 6 6 6 6 6 6 6 36 6 54 6 6 36 2 36 6 6 6 6 23 6 6 6 5 22 62 54 6 6 6 5 16 3 6 6 2 6 36 36 6 36 13 6 6 6 36 5 3 6 3 6 13 6 6 6 22 -1 13 16 6 6 6 6 36 6 5 13 5 6 36 6 6 3 6 6 6 6 6 6 6 6 2 6 2 3 5
13 6 13 6 6 6 6 6 13 3 6 2 13 6 6 6 6 6 6 6 6 13 6 13 6 6 13 2 13 6 6 6 6 13 6 6 6 5 13 13 13 6 6 6 5 13 3 6 6 2 6 13 13 6 13 68 6 6 6 13 5 3 6 3 6 44 6 6 6 13 13 -1 13 6 6 6 6 13 6 5 69 5 6 13 6 6 3 6 6 6 6 6 6 6 6 2 6 2 3 5
16 6 16 6 6 6 6 6 16 3 6 2 16 6 6 6 6 6 6 6 6 16 6 16 6 6 16 2 16 6 6 6 6 16 6 6 6 5 16 16 16 6 6 6 5 16 3 6 6 2 6 16 16 6 16 13 6 6 6 16 5 3 6 3 6 13 6 6 6 16 16 13 -1 6 6 6 6 16 6 5 13 5 6 16 6 6 3 6 6 6 6 6 6 6 6 2 6 2 3 5
6 14 6 14 14 14 14 14 6 3 33 2 6 14 14 14 14 33 14 14 14 6 14 6 33 14 6 2 6 14 14 33 14 6 14 6 14 5 6 6 6 24 14 14 5 6 3 33 33 2 14 6 6 24 6 6 14 14 14 6 5 3 14 3 7 6 14 14 14 6 6 6 6 -1 14 11 12 6 14 5 6 5 14 6 14 14 3 14 14 14 14 14 14 14 14 2 14 2 3 5
6 30 6 28 30 15 30 30 6 3 14 2 6 30 30 15 30 14 26 61 30 6 15 6 14 15 6 2 6 30 15 14 30 6 30 6 22 5 6 6 6 14 22 30 5 6 3 14 14 2 15 6 6 14 6 6 30 30 15 6 5 3 30 3 7 6 15 30 15 6 6 6 6 14 -1 11 12 6 15 5 6 5 15 6 30 30 3 22 30 15 31 30 15 15 15 2 30 2 3 5
6 11 6 11 11 11 11 11 6 3 11 2 6 11 11 11 11 11 11 11 11 6 11 6 11 11 6 2 6 11 11 11 11 6 11 6 11 5 6 6 6 11 11 11 5 6 3 11 11 2 11 6 6 11 6 6 11 11 11 6 5 3 11 3 7 6 11 11 11 6 6 6 6 11 11 -1 11 6 11 5 6 5 11 6 11 11 3 11 11 11 11 11 11 11 11 2 11 2 3 5
6 12 6 12 12 12 12 12 6 3 12 2 6 12 12 12 12 12 12 12 12 6 12 6 12 12 6 2 6 12 12 12 12 6 12 6 12 5 6 6 6 12 12 12 5 6 3 12 12 2 12 6 6 12 6 6 12 12 12 6 5 3 12 3 7 6 12 12 12 6 6 6 6 12 12 11 -1 6 12 5 6 5 12 6 12 12 3 12 12 12 12 12 12 12 12 2 12 2 3 5
70 6 58 6 6 6 6 6 76 3 6 2 29 6 6 6 6 6 6 6 6 76 6 36 6 6 75 2 37 6 6 6 6 23 6 6 6 5 22 36 36 6 6 6 5 16 3 6 6 2 6 76 76 6 76 13 6 6 6 76 5 3 6 3 6 13 6 6 6 22 36 13 16 6 6 6 6 -1 6 5 13 5 6 37 6 6 3 6 6 6 6 6 6 6 6 2 6 2 3 5
6 15 6 15 15 19 15 15 6 3 14 2 6 15 15 15 15 14 15 15 15 6 15 6 14 19 6 2 6 15 19 14 15 6 15 6 15 5 6 6 6 14 15 15 5 6 3 14 14 2 19 6 6 14 6 6 15 15 31 6 5 3 15 3 7 6 19 15 42 6 6 6 6 14 15 11 12 6 -1 5 6 5 42 6 15 15 3 15 15 42 15 15 42 42 23 2 15 2 3 5
5 5 5 5 5 5 5 5 5 3 5 2 5 5 5 5 5 5 5 5 5 5 5 5 5 5 5 2 5 5 5 5 5 5 5 5 5 91 5 5 5 5 5 5 5 5 3 5 5 2 5 5 5 5 5 5 5 5 5 5 91 3 5 3 5 5 5 5 5 5 5 5 5 5 5 5 5 5 5 -1 5 19 5 5 5 5 3 5 5 5 5 5 5 5 5 2 5 2 3 86
13 6 13 6 6 6 6 6 13 3 6 2 13 6 6 6 6 6 6 6 6 13 6 13 6 6 13 2 13 6 6 6 6 13 6 6 6 5 13 13 13 6 6 6 5 13 3 6 6 2 6 13 13 6 13 68 6 6 6 13 5 3 6 3 6 44 6 6 6 13 13 69 13 6 6 6 6 13 6 5 -1 5 6 13 6 6 3 6 6 6 6 6 6 6 6 2 6 2 3 5
5 5 5 5 5 5 5 5 5 3 5 2 5 5 5 5 5 5 5 5 5 5 5 5 5 5 5 2 5 5 5 5 5 5 5 5 5 19 5 5 5 5 5 5 5 5 3 5 5 2 5 5 5 5 5 5 5 5 5 5 19 3 5 3 5 5 5 5 5 5 5 5 5 5 5 5 5 5 5 19 5 -1 5 5 5 5 3 5 5 5 5 5 5 5 5 2 5 2 3 19
6 15 6 15 15 19 15 15 6 3 14 2 6 15 15 15 15 14 15 15 15 6 15 6 14 19 6 2 6 15 19 14 15 6 15 6 15 5 6 6 6 14 15 15 5 6 3 14 14 2 19 6 6 14 6 6 15 15 31 6 5 3 15 3 7 6 19 15 76 6 6 6 6 14 15 11 12 6 42 5 6 5 -1 6 15 15 3 15 15 90 15 15 51 53 23 2 15 2 3 5
37 6 37 6 6 6 6 6 37 3 6 2 29 6 6 6 6 6 6 6 6 37 6 36 6 6 37 2 37 6 6 6 6 23 6 6 6 5 22 36 36 6 6 6 5 16 3 6 6 2 6 37 37 6 37 13 6 6 6 37 5 3 6 3 6 13 6 6 6 22 36 13 16 6 6 6 6 37 6 5 13 5 6 -1 6 6 3 6 6 6 6 6 6 6 6 2 6 2 3 5
6 31 6 28 36 15 36 36 6 3 14 2 6 31 45 15 36 14 26 30 36 6 15 6 14 15 6 2 6 36 15 14 36 6 36 6 22 5 6 6 6 14 22 36 5 6 3 14 14 2 15 6 6 14 6 6 36 36 15 6 5 3 36 3 7 6 15 36 15 6 6 6 6 14 30 11 12 6 15 5 6 5 15 6 -1 52 3 22 36 15 30 36 15 15 15 2 36 2 3 5
6 31 6 28 36 15 36 36 6 3 14 2 6 31 45 15 36 14 26 30 36 6 15 6 14 15 6 2 6 36 15 14 36 6 36 6 22 5 6 6 6 14 22 36 5 6 3 14 14 2 15 6 6 14 6 6 36 36 15 6 5 3 36 3 7 6 15 36 15 6 6 6 6 14 30 11 12 6 15 5 6 5 15 6 52 -1 3 22 36 15 30 36 15 15 15 2 36 2 3 5
3 3 3 3 3 3 3 3 3 3 3 2 3 3 3 3 3 3 3 3 3 3 3 3 3 3 3 2 3 3 3 3 3 3 3 3 3 3 3 3 3 3 3 3 3 3 15 3 3 2 3 3 3 3 3 3 3 3 3 3 3 6 3 45 3 3 3 3 3 3 3 3 3 3 3 3 3 3 3 3 3 3 3 3 3 3 -1 3 3 3 3 3 3 3 3 2 3 2 15 3
6 22 6 22 22 15 22 22 6 3 14 2 6 22 22 15 22 14 22 22 22 6 15 6 14 15 6 2 6 22 15 14 22 6 22 6 47 5 6 6 6 14 22 22 5 6 3 14 14 2 15 6 6 14 6 6 22 22 15 6 5 3 22 3 7 6 15 22 15 6 6 6 6 14 22 11 12 6 15 5 6 5 15 6 22 22 3 -1 22 15 22 22 15 15 15 2 22 2 3 5
6 31 6 28 47 15 47 47 6 3 14 2 6 31 36 15 47 14 26 30 47 6 15 6 14 15 6 2 6 47 15 14 91 6 47 6 22 5 6 6 6 14 22 47 5 6 3 14 14 2 15 6 6 14 6 6 47 52 15 6 5 3 52 3 7 6 15 47 15 6 6 6 6 14 30 11 12 6 15 5 6 5 15 6 36 36 3 22 -1 15 30 47 15 15 15 2 95 2 3 5
6 15 6 15 15 19 15 15 6 3 14 2 6 15 15 15 15 14 15 15 15 6 15 6 14 19 6 2 6 15 19 14 15 6 15 6 15 5 6 6 6 14 15 15 5 6 3 14 14 2 19 6 6 14 6 6 15 15 31 6 5 3 15 3 7 6 19 15 76 6 6 6 6 14 15 11 12 6 42 5 6 5 90 6 15 15 3 15 15 -1 15 15 51 53 23 2 15 2 3 5
6 30 6 28 30 15 30 30 6 3 14 2 6 30 30 15 30 14 26 31 30 6 15 6 14 15 6 2 6 30 15 14 30 6 30 6 22 5 6 6 6 14 22 30 5 6 3 14 14 2 15 6 6 14 6 6 30 30 15 6 5 3 30 3 7 6 15 30 15 6 6 6 6 14 31 11 12 6 15 5 6 5 15 6 30 30 3 22 30 15 -1 30 15 15 15 2 30 2 3 5
6 31 6 28 94 15 54 82 6 3 14 2 6 31 36 15 52 14 26 30 85 6 15 6 14 15 6 2 6 81 15 14 47 6 52 6 22 5 6 6 6 14 22 89 5 6 3 14 14 2 15 6 6 14 6 6 49 47 15 6 5 3 47 3 7 6 15 52 15 6 6 6 6 14 30 11 12 6 15 5 6 5 15 6 36 36 3 22 47 15 30 -1 15 15 15 2 47 2 3 5
6 15 6 15 15 19 15 15 6 3 14 2 6 15 15 15 15 14 15 15 15 6 15 6 14 19 6 2 6 15 19 14 15 6 15 6 15 5 6 6 6 14 15 15 5 6 3 14 14 2 19 6 6 14 6 6 15 15 31 6 5 3 15 3 7 6 19 15 51 6 6 6 6 14 15 11 12 6 42 5 6 5 51 6 15 15 3 15 15 51 15 15 -1 51 23 2 15 2 3 5
6 15 6 15 15 19 15 15 6 3 14 2 6 15 15 15 15 14 15 15 15 6 15 6 14 19 6 2 6 15 19 14 15 6 15 6 15 5 6 6 6 14 15 15 5 6 3 14 14 2 19 6 6 14 6 6 15 15 31 6 5 3 15 3 7 6 19 15 53 6 6 6 6 14 15 11 12 6 42 5 6 5 53 6 15 15 3 15 15 53 15 15 51 -1 23 2 15 2 3 5
6 15 6 15 15 19 15 15 6 3 14 2 6 15 15 15 15 14 15 15 15 6 15 6 14 19 6 2 6 15 19 14 15 6 15 6 15 5 6 6 6 14 15 15 5 6 3 14 14 2 19 6 6 14 6 6 15 15 23 6 5 3 15 3 7 6 19 15 23 6 6 6 6 14 15 11 12 6 23 5 6 5 23 6 15 15 3 15 15 23 15 15 23 23 -1 2 15 2 3 5
2 2 2 2 2 2 2 2 2 2 2 46 2 2 2 2 2 2 2 2 2 2 2 2 2 2 2 48 2 2 2 2 2 2 2 2 2 2 2 2 2 2 2 2 2 2 2 2 2 41 2 2 2 2 2 2 2 2 2 2 2 2 2 2 2 2 2 2 2 2 2 2 2 2 2 2 2 2 2 2 2 2 2 2 2 2 2 2 2 2 2 2 2 2 2 -1 2 83 2 2
6 31 6 28 47 15 47 47 6 3 14 2 6 31 36 15 47 14 26 30 47 6 15 6 14 15 6 2 6 47 15 14 91 6 47 6 22 5 6 6 6 14 22 47 5 6 3 14 14 2 15 6 6 14 6 6 47 52 15 6 5 3 52 3 7 6 15 47 15 6 6 6 6 14 30 11 12 6 15 5 6 5 15 6 36 36 3 22 95 15 30 47 15 15 15 2 -1 2 3 5
2 2 2 2 2 2 2 2 2 2 2 46 2 2 2 2 2 2 2 2 2 2 2 2 2 2 2 48 2 2 2 2 2 2 2 2 2 2 2 2 2 2 2 2 2 2 2 2 2 41 2 2 2 2 2 2 2 2 2 2 2 2 2 2 2 2 2 2 2 2 2 2 2 2 2 2 2 2 2 2 2 2 2 2 2 2 2 2 2 2 2 2 2 2 2 83 2 -1 2 2
3 3 3 3 3 3 3 3 3 3 3 2 3 3 3 3 3 3 3 3 3 3 3 3 3 3 3 2 3 3 3 3 3 3 3 3 3 3 3 3 3 3 3 3 3 3 56 3 3 2 3 3 3 3 3 3 3 3 3 3 3 6 3 15 3 3 3 3 3 3 3 3 3 3 3 3 3 3 3 3 3 3 3 3 3 3 15 3 3 3 3 3 3 3 3 2 3 2 -1 3
5 5 5 5 5 5 5 5 5 3 5 2 5 5 5 5 5 5 5 5 5 5 5 5 5 5 5 2 5 5 5 5 5 5 5 5 5 86 5 5 5 5 5 5 5 5 3 5 5 2 5 5 5 5 5 5 5 5 5 5 86 3 5 3 5 5 5 5 5 5 5 5 5 5 5 5 5 5 5 86 5 19 5 5 5 5 3 5 5 5 5 5 5 5 5 2 5 2 3 -1
