10
50
60775 -26 30
70328 42 -15
32946 -57 35
73549 54 9
46632 55 -31
24434 68 -93
11177 -18 -56
1926 -88 -23
54241 -98 -36
44787 83 10
39464 97 -11
7961 -24 -51
40289 28 -28
9414 27 -71
49084 -80 76
81249 95 60
93665 -58 71
90941 -76 13
94141 -37 94
59741 -95 -16
71521 -96 -27
11626 71 -4
82473 1 -26
31368 -4 17
19953 -74 62
301 -23 50
86655 15 -20
72189 57 -45
78133 -77 84
51537 -34 -98
35576 1 -34
23911 89 -46
92557 -96 31
4753 -54 67
38661 -78 71
86657 -52 16
34676 -58 0
52161 -17 -55
38659 -97 -28
35201 -54 55
94215 -62 74
37831 81 94
69461 -20 -18
66611 18 -10
71501 31 7
4061 -67 -95
50726 -89 -91
69791 83 2
3727 -82 83
54433 -71 66
60
49992 -56 -91
60983 -31 37
405 -32 88
50561 -28 -81
34641 49 56
56523 -26 -86
3269 36 -51
19789 -68 -23
73438 26 41
29169 -59 81
59987 -53 30
48081 99 -16
57131 68 -25
65041 -96 -16
12225 -68 -53
11689 68 6
71576 30 -69
28505 79 -52
5792 51 -14
76063 -50 79
53459 -76 -61
19697 -46 -56
91337 30 67
76696 85 -55
62159 -18 -53
21929 -37 -42
39694 -27 -86
40981 64 74
97189 -71 20
53617 -56 -24
34726 0 58
48725 45 15
80081 63 84
58709 39 -53
17788 -48 -19
77441 7 -37
11959 -72 -76
85441 -58 -30
9201 53 -97
36671 42 -35
30151 -4 -53
86767 -9 68
3306 -25 -30
3621 7 62
6073 -79 -38
22701 44 -50
67287 -60 5
11833 18 75
4625 43 -33
86915 -51 2
66744 -30 97
62977 -78 -11
49500 43 84
563 10 46
83615 -32 -27
71918 -37 -79
46980 18 -13
73827 80 -64
30150 1 -17
38351 59 99
38
11101 -32 -27
71873 49 22
39203 64 -28
34141 52 97
54401 -93 76
41501 -74 0
869 10 87
42514 17 -25
77926 31 -58
89877 88 -74
78867 -70 -63
3565 38 -97
79275 40 -94
61101 71 -33
98969 -24 -22
93441 -24 63
24347 49 -86
75511 59 -2
37908 -84 -2
73319 -55 91
6192 -44 -40
21531 74 90
16952 86 -12
16481 64 -46
89265 33 0
53437 -66 -37
79276 -40 30
76683 45 21
64619 68 11
86586 49 -93
73041 -55 -45
3287 -22 -64
6873 -33 64
10081 -35 -5
77541 -49 43
1287 77 -99
7004 -74 -6
8456 -23 9
41
61172 86 -54
71964 0 91
85241 0 -2
2656 -89 62
92165 -74 -42
58161 6 48
399 82 70
81316 77 -98
61025 -77 37
16223 81 45
89651 -23 43
53301 -55 11
63875 -18 21
78349 -61 29
3617 79 5
59623 0 -59
53537 92 -65
75547 58 -48
75422 91 -6
98581 -88 54
28796 -1 -57
44821 -73 -33
13465 -90 0
46236 27 88
521 79 -67
64674 -57 -13
68641 -84 -96
70591 7 -73
34212 5 97
31293 83 74
50269 18 93
19683 -59 -7
10272 52 90
26195 -46 1
49529 -57 -3
97665 -2 9
40451 -71 18
33585 -92 31
6721 -86 96
67328 -79 -23
91591 88 24
52
7201 -19 88
91301 -39 -72
79102 2 73
9875 -44 -12
67987 -7 -93
82980 -51 22
33376 -48 -61
44135 -78 -44
30401 -26 -60
56480 81 -52
48147 -20 -7
12927 16 89
83033 -75 -27
73465 -22 51
8497 66 -34
14955 -61 -90
56681 -64 -98
47620 55 -51
41374 -37 -73
36877 75 43
64415 -22 -9
20297 -86 4
3745 -3 -40
57273 66 -97
3345 73 -45
41445 87 -9
30194 27 31
26376 -20 -46
65846 60 39
68106 28 -20
56697 28 69
28249 -93 -14
59091 -4 78
40049 88 10
79611 65 50
41120 -97 5
77591 97 -10
20990 86 -30
54832 66 50
9113 -11 93
76600 -58 39
6396 89 56
77215 0 -66
22159 -75 92
90501 36 -83
75281 -20 59
82341 45 34
11751 -30 66
34449 -28 8
1130 44 53
73639 -34 16
49388 60 -6
49
361 81 42
5263 -73 -76
90893 36 -100
71046 -21 6
27529 -69 -39
99609 82 23
5661 -31 -86
79841 75 31
57191 40 100
70306 -42 50
43433 92 0
55446 -42 -15
27045 42 3
54977 -74 21
70689 90 24
60865 -47 84
19892 20 11
2273 -69 8
41855 42 -74
22285 -91 -85
76353 20 9
38327 3 -64
12628 -91 85
94901 87 -20
96395 -99 4
93661 90 -39
60713 23 86
29977 20 -87
1863 28 -94
99233 -23 7
49889 -59 -91
89453 -11 5
22306 -81 -91
7541 -71 -6
75113 -72 92
20065 -96 21
23285 -43 50
67337 -32 -26
58841 44 -76
40461 -3 -42
44167 41 -4
73342 -26 -77
4747 -7 -11
32401 46 5
90520 60 9
32601 -73 -97
18051 23 -25
64955 -92 -45
78368 -16 -68
59
16101 -77 8
56326 91 -7
7421 -13 -50
34241 -58 -80
24002 69 58
3506 42 35
12054 -75 -45
3365 16 5
13256 -44 57
99781 8 47
32691 62 -19
24961 84 67
7313 7 -4
84593 -93 -39
26840 -8 21
26401 73 -91
26601 -23 -25
31637 -55 18
11601 25 -73
57453 -45 -21
24827 -66 36
80747 -36 45
50267 -36 31
35071 -62 43
90353 13 76
83771 35 -80
95581 85 45
24331 46 74
84429 13 -98
55997 26 63
72745 93 -61
60854 79 100
94057 -47 -87
98425 -31 100
93829 -77 13
81001 12 -90
99761 69 -26
35449 61 -59
99211 95 -33
40560 -51 -85
42181 -39 85
25297 11 55
76020 100 -27
82701 95 4
78817 -5 65
20148 31 -58
433 -37 -34
66617 -43 62
31937 65 25
88161 -7 19
70649 39 99
49977 91 0
88646 -38 38
28113 38 85
76071 -49 30
26315 92 65
76222 -37 21
40261 -82 -16
29401 22 1
47
9697 -94 -31
40045 -68 -4
48189 -53 -18
51477 -99 -10
13135 58 -95
49891 19 25
31915 -78 -49
22049 72 16
10801 66 64
78921 -55 8
9049 -71 -96
71891 -93 64
85191 -87 -82
71201 29 85
84089 25 38
36005 -2 47
97701 52 79
60938 -79 -45
13301 -29 36
96281 84 39
61037 73 24
40051 89 51
39243 -93 78
33876 -32 17
814 -15 93
27301 88 91
34183 42 -27
97223 -17 51
69901 -97 72
28297 28 94
43765 -98 -45
22541 42 84
51225 94 -50
1239 67 -87
35087 25 61
68251 -49 95
59692 75 -100
32280 72 53
31961 18 -93
19521 59 87
19985 86 61
29217 88 6
87186 66 42
32481 -66 46
69694 -48 -99
36708 31 52
6261 -31 -50
48
68866 -63 60
211 10 -28
76575 48 -47
10851 -71 31
93903 9 73
8989 24 -19
8399 -67 -82
64735 24 -51
25753 95 78
89375 89 48
79691 56 79
26080 -84 69
66243 95 94
31206 17 -80
30209 48 -61
75686 36 64
27033 -87 -64
7739 -83 -84
85736 30 58
63654 6 18
26001 29 -87
71156 -34 4
54645 -13 95
50657 5 99
56101 83 65
64642 -22 61
65455 -65 89
32618 -56 26
95161 19 63
35381 6 -31
27907 -83 -36
14741 39 -58
53380 -96 75
29077 78 66
70209 -41 -42
59886 -17 -90
17876 77 46
87337 1 45
19219 45 -61
45893 -58 -33
16277 -88 -32
53443 -72 7
95551 -95 52
26801 -96 6
56599 30 -35
19688 -72 -42
26029 -26 3
88989 64 50
39
26701 52 46
75551 66 -25
13441 45 -6
89909 2 -2
56176 -62 -59
30576 -26 97
56714 70 -54
81559 54 49
11177 39 63
77601 4 -25
85641 -37 72
52481 -8 81
49789 38 76
50496 44 -88
29451 96 8
7501 92 72
72821 -68 -49
50291 0 6
29985 40 -4
65443 -37 80
14501 75 -72
60134 71 -80
67115 -89 30
12351 60 24
96934 79 -93
52557 24 62
34785 -16 47
39056 -82 48
35140 71 8
1698 48 -30
97137 2 -99
67688 78 -89
73073 -25 -48
77398 70 61
9485 39 -76
98666 -99 -44
6919 -11 41
8747 -3 42
64337 -7 -71
