10
8
99185 -56 -62
61556 -31 -65
77612 11 -77
60206 -59 -100
73845 52 -50
98214 5 -65
4001 25 -42
81627 -38 36
3
36001 99 45
89077 -21 -42
21357 -40 -39
2
4507 -29 -42
15311 43 -38
9
78251 58 -67
57845 87 59
77751 -63 -53
53373 52 -94
36926 -89 -44
6833 -35 28
94296 15 -43
7009 -51 -32
23305 -67 -63
8
68571 -2 -48
25235 55 -77
12641 -77 -73
2313 -72 96
22207 66 17
12733 -32 65
52521 92 88
69333 -43 10
2
35354 -18 95
36086 -56 -20
4
58401 22 33
45287 -77 80
80549 53 -23
8031 -23 78
5
79751 46 3
77425 -80 41
34129 10 93
12285 96 -32
75230 -86 6
2
98433 -46 61
56856 -15 -11
9
2731 -9 -69
83108 -71 61
58773 -45 -7
58985 54 65
75071 -57 10
1622 13 -61
85491 -52 -37
57047 47 -11
21809 -59 13
