10
41
39301 -15 -99
76913 68 56
29553 10 -2
35345 -56 16
10602 -77 -9
19610 10 -63
79246 10 -8
3529 -39 50
49469 -11 -51
75840 -51 -99
79345 -40 96
18991 23 54
90746 -10 -79
15621 -91 -23
92041 24 -57
50130 22 -99
52851 35 68
96750 -30 45
37173 69 -95
59513 -80 41
71839 -57 60
8641 50 -99
973 46 10
64970 85 -11
45277 -10 -50
43856 77 -56
84440 -47 0
29433 94 1
17391 94 30
34831 -38 48
99607 23 3
35442 94 -77
94581 -18 -69
86371 -18 21
39971 82 9
24648 -23 -90
47823 -4 88
1836 -60 -93
33689 -44 -40
97847 -38 51
3201 22 2
42
42810 58 -40
1057 -42 7
35148 86 -39
95019 10 97
6011 -31 49
79724 83 -66
85457 -77 -30
73519 -76 -22
70945 -87 68
22797 1 -60
92109 -66 19
52863 -52 -97
96524 34 -79
34111 14 -97
53761 -17 -24
99345 84 -8
43107 33 -82
80001 61 -38
4945 -62 89
67185 22 -10
88944 66 -40
51051 -17 83
36629 -45 -9
8297 -3 73
73941 1 -98
16784 28 30
54040 -58 62
76194 59 -4
78045 -97 -61
94065 88 -47
37493 33 7
61122 -33 97
81058 100 -25
88321 -6 -41
92489 77 27
57777 58 41
70124 75 -5
3289 1 80
20990 92 -15
70245 -88 18
47601 -92 57
35861 41 43
48
40491 74 -37
3288 -61 38
26151 -70 -3
31051 33 9
83657 70 100
98101 98 -67
6309 8 93
31177 -64 43
2825 95 -80
26759 34 -14
93249 37 -4
19153 -19 -16
20645 -74 -73
24365 -89 -79
25623 -71 21
83952 40 65
29729 65 -32
91297 48 100
53955 33 75
44252 -6 -15
6113 -72 -74
52675 43 -27
47529 70 -53
98183 -82 -23
3682 20 1
69376 -16 -34
6543 -50 -52
19635 44 81
37777 80 -45
33353 -6 -37
40357 -76 24
12775 -51 33
29808 -100 25
48261 39 -34
20626 -44 3
6797 -81 -78
80361 80 -39
35761 80 -24
79681 -93 95
15269 -70 81
44099 -15 -66
62861 51 71
25589 -87 -63
80169 21 -43
44153 -47 -14
56803 40 78
28017 -52 -99
40356 78 -26
50
25705 -56 57
95801 94 65
93766 -8 18
2357 -33 -15
94571 96 63
28846 31 33
1856 -76 -94
8163 -45 30
22493 -51 27
21702 65 -63
82087 26 -15
97251 8 50
34446 -45 64
98301 -32 30
43158 -25 -51
65821 86 37
30131 74 -84
36301 26 -34
50946 75 39
7017 -27 85
35201 42 -57
39245 -76 23
9339 -49 -29
48103 16 -20
33278 49 76
95601 17 46
44391 27 -63
2110 -40 -30
36154 -2 6
526 2 26
21475 -15 -28
94976 27 -58
51641 23 -39
43721 17 97
68481 43 -58
1581 11 5
94144 -95 73
97863 71 78
70231 37 88
7135 -67 43
12447 3 -44
77057 -45 67
29241 -99 41
80531 -77 -85
63683 88 88
30812 -84 18
2753 -79 -39
82505 95 7
89299 38 -32
65101 -96 -93
36
81395 66 39
2939 -90 25
75551 -56 -86
14945 80 88
50695 62 98
88903 -46 15
34745 36 23
85808 31 85
91226 65 -69
60975 -60 -8
23548 -78 -1
43937 -86 73
33946 -24 58
77626 -11 -53
17758 -93 88
26566 48 54
57377 87 -93
24291 -60 43
22412 56 4
25711 83 -90
33821 37 -51
26753 -69 77
31803 -30 13
29361 -64 -90
98901 -7 -71
37343 -35 -51
47623 -19 21
90037 2 -40
70051 26 -38
35761 -87 -54
94145 -94 27
55534 -95 -97
88208 99 2
73377 50 13
17921 28 6
27394 76 -41
46
11821 -79 13
57504 2 52
33669 5 69
64319 91 -69
4577 92 0
29906 -47 -22
90326 49 -31
63079 -51 57
10349 54 -87
59205 -34 21
44850 77 73
10825 66 -37
78419 97 -37
92737 -88 -82
48536 -69 68
52661 -7 79
94682 32 -68
28785 -31 79
57491 37 2
33906 46 -86
45841 99 -87
94511 96 3
28629 45 37
23364 -45 46
22055 14 -72
86201 -91 31
91312 -43 23
83761 -63 75
16065 59 53
64213 -47 -67
53321 -40 78
11394 -13 20
58481 -49 33
39951 -21 67
78481 -76 -46
18863 -70 86
33583 -80 42
29953 20 -25
68561 51 37
33676 -82 42
9881 -18 55
39297 65 -56
26630 -7 93
29080 -96 -22
86506 24 23
4336 -67 -26
52
33713 -67 82
25187 -48 94
16661 92 54
89051 -38 -49
44425 41 33
60190 10 44
95762 2 -99
16673 83 24
56941 -96 9
62737 -73 -69
76921 -34 90
4751 3 -89
71478 35 100
80431 -44 22
99217 -81 87
78246 -97 -98
21747 -71 -11
15675 59 -46
85396 91 15
89466 -34 -92
22251 75 36
9857 73 6
20941 -34 -99
29963 -80 98
10289 -91 -39
77601 65 -24
36031 65 -44
75788 29 13
36916 -10 91
65821 -64 55
4155 -67 60
4455 55 16
75171 -18 65
92877 -32 100
11961 -100 20
848 59 -27
66897 25 97
88874 27 -80
77200 53 72
87600 -52 -46
35926 97 39
50721 -85 -69
31086 21 -85
71389 62 50
89441 27 83
35054 -39 55
37899 -45 39
39939 -42 -93
29913 23 13
9083 -28 -32
15781 82 -53
44091 -37 -26
37
62961 -43 86
34401 -70 52
43329 79 97
32373 -75 -36
22728 -67 -51
27429 50 -78
4869 44 -59
38714 76 -8
22761 -89 88
2733 -45 -54
37321 9 -34
39715 61 -32
35650 74 77
17432 3 66
91620 53 94
1891 30 -89
48989 -39 -40
16916 20 1
34485 -34 45
94741 -23 83
23248 -19 31
75501 11 22
59271 -77 42
74742 -16 -7
31433 52 28
97126 23 -94
49331 -41 53
77828 -80 -55
11358 83 63
50064 9 -62
44187 38 -93
97983 -93 34
53801 68 46
30801 -82 57
70001 -63 -78
60190 -20 -93
41167 -57 26
51
86631 -84 -29
43689 -72 -79
32513 -71 1
96377 -70 55
36835 -91 -92
34821 -43 3
81118 76 89
70781 -74 63
5763 73 -92
18436 -80 39
10373 -9 -73
91735 -29 -17
62536 52 32
50485 51 -9
15281 -31 16
20113 -14 92
76161 -14 93
57681 31 6
52216 -4 -22
96219 -86 -23
26555 -91 -31
98739 -41 90
41259 -71 -8
10815 -96 25
90421 96 27
56339 -59 -26
66687 70 97
74349 100 98
72065 51 45
43649 51 12
93848 -77 71
79801 6 2
51893 93 54
39541 -90 40
85133 1 72
64034 60 -36
70627 -85 35
49311 64 46
73253 -23 -41
17214 9 -92
3446 -39 -22
96357 -45 52
98945 63 -66
85617 80 -79
75849 3 -43
55069 -98 -7
38136 -12 15
3671 -22 -41
79102 -72 24
30913 73 -15
91012 -23 -51
38
56441 91 23
34456 -7 91
54817 69 49
1033 25 -82
60151 -64 -43
10087 90 -92
92751 39 22
129 -78 -53
87001 -49 -90
98341 4 26
51801 31 -52
16039 58 9
48344 -90 -33
63425 -56 80
20066 -30 -70
31381 -56 43
94865 -4 -52
85750 -31 -89
8035 9 8
825 6 -43
84186 57 -20
60541 82 90
81881 6 -100
43366 47 7
13151 85 91
34216 97 -72
14801 6 14
69699 -94 -59
72559 85 -48
22191 -89 42
76921 100 -7
6001 -33 33
841 -39 79
20661 -10 -70
90921 -78 -86
3633 -9 4
47166 -17 -7
36985 35 -68
