10
90
18677 -85 18
92257 -61 -52
97981 49 1
72246 52 84
93543 -91 83
69887 3 -93
21377 6 -7
28021 -8 -81
21177 -6 -47
1625 -83 -74
35900 -18 85
30391 2 -71
13193 -96 29
9435 -80 63
52131 -31 -83
59983 -36 31
13581 -15 -40
76595 -83 -42
84721 -29 -63
1211 1 43
58632 0 -59
96689 58 -95
90513 -20 42
23046 73 -7
78338 65 -38
51704 -94 -83
27212 -46 96
93238 -55 -34
77491 57 -81
3185 14 15
41485 -32 -24
33849 -43 -13
48117 -28 38
77186 -99 -99
73613 31 48
99433 4 95
19201 97 4
39784 44 27
48291 22 65
29046 -83 26
69497 6 -4
90653 12 68
89683 85 14
83507 24 72
8433 -87 -15
72321 83 6
65586 -3 13
36057 -70 -34
51837 51 -7
88559 -2 6
53126 -44 -35
48979 -91 -32
7487 61 -13
14909 -68 74
98963 -76 56
7117 44 -89
17331 -52 -64
99388 90 -41
56918 52 10
13471 34 -90
47593 73 91
74115 59 -7
28521 3 -19
35034 -40 11
29564 -86 65
25866 0 4
44982 -40 12
15826 50 72
91033 48 -95
66601 7 -34
50631 -11 -84
86612 66 51
94418 -74 -31
35649 96 74
43023 23 -35
97885 66 64
88127 51 -4
1916 -27 38
9087 25 -65
91266 4 66
12505 -60 -13
3125 14 -67
89284 -33 15
60589 73 -65
9409 -80 68
31869 41 -100
4483 8 52
41765 97 -62
23137 75 -13
64316 75 -4
84
832 -48 71
93451 -14 -88
74945 29 53
95901 27 -52
21509 -23 16
99596 61 -73
28465 -1 19
10680 -81 49
48401 -34 1
23751 -75 -91
12161 -4 30
61483 45 -90
96088 4 82
26737 47 -47
56121 42 28
1896 -6 -11
76666 -7 -29
33521 -39 59
39457 46 -7
99702 81 17
27909 -62 18
99536 -13 99
69415 18 -70
47685 31 5
21746 5 -21
32001 71 10
60311 -4 47
61527 32 6
35929 3 -2
18876 66 -44
72465 84 -82
60830 30 84
16152 59 -11
1323 16 96
36229 -43 73
52845 -10 98
39463 99 -20
63261 37 -21
83591 -92 -44
99796 -18 76
88677 -86 -73
45225 -30 -92
1697 -60 -77
81940 41 -13
82635 43 64
13605 68 -90
21092 39 -20
13701 68 -89
40516 30 94
46721 84 -84
88223 44 8
69369 69 30
67305 -76 -55
1961 -90 -59
65904 -76 89
50089 63 -22
51 -57 -38
32101 -98 46
12109 60 -83
61918 -63 45
57791 -61 71
79158 -87 -63
41078 -96 -47
73141 -60 -69
72540 91 -35
89641 -18 -95
3569 80 1
90817 -73 -67
75569 -33 67
14553 17 41
22575 18 5
92492 66 -97
42441 11 -92
46291 55 -33
99542 74 -13
78937 89 51
92042 -3 -81
20946 -48 54
95701 -18 61
51555 -5 91
84001 -73 -31
38571 51 -39
11185 -71 -30
19501 87 37
81
85953 57 97
13197 32 50
78751 -52 26
22545 -20 80
54132 15 -35
84203 11 99
90031 -56 5
93691 -14 -37
83528 28 36
74199 74 37
26661 -53 67
7771 18 74
91607 95 -70
74129 68 -86
39151 -66 -29
53097 -28 -35
31310 37 71
62661 66 25
46991 10 -94
88129 26 -94
5123 74 -64
84001 -87 12
12064 -51 -23
73785 51 -73
16379 -17 -41
58503 27 -76
43729 -14 52
78566 -47 -88
49687 99 -20
94097 -31 -97
74561 -14 76
6871 78 75
24031 67 -52
22439 2 40
25911 32 -98
30331 -35 26
32461 35 -37
7165 91 83
99731 -26 12
15987 -69 43
60402 16 -22
48856 48 69
39060 27 -54
26001 50 -36
79661 62 66
35601 -57 45
9395 -62 17
32017 -87 40
97115 64 87
70311 42 -96
10321 -32 -34
67595 18 35
4601 89 -25
33691 11 83
8716 46 29
58121 -64 81
16901 -19 2
22271 74 29
19765 -27 38
62521 91 -44
10669 -70 70
79521 0 75
49777 -30 75
71615 -66 -29
20301 49 -50
89341 64 -83
7060 75 -60
77393 -87 29
59461 -71 15
32976 33 94
50533 -97 60
27785 63 -89
61313 56 51
3812 -60 45
95435 29 -69
30573 -50 -55
75706 -55 -26
93633 54 13
65935 -40 12
35593 85 88
91161 -69 -98
81
36055 -47 55
7284 -16 -88
68451 -27 78
91155 -32 -47
2398 -47 18
38251 31 -25
25630 -42 1
21199 -55 -90
20077 25 -21
89693 91 -93
71119 0 -2
1497 -59 50
11217 -63 -88
78481 4 94
80001 -96 18
4469 46 -60
44963 -75 -93
37181 -19 -72
58957 99 32
35886 64 46
99458 -54 -64
83986 93 -11
75205 57 -39
82210 -13 -95
99393 -27 40
29654 -76 7
86797 13 -88
92933 78 84
42935 71 98
1740 81 50
19201 15 85
60895 -65 -9
9126 47 3
91290 28 91
16821 19 -2
83053 -27 12
62201 -44 38
83953 -1 -18
61428 -57 45
6941 -95 -88
12971 -40 45
56635 39 37
88099 -54 62
99515 -2 -2
30010 -7 11
77217 -88 8
71481 -73 -71
55413 -43 99
98513 65 31
32390 -42 42
10962 -36 -96
37077 20 -63
29534 -90 94
18523 -47 75
58865 12 39
63121 -1 99
5324 73 45
53287 16 1
65683 -17 -70
87901 -25 32
63051 -21 -27
10693 67 47
14391 -9 -99
17845 -32 -13
92039 18 -20
97473 -99 -57
74036 58 -26
36216 24 11
32247 14 -36
80524 63 -93
39981 -20 56
77010 62 -64
1377 97 -35
78902 -68 12
59891 -9 88
55635 -19 -76
54277 -21 -8
83225 -10 -44
16141 54 55
57783 -91 66
40477 41 -64
86
69345 -11 89
90706 -99 -75
9093 -34 -100
39501 -57 -20
26457 -50 -59
18481 29 35
16130 -90 -11
53080 -73 -76
63091 -43 -21
13733 25 -51
25175 15 85
54741 -88 67
94651 -97 44
35597 21 76
74505 -43 26
10608 -52 -27
42035 54 60
51428 55 97
39057 -19 71
70817 -38 33
86041 22 89
7837 58 80
76449 57 -19
11151 -33 -57
73041 -75 32
94681 19 -63
25591 60 55
86457 25 3
27438 -15 91
5825 -48 -100
56217 -62 61
17686 19 -49
2741 88 39
74443 -100 -4
10047 -100 62
85517 23 70
27121 -47 -86
71825 83 -77
5404 -10 -79
11316 94 45
71965 -80 73
9281 73 -70
48339 41 -34
72233 24 53
87003 -69 78
51368 -13 83
74491 75 58
96071 -49 21
59253 85 -38
13232 60 -53
68261 69 86
25611 86 -80
35200 18 -70
72401 -10 61
63110 -80 11
95859 -68 15
23829 99 -12
92461 -37 0
58040 47 -20
41665 21 -24
44001 -31 67
11413 -27 75
76990 -67 -31
63441 -73 -84
6197 -50 65
40071 49 -19
50625 -84 64
34761 18 83
10560 4 -63
72701 -13 93
5361 -31 -51
57255 17 -54
22111 -96 -42
56756 -42 -78
77222 72 -23
40601 25 42
1649 19 19
26653 54 22
87326 -25 30
22221 38 76
33401 85 77
911 93 17
77526 -15 12
47948 -34 -13
60041 -17 45
82651 -36 -81
89
27521 9 -52
88951 78 -11
85116 -12 96
34891 48 29
2626 -99 -1
34353 27 -62
99101 70 -82
25292 34 81
42161 76 -32
41272 55 58
24981 14 -3
60825 32 -87
65673 49 -79
67113 58 -3
68961 -7 -70
52145 -86 -76
79485 48 -30
65486 14 -19
35309 -87 -73
98051 87 55
26166 83 27
36803 67 -26
28548 -90 -11
52638 -65 -6
49041 39 -26
14979 -28 74
57745 25 82
71628 -78 -69
54724 -81 64
82901 8 71
39963 56 -75
22405 54 -46
91472 -41 59
46175 26 24
34875 74 -55
31817 -58 0
56658 64 40
93737 -66 49
68628 61 58
97644 -89 40
12249 -89 -35
71255 -25 78
6555 -4 49
9961 37 70
95986 10 45
53801 -9 40
18251 -58 -46
16631 55 55
6801 -6 -83
49361 -93 51
45163 -93 11
61431 -1 -65
8561 64 32
28395 14 -43
32839 -73 55
55197 -82 -28
78801 95 2
73190 11 -58
60451 -75 100
9923 -88 -53
29596 -99 16
85056 -69 71
63792 18 83
31857 34 -71
19103 -94 -27
10198 -39 99
77479 -39 67
85249 -52 36
72630 15 91
20929 -30 19
84409 29 13
94206 22 33
99641 -100 53
33601 -68 57
22375 -90 -70
56629 -24 88
9283 74 11
94391 46 19
40816 -44 96
62361 -6 -37
83156 -46 -64
6763 -13 100
32029 68 -25
77017 -35 -29
29025 -48 2
81323 -24 40
50880 -11 49
20226 -23 -34
43266 -69 -21
84
52165 -6 81
70182 -90 -70
53795 36 -26
889 -48 -94
19801 92 65
49482 -64 -90
44488 9 59
85761 77 91
45305 -56 74
34879 -25 -18
84597 84 -55
62021 -41 -1
22517 2 -88
71128 71 -88
39489 -96 46
86212 -35 89
64671 -60 -91
85105 55 90
44525 9 -68
57065 -54 74
34290 12 9
46936 -60 -40
16767 8 27
54660 12 -28
37609 19 25
30493 82 -66
11201 -55 73
78953 -76 -16
42271 -91 -57
20621 -24 30
27645 -95 -6
92141 39 -22
36593 -78 -40
57952 14 -27
96423 -56 -7
52248 -73 -38
73277 -4 -2
43042 54 71
45409 -93 14
51951 94 -52
63137 -82 -57
12681 20 73
46630 -22 25
92544 10 40
44801 -92 -52
18846 57 47
19961 53 72
66577 41 -93
56981 -7 88
74295 -100 78
17185 -66 -12
24811 49 44
19004 -16 60
37895 84 -98
94529 90 34
72764 -39 76
21807 47 19
57646 70 33
20334 24 -6
69985 -64 -4
54641 88 96
65696 57 -13
90990 75 52
32751 -47 74
19958 -92 37
69629 -53 -16
30549 -28 53
16867 -18 -94
92726 1 -88
17783 -81 28
24959 10 -12
70381 -57 -91
54941 -89 -46
4776 -5 -36
88556 28 64
30187 -89 -20
99489 27 61
79561 30 -38
60191 -12 -13
5386 69 -17
61705 -78 57
62063 81 -3
62669 -51 26
70920 83 18
87
29598 -17 -22
78597 92 -31
37977 87 39
80141 -28 89
44751 42 -82
24447 2 85
59551 92 28
26391 -46 57
23105 -48 1
47511 -50 -69
50781 62 -90
48769 8 -27
59461 26 -3
77115 -9 -85
4641 39 66
78521 -96 15
92135 93 -53
71299 -22 -69
33015 -63 53
37567 -78 -80
97349 32 -31
21283 -17 -99
13929 55 -25
71971 -75 -31
84545 18 -1
16005 23 2
11272 -82 58
19745 27 -49
44651 3 -20
11831 92 -14
5821 -23 6
83213 91 -60
20589 -2 41
14435 77 -2
68234 63 14
26927 -26 87
47171 -69 74
94479 -15 -70
94289 73 -89
90201 24 -26
81692 -54 95
52834 73 -7
89073 58 -52
69101 -49 -13
82795 46 33
27551 68 -87
37891 70 -34
56049 96 -75
97241 10 88
33553 89 80
59379 55 -10
54105 -92 -79
27610 27 -61
61077 86 -65
47037 -82 -28
52641 20 75
51995 -9 73
22321 -54 -38
50125 24 -1
57163 -80 -24
21157 -16 4
1836 -59 18
67351 37 43
81857 45 -78
84517 -66 21
87719 14 -33
82208 5 -50
81621 23 64
66355 95 -33
55892 64 -1
91455 64 10
25381 -28 -13
4966 -83 18
89121 -1 46
29421 67 -63
61936 -24 -97
34653 -47 61
89425 39 -66
61737 98 28
20000 -55 0
41696 76 68
91281 -42 -35
26101 -84 -37
71001 100 41
13073 15 63
62881 -11 93
37846 73 -34
84
19197 46 48
28281 30 -16
24301 1 85
68268 7 -79
99683 -61 54
50061 40 -23
20925 -63 -12
18735 34 -29
20155 87 -87
23981 58 52
10711 23 -80
94400 45 82
5455 -19 35
67010 -38 -20
68583 79 42
19172 27 12
41511 77 -92
78244 35 -58
74415 63 -53
2017 -57 45
51834 -63 -11
18191 -77 -2
4201 42 -89
89778 -89 76
8481 22 -40
62281 12 -44
5860 -26 -2
52253 -20 98
40752 78 10
48897 2 62
27320 76 99
7466 -95 67
86927 86 -83
28889 90 50
33599 -1 40
68937 -94 -27
8851 56 -74
37561 -66 43
69685 5 46
36221 84 -64
80553 1 -4
9668 40 11
45705 -59 -7
80179 -59 52
59131 98 -83
48751 -71 50
79505 15 -65
31257 -1 93
6663 80 -58
54115 -92 67
31486 -34 -83
91181 -39 -44
95201 -11 99
20113 64 45
3594 56 -98
21921 77 -28
16306 -15 43
69604 13 -90
17390 19 14
30679 -70 -56
1 85 -61
61998 92 23
45297 58 27
19801 6 64
6293 -38 -60
89707 -65 52
52886 6 29
50968 72 -68
61249 -85 49
21651 31 38
72683 -89 -81
33081 -56 98
19673 26 12
76591 -84 67
68639 6 55
785 78 72
10518 -31 -23
27046 -46 -35
8213 84 -54
70693 -86 48
86991 -49 -22
50759 84 -39
83904 66 -77
33995 -99 -45
88
13165 -55 -87
78981 -51 20
76167 30 -2
84623 -69 19
64361 -60 89
75821 87 20
32797 70 -4
24189 -15 -16
23805 -67 -19
43301 -77 59
32986 64 57
36951 -37 19
32727 -98 -47
97306 22 -12
46431 12 -11
65421 -94 21
60509 -46 -24
45156 -68 -54
72799 56 27
87478 -99 -57
20826 6 31
4184 81 -91
63667 -8 -11
67292 -70 -26
95131 50 65
22063 42 60
72551 -59 53
66894 -16 99
2776 40 -23
41487 15 -22
42688 2 -76
38049 100 85
91479 -45 -14
12001 -92 10
79665 -52 33
5633 55 59
83521 87 9
43855 -3 56
26754 -92 80
98359 44 60
96503 -97 44
30791 4 -91
86021 12 42
21601 -61 56
69601 -79 -75
13524 -20 78
49895 93 -82
58696 -6 72
43386 3 -78
15609 -22 -85
3441 -50 -77
92047 71 0
94021 10 85
91429 -86 39
31307 19 67
68317 -30 -40
82925 80 59
34745 66 63
96746 72 99
58951 69 72
92961 -85 16
26876 -64 10
35221 49 -84
94006 -2 36
97909 43 69
92747 -83 62
23751 -13 -66
50435 -66 -89
28376 95 18
95745 -14 -66
12297 42 39
43188 76 84
17089 87 -61
2076 -34 78
8985 -4 -12
35436 88 38
62361 98 -45
33121 1 15
2562 -63 -32
62281 12 -53
45042 -82 17
59271 31 -51
42039 98 -24
55043 -76 34
51949 -38 67
44413 93 -74
89562 -21 1
54853 6 -52
