10
74
78482 60 35
5593 57 -62
26211 79 -95
18857 33 -38
98891 17 -61
14337 -1 7
72184 71 67
81355 -84 -28
70323 91 -86
22945 99 -34
20761 11 -49
476 -86 -2
98501 -93 -26
65763 81 95
9814 13 -1
15441 90 -59
47906 -85 -82
21461 89 -69
51800 -97 99
29985 16 -7
73215 -47 25
31688 53 -38
13800 -8 39
31841 -76 -55
59544 40 -87
75201 70 73
32921 36 -19
62369 -90 9
44766 -74 23
96855 -25 41
31196 35 -44
15051 99 -58
45181 98 80
2885 -88 9
23629 -12 -84
80210 -1 91
35009 -86 -12
64995 -81 -42
80411 81 22
45101 -88 82
48080 32 85
14243 96 -28
33201 61 -83
851 86 88
70438 -72 33
52171 -22 -72
39681 4 -1
53357 95 -93
39125 -86 87
7185 -83 -31
63371 83 95
41079 10 36
33749 94 -35
199 61 -30
47681 -25 -57
19793 -17 -48
98341 -63 -64
93441 -94 18
51121 -7 56
40261 14 -22
38288 54 91
80689 98 91
62209 98 3
24531 -64 -47
8661 -7 -7
29371 -6 -78
1518 47 92
88551 -30 -72
63433 -18 -8
8253 37 87
36981 -6 22
24940 -70 29
61218 -84 85
56545 -60 72
72
20239 18 31
803 67 -32
94985 -84 -50
49553 -95 50
24697 -80 1
46945 99 -31
66193 79 51
92144 29 -73
82389 98 40
59657 15 -92
61329 -6 -30
99905 20 -82
18801 68 -26
31858 -68 58
78191 73 51
30745 35 -59
98977 -24 89
51391 17 -76
62535 68 -41
17109 2 47
14923 76 93
86421 -62 43
64001 -3 99
58521 -74 2
69665 -10 -93
75853 -18 -48
36660 -30 -43
70604 -69 60
50047 11 46
67549 97 -33
10369 -96 98
77410 -39 -60
33901 -63 -40
16243 -17 -46
67875 -27 -78
35121 31 -1
4634 -18 54
56881 -49 -94
95573 93 60
99473 -74 7
91457 42 16
58281 17 -86
77629 -5 -66
68081 63 -73
71205 -51 44
56849 -30 -51
89615 -98 -71
117 -33 76
88589 -16 -32
1109 37 33
60857 -5 -15
42785 -60 -81
58857 -90 67
44193 -20 9
82796 -91 -44
62799 -37 33
98968 79 17
56033 -60 -74
57241 -16 -7
46857 -73 81
76257 100 90
19794 -51 14
27777 -47 -85
89135 -60 -14
86496 97 -97
93209 -36 38
24873 12 -10
85409 8 -81
60712 5 7
97501 -20 -95
46527 98 -100
8141 75 61
67
56512 95 41
60573 20 87
86761 -39 -34
48349 89 -67
11777 -5 -39
81899 -90 -61
13201 34 60
15181 46 78
78538 42 -37
98113 -68 35
17503 -53 -17
51621 88 -9
44537 -35 -65
6339 -79 10
47799 -28 -8
12321 -93 8
31273 -34 -43
70726 -64 76
54123 30 51
70481 8 0
52221 -100 -54
76650 3 -66
7111 84 -91
58301 66 61
31501 15 -43
28881 -70 27
96309 89 -12
35672 96 -49
99944 -31 55
78525 49 9
95674 -14 50
55501 35 -8
82497 -16 -46
36607 6 36
56721 67 66
77727 -68 -53
6121 16 -40
94933 -70 46
32777 -43 100
78017 99 81
46056 -58 -27
86289 12 14
5145 -23 -7
94169 95 52
29371 -61 14
20729 77 30
42602 -57 2
51681 -94 -29
58301 36 77
54528 -37 -2
86617 -91 -74
50546 -85 76
55236 -83 9
18758 93 74
49651 -32 -68
44726 83 25
69907 79 -19
51137 50 -27
98730 12 64
27506 -97 -39
17221 0 -23
841 -52 33
24196 -87 -97
19813 8 -20
59501 -63 50
17213 22 77
10265 100 52
68
15266 74 -80
19596 -78 92
78661 67 -16
73101 -42 -67
53909 38 45
22711 -3 -29
65999 37 10
90561 12 72
70621 89 20
65990 87 -26
7775 12 -90
10484 54 56
42063 73 -80
64291 -88 -13
31921 -30 -96
37850 34 81
28015 25 7
98156 94 -95
81856 -70 4
41601 29 -32
77300 73 -73
89429 -28 70
34518 37 -28
81701 -98 -46
25621 91 62
91100 -65 3
62511 26 -92
69949 -40 39
82081 -11 -72
2960 58 -18
89383 100 37
3685 71 -15
79241 -11 -71
81239 0 48
77266 1 46
166 -98 89
13921 87 -44
47044 59 -63
9146 -97 -100
43693 9 -56
37321 -74 -70
94469 67 99
47695 66 -7
73603 -90 23
46781 -100 14
93255 50 35
65387 -96 -70
69133 -34 61
10401 -8 -49
28153 -91 87
95701 96 -96
64353 35 9
26551 78 70
64799 -99 23
30893 31 71
11573 -22 36
53459 -25 46
62719 96 1
49689 89 -92
66153 -92 83
27577 -54 67
40152 77 -64
40257 -81 20
51677 85 44
61516 -47 31
15143 -8 -97
99885 -80 85
27905 -30 -54
71
75765 -14 -60
17030 100 39
84179 -97 -100
47651 -71 -79
60965 58 -94
39206 -95 -53
37105 98 -36
82627 -74 53
16281 -90 -18
12595 -72 36
98801 13 -13
1435 -68 -84
45501 10 -100
11165 -61 -89
90971 -37 89
29289 -82 -24
80946 -25 80
47006 56 -84
43321 -83 98
16583 97 84
79353 -38 99
32881 -66 26
1001 55 51
25109 100 -51
79347 14 -47
73421 -84 -84
19896 -54 38
59037 -64 37
10824 85 -48
95284 29 32
89247 -51 -98
11381 -9 -5
80781 -34 -9
61675 -43 74
62279 -51 -93
11251 -23 -17
98017 86 17
45977 -4 59
55095 -39 1
81249 -70 -95
95251 87 -97
15680 46 13
31200 89 -95
82139 -28 -81
70533 -17 -65
12286 -3 26
34067 -90 -16
36273 82 86
77321 -43 72
45649 78 -50
86177 48 -81
52145 83 49
95841 -87 41
50529 41 58
69513 -58 -16
31223 15 -74
67449 73 -16
56189 -49 -90
31415 24 -71
29221 100 -45
17911 -63 -36
4271 -63 59
79601 -90 36
23669 -72 7
27431 58 18
51153 -10 95
85805 -49 16
72169 30 18
19741 24 35
87905 -77 -64
54833 8 60
67
82771 -20 37
12033 46 38
37889 88 -53
83881 4 55
4786 -20 85
60429 35 73
21461 -97 52
27139 14 -74
45441 -39 -31
72081 -15 72
80506 -55 -26
96071 100 100
85597 -69 -81
32236 93 99
99715 93 -7
66962 -42 83
11566 35 -17
22041 17 -67
4415 -58 60
41706 98 -36
97513 70 -11
32742 -26 29
41165 52 36
92553 -93 19
96673 -64 -57
50001 12 -94
34425 30 4
89385 -46 47
57473 -87 -26
98051 73 -86
92495 8 95
28988 40 -15
72778 -50 -59
78061 90 11
78491 -90 19
7205 77 54
91381 -85 -25
20651 37 -68
42786 -76 91
68337 -23 -46
56601 98 85
11549 21 -32
73377 8 -48
51951 -86 27
57717 68 -95
8510 -55 -38
61862 -86 -25
87992 -2 26
16675 -41 98
60001 4 34
49809 -87 50
74643 -35 -87
26245 -77 -99
64960 -68 10
10611 27 -80
71505 18 12
50842 37 -75
27051 -100 -32
82495 -51 -10
42391 -46 -12
43751 -39 -81
62817 -30 10
7297 63 99
31601 -4 35
88273 -1 -59
52896 -6 55
29066 -21 68
68
88468 -8 77
7655 8 10
88413 2 73
59825 -55 -37
72133 58 -72
59042 29 46
40088 78 29
84687 43 24
93761 42 -54
76296 5 46
53597 98 -100
88412 59 5
81185 -44 63
22319 -42 -82
54815 -50 -14
40851 -94 40
58131 -31 32
48541 -1 -9
71882 77 -42
58401 -10 26
18161 -18 95
30204 -85 -95
49873 26 97
13785 -20 -82
31573 -5 54
23673 -53 95
19161 44 -7
241 -22 -7
40858 86 -50
65413 -49 47
92853 46 20
90073 89 -88
89311 -2 -42
24970 -9 -28
61061 -18 -5
86200 18 23
20993 91 16
93361 92 -92
20376 19 76
97800 17 4
7751 -69 -52
70266 34 -30
74713 -74 9
73569 85 -28
55817 74 -92
7934 -80 24
6553 32 21
53324 -80 -71
86012 15 65
34970 -50 -20
28126 0 98
88997 -87 51
85202 -5 88
40175 -6 47
29475 19 55
7585 -76 -45
16751 -57 -1
67781 -21 35
98721 -27 1
8103 25 -4
24983 75 70
21153 40 -9
38374 8 23
82361 -81 -90
60187 65 83
44001 -73 -84
217 -95 74
95461 86 -87
77
40833 28 13
64009 43 -45
91238 -53 72
58643 -92 -29
44272 50 14
32785 99 -16
91020 7 -90
19370 -99 -51
29753 -55 -38
31626 62 3
84849 95 -22
75862 -9 -94
4407 -54 87
40569 -74 96
80801 43 -22
58211 97 23
54445 98 -42
80940 52 11
53445 -74 -67
90128 -41 -71
53557 -74 43
91375 76 -30
67978 -53 -36
60401 13 99
12793 -69 97
90161 -42 -13
5076 -89 43
87065 63 7
72901 39 -79
42111 51 100
4900 97 -6
22958 -51 -75
81025 94 -51
60121 8 100
22199 -70 59
32276 37 77
41105 -78 19
83343 36 -66
81657 56 63
45755 83 22
92171 26 -53
60781 -46 83
47881 36 7
1310 -87 39
4740 24 -96
35520 -92 -100
1441 -9 35
87171 100 88
27433 -35 -2
27341 11 43
27671 97 -10
87269 21 -21
50336 -30 26
62393 44 -5
81336 51 36
39501 -30 -29
16401 -64 74
31408 -95 66
15873 -39 -25
16076 -17 -74
55211 -12 86
65993 -88 -33
51043 -10 73
45391 -43 -98
67431 -31 20
78053 56 -12
90081 72 -7
50408 -93 -94
24613 100 57
13871 78 -45
78816 -49 10
56038 34 81
38657 70 -56
10161 -38 26
52575 75 -53
81615 7 91
76245 -86 -6
67
65284 97 -4
59102 24 63
63265 54 41
59881 3 61
39341 10 38
88558 17 -3
80705 -95 -23
66779 -38 39
29626 -78 13
64637 -54 67
66998 -37 -68
78651 -50 -68
17289 -52 -27
78645 -11 71
81239 5 11
16516 -42 72
655 -28 -24
32141 -91 77
43139 88 -49
32833 49 91
92306 52 -41
44951 5 -90
7976 -99 9
7451 -78 16
79329 -23 19
96301 -95 18
20801 -35 33
39289 84 -75
31021 30 80
36533 -42 -59
43885 -8 -53
5101 36 49
88472 -2 -23
37006 -40 -3
19751 61 8
33489 47 18
66947 98 -84
7346 -23 -41
70093 -1 100
64567 -88 -40
64629 4 -30
68105 100 -80
50785 -49 -5
12217 -49 -49
92066 -15 -64
76277 10 -23
5606 -38 38
203 -33 -79
90473 100 21
88126 -22 88
59217 -60 16
11361 33 96
46901 -49 -95
94657 18 -20
25965 40 29
63743 47 -99
53073 90 40
11339 67 -7
45138 40 -23
67284 -65 17
72426 -31 84
93205 -25 -31
20337 -94 24
13301 9 65
93805 -89 28
54737 61 -78
72981 -11 84
76
48293 -82 -62
70401 18 -80
56465 75 92
49144 -71 -36
95969 -25 -61
86327 95 16
43726 -37 64
71404 57 48
9761 97 -72
382 30 27
95391 72 -20
50731 -64 -74
65763 -61 -74
70242 -21 -30
17431 -22 12
51017 44 -19
95518 -35 8
37051 21 11
54506 1 82
19327 -65 25
91417 -82 94
70841 42 59
8885 72 43
54696 99 88
92537 100 -89
70751 4 -77
52342 36 47
44579 28 9
78444 46 -21
14453 11 98
26247 96 -75
92305 -74 -20
90601 9 -21
7713 16 -71
16026 -92 -44
24209 -58 -47
32266 15 -71
79081 59 1
75731 48 45
92025 86 -10
6007 -46 -27
79399 -35 -88
78625 81 99
39313 66 48
54065 50 -72
13235 5 26
53553 61 3
82670 -15 -42
40209 -59 82
54130 -18 76
93649 -25 -10
39003 17 0
59741 -69 -39
17926 -98 -76
9062 30 23
11345 69 64
97261 -99 -95
42187 51 -55
81611 -61 -37
59593 67 36
80187 -33 41
16429 59 -11
6221 -25 -55
763 31 -19
89345 -57 59
68551 -3 -38
26019 74 -38
51201 -71 -92
58741 26 -7
85640 25 11
2364 78 29
47940 -6 -70
97414 81 -14
64162 93 86
63473 28 -38
46002 -43 70
