10
80
34762 -48 -92
75697 27 -9
61281 -85 44
12621 80 -57
48646 -35 -93
25165 -77 51
19266 -66 -17
45323 97 -50
44610 5 -34
93128 -12 -8
4915 -56 -64
1 52 -98
30001 44 -66
7049 32 24
9967 -80 76
53146 -74 -52
38994 -38 86
61941 -8 -94
49931 -78 -43
13139 25 -73
66699 -96 21
68297 -72 17
74825 87 -17
5916 -43 44
70429 74 -86
28013 6 52
97745 -35 62
32644 14 -61
98953 77 -9
52041 35 78
60706 -67 -88
29520 -54 -33
11245 -61 20
93331 85 5
14737 -57 -71
87905 -76 77
899 52 -20
93715 32 89
21045 -79 39
14793 -77 88
22153 -51 -68
29435 -47 -29
55691 -87 1
20564 -92 -54
46277 93 93
87710 80 -19
73453 83 67
53161 -16 26
91131 44 -84
82565 -8 3
2366 80 53
50580 -3 -13
24195 32 -34
57349 -11 -60
34489 11 37
2837 89 45
58001 -57 -17
41476 60 2
40543 29 11
22511 91 75
2347 79 -17
59905 59 -24
7928 84 -46
97153 76 50
12392 -67 94
89221 83 -94
44359 -82 -66
88791 -44 -52
44979 -11 67
72857 47 -43
45469 33 -47
96413 42 -8
37109 65 -65
12178 60 -100
51706 68 38
31054 30 -31
35991 -93 95
10915 -17 -14
64086 -37 -91
38521 -39 63
75
8764 90 -36
30945 -57 43
24818 49 -40
15797 48 19
3895 -12 -53
93876 -17 -33
98201 -7 -47
69225 -14 77
10081 -37 21
74145 64 -29
75055 95 67
93779 64 96
63775 92 -22
79697 60 -44
28799 -27 44
7241 -20 91
76241 63 3
7168 -72 48
70654 -97 8
37229 -47 -100
95558 36 47
92929 -44 -7
18045 66 46
36278 -19 -24
48275 -54 25
1635 77 -70
52751 38 -22
20601 -68 -54
2641 -64 -31
34326 -92 -25
29001 71 -62
6734 5 -11
65213 71 0
26845 51 -33
26281 -50 -52
86237 14 11
60771 -9 -78
79875 -51 79
92023 88 78
6706 57 35
33805 -9 -17
251 -22 -36
31405 -15 46
66761 2 -48
51104 -100 58
93386 -93 -53
25303 -80 -19
7489 -63 -96
56289 -50 18
42535 -18 -8
53138 -7 -17
2881 86 77
29101 56 -97
22289 1 83
11446 47 -74
77761 45 47
60357 82 -95
81954 -17 -2
84992 -95 23
57781 67 -27
54159 -65 -61
50491 45 69
68985 62 -19
70961 -41 -24
27851 21 18
71810 88 -11
57495 -48 8
74966 -78 100
9150 -79 25
85603 53 -43
74167 31 -37
38007 62 95
78577 83 97
11819 7 55
18636 54 -54
67
37211 -56 36
97549 -41 86
67701 -59 23
23681 82 -73
63621 -99 -63
26227 -79 100
35536 -56 36
53361 -63 27
56591 -80 -23
62598 9 -11
90947 71 -53
75260 -64 23
40913 -22 -48
96021 32 -28
74383 -63 69
61489 -67 -15
60392 69 -88
37827 -75 97
37857 57 21
64020 -37 63
55579 -16 65
47471 97 -84
69081 29 -4
95357 47 -67
63988 65 7
76611 10 -41
28722 96 30
45139 -55 -96
4173 -1 35
62814 -34 21
95187 -68 91
51145 -58 -29
94769 -7 2
62881 65 22
75867 8 -57
44601 9 92
66757 -72 9
44850 3 93
42826 -31 31
53093 -8 85
8789 -35 61
50617 27 29
27095 24 -65
95648 -20 70
78709 86 -57
72663 -94 3
6211 97 80
33029 84 -37
39505 -99 -87
58976 -63 9
8065 9 -30
46442 13 -42
3451 7 -38
98305 78 -53
11631 74 -95
59661 35 -14
16653 -45 98
73301 -39 95
76806 34 12
77781 -23 -5
12001 45 5
64622 46 -7
10903 86 -41
26081 -23 26
19246 85 -59
96351 -9 -96
43205 -3 3
66
64877 27 68
61331 -66 -22
30417 -59 48
71640 35 -71
50646 89 -43
98088 -54 78
60391 15 23
19806 74 0
22437 12 -12
3391 3 -8
35719 61 56
98175 80 43
99897 75 -63
24405 -44 -70
38579 -59 -15
87709 -63 -15
23787 -28 -34
56129 85 99
25907 72 -53
59786 -95 52
99661 -93 12
33181 -11 67
81473 81 -81
88520 81 97
21321 27 -47
9991 46 -65
43791 -85 -77
5311 85 20
31063 -70 -17
21387 85 -79
17204 95 -20
76001 -59 -96
58369 -73 5
10799 80 -62
14638 -8 100
98545 -63 27
85377 -83 -22
57847 17 -44
21501 -99 52
92721 -89 -3
56601 67 -90
13601 -52 -14
17994 -69 -76
87466 -77 -36
49121 90 35
15736 -99 49
57093 59 -76
11521 -74 -20
86981 -99 -26
92296 -67 -42
71746 17 -54
83844 44 -41
31769 -89 -81
82577 8 89
97386 -39 -75
55902 56 75
65377 -95 16
77455 78 -39
70606 -39 42
66062 50 -69
13277 96 -88
70490 -55 -4
39241 62 81
57564 -85 -69
85129 19 -31
5785 -42 -83
73
96181 50 -54
44707 -21 24
4099 -98 -7
77571 8 63
26718 -51 39
6689 22 77
65331 78 11
40753 -50 -100
83161 -77 -33
40865 0 8
98409 74 -3
39350 -2 58
88161 86 36
55609 -46 41
59294 73 98
8697 -15 -31
24273 89 92
84041 11 -28
10695 5 -49
2963 20 -35
89028 -99 17
50887 -55 57
62012 82 -50
91281 56 -25
95505 -11 6
84247 -14 51
31081 0 -64
91309 77 -27
5124 86 14
64438 -36 -81
51446 -77 63
33972 54 75
93617 -44 54
38897 89 100
60321 35 77
82315 -59 5
46301 -1 81
24117 -56 -30
43958 -86 -8
54741 33 -36
13637 -16 29
67616 33 -67
21437 -64 -47
25611 -48 -72
87096 69 -73
65097 -10 83
71313 15 -72
39931 15 93
51061 -61 -48
78605 -83 -99
78321 9 -26
48979 14 -35
32737 -6 -92
58326 -20 92
89961 70 -91
65641 -9 40
92442 -59 99
76756 -8 100
2536 33 0
61031 8 69
44706 -55 15
24705 -40 -42
61596 -11 19
15397 -77 -62
81595 2 -15
37911 86 -23
70441 48 -68
71533 -30 -59
26578 -53 84
37089 -64 1
6306 -60 -25
41580 -64 60
47330 -8 -28
64
11233 66 -1
8637 -64 -33
64251 66 -78
22341 19 -87
57629 31 93
63113 -83 -21
14093 -19 -67
21054 -14 37
83969 30 100
33809 60 -39
84221 56 46
24801 -72 5
41373 46 -25
48786 44 11
3309 -44 -20
94975 -12 -48
69361 -39 -86
94962 -94 91
66897 91 88
68445 -82 76
10117 17 -94
42989 -77 28
37791 63 -88
76956 -63 12
62517 -93 -54
91521 76 71
83131 -39 -31
89362 18 22
15171 30 -26
18597 -61 76
34838 29 -66
78770 -51 -40
83367 -1 73
45781 -51 82
20557 -54 -16
69295 29 33
84013 71 31
23809 81 82
66517 96 12
27771 -69 4
27761 62 -74
88741 -81 -17
9601 33 -18
95704 -27 -50
33055 8 100
77478 -64 22
24361 -13 98
76869 -3 36
3189 29 -75
43761 -36 -100
19524 93 -7
96401 44 94
48603 19 -17
27162 74 -31
865 -89 99
57591 39 -2
1823 -93 38
53986 48 21
33581 87 12
36006 45 45
62899 -40 30
19297 65 46
32433 -6 93
47594 -50 -89
79
18433 -44 19
35829 -18 -51
68921 11 70
87400 -93 -45
19471 -73 -2
93813 -92 78
79784 -21 36
25793 -59 22
6975 -10 -42
26036 -81 26
46998 -30 3
69785 17 -33
8456 -13 -23
76501 -30 63
16361 -41 -65
26796 91 -69
93962 76 27
73251 -63 20
44447 -71 -74
53241 99 53
78973 -98 44
34702 -12 -29
61111 36 85
87331 -28 -53
20121 -12 16
35901 -52 95
72441 11 -11
61161 -10 -15
29509 99 38
6585 86 -46
80701 -100 -25
47177 -58 -52
45817 16 12
54651 77 -20
85681 70 15
77762 -59 -72
59777 -74 94
64201 -6 -59
67581 -40 -18
49981 -40 -14
60817 -23 -8
12605 63 13
34131 69 -64
71005 34 42
93701 67 35
87027 66 67
4526 -66 -12
34534 16 -79
37897 3 34
35726 80 -76
56297 93 -23
87951 -42 73
22179 100 -16
56113 80 55
63208 70 -44
63361 -98 4
15015 -66 -96
27578 -97 34
18401 -57 50
21039 29 -27
8576 -63 -50
42577 26 30
84501 -67 -48
19448 51 73
43421 -50 58
32431 -65 66
90063 -51 -34
42799 -23 82
43186 11 47
99785 -84 100
82350 3 -75
85599 97 -37
22293 -75 56
78513 2 -80
8407 -53 28
73494 -53 -72
4955 58 68
76529 -21 -24
1691 79 -67
66
47321 17 -100
48567 -42 75
31511 48 -61
35905 31 97
4388 56 -86
17557 61 -48
33952 91 65
3639 -1 84
90924 -91 -64
94636 -70 -80
80588 37 -2
52937 38 82
56291 -8 62
76379 -95 71
26391 -84 37
42025 28 54
38426 -65 -90
4605 72 -97
76031 -65 68
29358 -75 93
36839 73 0
10406 -82 -83
38846 -82 -21
47275 30 -52
64228 -94 -70
97639 42 -18
32246 8 29
56904 89 52
2925 -26 -50
15751 -12 -86
36406 -71 6
22421 -71 44
33302 -42 -65
20021 -53 43
48897 68 7
13805 -24 -10
97649 -84 -42
62607 37 4
48961 -64 31
7387 88 -68
27636 -10 76
3336 -49 85
68453 62 -65
70478 74 65
25021 62 88
96049 52 39
3751 55 7
76506 -80 -79
92602 33 -76
53539 41 21
91673 84 -45
27649 -88 -55
83969 -90 15
68713 38 0
25196 -46 82
48975 83 56
34133 67 73
9870 56 94
27276 -23 43
18436 76 28
33336 -77 48
63649 68 -17
92641 51 43
1961 64 73
89025 16 -74
15489 84 55
71
39097 -8 -73
30504 -85 -20
60209 44 86
81431 70 43
32104 69 96
36932 14 16
81691 35 -64
82853 -20 57
27837 -43 54
70261 -96 85
63983 0 -64
19383 32 -89
42965 42 -20
1976 44 -86
14689 -69 53
61044 60 -64
97177 8 29
66881 63 100
91909 -87 -44
98507 64 68
53585 54 -42
89385 -88 -3
41713 -56 -96
74975 -27 -63
55981 46 70
61197 83 -21
96725 60 -25
28681 10 -53
63505 97 15
68861 -55 -73
72154 -61 -8
51361 96 -71
29361 -54 -71
85533 -59 -91
25846 75 -38
46957 -19 30
39047 -66 72
70891 -53 34
3429 -60 -35
98447 67 5
66311 -39 -85
82051 59 -63
43926 -23 23
23116 -51 48
1772 86 12
53101 -21 66
79473 -52 -2
70701 5 -86
96076 97 70
32877 -45 -59
42126 -57 22
68301 -40 -39
2465 60 41
75116 -16 35
66901 -75 21
26953 87 42
5009 -66 -15
73899 -14 45
96417 -80 -48
69786 -66 -20
15839 -85 -66
63945 -30 -20
29917 3 -92
19453 -45 33
67371 31 -11
45171 5 25
29741 36 -39
67298 49 -32
41441 99 -14
59693 12 7
86493 86 74
70
56345 50 -63
88851 71 -96
15647 -41 -82
48597 -39 -28
57921 95 -46
47230 61 0
86005 -84 53
35785 -89 45
65001 -32 12
21461 -78 44
86329 95 -100
75327 -24 -18
52014 20 -22
84007 6 -1
66488 -69 -98
8141 -52 -76
27515 4 41
9086 61 -95
93377 -79 4
57253 33 94
87401 -31 -98
22401 69 42
5509 86 46
33691 -73 -70
12077 -75 -62
14481 -43 -87
46566 48 -59
40479 100 100
71915 -81 -13
89589 62 31
99257 93 35
4333 67 42
71015 -86 -94
31811 -12 68
62217 64 96
79241 48 -42
36975 48 -33
62953 -100 49
15247 34 83
83949 72 -3
34991 -73 6
27435 -2 -72
69061 -35 -74
23925 28 9
2683 -98 28
33772 -14 -57
55801 0 87
43265 -50 -75
27449 -68 -43
40397 -47 26
84333 -68 -53
9752 93 -57
79100 54 38
20010 27 -63
99116 71 -7
74111 1 99
10585 82 -28
12451 89 66
13611 -64 -39
35661 -10 31
90145 48 -72
83707 10 5
39713 -81 36
30513 15 -29
54065 -82 -94
93534 -47 -81
13173 -40 18
46320 -44 -89
99465 25 -97
88801 27 -93
