10
44
57409 34 13
9213 -61 83
31575 41 21
19411 97 -34
36545 12 28
63417 -73 -57
25903 -45 -74
44107 -9 17
37330 -11 -37
97033 84 -86
77536 -25 3
98401 -76 -100
99668 25 -54
88513 91 20
8909 -77 -64
51651 78 74
56957 -37 -74
76215 -5 -24
27757 -94 43
28871 -82 -88
69921 3 -81
45185 -3 33
86991 69 -26
58481 -65 -32
19045 71 -88
66091 31 70
24961 -36 -41
48857 37 66
86231 8 -92
40880 -72 69
1539 -38 -98
47806 -76 -34
44251 -59 26
80401 -6 -17
33609 -20 50
86887 51 29
83632 42 -38
9924 -13 12
41825 100 72
59501 23 -80
80662 -75 73
48734 91 91
4461 -89 -82
59301 -56 54
33
66150 1 9
7901 11 93
22991 -20 100
20041 45 27
91255 -10 92
13978 57 -51
33345 39 31
6441 -67 -73
15961 -100 -64
92143 28 -25
48729 26 96
98155 -25 -43
25343 50 33
5073 97 15
54817 61 -71
58937 -85 27
11978 39 -24
42543 -62 -2
76970 83 -61
54705 -78 50
60201 15 51
91525 -4 -51
36761 -70 -78
42826 88 91
20353 -38 -9
29311 -33 -63
83851 -8 3
34361 72 -42
35409 -40 -28
33362 66 45
12101 -91 39
61916 8 -21
56126 67 -28
33
3159 -55 93
73694 66 34
52728 11 -53
61295 -15 -2
88322 -8 -70
41031 -44 -99
29553 -4 -26
44106 -68 -8
65171 57 17
63644 -2 -76
73228 -65 30
63293 38 89
22386 -79 -11
69816 -34 52
10273 7 33
50909 -42 18
53529 64 0
20976 -1 42
21665 100 -66
72289 95 42
35997 48 -34
7681 -48 -52
90145 -46 -18
83745 -45 67
85116 -97 43
37021 -13 -7
7401 -23 15
86801 -49 -99
63448 98 -71
85197 -53 30
8475 -19 -61
18811 -43 -82
52405 -98 94
28
53729 96 -60
54041 80 -2
95713 -78 84
63001 -74 -17
47021 63 83
50242 -71 11
73466 -12 76
77681 49 -50
76141 -25 -87
34443 31 -34
18573 -69 49
40063 72 -33
49168 50 -63
5896 34 -70
11369 23 95
8 49 99
55121 31 21
14392 99 63
92071 -95 44
17591 -38 98
72334 75 -36
24601 -41 -2
28072 74 51
44701 20 -29
91867 33 65
83626 2 20
10649 -52 -42
18851 -80 -23
44
8090 49 -85
64813 29 -33
38661 -4 -52
92657 -17 -70
61541 -53 -33
47393 16 -33
9359 -13 -38
56248 34 -42
25519 -63 -58
49486 -13 23
88946 11 41
74681 -36 41
33124 -51 -7
88219 -76 -99
83451 21 41
81017 -20 -8
48717 -79 -74
77299 94 -1
92145 -100 -65
22249 75 -91
77549 1 85
13533 60 12
8571 -19 70
40523 24 22
84013 75 24
47143 35 34
69241 62 24
5599 -74 -10
54991 -12 -9
72382 70 -3
1433 -34 -74
26615 15 -50
77775 87 -11
32185 18 -22
78701 -78 84
33376 23 25
84071 4 62
57186 -75 49
9591 -83 85
58926 -67 -35
33411 56 -34
39381 -20 -24
31093 -90 78
3985 -4 57
32
80265 84 -23
33985 -45 -88
94310 -60 -28
65265 -74 73
14353 92 -80
52377 66 -39
65619 -11 86
29221 -92 10
7821 -88 31
50417 55 45
2881 45 100
20876 -58 36
58898 -78 18
83971 -5 -67
99901 83 -77
17893 -77 -76
70109 71 -74
82125 46 37
64093 11 85
80881 -37 -36
21861 -25 -89
94217 -33 -21
13011 -80 -83
11915 -94 -66
12643 -15 33
5471 -52 -57
82275 -19 -70
65669 -21 99
31785 55 -6
64984 -73 97
94921 -90 -21
42091 82 -47
34
13832 -13 29
41719 -75 20
87456 -92 44
10636 35 48
7883 -11 -95
70082 39 50
15116 16 15
55197 6 -76
42726 74 -76
52393 -11 -32
45019 -95 25
33847 92 56
51829 -74 23
68149 33 -35
90345 -60 -71
7137 -11 -61
54297 85 -72
41201 -87 -66
14307 -81 -100
35407 89 -69
74737 -88 27
69359 39 -55
31027 60 -97
23618 27 83
36957 -39 43
50852 72 -81
2765 -40 -23
67994 55 54
16417 -32 -95
88001 71 99
17411 -26 -82
83571 59 -43
93914 7 23
76911 -92 -55
35
76740 -34 -7
7281 91 72
83926 9 83
70381 -38 5
75138 92 29
13501 33 -89
64281 -2 92
96451 13 -63
6951 50 -37
39307 -49 100
77126 66 12
68591 -38 -8
18101 28 -46
98251 91 73
26666 -5 60
31046 9 -57
77001 -81 -19
27487 39 -52
93152 97 79
77221 -30 42
73129 -26 41
24912 36 100
32241 98 -84
84449 -85 -29
8449 91 -87
91533 26 -77
9217 -18 -15
5161 78 40
83110 90 -51
45549 -62 27
87041 -85 52
36031 -91 -56
61201 -19 19
75351 -29 -18
49171 74 -6
26
51071 57 -24
3689 -79 38
56853 15 59
32521 0 -47
23681 -49 -6
90885 87 87
76491 34 -63
60177 -56 25
14729 -86 -55
37511 65 -34
13133 79 50
94891 25 17
23809 18 -62
95835 -70 13
13811 -59 -16
24784 -64 -17
85461 -85 70
46376 42 -77
99350 -100 -30
93761 -46 -9
44469 46 -79
42241 37 49
11048 88 -46
92441 -88 -10
39068 -3 15
65780 -13 47
39
60389 -15 92
99093 -3 -19
40581 44 79
41481 -62 -4
2324 81 100
88857 -51 26
54741 -82 -90
78653 -2 -45
44685 -62 96
72968 68 7
42791 -18 -17
78649 -55 -77
6763 8 25
88201 -83 -61
30465 -91 41
24267 -50 -87
97443 -62 -33
53746 -48 69
79938 88 47
59181 35 48
89713 36 -81
9435 1 39
11061 97 -25
47257 -82 -48
72541 -71 -27
1633 -43 94
94773 -1 -35
76462 -77 -82
33513 67 72
8626 32 25
29351 -5 -78
61725 21 84
59429 -23 11
30584 44 -39
5041 -95 67
55966 -58 0
96826 -53 -15
12481 94 -74
81871 55 -78
