10
20
39633 52 -47
75423 59 24
75042 -25 -81
21528 42 -8
85131 -82 -7
66109 -82 100
11634 36 -89
33865 0 -52
90905 -74 -19
40771 73 68
59597 -52 63
70553 -30 -66
17526 -34 97
54676 -89 40
60265 0 30
77201 55 78
43550 -73 -89
99430 -47 -50
86489 74 -22
12951 80 92
10
3937 49 62
88369 -98 22
34741 72 -19
44225 11 -31
30005 93 -32
36517 29 41
67126 -73 96
91133 -20 -79
26327 -55 -45
74787 -24 -25
6
24611 -89 -25
10908 -51 72
35457 95 -61
73751 -72 -47
21371 24 -64
62970 10 -73
9
1067 14 44
35729 16 -72
22461 51 12
65663 -91 -54
13783 8 -5
34817 23 -13
25089 27 36
30561 -23 58
43241 -15 46
7
46945 53 -75
55730 -61 100
88713 68 65
8816 62 -66
38212 -42 -87
12181 -31 -65
70853 94 -52
12
62849 -77 34
34465 -49 80
58728 60 2
18960 65 -40
27496 21 -52
47223 93 -89
78065 11 -94
2461 -49 10
1501 -51 -40
40759 41 52
75357 -59 20
7160 -82 86
8
25151 -3 -39
95493 -42 -84
56291 -72 34
84773 62 -12
43191 48 87
74931 82 73
45477 21 81
59513 -20 72
15
83130 -30 66
59137 -11 -19
35240 -60 -42
83296 33 66
9417 38 -51
2297 12 62
43873 17 -82
75909 -61 65
32273 78 19
3341 72 -66
63711 -96 1
55217 16 14
54591 -77 -2
35969 48 6
83288 54 -4
8
62309 33 6
57476 27 -86
41803 -73 -75
1474 30 -59
89289 12 99
12681 -66 -60
52491 -87 72
39626 48 -51
15
25503 16 -77
62345 -24 81
18301 0 -85
8421 21 42
72737 -22 -41
58821 -6 -72
96096 -83 -25
66413 -32 -9
34185 44 -99
32030 -59 -30
76013 -66 98
27551 -26 100
2781 52 77
21339 65 -94
67121 10 42
