10
27
33321 61 27
42693 -5 97
27289 3 25
78241 -71 -68
74999 -81 94
93191 -10 66
32427 77 -92
177 82 80
43392 -69 -57
50377 33 57
1772 81 -66
96763 -1 -46
23464 15 2
42087 22 -46
97129 -22 57
26465 17 9
53951 -67 29
15823 51 -42
8027 -48 78
19436 82 -15
8225 99 -45
14771 -9 89
72297 10 -58
93005 80 -60
27521 -85 -16
27194 56 51
9707 -49 -16
34
45532 67 50
3766 -31 -36
29481 22 -14
81241 -81 -49
92229 -90 -68
56801 -59 -3
55444 -99 19
7961 12 -98
88375 77 -49
30987 6 70
45797 -55 64
8753 4 44
60489 -53 -2
61486 -12 -35
9226 -73 80
98406 100 86
56352 -2 -11
50555 76 -63
90741 -54 53
39326 86 7
1104 65 66
39473 86 88
91051 -93 -46
6905 25 44
15869 43 -59
33386 -47 -50
29217 -10 -57
97533 -56 28
40926 -71 -99
75041 -5 82
32677 -51 -80
60291 85 2
67011 -79 -48
16969 0 -17
48
22937 53 -56
12534 14 -19
27881 92 92
44723 -34 85
63876 -33 55
50801 -98 -46
9007 -34 47
56001 -79 -24
30446 -29 -53
87727 -53 -24
15601 -84 9
55091 97 -96
23979 -9 -68
66215 41 -72
66781 53 -93
86801 -81 43
89511 -45 55
34481 76 -95
59289 -37 25
63944 -97 12
5181 -17 -31
65482 -66 71
53999 -68 95
21840 31 -62
24749 -55 6
9395 37 -63
63331 69 -25
33066 -90 -55
47175 34 52
20571 -66 47
14845 -96 -98
5281 -19 8
18801 -27 34
612 82 42
44541 -25 -6
16710 54 42
65889 -48 -30
64717 5 -69
41532 -19 -95
63076 -88 -16
49108 17 69
88784 89 -25
29505 -38 -90
71801 86 45
2774 58 -14
51681 -69 -35
22249 90 -23
17280 -4 0
25
43701 -34 -46
91837 27 -54
53147 79 22
6097 -18 -25
90552 10 -5
4827 -14 -84
37169 -78 85
86785 5 7
17121 -93 -2
31503 67 -27
37509 -63 52
866 72 -78
58869 -47 -69
88422 -27 -19
55861 -64 -73
78109 -52 -48
6683 -59 60
26241 -81 96
88049 -62 90
46506 58 -66
69090 5 -54
15627 84 -34
6303 68 -98
59221 -91 51
34153 99 -9
46
81591 -57 92
93970 13 -1
10009 11 11
22386 60 -99
35468 -69 90
39905 -84 53
96852 -91 -79
23849 -32 52
84473 -24 21
95711 67 66
35595 61 -69
66345 -75 41
21275 -53 -94
71243 9 63
45507 78 -46
40721 87 -99
18093 79 100
84833 86 -62
5666 -89 -29
19801 -16 60
94381 -58 -6
86313 16 -76
94369 42 -64
77108 -84 18
18274 11 58
61761 81 67
42349 42 24
71934 -57 37
30605 57 -47
73789 90 -98
55311 -42 -74
58696 12 0
35186 -97 -25
44277 -51 -66
88891 87 -85
11995 -15 93
2069 6 -65
35153 53 -97
38205 -49 -67
80357 -20 87
5233 42 58
7777 44 69
1805 66 37
96541 -36 -5
77893 61 32
86535 0 81
40
43429 54 -83
48096 44 -89
377 -45 87
24243 -26 -6
10865 3 -51
81527 -45 -4
91261 24 73
93234 13 90
62773 -1 -81
39152 -45 -44
99142 73 75
53274 -37 96
40619 -84 88
65381 -43 71
35157 94 51
8213 -61 -46
3151 -6 -10
52548 -89 -65
25820 -87 5
64213 -54 -87
61811 -57 1
67129 91 42
34272 30 -18
34923 -43 93
17353 -9 -72
2475 -19 -58
36029 -77 40
58859 -25 82
68877 -22 -25
80679 -69 36
64401 -87 19
47174 -83 76
79101 22 -90
19863 40 -60
77544 41 -79
19951 90 97
9929 5 57
3149 40 52
33939 -63 86
50560 63 -65
32
78097 0 33
6407 -7 -45
91408 79 98
43876 -100 -71
69483 66 -89
32321 -39 -18
92177 12 -28
75189 87 17
71930 -37 39
58534 61 -19
98001 80 24
22799 77 -70
13271 9 67
29161 -62 -84
89284 91 1
28159 -58 24
49606 -68 -28
51439 38 -29
73466 -60 38
95061 44 -90
68409 43 -56
15184 -26 -12
24716 -7 88
43625 1 96
54625 13 46
5239 -77 -28
60868 67 48
96711 85 90
71561 37 100
23535 -14 -61
97077 -19 -7
13510 -29 54
47
7660 1 29
6691 9 -38
64406 76 -21
62957 1 -82
19619 -91 -27
56733 78 -78
91389 -21 47
47671 -39 -36
97093 -66 -77
33101 -39 -4
81265 -92 -74
92361 -13 71
48809 31 -46
33921 -95 -64
30349 72 88
85521 -72 -78
39017 -76 -47
55125 -68 98
56193 -7 82
29159 -31 90
20515 4 -7
57187 -52 9
66469 -18 -67
1991 98 5
18501 -17 -100
29863 -3 -49
91668 27 -84
66221 -8 -59
87581 -22 31
82031 -39 -71
26077 34 -73
62081 90 -13
18475 -25 58
95002 -2 64
47340 -53 43
21589 55 17
36553 -81 -71
79351 54 -73
20661 -6 -76
69431 71 66
90681 -13 46
6161 -93 -40
20996 -45 -22
58169 93 -87
57 56 56
24547 69 25
46781 63 -84
31
59101 -20 -58
56193 -48 -23
7711 -35 39
75261 -24 66
31650 44 -20
83157 -76 53
75061 76 -7
63021 63 99
53350 -93 -33
43423 79 -73
43106 -89 61
22241 -29 -37
99817 -63 -55
29503 -80 27
93071 -30 -25
96979 100 -3
25340 37 -73
53422 -74 68
72973 44 -23
20563 -1 -40
53017 5 -45
32188 -88 -81
79606 22 79
25591 -55 100
38825 -95 -27
88550 14 81
95587 57 -65
33286 -77 22
58401 61 -82
92641 57 -58
97201 -75 -68
36
76293 -64 -9
51039 -11 10
86765 -99 -66
57536 19 20
71265 71 76
58978 18 93
41417 -95 -18
11862 99 -75
43911 97 -90
65716 45 21
2966 -78 -53
35245 44 -25
16401 -93 55
68185 -71 54
8829 82 -20
17203 74 44
79571 53 38
48309 -28 -21
6769 -16 -14
45603 78 -77
93571 21 -58
8395 -36 73
99037 27 15
15497 83 77
70641 -74 -20
10715 92 92
86289 43 41
52647 -54 42
26057 -45 68
98907 -6 34
69671 -3 -82
22223 8 -18
17903 59 5
75903 34 -68
671 45 -24
99841 -23 72
