10
26
41705 4 -22
95201 -93 87
61752 3 94
20721 -76 6
24921 -12 70
37861 -99 59
88465 64 89
58369 -4 -35
76701 -95 -62
93103 -40 -19
84121 -49 -4
10581 -36 76
44317 83 31
21695 89 -92
27728 -46 -63
23271 -72 -36
78369 14 70
48759 23 53
68801 3 -47
37051 19 36
76289 -82 -56
19201 41 47
41598 57 93
31146 -9 -31
83157 -68 -37
54193 -97 19
29
40021 31 63
15686 -12 -22
53769 -63 58
43225 -62 70
76177 80 -62
69509 80 84
93263 -89 -30
54486 -44 28
33981 -49 -53
83633 -96 -57
36247 95 -26
22561 15 -95
2156 80 79
82436 100 -89
36317 -54 -31
12636 31 35
42031 29 4
37999 34 37
95576 -17 60
84649 -16 -90
87849 -62 74
22583 74 18
45707 50 82
72818 16 -12
23201 28 86
64661 89 3
74831 4 29
63501 82 46
34089 49 48
24
47579 -99 91
30375 -47 -31
53131 41 32
60657 36 -31
73956 74 -61
43807 67 25
56251 -56 83
57153 -22 50
62251 -56 -1
85471 19 75
17645 38 -81
6849 -42 -81
77425 -5 2
80463 4 -74
10591 70 -84
81541 3 32
11915 -80 -31
229 77 -19
51491 -5 69
16081 -15 -23
5475 24 33
41281 -72 70
17597 -43 39
31173 22 -81
32
98873 -67 -11
95459 -89 75
17433 -53 56
52625 -38 18
36775 -29 26
76936 -68 24
67241 33 -69
98165 10 71
48913 -44 92
30001 3 43
89046 -50 -76
23794 -66 26
63830 7 18
75927 17 -48
12253 35 76
18541 -35 62
16737 14 -68
70074 -68 85
93029 53 75
78893 -5 56
66614 -79 -6
58761 21 53
96626 60 55
41809 -100 -33
13403 23 -4
79821 -37 -45
85488 78 -49
6841 -28 8
78944 -7 -84
75587 95 -78
9729 -28 93
7128 33 22
35
56954 -91 -1
1699 22 -73
51461 100 -72
96881 4 81
70433 12 -28
23981 60 -15
76064 72 -67
13817 100 -21
99011 -40 59
29387 13 82
54521 44 21
38994 -89 -64
82916 37 -80
23301 51 16
63211 -81 -7
21161 -25 -43
43785 -10 -6
19134 2 43
23285 -67 55
4577 -50 -61
44057 5 -14
67354 -79 -71
43885 53 -90
77880 19 -44
83851 66 -88
78631 67 48
26201 -69 29
45914 59 -100
8919 -57 13
21203 63 44
98399 98 -81
76725 -5 -15
91253 -41 1
19755 88 -84
4898 -81 21
28
14496 -56 8
64461 -57 -16
73666 -17 56
13831 -91 -6
42785 87 79
3286 -37 -22
79965 -19 -22
28999 -28 -96
35929 -52 -15
94866 5 -13
96169 88 -66
58685 87 6
39031 -2 63
5201 -57 -72
83535 -7 57
45931 -65 4
5845 -96 -11
51653 -55 -67
86694 97 -84
33588 50 -89
46609 -10 -37
77281 -26 -50
40499 8 72
26088 87 54
66781 -99 54
78751 26 -93
62001 0 63
61341 70 12
31
68190 37 -98
61975 27 44
7466 -32 94
67976 77 -99
60201 98 -47
77611 42 -35
28965 74 -68
53011 -41 26
44812 -12 -54
43765 -96 -4
5945 8 57
80921 -48 -99
35753 14 29
20001 -57 -97
22246 -34 -24
83201 31 70
29153 -69 48
63633 -15 92
89905 -11 46
18513 79 43
67041 -30 41
7577 -44 55
11751 -39 -52
7221 56 -21
60157 -28 100
41209 55 60
10054 -24 -42
71251 -8 -63
33201 -35 44
37191 -96 45
34519 -92 17
16
63883 0 -82
69349 -62 -28
76953 -57 -31
67756 57 9
26431 49 92
22501 -74 -55
54245 -33 85
42145 -70 38
20525 -83 -63
38945 -25 -25
82759 79 61
79001 -66 91
3471 -3 49
36837 -12 35
4729 -43 56
31778 2 -68
24
74881 9 95
26381 -17 44
73529 -51 -62
90557 32 87
63457 -80 94
66023 -49 80
98889 70 95
49201 16 22
86137 -16 53
54921 85 -35
67981 63 84
92201 1 25
27691 -91 63
33453 45 -33
71961 85 37
37652 90 -54
69162 49 -74
14161 24 48
37893 48 49
66939 27 -31
15670 11 24
64577 -40 -87
18901 -19 23
20974 -9 45
32
51762 10 -1
10372 -39 -91
96589 -92 32
84021 100 -58
48946 65 27
98391 19 -7
60981 39 10
76749 52 10
86059 77 57
20158 43 -9
70778 -41 -26
48709 77 84
93045 17 -5
27319 -24 -70
28714 94 20
67929 -31 -49
86421 -75 63
64951 -68 30
83748 61 35
87618 29 -84
84321 -24 -34
6931 86 -99
43945 -50 90
44958 -30 -62
21719 -60 73
10863 -66 -100
5421 -2 6
62195 -51 30
73506 85 -6
96225 -13 -64
38653 60 -77
51765 81 19
