10
100
79471 56 -46
10036 91 -57
29436 65 75
41591 38 11
41057 19 -64
45613 -85 -88
4063 -8 86
32601 -78 -5
88101 33 64
23535 -28 -89
88721 -75 83
81320 -76 -16
78916 -43 -78
81596 -91 -30
71089 -31 -33
91841 -60 -12
55611 -83 15
6239 -31 45
10657 63 97
3646 58 87
87279 69 24
60580 -27 98
71771 -36 -46
97616 -81 -94
97249 -35 -95
89901 91 -13
96407 21 39
7609 -85 84
93025 -52 -46
42175 0 -84
16407 -54 -85
37057 -73 -32
11481 -97 83
31297 -98 -63
98731 7 100
31951 -65 70
39789 46 86
22036 45 -8
77269 -28 -56
64091 -23 -45
42267 -92 -73
76026 -53 26
35567 -92 97
40093 -75 98
8521 92 18
83566 -68 32
90069 -49 -10
36204 62 -19
87477 53 75
53265 -63 -63
56009 73 -99
51566 64 -41
37281 73 10
29831 63 82
8561 71 40
32570 -46 -81
88581 54 -1
81361 -45 90
52545 -81 13
30841 99 -17
14345 55 -43
65033 -9 -58
1521 -19 -78
92481 -21 -36
39737 -93 18
32927 44 50
74433 -61 -4
15675 -51 52
74736 -37 1
67533 58 -50
97929 8 -87
14917 33 77
70001 83 92
45953 21 -64
96657 88 45
53639 88 -13
18881 -1 -81
60811 -47 -13
57183 -57 -58
3623 -15 -56
25501 -90 29
94737 75 3
57709 -12 0
58741 -22 -43
98987 31 -51
94216 -37 88
27644 43 -40
76407 81 1
77569 -10 76
46593 -47 40
19871 -68 -52
95666 36 65
90915 -7 -51
88097 -86 14
55981 39 -20
18393 -88 38
51411 -2 -77
23511 -9 1
19585 91 18
29769 54 -29
100
31305 56 93
17434 -59 16
21761 -64 -72
26977 -66 64
79005 87 69
72976 91 65
3457 -87 88
33113 10 -10
46601 80 2
45063 50 45
82941 -43 -29
75777 -47 81
99223 -3 14
83201 -21 50
37601 82 24
58771 -100 -29
12049 -91 64
65431 -99 -52
51541 51 -93
63229 96 67
42326 91 -96
70157 1 -37
28329 50 72
64759 -16 96
33377 60 89
7233 -100 36
2601 -40 -58
66529 77 -100
23985 88 96
76593 -90 11
96273 48 72
12904 18 23
6096 46 -46
9617 -54 -4
27617 16 -56
88801 90 44
27018 -100 -6
92292 -40 -45
94294 -95 -76
40506 49 -3
69663 -31 14
51419 44 75
70803 -55 55
74651 35 -90
54066 16 86
82291 91 -68
34317 49 12
27101 18 10
17601 -79 86
77033 78 88
70898 67 83
97256 96 81
70001 -61 -83
45881 -63 51
10140 91 -35
32676 -40 41
59287 2 57
87551 34 34
26193 98 -86
50608 -40 -81
30751 -40 -80
95805 34 -25
70151 51 -89
9281 3 31
79271 91 75
66577 -8 70
21216 -54 85
5842 5 -53
5139 -49 -23
85260 7 -46
71516 -75 28
87476 -26 84
12225 68 -33
38748 -79 -88
67086 -82 15
93771 95 56
34124 -9 45
48520 -27 0
23075 -76 -36
53899 -12 76
78791 0 29
26961 85 65
78110 -99 -4
94032 -2 -92
28381 -49 -46
80598 -58 87
33273 29 36
18291 56 58
9405 -36 18
51359 47 -16
18167 -11 -27
11801 -31 -63
5307 99 -7
7269 21 -36
60354 32 33
67269 85 42
87673 15 -33
25901 59 -92
83594 64 -33
33451 -35 -62
100
18397 33 80
50622 62 9
37201 -76 -87
73921 35 67
8137 -5 7
82354 97 64
13700 19 9
96205 0 20
90558 -44 -49
65741 100 6
40125 67 45
32227 -90 -100
72011 80 -14
34341 -74 -92
899 70 86
59749 80 86
42787 -34 -42
19111 -36 -4
15334 -30 -4
78651 25 -37
62901 30 -5
76823 -81 -77
49537 9 -39
46081 69 -16
33927 87 -60
14266 -33 53
98345 -99 -72
99289 93 -54
16333 -97 63
40593 -54 -69
43950 21 100
77685 -71 52
95637 -13 -77
32455 -71 -42
86881 -52 0
2127 -67 10
36231 -44 28
24255 -11 66
52104 94 -51
5839 -46 99
55553 -71 -65
48143 -5 -19
10576 15 -49
11541 -91 32
50853 72 -93
13329 -43 -68
6177 39 -43
94078 -46 46
78833 6 -5
51053 29 84
75037 17 -67
21085 80 -35
73904 -47 -82
76609 72 41
24260 96 -40
38820 55 95
64836 -64 -79
8996 16 -83
28241 -98 78
30648 31 71
27355 -76 69
71626 67 0
40577 -95 -10
51520 100 -49
95174 41 -89
45042 55 38
42026 23 -82
43455 73 93
80911 -84 -38
7776 14 -98
58140 -54 79
11676 57 8
85917 78 -28
70887 -37 83
78881 -41 -25
52449 25 74
87315 94 -2
65579 81 -63
82961 94 46
84471 8 -43
84293 3 97
69855 83 -5
84362 -92 -32
6169 38 -51
69977 31 -32
3551 -26 -7
55486 66 -94
51902 -46 -19
90849 9 69
81576 64 1
56001 92 9
24857 -35 -55
66961 -79 60
34084 -96 44
56945 -24 67
54313 21 -52
93747 100 83
16298 91 25
5479 -66 4
47905 -9 -5
100
14313 78 -19
90289 -60 10
99801 79 -22
52873 3 40
47553 -22 100
62720 15 48
40761 -42 97
96796 13 14
17425 79 46
28686 -18 -55
15569 73 28
94261 21 -21
16265 -18 51
74139 18 -40
41901 -79 44
81493 -84 49
66131 43 -44
96899 -13 78
36225 88 -91
44397 15 -84
50273 54 6
51841 -90 -49
35892 -69 72
23126 -99 42
85763 -84 -4
55285 36 -100
21359 63 23
47140 -61 35
93761 -99 60
91676 -94 79
87028 12 89
24133 -62 39
78649 -29 47
94596 43 31
38985 -100 -14
85974 10 66
18401 -16 98
2985 32 -97
54587 -71 21
64541 67 15
74193 36 16
12400 -26 -12
53457 38 35
82085 72 31
4941 96 43
96901 -17 -84
4193 -4 16
29611 -55 68
74604 91 34
43001 43 27
30181 58 30
44143 17 83
23505 -17 27
56895 84 -69
1014 56 38
33671 -99 3
12491 38 38
18552 86 -93
98596 78 42
54671 -18 -100
64074 -79 12
80865 -90 67
68941 -86 77
18283 83 -41
5551 -56 4
89801 11 -82
76496 -26 -36
41006 -55 68
98821 -47 -38
76581 79 -31
30897 -86 -71
66417 99 -22
43575 10 -93
33291 -51 63
82601 -45 -87
76297 -65 94
60817 47 78
89905 46 1
27396 -66 19
95755 -3 29
88114 -26 -55
30115 85 67
99893 -17 22
56732 23 4
81261 -81 -35
26056 -81 45
78385 0 -14
19109 60 6
15857 -68 -49
7141 43 -34
52493 -52 34
68836 -88 -46
77461 32 58
84917 46 -99
29041 93 95
4427 30 -96
51861 -86 -50
93684 96 -75
35251 -95 -81
25855 -35 -4
100
25733 27 -6
58061 -8 15
92001 -46 -77
60481 -75 77
67533 -79 99
59249 -51 -44
4072 72 31
38941 -42 -21
85823 -1 -52
50289 18 67
72705 -4 -50
79796 -67 26
17355 -35 7
6007 -74 -23
15201 37 71
551 -48 -9
57189 23 -17
23429 -58 75
3559 -22 -25
7393 52 -58
93397 38 100
49241 55 -32
71329 76 88
4331 -35 100
71818 -67 -56
10301 -58 -34
13077 17 -52
27563 -93 -67
5383 51 -13
35451 -43 -38
69787 89 -97
24557 -51 25
69876 -60 8
97493 81 -97
81837 -24 -36
38161 -10 -46
85566 -89 18
53567 -87 58
91513 -73 84
13717 -65 -50
86935 29 -100
55733 65 -99
19433 -88 49
52741 63 -4
52097 78 96
86918 87 -17
13529 26 -68
11360 16 85
20709 -56 85
34238 86 8
40455 42 -18
84769 -47 -96
69785 -18 48
32197 85 -88
80619 -14 -100
40161 -46 97
71721 2 -33
59881 -3 -71
34629 -59 94
19614 -34 -39
36323 29 72
93875 7 68
67785 -20 -17
73913 -7 91
93444 88 -87
62251 -65 -1
26973 -35 44
37286 65 91
11969 -21 81
34301 12 -88
12462 -68 -86
95423 24 14
33439 57 18
57565 80 6
34585 42 43
3177 89 69
22856 -18 -52
7529 -71 -43
49817 -39 -25
56893 22 62
58485 -69 -79
72794 -94 -19
25625 56 40
235 -64 -93
46701 -59 94
82725 58 -55
53947 -64 0
98364 27 67
37190 -95 14
50751 -65 -1
35021 66 -60
87374 -17 66
59777 -69 74
39826 -43 76
84389 -99 -52
29003 -56 -84
41870 -68 20
23167 -27 -33
32161 98 -26
91677 79 47
100
29025 47 -1
72673 -43 63
7271 -1 68
28251 57 -44
88481 11 -49
10841 100 91
96847 92 -48
15619 81 -74
19424 -2 -45
48182 -42 88
35371 6 17
62153 41 99
14061 -96 56
11225 -46 23
29027 -49 -6
93311 -26 -88
58353 -10 -18
3046 -40 -7
24160 -36 97
40925 13 97
75532 -23 -90
2141 -33 -23
6371 -34 -46
74661 35 81
94231 -85 36
37051 -18 23
7443 63 28
78951 -35 -73
21086 67 -46
52569 72 24
42313 -15 -60
95113 48 -53
91825 -32 35
1281 52 89
10145 -6 96
161 -95 42
37417 -84 -12
29761 -27 -85
44305 -60 20
36951 14 -94
12645 32 64
81301 -21 -31
52884 -58 -43
19006 8 -33
66778 -48 -11
48023 -7 58
19476 61 31
78588 -83 5
81333 86 -19
76347 -22 -89
82861 -19 39
43385 62 86
69028 -97 94
68691 28 -62
48461 69 -9
72415 -69 -28
44774 -1 14
31091 42 30
86123 81 -71
28425 44 62
32713 -21 21
48389 -13 -96
85089 -14 70
13351 33 -5
79329 -63 -39
74055 -23 -88
37125 -98 -8
49045 -79 16
53547 -99 38
20641 -45 -23
16219 -76 13
83073 -12 -56
20930 -45 -22
78025 -36 7
85246 10 -40
69665 58 -52
1654 75 2
94325 23 40
15017 79 -60
93924 -45 -65
85963 19 6
62412 -6 37
52449 52 -67
53201 7 -78
62084 -4 -68
85435 68 53
84473 -44 -64
36342 87 -15
49086 -42 -62
94592 36 -2
34823 -25 -27
48341 -77 70
10189 63 0
78071 -37 42
55437 -55 53
81151 -65 -56
28676 -73 52
35481 68 -49
62529 13 -70
16845 -56 -11
100
57665 -12 -44
48197 -55 -18
8461 95 -74
13326 -86 36
85201 82 -45
28681 95 47
22984 -57 -96
16145 -27 17
24001 -16 58
56775 -90 -22
38400 -59 93
78061 -41 -73
73775 39 -31
80033 76 -61
72451 36 71
68599 89 70
5966 28 47
32048 91 17
78355 79 -96
27333 -96 -63
32921 -54 -12
23581 68 94
47722 47 33
5673 28 33
66420 -39 95
64696 83 -64
34347 -42 -67
10125 -59 -17
40513 7 -65
94310 -23 57
24337 90 6
38249 -27 14
26906 -49 56
9789 -91 -15
90031 -59 39
14430 66 -7
54975 -48 10
88338 -54 -38
89581 -3 -100
21341 -58 -69
13726 71 85
46083 17 2
15359 -85 -19
57241 99 63
37379 18 -74
98816 -81 -45
41875 -95 -91
60481 -37 98
58289 -70 39
66141 59 9
87248 95 2
58895 79 -91
65473 -37 70
17347 62 -48
64101 91 -62
21057 81 6
50371 46 64
77257 -86 38
30921 -8 45
89713 64 22
92211 73 -61
80415 -34 75
20377 -74 -35
17753 -34 -43
39751 56 -15
21217 86 -99
79257 56 -57
71579 -72 88
95633 -64 -89
85244 39 47
58001 -78 84
36397 -100 34
85331 -82 -59
2773 80 14
85348 47 35
44845 -24 5
64831 73 71
62429 -100 -32
73463 94 60
34577 -7 -86
23258 -95 -41
71337 36 -17
3029 46 -68
55411 -86 40
23831 -76 -14
61351 2 -57
29766 -13 -27
62796 -30 87
21597 14 -50
42901 -96 -1
61337 57 -45
79137 72 75
76421 33 -75
74596 -3 67
99491 54 -22
16097 -34 9
32449 -39 -66
59561 58 66
73649 -11 -76
36065 11 -37
100
71905 96 79
14185 -1 -28
3681 -15 71
20566 -9 -54
16781 84 -32
28459 -76 89
5685 18 83
14477 31 94
29492 -96 56
80945 62 25
60138 77 -58
44721 68 94
73863 -31 -5
14361 4 8
10466 20 95
8551 95 -92
92591 70 64
76170 -62 75
81465 26 80
62146 52 -6
72690 41 -90
69885 -72 40
14843 75 100
16425 96 66
78369 55 -58
41285 -25 62
21826 -9 12
54803 54 79
52092 79 -98
74126 -93 34
90486 -47 88
7429 -83 -2
99249 -40 34
99035 46 -56
35361 -44 -4
53699 -91 -21
25541 -95 73
13495 91 52
9919 76 -31
76751 -31 -60
81025 -55 4
50553 -20 84
84581 -38 -1
74266 9 -54
5471 9 52
75293 -23 -19
4378 97 -22
92400 7 -39
86468 6 40
86043 -56 92
2535 89 -87
7806 72 56
11777 96 -16
66094 10 -74
35411 -77 69
74201 -67 -57
37171 -31 46
98661 52 -33
53187 58 -51
86343 -17 -4
44273 -74 -71
88606 -31 3
85641 97 96
25345 -8 -9
95179 -72 42
16709 -44 -55
96201 45 30
59753 -42 86
85373 -96 73
52985 -17 -41
61401 10 56
79391 -21 21
23781 7 -30
18913 67 78
31327 55 6
38181 -49 52
42457 84 -83
36180 -70 -49
51646 90 49
62209 22 -30
56305 -28 95
29329 -82 37
51727 -54 42
97221 78 43
3945 -51 77
353 25 -44
41512 27 -96
30601 -1 -2
48221 36 -13
62887 1 98
38041 12 14
40826 -28 22
40369 41 92
20201 17 -27
64685 -70 -37
85920 -69 90
32075 63 -47
70941 -53 -20
31887 9 -67
91575 44 -25
100
86433 -88 -61
2230 99 21
24929 36 -28
3473 -8 -20
76286 -30 -56
30251 -55 -71
77837 -8 -88
91226 -21 12
5891 7 58
48673 -37 80
46127 91 -43
60073 -71 57
77851 -20 29
89522 62 71
44803 9 -45
3953 -8 -31
10061 98 72
93495 -68 -15
19889 59 -57
30099 -96 9
45566 -33 -92
21475 39 35
88385 -36 14
71701 -60 -70
78566 2 88
78566 -40 66
82496 16 18
4681 98 39
6348 -18 13
97405 1 21
88566 58 7
85797 67 69
5731 13 62
50441 -47 10
90606 78 -68
8993 29 77
71648 -60 20
54004 58 -15
23461 -42 95
62625 -6 98
80233 87 -14
21835 2 32
19051 56 58
43427 4 17
54825 38 42
14108 71 20
79465 -13 85
36801 -100 60
52163 42 -90
15649 -47 98
89233 6 32
31305 94 71
56293 -62 50
33035 80 -41
45041 -42 21
77941 -56 -33
28147 -25 -83
43001 32 -81
94830 76 -82
97034 -66 24
42701 -34 49
19014 90 -11
44001 -67 2
26301 50 -47
83325 56 -68
90401 28 -49
98361 61 37
2951 -65 -17
17613 -87 89
12555 74 37
52061 62 -38
31286 -97 -89
50649 -95 -64
80929 100 -11
12231 39 -52
53163 74 7
84337 58 67
17249 -25 -34
88408 -59 84
30901 -29 66
20705 35 -65
31651 -30 -26
78469 -48 54
18185 92 96
81983 -74 -82
79598 -90 -12
42531 55 -10
25703 80 -8
29976 4 -4
87251 -54 -7
23129 12 -7
40458 -97 0
34682 -80 28
37329 -47 65
60946 -55 -48
12737 25 3
68575 59 23
14803 87 69
91145 97 61
56013 -12 4
100
84820 -39 -82
76927 92 -37
69256 -54 24
5236 -44 -21
3816 -85 98
82268 58 26
31333 -60 -38
349 72 6
8019 -81 57
43617 -15 -55
80273 -27 -14
75681 48 74
45924 9 99
3533 -37 -31
80113 53 13
88305 -19 -32
489 -29 -51
96933 21 100
76591 -38 -31
25091 -67 17
21593 13 -89
5001 -30 82
69617 -55 -50
44081 -7 69
78781 36 68
7285 87 -29
83391 -10 4
44129 -54 79
11081 -74 41
20629 2 -92
77685 97 -82
91281 -23 64
9045 18 -34
97543 -40 91
36771 -52 -27
99671 -92 98
64726 -37 74
28478 90 -40
9726 -13 -56
25785 -93 76
5777 23 62
91415 -93 -47
59601 -94 44
38516 -59 91
24495 -80 58
31571 -53 -93
10199 95 -83
47876 57 2
45657 -63 29
37449 93 15
9578 -66 32
62101 55 32
27841 -10 -85
33626 -11 7
7791 78 11
55299 -25 -90
53138 68 31
16254 -32 -88
9841 98 41
53601 -45 72
54813 -45 33
16276 -88 63
90256 -6 38
6841 -77 24
90749 84 86
54935 100 40
93876 54 32
53500 48 -74
53513 0 64
26001 -84 67
7189 -92 -88
59716 40 -50
8433 65 88
90109 -83 -31
60155 47 34
54561 17 80
99781 99 -66
5302 100 -34
97659 59 -12
50357 -29 63
54820 87 -10
25831 -30 38
86961 -71 -42
81869 52 -7
29995 18 44
89575 41 91
54401 96 -86
89631 48 91
9259 7 28
79798 85 -50
65242 -64 -31
46001 41 78
90209 -80 49
92551 25 -77
61171 43 -15
46377 -98 -50
5089 90 -100
99521 -9 -20
1341 96 -92
45711 -49 -60
