10
88
23301 -15 17
68521 83 82
90661 29 -17
95675 -73 -24
13992 40 -41
89931 -48 -75
88492 -70 -69
68117 -61 53
44513 -5 23
27905 5 -30
29613 -97 22
74825 47 90
24256 -51 95
72901 10 -80
27391 -9 91
73497 72 -30
51776 36 -12
12113 61 -37
72131 -48 -50
45812 16 -93
2186 -8 -84
54815 -59 67
18719 38 33
97076 87 -63
71492 -85 -31
86090 -99 26
71306 -41 96
97706 37 -43
55717 73 -23
51989 50 -25
90625 67 76
61761 -43 25
84306 50 3
94819 95 19
2772 -78 -27
56129 38 36
32829 -71 12
29645 -37 -51
40121 89 -68
9495 -44 -13
19033 80 -71
3341 -71 96
74601 69 97
77666 46 55
9081 -85 -51
32361 28 1
38923 -72 -90
33659 84 72
69517 71 -22
3061 3 -98
46801 32 -33
75105 40 9
95201 -7 -75
6639 -96 12
60709 37 -92
76389 68 29
97431 92 -30
39872 48 -15
81361 69 84
32381 85 -19
65355 -55 54
16387 -13 -18
57711 85 27
7089 -66 85
85185 49 -72
41509 -99 -24
5569 62 -67
39421 -20 -31
43153 -10 52
94341 -30 -11
39531 -40 -57
8475 53 -23
273 50 63
21333 -70 4
11966 -99 5
20409 49 39
58953 -52 33
60391 79 11
7421 -45 -54
16993 95 -72
50681 34 -26
92185 15 100
79645 -99 -26
61410 -79 -36
25493 59 88
74291 45 -82
94081 2 -87
64885 51 59
90
38811 34 -49
45316 -47 -51
36426 -29 -5
84211 -16 -50
81234 -5 -15
87633 7 -61
68855 -5 45
64403 34 37
50626 87 -25
57513 75 53
72688 -28 -65
60069 26 15
97368 84 17
40365 49 -71
76471 82 39
14481 -19 85
16796 -63 97
67806 -91 -35
65201 2 94
86098 -83 97
30265 40 43
96642 6 -86
44841 15 -33
96361 -20 -58
48985 -98 -79
77473 -67 39
41841 41 54
42526 81 -86
41517 50 -9
77649 -11 -90
5621 -50 31
34015 -22 88
49661 51 82
64069 76 -46
50085 13 31
85005 -31 91
91073 50 -11
69890 -52 47
10755 -13 41
76851 -45 100
84595 -3 23
65525 -93 94
89281 -14 47
61807 -97 -23
25134 -67 0
42001 73 -20
26155 -34 33
13407 -55 87
97782 83 16
83273 47 -24
37221 -18 -56
80241 28 42
10585 -91 2
24581 1 83
24683 79 66
77835 14 84
16397 11 -66
89409 -55 32
14501 -46 -6
37813 -62 66
53089 -38 -19
31369 14 42
1119 46 11
30509 83 22
52451 27 87
63601 -84 8
75222 0 75
4321 73 -51
62374 -3 -49
5651 38 64
48416 -54 -39
87921 -86 -28
92537 -94 0
65124 96 -32
98301 -24 86
61591 -88 -74
6889 69 -53
50915 36 79
25252 5 32
83777 -94 -81
84785 -17 3
73155 81 -91
26573 61 -47
20171 -19 -75
55360 -19 16
87715 25 -70
32137 -32 -59
34711 -88 -44
66931 -75 64
81013 -100 -69
85
19936 91 -4
99260 -53 53
27801 -31 75
65057 -37 59
46349 -31 -51
41568 -4 18
87611 3 -43
74113 70 34
63352 -98 49
95185 -31 -57
20647 -80 44
98801 78 38
39802 -97 -3
72447 78 -33
65175 -49 29
65306 -40 5
29328 -81 52
12641 79 -98
58376 35 -94
93573 66 -99
96641 -25 -100
94076 83 -74
91795 1 50
95034 63 -24
13731 -9 -43
61676 -88 38
99375 -65 55
45309 -76 41
83577 -80 0
405 89 -67
86702 -39 58
24537 -99 -49
38958 -54 76
68739 -5 90
67857 15 -8
52861 -97 84
37 49 -30
32462 53 45
79061 18 60
23079 64 -4
43684 -18 67
71171 -96 48
81933 42 -3
36225 -72 -94
7281 47 40
6751 -9 -31
60404 -95 -26
52433 20 -10
23459 63 -84
72526 -97 -54
33628 -66 59
78166 4 28
76179 -42 -32
64449 -13 66
6199 -58 89
56917 91 91
48447 -81 -29
50774 -95 58
91727 2 -62
93145 -11 7
52065 -6 77
77969 2 -65
25831 23 20
21545 83 63
7993 51 -92
78869 -99 100
18761 -89 -72
49235 15 50
88665 -52 18
6709 65 13
51361 -16 -64
583 62 -49
24091 -72 -40
16465 -43 48
45800 99 63
28785 91 11
47073 -26 -18
87056 62 -14
14141 57 -50
6017 -40 14
51101 -7 92
61499 0 93
85197 -30 -73
18341 78 -27
18796 -10 -82
82
86531 12 -43
2525 -82 33
31487 -82 -16
47425 -51 52
70721 -25 27
83977 54 98
50601 84 -80
25617 -66 96
21129 -38 -12
30733 16 64
90576 16 11
29784 -100 74
68857 -55 98
76581 -54 29
19271 -75 27
5412 52 -63
95167 -10 49
15843 20 83
42446 -54 -22
68969 69 11
7069 -90 -48
18721 -56 73
36901 -14 75
88832 -13 -39
63257 -61 -88
1574 -1 -17
51918 28 -99
74981 66 -24
61729 20 -4
69903 -47 -90
52231 -18 2
75802 85 -51
83611 49 12
14654 -95 32
35289 -29 60
82881 -7 50
25985 -2 98
11547 -25 -9
10013 13 40
32014 -3 83
35038 -50 61
94256 -19 63
21541 79 -1
25731 41 83
95495 -16 -2
50037 -97 -66
73341 -22 54
36093 70 90
5233 61 30
93376 -23 76
10253 44 -62
10613 -89 99
46210 91 -94
81758 -67 -75
5088 -17 6
85638 -57 74
576 2 -34
41823 -82 46
63713 -36 -31
1025 -22 84
26361 36 -96
88801 -56 -76
88505 -96 -88
38173 -59 -94
12045 -14 -26
26771 -54 -87
5541 -77 41
12369 -74 -5
33856 -79 -59
65783 -93 52
69343 34 61
10401 91 37
30784 18 49
29606 81 -11
99291 -3 -25
39409 -80 -45
55126 58 25
69611 98 3
90905 36 18
55647 -89 70
64349 99 30
59033 31 -56
88
33749 86 63
81285 14 33
50389 -98 -61
38077 1 79
75273 92 -10
84297 94 12
31121 13 12
85793 19 16
64067 98 -21
81375 4 18
25657 -17 49
38241 -32 -97
69734 -44 -48
9521 11 -95
23212 59 -44
59542 -78 -62
94145 72 14
37515 41 -71
18617 -45 80
39692 -96 -68
21485 1 -20
17452 61 -12
8101 7 -97
45097 62 -7
44775 -3 17
15511 34 -83
26772 -52 -97
97359 29 1
53905 24 -73
74473 -85 -46
53121 92 29
72332 -86 76
96769 89 31
32355 10 19
1995 93 -14
71901 66 58
34513 46 37
58053 -37 -12
16046 -48 -97
16633 67 -26
56711 -32 -94
67304 -79 -33
47201 -50 2
24409 75 -76
55067 -100 -52
27489 -85 -28
24147 61 87
88622 34 -40
34261 79 73
97403 31 -3
28697 91 5
39111 23 -63
40261 48 91
60369 -11 82
2721 95 -68
1213 45 14
64267 86 -40
76745 -76 18
16456 -89 46
84541 0 -89
45196 -51 92
88689 -64 -13
31820 -37 -5
74413 53 -3
54679 73 -6
15679 -98 56
50057 20 -26
88339 16 -42
51385 -93 -32
58308 22 47
85561 -13 9
1877 -81 76
33961 -62 -20
85811 -6 15
39540 55 26
31625 -4 88
39809 32 -65
9001 19 -78
36811 -96 -84
46658 37 98
19397 11 -59
29931 -63 99
38558 58 34
53533 -11 4
74549 48 -2
25660 32 -46
47666 77 50
6629 -88 17
83
41253 -38 22
77824 15 -11
6345 -11 -94
37857 -83 -42
95485 -48 -92
60675 39 83
86821 -88 80
23521 -39 -38
26801 50 -70
64101 79 -64
34062 93 82
67431 -29 -10
18906 -65 -25
79472 51 -92
46148 2 -85
38378 69 -64
8801 34 -84
10661 -54 72
17915 9 92
44997 -10 82
28175 29 40
32080 -90 -31
10351 42 -10
94380 -38 89
8501 85 -27
14941 -85 6
97441 98 55
84370 -32 -40
3584 -32 -99
1223 36 31
25247 86 -51
19553 43 12
781 -96 -89
15533 -69 85
38660 96 -71
7329 -76 57
66746 38 -10
10611 -97 -2
18866 -88 38
84385 -38 -7
66505 -56 -33
45611 -15 -44
92481 53 67
63670 -57 -59
26021 61 -58
25677 12 78
35501 64 -69
77569 20 53
75726 0 -4
4225 -98 -6
84301 -18 51
17576 -63 83
30181 -1 21
93697 -75 7
88403 17 -80
45845 -48 -65
37945 13 57
21923 -30 90
76096 32 82
95579 72 79
55681 -29 -100
23532 35 34
94681 -3 -87
42733 -48 86
20826 70 51
81576 98 50
19593 95 -23
33845 -50 41
57449 26 92
70946 -15 -71
2817 -37 37
84573 37 89
48801 -10 81
1948 51 12
73971 7 -22
68776 24 10
32877 -32 -98
16977 59 -21
37877 33 38
30449 80 28
81673 -59 66
34757 43 16
8478 -48 -65
82
68045 -89 -21
51920 5 -68
67593 37 -8
44157 49 53
46304 -29 1
94354 92 49
39826 54 -80
35115 4 58
97681 -79 -36
64413 46 6
55471 -31 -52
74863 76 20
90601 -33 -50
98911 100 -32
57146 -92 -28
94259 46 -10
99161 -40 -49
41491 71 26
61266 47 -54
77304 78 80
66105 -29 -62
91586 -43 95
737 -40 -53
24761 92 -38
45401 96 -35
5847 -94 -40
38935 33 52
65681 -57 -86
87395 -11 12
89346 -21 -23
5517 5 22
31039 15 -74
77761 76 79
58713 -51 -74
68392 -32 -31
60136 -51 -45
62290 -96 55
26000 49 -99
9572 -79 26
11028 66 -7
81309 -79 -1
17103 -34 -14
30232 -37 35
68373 -81 -32
69248 59 5
55567 12 -93
99235 51 22
49967 64 -3
57813 -92 83
27970 94 -58
97873 -15 52
96801 59 70
5401 81 40
18711 90 -32
9513 -3 -69
96841 4 -76
82432 -6 -66
44759 35 -53
26885 90 52
33806 -58 -78
20201 47 -24
96790 76 1
52941 42 -98
81419 27 -84
9170 -5 -11
51042 65 92
56465 -21 -87
81654 -95 -67
45875 -84 84
15921 -74 81
15857 -66 -56
71507 73 41
25091 1 -65
15189 27 10
16857 40 -38
58814 59 43
94745 -84 69
77188 -41 3
86147 92 -98
8813 22 -81
18816 -28 -90
3041 -77 89
89
23446 -17 -76
81493 -36 83
94244 2 -68
33834 57 82
81855 81 -7
55337 31 -55
2247 -68 -62
16023 -73 -57
2927 -96 -55
89415 26 24
6738 8 -71
44993 48 -54
22273 -44 -8
34036 -22 70
74145 -86 -12
29921 48 27
16410 -87 94
75583 61 97
15525 -51 -67
53665 -47 -9
6397 -86 -84
40021 64 -6
35159 86 88
9234 45 96
68003 -1 28
66081 75 78
89527 75 53
17646 -74 19
1631 30 56
76452 -58 86
80009 93 76
37226 18 33
50677 -65 75
43236 -44 -71
37623 35 46
4551 9 -7
49169 -17 -32
39049 -61 87
1111 -25 49
41459 -49 96
56121 80 23
30171 98 -29
82768 68 -48
54001 -74 58
37681 31 84
29239 97 -98
13661 -22 -24
64193 -73 -96
43140 4 -66
86251 -35 87
51777 7 77
29501 -84 -81
65860 30 92
7573 -63 4
72673 -68 -96
6721 -79 52
95245 57 -52
21753 -55 -54
87865 87 -9
10479 98 54
44079 35 -31
31775 87 35
45065 56 -67
6825 4 97
50217 -7 63
99857 98 -34
8646 -72 -57
84785 81 -93
24001 96 -51
77051 49 6
43713 -22 46
21221 -67 -33
63355 -51 -60
24583 -12 -50
22609 -56 41
20597 -15 87
84206 48 -76
79361 35 -97
14496 -95 85
83341 -34 -32
41063 66 -76
84353 62 60
26657 -53 65
78069 -1 -17
54051 -76 81
37047 -51 72
82675 43 -32
75206 53 -42
79751 75 26
88
44111 -75 78
40297 -87 -64
92725 -8 33
17666 52 -46
39270 -59 -15
76143 21 1
17251 62 41
6987 38 92
39725 54 70
65424 77 -80
79919 75 68
46497 -93 -44
89364 8 33
48037 39 -37
890 60 59
61643 -69 45
27665 -25 -20
75452 62 77
81785 -35 -8
60456 95 -53
37227 -86 74
99001 -100 -71
58166 15 -53
36041 64 36
90731 -47 33
21987 66 -3
70009 90 -17
99517 -54 -66
13661 -30 -14
42859 12 66
66933 -97 26
22281 77 -22
84657 -34 -45
23210 -99 65
36385 -27 -88
94133 -6 -80
2831 30 -68
46899 -8 -43
77968 10 -93
85249 18 -31
13288 -80 -41
62605 5 39
24911 75 -54
63591 9 100
24399 44 -16
18289 94 -25
51217 -39 -83
11187 -43 98
50361 23 -39
33913 25 99
97441 -33 -56
57381 -32 61
96399 86 -98
8575 -39 83
59789 80 52
55848 -5 54
78357 21 -39
19411 31 1
14577 -58 53
36226 73 -9
1607 -42 -73
11251 89 25
89476 23 14
49531 35 -85
36549 -40 62
10871 -86 94
65201 7 -74
78141 -62 63
31191 -22 10
17455 -32 -32
18901 -48 -4
86817 3 -44
21841 26 51
4220 -17 -71
4601 89 -96
60771 10 54
6241 -28 -15
61626 -81 44
75953 -37 90
42313 52 45
63249 -100 14
68581 -44 49
87337 42 16
9969 -62 -81
47045 93 -3
91006 74 1
35609 60 70
19101 -60 43
89
46687 -35 0
9151 94 -11
67993 -81 29
54401 -84 -6
449 63 14
22858 -14 -13
28626 -26 -29
86699 -52 59
67361 4 58
75657 94 45
11408 -71 -68
58138 88 81
97881 -47 -72
25153 90 37
16301 -83 -68
30739 27 4
43861 62 -85
24101 58 100
80129 -17 -39
93110 7 -91
16770 -49 -57
95621 -33 10
86700 -9 -85
16901 89 4
57312 -22 -48
23777 -65 -41
82351 72 34
1503 27 3
81493 -78 82
89367 -74 -76
93319 -96 1
89285 -49 95
47197 53 43
39811 12 45
42126 11 -10
71320 44 -85
19124 -14 90
42549 38 3
15449 5 -9
22537 -3 -61
64311 8 -3
6726 -83 -10
76939 81 -4
74798 -90 22
49273 94 39
43239 -99 96
26574 83 0
29471 -59 13
45388 29 -58
18794 35 62
10361 -10 -69
52113 4 -100
4432 43 -94
70826 65 73
18106 -28 68
45271 34 12
55082 -72 -81
6765 87 -73
14339 92 -11
73857 65 -38
8441 81 -8
25505 26 13
28346 -44 -49
67121 91 54
9401 -15 91
74801 -74 88
31841 -6 84
29991 -38 33
94524 91 -73
16504 16 33
92406 -50 -71
38145 53 73
29681 93 -65
4105 -32 51
58276 -62 51
34567 -78 -52
45345 3 45
47581 11 45
28061 -72 -6
62643 7 19
1981 15 55
16801 -33 -40
93011 14 51
68189 97 -18
2053 -3 2
48971 -53 -7
15017 97 60
99568 -2 70
98273 -56 -42
