10
5
80639 -70 -33
65036 -97 68
78777 71 62
94809 -11 58
76681 -19 -6
3
69729 -42 84
18317 51 -83
3832 -65 -42
10
33889 -36 31
96276 53 67
94177 0 -99
32151 -2 35
34557 49 75
88096 -17 69
42673 -48 50
82373 59 -81
22131 0 -87
76761 -75 72
4
63769 90 -43
69301 65 79
10122 -98 -68
33302 -73 65
3
50601 -93 -40
3415 -74 -43
94193 -96 45
10
30441 -21 -5
6301 64 -42
78901 3 -50
95961 -39 -99
51441 19 -17
32709 82 -18
78879 -66 -4
82733 -65 17
21861 73 -7
80353 -36 3
8
11039 -99 -10
85457 -46 53
91658 73 88
89303 8 32
36459 -32 -3
43781 -31 -60
89001 -72 -48
26661 -73 84
6
19801 72 80
54543 -67 91
94372 -99 44
9269 15 28
41751 46 65
41901 36 -68
1
68683 29 96
2
66254 -56 -100
93609 5 -8
