10
13
61137 84 97
36900 -40 87
53499 31 -15
43428 -32 45
48888 89 -52
33283 60 62
5256 -57 21
4820 -31 -63
10489 -94 -65
92376 61 -75
15305 -58 0
15595 85 67
90817 -25 -59
28
77608 -88 34
46461 -53 35
29416 -43 30
5301 -34 -43
7797 91 -75
85573 -52 49
9305 9 -23
82436 -100 -63
18209 -95 -53
15165 -4 9
98133 18 -44
89560 -97 -17
96703 -7 -69
3404 -63 -87
61603 -2 3
32973 -65 -82
8237 -7 -89
80627 -27 -86
25931 12 -58
92073 -38 -97
32338 -4 -96
33076 -64 81
45876 8 -17
2631 3 18
92493 25 91
58566 -36 -22
57086 -94 60
88561 34 17
9
87357 68 -71
95373 -15 -25
74150 -81 93
74721 44 30
93221 -40 29
29568 -15 -55
44276 -5 55
72845 22 79
34501 26 19
20
72409 49 -97
19057 65 -5
55183 -21 -98
17470 36 34
98877 -41 87
65513 -21 -39
74953 -92 69
71276 -36 45
65201 -44 19
81609 -21 87
81951 -49 -45
49299 -85 -58
6181 -37 -74
56835 -9 -92
71083 -63 32
86636 75 28
84751 -28 -50
19492 36 39
14804 -95 -60
13533 58 -4
24
25696 52 -65
74169 52 -95
15666 56 -19
33515 38 -1
2047 -69 30
25835 73 39
10475 13 54
36905 40 16
35193 -56 -76
19441 -36 -4
62553 77 66
77523 -48 75
19437 -68 89
65065 -21 -72
99361 -78 55
26760 -35 93
96999 -15 26
82000 -54 72
82431 55 68
31607 60 -17
20624 18 -26
31681 70 -1
5362 -29 4
40245 -60 -53
13
26241 -41 -78
71151 28 76
45631 -65 -36
22771 26 47
55395 -3 -38
55725 50 7
22429 -8 73
90923 100 -74
93076 -97 -44
48321 53 -15
73654 22 72
85425 45 -23
5161 44 23
27
66929 62 -84
53340 73 -43
69092 75 -62
42306 -82 -86
59266 -100 19
98225 38 74
4025 -54 -29
99500 9 5
82551 -96 99
42376 -12 96
84841 56 -44
21927 -37 91
60180 -16 -62
13598 -9 61
75861 10 -25
67983 -6 85
9884 92 53
49842 -50 -17
71916 -41 71
76937 46 -67
13633 1 -74
55021 -8 -51
8850 -48 -86
48801 -40 72
5423 92 -66
26233 22 -22
7690 -78 84
21
34366 -64 55
36787 69 99
45076 50 -81
67385 -3 60
45910 -52 -93
32930 -53 -93
84865 88 88
77793 69 -12
47939 64 -97
82873 -40 -78
93601 -19 53
97240 85 -61
26066 -13 48
36400 5 51
97119 -23 33
2589 -8 -73
43881 83 -84
59216 -34 53
37996 -68 -95
67232 71 -77
79921 78 24
27
58291 -40 -15
34529 18 -4
67153 40 12
39304 -47 -100
67155 60 -40
87952 57 74
18749 -48 -27
5606 36 -2
95741 -90 -21
73 -3 98
42973 22 68
30610 39 -24
50885 -62 50
66361 22 -86
54753 48 34
2545 -88 86
83417 98 -77
263 -52 -41
89682 -85 -74
26867 61 -100
37776 0 2
49533 35 -85
68576 -25 -44
72209 78 -4
45917 -72 1
92857 -79 13
35621 21 2
18
51115 -89 -45
16646 91 -18
16576 -94 38
64557 -58 67
31866 -19 35
32033 -50 83
40735 -52 -47
11153 -60 -87
97841 72 11
20150 30 -98
17176 98 -45
38710 51 -72
31769 51 69
66105 -69 99
5453 21 40
66599 80 19
6437 -82 98
27753 88 39
