10
28
25504 -51 21
14667 -74 28
18849 -62 87
88361 65 -43
84257 35 -24
96001 -61 80
50786 34 49
85093 56 84
83379 64 88
91066 -30 38
96761 -45 20
62196 -38 81
43156 -94 55
53025 -98 -34
48637 11 -48
70137 18 94
16301 68 -100
21201 -48 13
28103 42 -49
31029 61 2
5025 53 39
37321 22 -100
94315 -32 -26
31349 -95 85
44727 -63 -22
80889 94 -3
9819 -33 72
24073 -68 -97
12
6211 89 -42
38287 -43 -11
43105 -59 64
61418 -39 47
95239 45 72
34431 -90 -56
26585 60 97
5577 -54 75
78685 72 -62
337 -6 1
44405 -84 94
62341 -17 -92
20
17811 35 54
71873 43 -9
70289 -34 39
35681 63 5
74953 -13 -68
31009 -100 34
74791 -37 -66
29111 -16 28
28771 -16 -42
49367 -69 -95
13123 -84 -15
28705 2 53
15313 -22 -11
24321 63 -94
12954 34 84
30019 -31 -53
74318 -83 -49
97701 63 -88
2726 87 -55
28033 -56 90
26
52251 -54 -94
73401 44 96
13748 -40 12
64499 -97 -2
11007 82 -16
94498 36 -96
811 5 47
91597 -58 -60
81326 -61 99
48332 41 -6
83721 -21 -50
91981 43 -47
56799 51 91
70251 -93 -9
30281 60 -68
37581 -93 -85
92009 -26 59
64096 -20 24
85261 97 62
74076 -53 3
24113 -52 -64
4303 -26 -90
11177 59 34
2704 -24 57
80899 -8 57
10293 26 -85
23
12329 60 -80
46081 62 86
24180 0 -33
39247 51 -10
71793 51 -64
87727 -37 -84
58259 -76 39
9245 70 -90
7814 -100 -74
94655 43 -70
25899 92 -12
69401 65 90
59639 -58 -65
57448 -33 88
64401 46 46
51776 79 -24
1201 -10 -93
65221 100 -64
57661 -83 -6
93761 -85 17
5956 -74 -24
97937 41 54
7878 -27 35
10
43055 93 -70
62418 -73 51
85221 -87 17
7503 7 9
88424 -48 -25
36046 80 88
18241 88 73
18632 -99 -94
19871 -35 3
67144 -35 -69
12
92090 55 -90
28241 59 56
2519 30 -22
63091 -34 12
12201 -9 -4
90533 2 50
18585 21 -57
83633 -30 53
64157 97 -22
29241 36 30
6196 36 -39
86909 -32 -9
11
56847 -22 91
6811 -9 -79
42817 5 4
96177 11 -2
43736 -65 -23
35961 19 -39
22769 19 -99
38011 -10 5
48472 45 27
70836 12 -40
5265 26 -30
25
16381 72 -58
65309 13 42
94521 7 61
54676 3 81
23065 -48 79
89582 -4 34
99451 19 -91
99014 64 67
73803 -72 74
73339 -50 -26
84175 14 5
9687 96 -77
51195 59 -27
28961 -63 -67
67097 47 -16
69985 52 -34
74785 -54 28
45956 29 -28
3482 2 -61
91311 -22 -67
42817 87 -2
63297 -89 27
41124 -68 -88
85702 16 63
60289 43 9
23
24055 -65 15
22446 98 67
80601 45 -40
46105 -74 52
76751 0 -62
581 23 -28
90997 -67 35
49221 -54 -48
3260 -91 -16
43505 98 -74
14434 -14 79
93309 21 6
9699 39 -40
10437 -78 99
1933 -59 -100
87583 -41 30
90845 -41 -65
93580 93 -86
95745 76 86
6171 -76 10
70046 -83 38
29933 99 46
35730 59 -73
