10
8
43444 58 -50
83641 26 29
8867 -89 19
75717 81 50
79201 -78 15
97887 -62 88
3817 -40 89
96321 31 0
20
60251 -78 -23
87687 -85 -1
99824 -43 -5
10004 64 76
93717 -47 -46
47473 -88 -27
82141 -9 -8
1052 85 45
55442 -19 82
38276 85 -99
95313 38 82
2341 -32 -62
79889 84 70
6666 5 98
85651 -21 -24
83741 -75 -83
89361 25 63
82901 -84 100
93719 -96 -96
85593 12 68
10
18960 82 -100
26357 64 39
60766 15 -17
48001 48 -36
63666 85 8
83780 -90 4
96604 -19 -67
78078 -41 99
94139 -12 -43
15718 -80 -24
18
64408 29 -42
92255 82 23
30638 -69 -79
69066 -54 -6
19451 -62 21
50086 -44 -99
66453 -88 87
63353 -63 69
38021 -64 -96
66481 -9 83
70170 93 -55
69294 86 72
41819 44 -22
84865 18 42
29507 -46 -25
36745 -79 -92
13561 23 44
63941 -10 -2
9
18631 43 -36
39489 60 -65
46075 20 76
45615 -39 56
42296 -1 64
79431 -62 56
18659 35 84
64265 55 39
45621 81 -86
15
74401 4 -15
86035 -14 83
22745 -100 -26
78539 83 -7
19873 -49 38
20393 100 -16
82866 2 65
19329 47 9
86560 75 -26
58791 71 -15
34923 3 -29
62481 37 98
49803 -79 70
56159 45 -65
17501 48 53
18
73427 53 -52
43321 -36 96
37401 48 39
36199 51 61
47330 -45 97
15919 -12 -65
46331 -83 30
41606 36 47
18216 73 75
93520 -45 -36
92301 -45 -2
26001 -32 -53
11900 64 37
70368 47 -2
56945 26 38
26366 21 -94
50845 90 -31
47276 3 7
8
36131 45 71
49505 14 73
96401 7 -23
29146 -47 54
47916 79 -97
76594 35 -77
95222 27 3
55066 -50 -61
10
9521 63 -42
42558 90 74
87875 22 -72
67066 -23 76
53185 79 -24
21777 -71 97
14305 75 59
73897 30 -55
24216 -38 52
41473 -46 -11
20
80763 35 2
96493 -9 72
28098 -9 51
35005 41 -64
72835 97 -74
2917 -27 -86
77737 -93 79
31361 27 62
13377 54 65
29436 -12 74
35157 67 -14
94306 -93 -88
74565 -9 -79
33601 -34 -68
34413 -73 87
32075 -51 29
76278 19 52
21033 78 -73
89551 -79 32
30421 9 96
