922
-916354480 -292531621 -706624321 989508433
-166279753 804760737 -33916147 830871372
-548276153 -945106835 -30571240 702270556
400938237 -601373395 897545120 506653420
-12310140 -532982132 673783933 -81899486
-923126399 225735205 691805514 533965813
-623478041 -431629733 -290958380 17203793
-912023560 -498617277 -259074152 358787243
-321771790 -891984704 194444146 112308861
366982240 480150939 809378383 764854807
-185233082 -520418678 369230425 -123786389
-639423973 -333657812 563386297 -86349067
-572464377 -760883377 180388494 216803776
-807135248 -479097096 725187355 494558431
-64344907 -561638222 900404869 707949895
-775013189 -972403199 -703248669 928880112
-231599913 30253896 996756099 451931089
273181856 -726468845 834604658 710380878
-815301223 -699254362 566012277 -157380006
-841332181 -974231555 371673873 -697709038
246672944 -237511058 820421258 245974831
256799272 -734490684 741181088 389577121
-782329377 47567740 -501704831 552559977
-274935221 -22816 130594722 873640520
-729899726 -910952517 -289234348 374831085
161995080 -77425630 241318438 288284071
-136006025 7890207 937493878 437698804
-992386716 -52678244 859311222 719397508
539479181 -318948100 597368505 316694337
-766235179 -352402284 135980634 -344524682
-827371887 -389191825 335591274 -20466735
964568196 221832686 964707262 433979722
-17355357 180144579 23287207 932019349
-586981423 -520544250 436083107 570541416
-615236367 -677868889 982300474 247522369
-916920888 -400633083 -525305244 115185957
-522131365 -472431950 944585821 672005884
30583919 -789611051 839615613 798145751
578905664 -274026800 699489802 758084017
262172375 32578603 821208437 430384780
5937146 -895987338 370994564 611877922
-364102420 -157902180 552600196 107060130
-933992617 -156879119 -170993647 149471701
-943666516 -841412173 434875105 881020451
-594426546 -706698093 369537278 -539531326
-318421550 -675478535 -101106797 547591344
-91922325 -63682637 366603614 97951730
-33028593 297787435 481499680 775201432
617838867 -607377335 882143447 321960242
-298978553 -631943604 292695693 509149602
-293402625 -383334419 476237437 -101058958
-684879370 -898913750 859445945 -462163414
156649915 -326940801 310484497 822073681
-454548532 306584789 85821558 398665675
-855285461 207449080 -152166178 765754097
784574673 -372267866 971482715 228552504
-918362372 -253642879 676354514 814409974
-38308450 -337894950 900161958 468022392
-755453138 323749423 -361243022 923162479
-782505127 379927779 23700957 857202772
463232795 -454331899 769417017 844542724
-757243711 573792876 944429523 778773418
45242745 289267449 768648149 347241720
75873753 23688704 850125557 770846434
-200762617 -261510832 805564609 975524528
-589887794 -318068670 -363526991 856064194
-833139271 -652823942 756434239 -20589092
-85331210 -999260181 296750115 -907342559
-976492918 -413803472 104149035 186892670
-377575680 654722168 803052833 845139927
-844585827 536693107 958755352 546123751
-802988978 -768384128 -701205971 -39624812
-848175423 -364145242 14941449 750069141
-772655138 224156 149500391 51179751
-202392827 -763412417 -115733840 819578601
-946312646 -864337395 488193187 351978593
-942843909 -767576525 64291364 -69317353
-546813032 269840926 147685214 950764698
-343021333 -195566224 784571831 528278531
-771594373 -510501168 602954798 263346684
-365324573 -220209834 342369513 69775839
77463363 -824208123 923930740 548678810
60848975 -772573458 624897185 850578860
-774951395 -663361310 424468607 -86577532
-474287465 -114602657 942078903 29194445
-180870288 222173199 767520108 350513268
-752567071 -293273711 -180856906 -244500294
942257507 249998571 981645381 606496936
-217602326 -543528938 248175593 -266461890
-240705372 -254865505 284582766 806111573
66954427 -128851861 465258034 81761254
-514163111 336062414 628892384 375989187
-993407719 -880889147 282940573 -62059981
-941713738 -718909077 815310774 -412764399
-679355155 -725416506 -318760220 -192819966
-706628677 -895456947 873876488 -554497872
-626827594 -536251801 -572006059 729357553
-866729719 552169764 558895828 805747259
-337146046 -396016429 511706473 360262888
-767889794 -750638517 -47045145 259636893
-693328140 85459413 -13515921 170540730
730171039 -809358494 796741178 -384863358
-469586124 -863618657 -344289914 629928018
750752198 -39480062 754270539 705168193
6261493 154526058 29125922 394387996
-316033820 -690063534 -193552410 607759038
-896019866 -743505728 -277710946 -258582347
-283249705 591218750 783732207 785888426
-20246676 -897608810 922447884 417486695
176788356 -3193645 364605218 934501643
67785204 -290803844 645001552 892830707
-957357908 -525391215 111924529 863981722
-497464721 247162192 879066144 291329490
-599640941 -624472872 664811292 578423521
236442758 75323292 893023940 621557665
274185643 -386166417 419409837 947052498
-538242314 -267955159 219863440 486899285
275667877 395030583 520859204 997029097
411026342 -803353499 854611254 -362925510
-921101891 -990680847 37572309 830294766
197837301 -972111508 500236497 718588371
335037969 -537363956 457232615 -255488789
-555467961 343925114 195188744 933070395
545634949 -505168133 946516345 337990068
-861529494 -613364330 454655877 -233994471
-628832859 -227789103 -548194944 96434863
-755525729 -926365363 -487550518 359310698
-879950242 -632181924 635826207 351399098
551479309 -745528513 677204552 -247457864
-575855602 -492288504 -91609369 -282594027
-387498462 -169138209 136289012 387127583
-101921052 -688317451 298993669 919068551
-681498192 -731630089 616334754 461841004
167799301 -858075306 600095863 -440594433
-658700362 -793005019 -614933363 -342246712
-264181655 -466859298 -82861955 178236362
-586112454 -879842641 397877876 259871926
-361192031 -770125576 -275300491 201975741
35056846 -293267477 621284894 994245989
-480306963 -843606262 956519141 14715858
-609480788 -717608435 778141460 -282763418
-276155527 -691345917 130377100 252474634
255679438 683574471 986112154 727204187
-134354511 -673404796 121109978 372913683
66656229 431555184 195215848 740610242
612423748 -835090042 928250524 141123276
-986839694 112779331 -728327836 150553561
-725889422 -636410586 940802402 127130212
-385892418 -499111229 722276013 924000993
-497177999 -701311680 -98138617 -551058928
-932500064 197852490 -536857613 640697474
-411517279 -334588772 203812518 261784647
-477823346 -868847696 512284987 359839727
251306327 -25909892 999816917 692668685
-438835613 378494567 -403468417 565500222
-743325865 -511090459 380353875 -276392004
46931997 441386342 169331828 885389085
-577104733 -590958834 -221142034 -448803196
469728388 629932260 702868742 960132617
-341075765 -846481582 802288998 -381158453
-470946757 -97912997 293976542 200345088
-976337835 -418514988 788158965 93318338
-347385182 -45017961 -48346997 616951920
-824666225 -574122964 -669736147 882197678
-898277841 958105896 -601017448 978631899
-495438284 -488207940 849975382 866352120
-520087045 -34642740 880053927 366311142
210450440 -764121208 386374427 889739317
-246997398 -138165831 978234721 305819390
-89877225 -248474911 955219603 718839547
233684365 -492340244 531764277 720933070
34504059 -585825105 269417289 587318082
-530596806 -690662899 883935732 254086627
-390641528 -540263405 -297471674 -499710024
-56572729 253019530 940900918 888352310
-593412990 -741080263 -212551981 -9468198
278009248 -778883030 726886767 505080518
-368701532 -565459146 -345643045 87998273
-997169549 -762045188 935176362 748487947
-684406741 -457951734 -219247180 -322750811
129306590 -505394398 681592093 312685111
-869537096 -845440697 -797627144 996924493
-402178165 -146116193 192825631 174752091
-786353965 -459850571 -602008964 493519955
-554621615 -647521219 899990301 -465113793
-275620850 -151419569 601248616 -67271685
-841512884 -851565772 -162004443 484030595
691475149 -422570774 938759632 881765323
399696242 309622125 863886624 619170764
-313937015 -376799669 648070184 -274694823
687617163 641132171 697976543 948110596
-814499668 -536454948 -528723355 607818133
-603276790 -503213548 4393690 389499752
-462035837 2636858 967202671 31543496
122079655 -319093967 936548489 494998590
-741392354 -388061632 924959951 335346815
-77368165 -610607151 372083613 -585474451
-99648082 -209568515 604117241 726305954
-591011828 -536411311 -526402463 -27952978
-857156756 -64362890 -172931406 968159972
-930604063 322710755 704878554 534352496
-670438664 337961493 -180882632 499409341
-427701343 -193724278 587880328 73938689
-302494047 -892735168 201265838 87411741
192984405 -418030324 563930909 -118609440
468759331 8429746 936502759 122287796
-857886704 84219589 -116238698 667189966
-178720758 25914479 39256933 990196045
-656906084 -34933366 619928122 905058738
-841950471 -979548086 771419369 -398107280
-971126038 457569629 974435208 628617017
-420260554 23626992 617454599 521652878
-392456875 -902138001 369081649 746590161
-79201554 159831334 702554063 166432856
-770846386 177310273 -262730682 658460280
-230632377 -176518785 721611431 801683097
330033321 -334972404 886533970 169449997
-760527907 -981821407 -276969525 -131999317
-763992170 672141422 785340254 730671586
-420467980 -903670548 199854615 71513054
-454507648 -559274498 193207020 563482705
-990367061 -867452436 62808791 964102914
-293519382 -186731195 881142846 258988878
339083273 273776138 638528982 430403228
-437090784 6361786 761636074 513451038
-781417344 -396606566 -528364492 156905118
-678007290 99426215 554101345 272496638
-155460236 12378866 942829504 867676286
-912392920 -317191713 -437485205 619484877
-463840865 -471765183 878479229 339324950
-703714786 -834117085 -585520475 -65821675
-970858871 332842012 295960609 388843400
-174563795 -758502133 -140898417 490057415
-500119326 -917919369 -338432272 262472702
-786246339 -902892746 869587113 -665741525
-390857906 -566795947 754172713 205643411
-517067115 -825837668 -433988276 180109816
845026510 -877140722 919830812 390554841
-573078674 -132590708 813970951 53920620
351596439 32018569 952574027 697085391
-436997878 -990285920 168325640 844121282
532476982 -315062922 816761166 203741556
-652503319 -830020932 181656743 914940835
-226956786 -141453015 310354462 96972941
-981124994 -837086277 551171313 -437248642
-422386914 172750716 594901672 825184248
-608698835 -298718219 -415501384 905680689
-123496257 75292490 -71425646 824687015
260981812 -405574744 471323160 984180085
-732101475 -556357093 138978260 16968547
-209173355 -94777281 -8188405 832570877
-899060606 356710766 540062728 486333193
160520778 59587229 469117934 548610894
861403746 -670934183 969036346 966557221
75914731 -185334293 944827687 477416572
105677920 639143639 884264214 656346365
-249999286 -588938740 658894219 -266641812
-801558379 -654531511 703470412 -154640341
-770268576 -134932073 -327779123 -48920030
-734875202 -316089413 208924827 274029392
-707439789 -937524507 -442373569 707275227
-619423835 -673341136 126520602 -204136186
-826725160 285505411 753842850 964501809
-137084255 372543880 396443122 653420245
-910273993 -698588112 377869717 667611272
168202461 -418264408 383547831 -292876151
-823469198 541616255 -447293818 628673625
-618031313 -956584758 -500080455 98157024
83561773 -565812234 449378981 23199233
-161561416 633879440 903393491 671623348
-76172869 -197887581 17447495 558633629
-992199763 -557647260 194971126 844977987
-865088895 -704687321 -301177986 271657519
444569389 -813651253 807349252 7315814
-822736071 569312886 294323221 607368438
-188629197 -104577387 178649413 906259096
-93772069 -604927699 513475482 769578339
-538556341 -305103363 -245475778 149124612
-207595546 -779639092 774082126 -499053666
-911176312 255450220 904768853 802357665
-457361104 -472081930 345587135 -323354197
-929607304 -514081455 348356437 750943838
794115328 518957875 855073159 559367811
-698086571 -298015148 111285594 635908890
472431512 -637762913 882667015 843813306
-105706617 -460552367 198486408 -213360384
-507817951 -163636623 961170520 828260485
-633794364 -95674490 -588480215 253197061
-489095945 -808191451 607003784 893215418
-918388005 315246639 -530302415 373001966
-693621137 -289623301 -69171937 501838159
-761962998 -212179075 -51375941 328915895
-520394781 178137321 618135346 309550949
-897090651 -773240233 -112774604 381822673
317102927 -301854188 354339162 585401517
-983178552 136076776 611981727 477309743
813178601 -989699737 903278354 23799670
16175219 -649275881 379103376 -157652318
-672906977 -560377032 677201026 860191303
-693077704 -833660494 152002641 -662683897
107881475 -841754700 738818411 704271223
-564618077 527538632 -154934239 580187149
-532988361 -365631925 320152189 -313466498
199189501 -125505535 801701328 95483694
-268447494 228413837 413042494 263892623
-490108297 473223887 700641840 638791426
-843664584 -703159526 261147579 838544418
-536754685 -59455282 425446267 216207371
-813657108 -982176750 954598395 -479854424
-393520607 253837794 589977455 754593294
-718495803 111811777 -467762248 583905750
-706555470 50558242 231017964 256673381
-452631713 -893357572 380012932 793384935
829565395 22979632 872984063 490361794
-856452694 -659798049 920139592 -68554251
-786998516 -301905830 -652605163 480818287
-761466107 -770518719 814509394 954758454
-506197469 -98175448 177269329 397116919
-12429059 198886698 436939064 229732201
-433194221 -14818063 827117963 566774061
-378060578 -437000237 210443173 66541809
-884039645 368277902 -707824074 453515686
-475591162 -662682760 762362137 232087847
-325445402 -907549558 755891577 528195177
-464472389 -70784946 -190950765 -51376092
-501447523 49556962 -481062221 418280826
-839195592 -244418420 -555320654 109302554
-616624657 94566357 443031799 926994734
-528186581 -413282112 -237765262 -259418575
-964433798 -149604875 -244877195 760149643
-311998201 -301521258 -208139983 895660111
527114739 -937248392 693515052 486624365
-235774068 285029021 -74931981 804837916
452702099 -733544302 655948218 775727154
-766623819 -481291412 -139009023 -380990786
-485543916 -131702455 445759505 168538381
-645961179 -393855037 551135438 495665292
-191655774 -800929690 205246273 13442771
-127726435 -511888242 614542807 681357915
-218989484 -16612638 520897672 562331312
-679545644 -823647769 -516193558 531334139
-181309270 669291147 501553818 738750397
-216599301 -322328935 810600085 630558443
84246225 473987964 996441108 540753484
-401443719 -429011843 871652271 821237677
-42779912 -517910375 828160587 532236566
434056655 -190946549 690879770 844686950
-51626287 11747609 773537198 884545336
213556014 289420280 430474878 381770337
-662373865 -941953366 996728503 -155836088
-675247341 -106995894 -39756932 652015666
249414819 -600834077 308695648 -488463434
417723273 -457580647 477212812 -364886642
-146451076 -689297071 933346428 782518504
-265325889 -372180654 303520939 -286807532
-934225255 -619958789 -793631161 925420548
-187010672 302332891 747187634 859434577
262517027 300857056 633898087 653299240
-899743853 -386151881 538189436 763550583
-565878384 -771168342 724517239 927320589
-122662856 -479780512 886409956 783678158
57356878 821609920 909275727 975431882
-993419667 -848516049 448111338 922574395
-992888639 210765422 -595505300 428409253
-983199335 -855541609 571666292 925365902
320069404 -759204662 970194808 -82845843
-145107019 -98493392 705763868 613730107
-36763027 -699419879 115596677 74348166
195027025 -265205850 479362883 192744567
116791301 94923134 977090195 924268171
-981058941 -956632035 -842947056 -117268118
-237761558 -973930461 664152982 834450641
-158878452 -275900302 957917371 793529704
-126912252 -925768478 387989636 -45312938
-730776791 350219010 100835026 684458370
-808863010 -74182346 127147112 121030995
-592814769 805216571 291476602 940796643
-875294359 -588516376 785816328 297610602
-520329005 -452034461 478270264 150817511
-562790028 -333154186 377357945 849543737
-885951529 926023110 -393508133 993247583
-958132285 -514459372 -142955627 68296347
-867047824 -214098188 -28208359 438828040
-883698786 -608634453 805784091 -285592019
229412267 -926251193 260962558 -96835353
162953487 -24799422 166337953 909274919
-196399353 447103622 70308468 542073893
-94047240 -988450796 996958353 -144748967
744398033 -722928997 803315145 781808883
-895798623 -261148689 306574120 -54523248
-253545410 -751701636 986679279 -338193883
827940205 -98516544 991570545 724098782
333710240 -643632697 430578550 571744087
-594207313 -546988246 -27387501 418581512
-234142394 -338341496 548149765 436020811
-982677358 -756642731 -514967985 189025628
122680415 111731372 713224261 177933352
-279140198 -669861766 244159234 152789535
-491808097 519814496 92013767 867492823
58269293 338861859 354291796 475505951
-565637043 -606123013 704852471 -430832571
-458293210 -447792004 955141270 643036949
-401495836 -169951079 146142131 -103408390
-89099444 -466841127 539347004 483523595
618509084 -555504260 906410790 -528378563
-292488726 541818090 469534860 675895452
755836835 414135661 873850322 839707551
-824677791 527763429 -371469732 805746440
-815799737 518272693 -658027583 567408956
-800986877 -476395646 725262828 150295428
-985032950 -837023626 -812836983 801766505
-957059874 -822522955 -207095098 147751248
-932005151 -699667784 940955685 624948989
-852920552 -517359395 665105919 405428475
-918847026 -519946642 -322332939 -485671868
709569981 671595587 766075060 707064023
-848634604 -916267358 190699676 766279426
-514061260 -470337551 -480136659 44270819
-759192749 211981699 850548332 881820365
575579058 -641122221 610950897 449915564
-869251668 -983443543 602816165 -55382093
331847205 -464000828 364127128 -215957588
-206432210 458631602 -31678592 675020086
-355745361 -686950930 419923564 246948125
447014919 -193524383 875873695 120574530
375528109 13847323 877176512 76367784
-784055058 -364655212 514995914 619904044
-20537395 296217631 16641524 937844925
-409011133 760698010 360446522 885548653
359548299 -144332537 466901043 201273280
593735125 174178211 754543549 363013785
586691375 -817923015 799280539 441242382
-169238309 121113876 413547419 359279208
-851791722 -517472705 -258567976 18001751
-398894565 -676776719 477060714 -225210409
-473059754 -729888326 12102537 12178676
-71680856 -767208006 -41907381 401093863
-621863070 -446492468 -504531609 124640867
-484652614 -489174813 -123445848 262405467
-972153425 542959475 -620389118 905683802
481700634 -39233894 545427642 25800033
-765216689 -547389761 324558513 -264872941
-677274990 2120305 530055555 794637967
-75112521 -427236208 787526120 404718800
605233021 -565448068 646689084 740181864
282295656 -389546916 605089160 97247940
-632190532 -506909150 569359478 394389140
-66482056 -182605505 861201839 843461001
547627674 200546503 930428351 544615226
-305555216 425362148 536110492 668283031
-652751943 -948787859 444234627 486953007
-885663552 -488671393 -419738248 765400883
-250714178 -403710102 850360433 907123147
-131649437 849918133 295999562 868166544
-448226372 -736960786 746407834 315172945
-697964528 65042209 248196851 987279765
-15965638 -567179863 681723883 254346703
12648371 258320881 540056103 416500555
-616522757 -689749939 849805080 343068470
-577825822 -466261661 -185183600 325352317
-966024405 -881626672 -53789552 882329183
408014756 -642006877 559649409 429566752
-534015124 -619302965 -128826097 34684618
-840762962 230972088 577644135 905538057
-126315138 -872755339 673253380 -180070374
-456644405 -885513730 658851886 395981874
-258890886 -981838216 758160561 -485200157
-938665080 -579009158 -28553058 -29475152
-219782218 -421357659 165884200 932263076
-180612758 -774830447 176858512 725406272
-404692942 -884112690 723657554 -790213841
271962589 196714743 468557178 368303925
-717433374 235806682 -132284896 702206567
-278877232 460241723 -11418697 699150192
-960910773 193987760 -61282131 646591035
-373694714 282218840 -4026809 767056083
-810493228 -360497458 265308407 426933779
-977589766 -595966008 -882845347 -55558418
-203529334 -601054113 799905025 -398646611
-85451985 -670111169 -69661743 186681622
431373890 -2884560 617799194 524248475
545325470 -595139303 639738859 20533728
-737351712 -146711766 994672655 911845905
182113657 -388695630 385634935 -247662095
-634901673 -507823292 815876293 -143269880
-914823988 500304503 6577223 600976550
-479624188 -341564114 827476001 471293343
-916552512 5421169 528372319 19499208
907175191 -353918701 977635942 446024617
-76661101 -908647892 80010770 -563526316
-548040054 -219673801 -307574804 36881287
-914049405 -49457437 521084602 801368745
-961552668 -659780334 -735507545 606983741
243899507 -573487363 552903701 99617058
-50875923 266813948 887682785 628796954
-579826013 -865209835 20734810 -724491580
-851811094 -167785015 307106908 922522861
-71841411 -345246390 773603426 914474690
-20907298 -509791678 832007240 367219552
254954871 236410279 347541654 680392766
-879622981 -9166232 -218051628 805883517
619727037 -806543313 639820687 -644955705
-613398158 -847261953 -555806797 -8779141
76036072 -656005575 134071860 41630091
-979125878 -380296546 -699933472 722083636
-829606411 248908524 315921376 844636803
409150061 -692942390 530025412 699222260
443856488 429782733 791057349 953259216
-627963783 -538638480 63681799 178657472
-680720660 -275841662 107452758 -13467699
332304971 -921589055 449061271 -86844274
798649442 -77411425 854133316 388707592
744333361 773128944 800293769 870936445
-846095731 100779177 609194123 397315259
-434597572 -644870777 6008251 -603181189
-568224137 -364226300 470178134 301337467
773420329 -741581314 946604519 -157900721
-607844525 -874284504 683794963 213470380
-868351627 -142675074 -850185421 541808022
118967223 -780041078 903328918 244969646
-538933072 -145837593 954144362 822432910
305778313 -35089336 771546182 536578482
708791478 -59150825 787655167 890414001
-861782231 -983609060 328620201 683655112
-689348235 -960156534 139805868 -618874634
37120083 -426766540 567669967 670389972
-213733813 252749859 240282364 588318715
-992437028 -449094255 -697573835 -120826252
-147890789 424453739 -33828786 834339142
-455177345 -527960266 -411194262 -7138529
-875731465 -172967630 425168545 927400453
-158923836 39977852 -135319708 864995908
79671914 -164278908 964962328 714767665
-803773260 -401214802 395376271 954655979
598550625 253620077 611541162 628049177
-915192851 -772831912 269153718 -442742388
-178348540 -368662806 618406494 961050050
489541768 -731598362 944497539 112424432
-826494433 -679659064 -11778782 -211869373
-422423003 -285870156 316549658 261879327
-564051052 385713558 599545294 797716081
-745638660 566276120 -298234000 719792001
668341827 -704089072 706973780 812903302
-901304317 -445114532 -183091237 -25610920
-925823832 -261677217 -771268008 76536013
-754430256 -289181897 994172712 913310406
-750134492 -973637571 362927254 879137381
-688645932 -908292888 7113780 -396629458
-969340550 -15994670 -337606236 436361265
814466718 -971669966 884269731 481984110
-710373723 528995255 768611082 579915014
502043386 -737723039 953524396 -332944131
616033249 -611704458 999846456 589356665
-381186564 -194971312 -182583680 87878265
-756938503 -482327238 -530384978 -463185714
-126024239 -356541157 56827681 595636918
-829564629 -290792236 263200871 -155387109
430359921 218910940 675548589 770112256
-414623612 -944286109 530948388 749397177
-773388951 -672267820 945502642 281421879
142738245 125634806 565627510 180804952
-892541893 -881735022 253583344 -314036678
-433031814 -892506402 -60051936 166409399
-933225614 -953282928 363876506 957335480
-823216620 50436153 -548742804 639317583
-597342006 410935310 451525685 830545337
-449184620 -164092438 -18181995 812953230
-514929711 -270610341 782817367 -101110761
160433820 418734779 707884375 860245507
37648059 -821459104 930284885 874717069
-585418123 -907790679 784529765 827504982
-42615910 -871839182 530133481 -303363954
-112742697 -335218629 557165088 338203438
-15551431 499774237 112507571 678534529
-51541536 -297973480 845183683 251553261
-386028303 -250037000 241289049 408957123
336140569 -274713755 815623136 10201125
-416219388 -895615745 -50458719 66267377
-568589920 377147773 387365989 841922756
-677887647 -157326003 938159583 255902196
-858497358 -907988463 345682002 404784035
-256745015 -637693045 868068837 -408842871
-248889184 -340011239 622879346 466213136
22542250 -801248308 412645483 800357822
-773004930 -815184956 62808441 -365117160
-923577613 -840137944 -468331242 173138519
863837502 243016251 975100266 686492083
-622902173 -581502279 453813942 -72176183
-409705102 413153150 583434107 846212363
-194635111 -673385738 963398399 208241396
-431878929 -1835021 664909672 767595040
-859047879 658950168 -576800870 797323738
-700447908 -252227448 839489818 204128258
-31267883 -641693148 198909065 -358841548
-180669594 81907567 706131199 301254649
-636487452 -474189711 540085812 -292851368
-234111187 490663290 694621045 793185608
-97434803 -783817396 933728505 -677193538
-478316583 -790758435 107236656 -696929583
823627661 270907330 865961312 657277819
-184054184 -33262939 88329457 170470284
509126840 338047182 882461686 799327951
-917113017 277105208 695881811 423415516
174603621 -556515316 995454597 -183609278
-544371949 390802597 381825862 778427223
-607571463 -877929922 420009170 -800081229
459900052 611017440 896515180 875285341
182587535 -89835459 235885062 -20436942
-385688556 -310286814 587870001 -96009105
-159332243 -30332935 404985318 -14760687
-142871810 -637080202 -112691613 757667288
-282759960 -900270090 551684815 352013488
-553966356 -847363635 368343873 -752701263
-53306639 -462798074 580362581 -303522141
378072741 -866073996 733944035 -297264864
-19102596 -709897551 70902772 -181677134
184991413 667210579 776893211 937033022
-650569387 -485325973 261614722 839659394
-560629984 560219283 593782683 617622678
249893968 -494468713 621555523 -280434346
90390064 -838799188 522189083 -644301697
-632651383 -516649145 51814630 326648459
-902017787 -861468564 576712201 679860003
593389660 -862714742 784908819 -692941469
-578516938 346071686 688485653 421939723
-652929220 -404743857 -612575238 305474039
-212277234 355832456 -145602810 882350976
-482214946 -12127245 -403376730 986661133
-782046526 878038056 801034302 983893482
-218014710 -557031877 626676063 64381357
-872258821 -163354670 405363730 285541285
-122673451 -782947689 334566435 -185469261
-304919303 -450599991 54971599 278252462
53019485 93378744 149884839 406286470
41688901 408630500 896021902 475677268
454462149 246145435 647842094 938314787
5565187 -829776387 108098572 655710971
-690956302 467236851 -414627178 671360286
-695683640 -608308037 835038382 98036738
-423361455 -406943679 522778588 858493662
317769728 596798046 508278739 869864035
283644896 -939450705 341478018 -784880245
-235576029 -330840241 572720259 -69427006
339578803 -472948542 655725266 -136264564
-940534012 -38639723 483881880 323772730
-456991185 -656396465 -365737589 -138886762
31168217 -717085181 185243760 -338407169
-586549908 -691416806 71804320 218176499
-816658654 -872097361 -515434853 423507001
-105100866 -999942571 540046291 -198435593
-191776988 -639525681 984243848 590065733
-956856153 -440642802 623021205 611550398
-647040166 -13027168 728781211 838698937
-385326372 -722716826 -263436112 536655195
-646027339 -747297986 693635844 122340142
-680376883 292473447 587891842 454663500
-70137402 -766241921 184900257 -4639078
-677270617 86753690 552020045 204465056
-890708126 -249670726 340788433 379344060
-361534546 325495907 344696545 642650782
-787491649 -630522492 521385389 -84966163
669909784 181153293 903069399 731084344
-456136696 -891870000 485106862 332342790
-461514193 -459896103 -387504728 -421314299
-88127189 331751854 716521312 612037679
277707294 218087930 757234465 899558226
-873921532 -8919314 18220239 615343740
932499747 470281763 968323932 988156633
-38644797 -819756263 750751445 -700952067
-481023112 -914464202 587414402 906253296
-829498046 -292014874 187963917 207610750
-432856919 444512380 576057448 667051512
-437280084 -263360456 -214729417 204775547
-608108285 415973136 -306831049 656386577
-736106607 549112839 -333772004 802895891
-908459315 -876487933 864697305 -799171531
117402956 -1292204 669044530 595452557
-97918036 -972668153 532506253 143125034
-768198005 -39702665 459078385 39267160
-467475470 55172073 139647635 776700251
141885649 -706404835 731475000 -214733241
-364934336 -146566906 327589350 784218459
148506647 330820189 418782293 678058151
-677882055 -898978619 422043389 27662439
-832742920 -59534273 -376573412 292123813
-525892312 275586419 -270630093 666327630
-433827123 -731129109 826064700 -309235122
-684854044 -778381244 -297234030 -324726525
-747023587 -836023954 -248022256 999438231
564866881 621524398 845456178 850184373
-899925277 -177944229 264015117 673593234
-199667274 -909977190 -100871000 -755973337
66090213 -293287096 498146200 939764464
-576620922 -692105222 7772006 -342034611
-699275244 156772390 -450171165 410635774
-246089162 -21701380 648963838 410239504
15096874 267266856 957512133 449067164
725034740 -384063905 848759626 737727204
-751786133 -590621808 -631835451 -317894995
460081372 -147953108 650225071 701303774
441733185 -411138163 693847470 99745743
-660679966 -728073746 -240248209 -59795227
-648675630 -625778597 114410589 -90337338
-796650190 -257969127 95430565 -212365305
540057887 -782343346 792714757 600336796
-396315663 -915600506 229947323 -543224637
-352402010 -283414093 429198010 620034181
-523636810 -295160792 36524180 10417821
-656488453 -846329627 -70880471 991505999
-159734855 -134744282 95650431 876707221
-77086620 345248579 361191345 648667985
-842443606 -776200083 -686153371 155369495
-649036508 -336218096 385640517 298063854
-403454151 -993663756 108904198 -794314725
-726771737 -939787440 898967557 -15839972
-984684420 -875029935 732088593 -281253304
-504461368 -101747799 -423358157 98621424
639440500 -460037599 684576373 125881362
-711120089 -457876189 51300112 411226980
-365931560 -804002829 847390327 296804731
-882742197 383564406 441298991 951658209
-300171647 -591476117 261133598 624623152
-147054019 273070006 870006362 333199759
525426662 -297086098 535698733 953658227
-532692708 -667354496 -238623891 10289952
48032602 -67078450 694356355 418732749
60261660 -412270273 311706336 784568664
-153012888 -980516594 572700369 -704116146
-579297833 -860035186 -500313614 354866362
216186921 -363640530 567295400 835679258
-515548640 7163893 369677970 337417715
428110989 667953271 982652756 994995161
-143676917 141534761 221388805 321598871
-304583209 -150023446 -283100098 188265860
-661807632 -414018679 859800950 458362667
617018511 -659222599 728938280 883452568
-619385956 -115338510 469512014 414999622
-833586580 -239328204 939309318 -238267113
-732878463 -771403297 806114410 145279456
-319958242 -214040573 97413679 40057985
-700925427 607863890 -25705931 940463666
322134189 -40984234 631997366 529755324
-897547765 -818156411 -555054819 -638708753
-555149993 -653619253 235389332 964322057
-404134260 -298157140 566951846 685409868
-697681037 -900621290 359129202 -477704801
-143673289 -133168398 -98220093 374240958
-397778274 -763605368 535325843 -6316225
134093286 58135305 975894445 823841457
230691627 -785977823 436109202 -372500064
-805460791 98944000 -388993937 759679400
-315374756 -374759643 34520108 637770558
847170570 -756416123 951141913 832053814
-328004423 -658284356 445755178 492229256
-809037821 545719391 320000385 662395889
-304448849 -269174405 -73258962 778276318
-442477047 157196091 385275405 974504873
-609275545 -712201787 -319655827 22147109
-298286583 -213519628 134151783 659150836
-274137988 402680355 146961433 507091968
-166215224 -955453901 782488774 179100559
215988602 -18875283 260686279 57343559
-64452828 -259337740 978331866 901750792
-342540436 117092962 573557278 891875046
65784414 -465343529 546922456 478563710
-251097518 -719445195 271966958 747188437
-512159018 362944715 596922784 684455133
48824115 -392777821 305558314 -283217761
515987147 -851155684 656149051 -725345128
-425995557 -816470632 363276088 -122837475
185924110 -350838992 998302939 700436946
175208552 -848210719 204001855 490822392
-560966692 27868514 -264774553 216864653
-504302593 -989868740 276086201 634489556
-326005569 -869939081 753814355 360736647
-707710109 -400341438 726096869 290514666
-434492570 -359589498 -396545893 112572394
-592321515 -690924043 -28839876 -422229373
-969649101 -25734373 199348324 238600446
-543423240 -188884378 -363432007 763488878
182254678 -287501085 809705115 -115718460
-514231604 587765997 412075128 909168483
215015226 219847056 297161641 773750344
-147894908 -589073229 775152989 139876707
-937769543 -432686446 119386181 909769345
576915059 -817772835 925281181 738146617
325962390 -873836663 994074399 736226809
-319775486 444754942 226620490 495489301
-393023192 -152181333 191880564 584119029
-923639052 269036481 999149762 938230338
-951136156 -546171816 405105502 -274205521
900600808 -436662388 990427344 -49076030
-979426408 -938533168 -718115335 -871660905
-355589837 -976565651 42825050 -89850352
-918537720 -446794383 -913643512 261979404
-300372410 -770942149 975233796 341380092
-312456886 -711517163 -273277074 -593168939
-493934178 -328410914 -176728060 264232498
-307780879 828992069 38940823 865299219
343220571 -544499332 657837528 734369127
-39020324 137931055 203186561 901957272
524327044 758447071 919368914 926534012
-666292591 675882457 958927496 727682164
-68940100 -437607398 164915091 -55057363
-837390486 -815303418 -322190511 996611081
-400013846 -907278064 705677628 778531687
-897620984 -110344059 937111029 152561278
-477074130 -39303946 -32186959 931629369
412771297 -403583184 458302038 145030388
-257738575 -314497587 -14787849 339717798
-731741283 301928937 121468783 938947156
-957562790 -224573768 -914530089 490789415
951444493 177054182 957096338 205458395
-790982960 -664045052 -630692758 654602965
163412793 485736050 718083226 695702509
-454384651 -917501453 935771105 757923526
-640312028 393651938 -352407871 398061031
-413572071 -612039236 770579671 592519500
-732066315 -3228543 -3389579 934532930
-627987039 -663183245 -429558308 537772050
-122726112 -852567964 9407751 -651790222
-211010772 31079897 960825884 215414595
562362549 758948909 618293418 996316047
-774891610 -927867554 -122821928 19409772
-892619947 864335330 -725068162 896485402
-226306227 -475144287 497257535 -158526217
-546003940 -950313662 -348687059 174065024
567199841 -186218600 966294604 -56595101
-764836941 601305513 -570258493 756787591
-535731914 -612166365 132054040 686040118
-879660823 -966953271 901848606 833456935
-420139576 -785032906 261570229 843391166
-68725267 343402711 137266901 518786102
-710905721 -885364657 -453422690 -407077815
-808225535 -580597392 158235548 780126875
-734788141 11394057 -83215597 750672672
-492958272 -842427175 310421279 585200961
-706512073 -183199429 296615191 895705449
559450366 -90852632 654380495 673459549
-911649048 181284039 709606272 931177406
-488489198 276085770 591254133 909838004
-461518682 -42015831 699538816 -29897057
745256445 -22439495 796905538 508888923
245516041 -588549634 340175334 754237834
-753840347 -222477638 -149535278 257834599
-744701523 -781198846 -582009087 -120614114
-370177244 585144314 -192328451 882284536
-674270311 -557629559 -339497093 208411923
-999459269 103906695 -382842784 399073828
-750887731 -544234394 -641032928 281172046
150046828 -773932095 976988482 870062997
-778182517 -835124631 -318484282 -469019498
233544968 -58744155 688542721 789447512
-842801415 -406028198 734658489 709761706
241332862 -710602593 642709263 727591142
-955281788 -724496411 -870097663 -712452336
-585672815 -450398931 949750029 -204779995
-646044446 -689912691 -612279615 -673399048
-151439439 398673060 350432128 984433932
566127880 191668536 848682292 399213548
-431227978 -876565126 11205679 796105395
621733724 -911137120 979461201 -860184474
-984279862 -630012569 -193877651 104327280
-699773384 -573290062 604984928 410865007
-491205992 94456565 -7148248 716005356
-973334605 -612453897 838811569 860087138
-206902890 -787509405 722154545 480689153
365625420 -19324102 536752547 306851447
-982515235 -706157328 -61217821 -351835679
-751451920 688175206 -394146758 698447478
24603383 -840375262 886391306 255666451
242504060 -897475635 683139646 506333335
-619323713 -492493900 211309288 316479020
-357089315 687732223 876480140 853894415
-963822974 134191484 -392138814 504558959
846818697 -672023081 894717195 -295242114
366227335 574145072 736477877 817570499
-674796055 -174138572 -337842046 363979891
-131658344 -250833938 911132266 63869744
374350436 226375034 865779797 572502753
-720742358 447132428 399189743 656588830
-988175609 95481031 -94590727 395146520
-283876474 -928347463 842255044 -580305320
-302046660 -4774119 450386694 546215393
-787825818 96121679 84989291 318701364
11518709 -926041204 613488705 177462803
-785611952 287860078 -700436674 692382935
442587722 -373877541 511150956 -7618212
-887694563 -568196634 -25089303 -319374263
16855241 -940456723 841805892 334146641
-462846005 -377058623 411399312 -96293823
613158057 -184472399 956601469 897499295
127101375 -660197150 153980951 660535392
-221345083 -732188420 -125841793 526274501
-174048521 -126237883 793121154 328205823
-50975900 -253829833 687586077 487562048
-208964513 399619968 199868690 521392487
-882627481 221637816 -810111657 265175336
-412612889 100306524 338584641 538911978
-781583657 -631297623 490002752 370073846
-205459895 -142091835 606489350 580601209
-542798815 -18043235 528210557 850180451
476915103 -968492861 920128468 -708410845
126456313 385953808 404932074 878834172
214465584 -284954814 822765979 41971145
-598152641 -568896791 575436583 519823095
-228496239 -39484910 493404644 544655196
107819934 -554376007 798344102 270202618
-510211393 -634111694 -327979376 172490823
-177720507 -736257568 894530836 -713984889
-835752373 122752123 889283396 620562435
627580914 715569614 653764655 827889719
-633805015 79948655 -90855194 721612029
257975810 -962665904 940219864 208998561
-523818733 -542952846 -289023771 289702979
-376462474 -983025965 -12886905 -720344590
-614831273 -177043378 236951335 874454136
-645336933 -60004667 747216418 596311024
-466793575 -143652357 649955422 373366466
94061301 234736998 455255274 559790905
-496756407 -81128791 476756868 952303061
-700763615 -611036428 -309438444 825195622
