844
31005574 130929393 916507803 603685629
-855090429 -937401012 -628767614 -39637565
505292720 -854125007 798504726 721057204
-856456051 -645560359 268891525 962582434
-410690442 219033472 -29534261 601311818
-544376216 514987609 -244096139 907932429
-990296642 -908834909 771840803 -184487324
-776500066 -208329888 -364457055 749199991
151627410 -309726798 965929942 958723792
-728810874 -910622597 136278484 293924973
-419276727 -500611170 903433389 -40679184
-128380306 -263616485 330999968 -129578821
-444383409 -380241674 357932504 243765785
-772574920 -294044704 1268449 -129743612
406900164 -839245012 572931137 437300203
-464923915 -257648459 -65236277 934081860
-477715659 -804735313 148799179 395904107
746506812 -535035194 811292640 938354858
243077229 -237367652 720699718 832838786
153524170 306676795 986838586 800666196
20326243 842182326 821291385 989209271
-911642412 873257709 605128683 999342049
-848953443 -638051643 -696127468 -345784727
-1331211 -415025504 133453491 364023083
-880136942 -937728903 -29932245 289220589
-51445644 -763690938 903527670 -704825353
-997007246 309061107 -900158885 788294050
-792902044 -791314123 761886694 -689024966
-693661952 -512084332 303594096 134245541
-168805889 -391497235 190209360 760243651
-684778793 -971841864 -413607498 -653105050
347681889 -886881127 981870831 695408580
-545688276 -556091067 -374053994 1666538
-737427781 -605535204 906415113 668369410
-776715324 494715640 -104497232 909462828
-684448572 -591323321 123305396 606279331
-866207178 -290224719 -813965197 952024478
-444249180 -922793846 -409933778 556776012
-730545965 500431002 896819528 913953608
-381057258 210262328 -270037527 822486478
-487080103 385495172 826462148 629727311
-444264351 -556214636 372140316 251796945
-690742502 554217732 964592875 743577819
917942642 534121771 952870291 729613528
-188561827 -985878303 157381228 -608216384
-159586434 -189071649 718431428 803305894
-974619500 -386136870 -795661659 368425666
654494304 -588791695 781766986 611670623
-890028382 -572138830 -524087307 14349770
-433516848 -797877100 341249553 -699894870
291643687 -363365730 605083495 767095801
-163878842 -95447101 849980689 758068177
229557263 129525793 621095808 730215596
204801581 -901009644 654325624 -131753702
-259277016 -385042472 799654984 -364520184
-949993908 -264992962 -646292977 433799599
23761043 -566382194 196034281 -418310498
-772199253 225208718 -176608497 729107205
65376833 90097907 231987599 782087446
-529763693 -998972644 -412629422 849739409
-457170723 -672217826 -336719143 -549005293
246064226 -456560402 813982018 -262218065
-961049157 -709118349 -315055992 -161848919
-830084443 290500737 526615737 437628983
-237615939 -965625904 -201873116 345887757
-955167395 -581417613 -647856466 -514222360
-636480348 355784759 427041489 730629130
-732289598 62899038 775992719 604524862
513431776 -684625485 772893732 -270292520
-386106270 38438207 360679557 773159935
-811264482 -601172073 -569567996 741413341
-389330251 -382671422 41144352 351169612
-979254081 -998186522 -315625532 -359089130
-873907790 -392487209 59069341 780654002
-301759071 -17312557 280892533 614168517
480023981 475085039 723564407 995726555
-511862127 -491507183 -225305241 827843698
-942647496 -680313576 785120981 -525924314
-268087354 122487876 192624181 932228827
-579152312 -897175711 -128198185 -500900169
-505550533 706089938 59145304 799327922
-432928825 -950010208 -36821728 -589958383
315329353 -621977281 676365301 382840256
-960996641 -357452837 -570968273 45472192
-924025065 -949233676 -293563938 930079139
641292831 69884662 811728674 643128659
-780790884 180859241 -145833116 871170052
-778895618 135977613 -545183801 741162002
-622530406 288052323 -314423918 451194419
516120879 -442298568 841086519 -331402895
115907592 -403372914 186619270 730171462
-802975178 -908494596 403595230 -241842383
572907779 -866842971 823149760 760548405
267826558 -642487413 915461459 556843171
-265888787 -154613711 103032581 243720062
-392011238 -887098105 821305260 968863850
-634518709 -499258017 58463591 759251587
-573919056 -905928726 476428322 389675677
-968079899 227042204 -275850806 480808476
-664059784 -225406151 67035199 -86477228
-639982675 -338924626 -555937341 183566842
-90636945 178139581 188511452 540829840
-199240407 -53813820 -167901935 138723000
535132986 -944096608 705242488 424116785
-804139518 -200634701 478345861 -50015911
252923253 -75045185 287171199 991827510
170198522 61246186 238276800 184762184
-820788390 -375145116 272408819 250297165
-449414821 -795334062 105841195 991310020
-233649716 -274621497 252083655 399494123
-581874723 -236298117 -244523895 707300640
-589905229 -432697936 468832196 -249506501
-807335262 -637342382 965303780 -107633198
31765345 -783319971 97860549 562242043
-465354567 -542909553 432634303 467599530
-809492945 -917327030 -200510654 -124895870
-516290982 -403256245 469878578 784181670
-484891756 -225222327 853228471 713070008
312078329 -702429399 346489219 -309646456
-924956136 -467930188 -512799878 498230519
509859435 -119695854 605495778 625152499
-46845092 -25556596 539592398 159024083
-527537400 -959788058 -386557772 -14626617
-471669184 -379678595 -860039 373435966
682165279 -837043688 861368169 169904025
-334231600 -267068121 42728102 717516490
-651355436 -56749650 160982108 27349888
-836352815 492476153 61587449 959119114
-986930826 -336195617 -307593826 -94555524
624052 -244846839 3571471 808072893
-784191415 -547545472 -241751390 -533220788
-830419982 -293926560 -287418488 741334174
-143558987 -964646450 670984425 -232569733
296362860 56106860 666032969 750777264
-652682653 809874496 941890237 860979864
-99722150 -762258383 624176413 -308930562
562302182 -940460662 600897264 -484586673
-681772065 -10752752 -200404896 614545810
71008190 -945783165 931020894 -271728231
-584893459 -793920935 -383756981 -391594260
-832043167 -541122078 598300453 416970592
-168074574 -265321272 155882686 369849493
-886472144 38761086 -635490869 995456423
-440745568 -499713598 959424697 786078200
-571333808 445835868 540785653 975436707
356067861 221975483 770952091 935428519
-649834023 -936905610 -94153242 188487083
-260847604 -563583263 137243318 -296537879
-645470991 -908241100 836349170 -336888572
-713518835 -960902513 -423849946 478159426
-935162573 484032483 948963892 910480596
-478282968 -790517940 718616352 -349631220
-766097483 411431249 -537540473 984491230
-703618421 412035369 844368259 598364295
-885036471 634508880 556539781 676200391
-874530984 -199612641 -294343399 434399993
620496149 367006197 771889341 695122736
-149368455 -243973871 478974541 502112521
-595218819 -808020362 -65165575 762297058
-132343804 315522844 335085811 767737965
-503499484 162230511 -32501673 520891911
-539503370 -435686349 -225858892 335823590
-978032276 -425111263 56476445 -255548855
-134867684 -979114924 548068946 739818075
12747570 -181550648 61805691 416940634
297727147 -613819778 765920136 -242057125
-458041645 -329316845 -345609077 766553685
-960424879 -763008547 836168404 859817989
-726820252 724538089 624599657 981762951
-352395031 29093924 198079673 679486313
-961849602 -18601134 103037076 611786071
-580159801 -389413761 112165948 115184854
-279916330 -477997429 25196464 843784749
-470515695 278854258 689642012 867616594
-4337498 -39170346 596324675 849282481
9802259 835433244 973611021 991139026
-971998528 485866140 260220678 556844637
12833897 264694536 706333020 391612194
-506954240 -264555843 -266412165 -241355951
-330116355 -814616018 -105006759 -71049127
-736173811 -557243303 -629676121 286367347
337134889 234235460 547747084 318046319
-361883187 -482888118 -105954397 957363989
-91043132 -505025083 -78484652 914388575
-568850036 -885025962 923551749 142772225
188913069 95836759 702253863 804973563
-771148471 208930653 -316517219 759650971
-247381973 -680279172 -187935663 -615221090
-571390960 385890024 796699127 739593297
-259330305 219167005 24189387 397950007
357245575 -740744813 514699883 438527102
-945030850 537652561 -743634949 989326154
-117235527 -298452866 767911222 -73399815
248069328 -487711241 356657936 497535550
-462174435 -769298614 659060986 367300402
-391869386 373743068 614626397 884419667
764346231 -760795130 922162415 -627312781
-47070452 67119086 344907113 79130156
-645299679 -287978811 -393844531 998024873
-147214847 181459886 88012703 852657777
-909558744 -41917579 706526257 43274736
-415139488 -266854237 634451090 722421053
-966208363 -574022340 -536917069 338083849
-840038381 80030586 -400732192 355226549
-666987567 -89445308 209421020 826654278
844049964 -824718960 859897952 236166763
-855403787 227392467 404069103 301645456
-319031923 573889516 417963829 619968476
689019464 109917765 905167141 871890741
416825092 -183506602 808001588 462393359
-845672705 -766908993 -169374193 279546677
-115225853 73606282 995310353 717609829
296851415 741995069 766046905 837489681
-428749326 -390127454 -86966390 -218798626
-889142196 283228692 693955824 907885420
-588059359 -399174737 557065448 265657222
-741080891 -778400130 899375670 323320758
-837499098 -182903430 296378415 27796970
-99263540 -322874019 469665183 -199633879
67779457 -965141268 481109159 -633383354
-475022475 -586311526 -443160955 -552854413
-104255985 -36633442 267836059 436827072
-306143949 76178492 752937365 628286179
575271173 -919920190 665913557 -477994042
661194462 280890107 879901224 501211680
-133426722 -145868571 485310686 140829239
-717960880 -589461961 419364890 616682167
-881892030 -707359580 544227579 295740580
-309620566 -113999813 517953888 654990105
-989029794 150464038 637753925 925373014
-388517842 -494026627 569796590 608840925
-519883869 -47318129 553987253 139148723
-927407591 -831079004 327850836 724602587
-461056840 460367552 -144625156 473000858
3944854 238994112 566451720 275910899
-932111000 -604649181 -389818753 -191910798
-644158652 -831981488 319130342 260063349
-265519876 -262818104 329902773 941294687
210557109 -229819932 342104903 230906308
-117211884 488586070 631859668 717819707
-585833463 -627329078 104472543 54731315
-455022319 -900563283 -411499461 -144539450
-760466519 254116768 825539651 968751647
77411690 745712842 114079411 840884251
-193408326 -884915107 454134005 56351135
386716338 -276045385 692730482 456423341
-467314418 -441713080 633093094 699315189
-774925482 -774989162 -428262824 643210697
-430257918 -530907311 967256079 244652518
-201760985 -764470068 578321548 112743035
-767774749 -562456042 414341619 -193454879
-55022622 -605534384 83583548 252001818
-823142533 -302769612 281538208 308508171
-662167486 -621804749 102301741 737389979
-652618662 -185069496 268184352 880414336
-494346440 -26473060 102175236 796142002
39109953 72031907 543126559 585576713
-64124411 29829289 732663896 868011263
-190627507 134479794 129696376 894620736
-655494019 43010518 -262030421 792297893
768476793 -813917645 915751403 -586690832
846852585 -511662923 930238271 318285159
-397765767 -758705714 -384917906 687437836
-681198357 -967549064 -175208456 928373156
439469834 -694425416 656580382 -370083959
545109075 -379541863 708287183 -298872843
-238944937 -449130783 836052577 -25942039
-302409582 -32391836 705252829 95237506
-476718225 240451555 -364845406 648910654
-161101226 855617685 923162510 935848738
-18872110 -756258922 455672763 -327766125
-893442136 -33981744 -535630190 134311576
235821036 -349180972 939250739 650326693
-661595101 -895647448 549389675 879385123
283627362 -159651548 705166620 984202032
-591703947 273472241 -26174942 912384088
255578857 -797437915 801669638 -29702885
474101963 253161170 531022901 885653125
-407539344 -275811991 708603579 556703798
-406151331 -521574223 192344362 573347528
-58834741 316040816 271184111 694047591
6775605 -897538691 206536540 -38671352
-405628551 131740186 799571974 764277402
-721850693 -862047707 82763230 44940063
-606744268 -196844944 392650328 561278213
-721040815 -493290330 138460200 -455754869
-756012124 -392659582 -240404067 -352474538
-87787268 -288685552 997304336 942778819
-616194397 -801568619 990236992 865881267
-379301183 -662622961 -171802696 -152245436
-26765195 -361086980 663173305 382000372
-968697382 -154623233 50119724 994364835
-443331627 -806556527 181772178 41857303
173561660 -760432772 736267878 124151495
-593995591 376696238 742224874 654137016
-784752791 -882742668 -103082041 283679060
-337967487 -217896953 800754680 415545726
-484481863 -563678988 383636629 126639146
-956561513 -900610679 -240042957 -588134204
-694321771 151747849 628872098 187140966
18886540 -670906800 660447679 459870323
-829581948 -757558246 221454650 -171108532
44669708 578126824 571219569 822613945
-788444179 -414293346 697977629 -312536883
108104834 -626533749 631959149 734021302
-910782418 -874634757 475812952 518640371
323565073 -635339562 550065998 514439679
534335987 -101714882 709466688 527051722
-261769221 -103649009 -80727108 760553886
-759228646 33549768 570325094 140213742
-529870860 -551209281 -188809636 948493694
-518648577 -168071451 378772154 540140825
-999899967 -547908574 510830953 -95782686
203375728 268538719 812258754 779117800
-906976589 -222824808 -437956643 664827224
497513201 -964779119 762311341 -653303750
399800176 -73692740 518213630 846458690
-117036460 -783462234 980035387 428147512
300617302 -366658482 920094510 496269134
-148698906 205248448 918386228 400134423
-710828000 -111318030 468257226 65549642
-981632810 -853145002 -901072150 747761816
-132741451 -297668358 417265057 951174386
-718612160 47803246 -53441675 874055231
-151630773 -885689171 557222380 -201585287
-442716760 473945905 395376831 881323225
-361767707 733275084 -22783193 987243726
-185766043 -654648076 -136368744 468695392
30564492 -677223945 464376714 -482286203
-964985245 124724451 -268743755 820398291
-502406129 -937434694 239770353 419204374
-85469473 -979821262 939298638 -317875753
-308826496 -99063344 -114033752 650533432
-909118792 -533601307 734793944 438849721
-952357148 -493359520 568304366 -373920924
-785501434 -66408422 -27121016 959983161
665883219 10053697 927995301 718194082
-677240138 -675817177 211823858 -203848712
64701074 -487183733 821453846 -196296625
-765887319 -825623005 872913830 -808704521
173619752 -35304014 577712203 895669193
370929957 -314183159 974285446 352446365
-471180404 -234118025 314075756 762300870
142463088 16636008 640375351 748429949
-874212990 -125363072 -821710605 220890696
550150089 113862411 993818420 213802019
-216634592 721543100 -104353071 981775928
608516713 105245669 989748502 856753863
-902597114 -684574878 208338819 212179430
-713268589 -623085223 -55632103 528468154
-650086645 -940162466 99836777 -12492197
-400819732 176064023 -12425100 254113738
192651005 85939839 770998761 992249566
437403970 433275679 540491572 696733171
5647650 843445438 123560213 984811711
416716919 -418001812 543675120 973647516
-918637322 -832565049 934977813 -205764724
29118088 -243776413 89174638 581639880
-137705018 -797802857 418221985 352801477
-671274568 405789857 -551651481 608254792
-897882414 820908617 -244446877 928449000
218974280 -361604766 803720600 493687870
-686269391 -990056160 -22020582 -441415077
-788280317 -280499645 741232501 -216744760
45767743 -642583352 556520653 -333247081
208386609 -776489713 519746564 381326358
-265581891 -427574029 896862316 21545745
-199168250 322774470 760589203 729396496
-881854736 -423620409 -789614347 390456789
653109676 -887152691 910398907 -625756716
-982157823 53427598 -155071275 731937757
-786991167 -699856225 -467573414 -636764450
-722934728 287843887 464882411 887229412
-876078824 -556420908 309416343 319964402
-627472016 472516240 269283578 575492343
-517076788 498719798 -401095629 869690512
-198047459 -732969085 607150914 -658110480
-442188176 -308501680 275581158 -197357423
477860631 -793431220 807109094 -173264791
-758054915 -639882225 406844492 603424316
-537064281 -280563008 705559557 596683475
204235435 -802938880 484781030 -131290719
-785844804 -617107 908880854 759243847
207071802 -636487557 952159377 833173525
-50937097 -214765089 176930743 -31807721
-969188659 -76538423 86848264 424162841
-865991934 -281616251 253123964 188776826
-89313949 900821662 755777839 915470952
-856412408 -760496403 -830857601 351962956
-683227525 -752453724 717858272 -65609604
-573902583 -367816090 669452489 603243269
-313535969 -231445565 -8874291 989316079
351451786 -102920470 492630599 94032432
-216009267 -704916498 -120290713 989816306
-376428507 -474852669 546894009 147947009
-289701970 -29958710 733972976 284994046
-256519475 -898219669 836455567 607097482
-634682570 -433920372 93534421 380488477
-998090397 -849716095 -289038831 -108826170
-171179415 452064359 971409455 733634459
-367780693 663157801 372657540 901475927
-179992982 -457421387 -119346138 702411301
-379281242 -646916933 373198589 882797254
-616860344 -157842173 554255765 520327966
-96073485 -43642560 767078485 784824311
-611374555 -737903451 267632728 313478961
904373054 -888973668 930676324 -459262227
-44665173 -298051841 856511924 789916790
69765545 -585069174 633124998 741182528
-691503563 -631667472 -655961848 471297643
-484749875 -776643514 211125372 376506404
-992389546 -670890657 598505887 -108978623
-469921897 -229430365 377203636 766138254
-15817382 96635249 475822734 893151978
-989775559 411923665 -565415046 870451570
-216874076 640825801 650239634 862533270
-731395309 -253874779 3539602 917776218
-371699991 -288158960 522111361 -152664016
-895376098 402556456 -478840531 442178166
-860986227 330165035 566263190 557318510
-724194295 747056365 202326283 873540174
866306995 -984117194 912267737 527844120
-335882923 409949675 707913473 636014567
-461636304 -786899145 -241788810 -17793495
-99446833 -912225519 376419328 681667780
-528010288 -469936272 703823255 282395506
440336560 -852717126 912211764 -212272495
-429746756 -58759738 -309268001 229574641
-358750197 347878127 529181746 730137636
-619157212 -568701967 -368210270 -169937108
-313499784 -982881594 -282866417 945302254
-165476533 -131737942 371699475 830329313
-834862519 -602590724 582159975 -195387862
-920277189 -935832871 742871602 -688178110
-965938009 -387762182 610921439 748487342
-720590696 -801308033 -586594295 252280349
722410539 -875840223 966913191 -112429270
-914116788 265017683 -313229137 374439816
-922199106 -459477482 -192494156 497158770
-610974352 -832588600 875561616 -470140668
-517279096 -765371455 -21893845 837021909
-90244932 -316816284 113091013 886464464
-900465653 -376206847 -622155071 599647149
31678155 -882829160 413676073 -247011453
-938862212 -629049158 -268580492 -594533249
-105943721 -46934458 342624299 558875470
152470062 -584323103 485475155 -330352680
-410597709 -331927526 888577809 835109238
-910018544 -896074021 157475884 -588739452
-236792887 361530058 305448250 415068628
230195055 -346553508 822781114 -40803952
-107986608 -158491076 -5632219 92466370
-836979543 118643335 -245642929 512337948
-899548983 704040941 -860513968 937857504
-749719369 615114735 -467060096 649669669
333041807 -713494828 710400715 660075129
-230139181 68354513 322703464 606326125
-433502359 -817043 261273077 944097316
-193350088 -188379048 20037954 699299041
103725159 -834116665 583331712 -465586676
-266701941 -896667017 540088540 -74237514
-787954546 -282177142 528547016 181220026
-176512547 -505038455 -95447972 356966864
-425768003 -956854243 -44637584 359698645
-766930175 -291507511 621934159 839341777
-955281701 301681442 -5672599 581699980
128118111 -194443554 883683227 -80903300
-853524844 -429292033 -175731701 -372126996
-651828637 -460729546 -126473137 927979000
-484254905 -348813901 -318220212 -30375389
-854194282 277820272 -159802754 473483524
693403290 -937163018 809310271 690008973
-482699495 -794460124 69765443 -165009857
-510383791 -992097762 -307632328 -314032836
-198770458 -860817723 21302424 368608072
-44351981 -594480699 749316540 -314957609
-140068892 -372522097 -82473922 806144849
-918921360 -356330485 -788284110 8601749
-797004220 -537982591 -286975760 -167073760
-61658268 -627325181 86317241 433442849
-171268651 -184090380 26814887 687489200
-752045827 100814560 60580991 961693352
-783087725 34725562 37662617 936930840
-765981479 -831659180 737725731 -414104537
-916203128 -223323364 -260386051 951203324
-731326643 -597244756 -448237799 -480531465
265666591 -450138827 693170194 -236648599
-705865401 -664954286 845180656 -435812490
-362252665 891025757 858531642 958864637
129615486 -150062352 199075423 225068275
-514498039 -887552477 -70319022 -518166548
-250276839 -855615320 763457685 321606091
-219915067 -967676122 129683125 -54282288
538723616 -915582529 539740798 -766579600
-98036881 871146510 209830375 978118469
334438947 28487255 493186124 646166341
-28446963 -998164961 610397118 698187533
-274422595 -226741038 -3310106 64859800
-968829453 -680141317 -221768773 658009687
-961486971 -368541453 462128947 687872113
400089367 -663858080 823506859 419176490
-641101078 -885593726 709474824 639726665
-933293068 -979638007 980414634 459994832
361584154 -730953391 393248796 315717560
37345813 -257320732 718423228 829427269
155541447 -708404627 358777673 -71900512
-149600420 286291801 595497020 775040556
-178075331 514583883 659421127 900927787
-797496891 -920765434 120802878 -635940863
435604519 -429050620 686774532 333698805
-771667817 -790375969 785505920 426898388
-633392485 -171873342 -470047066 155134120
62833714 210695631 619563302 689213502
-468187778 -530466830 800602060 884882479
550494445 -469463048 891240207 -44860347
-856534550 -357645655 243186797 769689228
-400301849 -610144259 317303780 50375551
-53789819 -988400043 376135792 813007453
-812642453 -37311981 -117492438 -6146013
-33157682 797817333 841277879 861354065
-851524193 312600800 -384752364 702463497
781885041 -738849773 871275011 -447236666
-250696443 603724949 619825013 900794215
583755232 -295836564 899899696 613233152
-327815972 -429860000 911561661 906886901
-646545875 38885952 -594714757 801377942
-32737872 196768051 926260381 660867458
-852710486 -995772154 -686353343 693086349
-385060780 -996601656 -152829654 211628474
-159382851 69633741 -56933561 936511680
-599513912 -768218585 340614715 665438792
-817560825 530200664 -662950853 545880620
-895021109 514848758 26615505 862246704
-69170287 -984311896 902268481 -527090910
-760472829 -463602799 747483727 282498703
308432012 552065502 589720809 657920798
-456466117 -382904155 -425020472 869320237
-32398407 -458269335 512347536 -213658008
488973875 -983587997 767435294 519390213
-731555178 -443610615 395237660 416974473
-522477955 187232468 50066115 770393066
-858022637 51783131 565878001 750057356
276894054 -937860765 816320412 -694854669
-890835836 -209183007 -450203904 828511746
-585805421 193085251 -545804365 939188099
-354896671 -64350857 762724107 497011463
-941723545 -948243983 649373953 -776390244
-213915574 284355338 399048120 662843521
14662099 -738021744 427760453 440241354
-662496897 -878022272 188251092 -488486499
-441289303 264047853 37545947 618774352
737838649 111261795 749944081 887698963
-629474158 -85384370 557488667 224067497
301598902 -777096599 847377653 122956830
233280042 390147868 613617500 705262182
-876169757 -579988300 352750204 814634685
-704916718 -714648766 822748886 -354783051
-415739765 -435642836 -95381405 516435653
-608176467 410688483 -525292436 904527408
-751756295 -352016987 662221625 547918738
-754312244 -963158665 -661509044 953786766
-834483118 605908010 -161851845 815743260
-934186604 -359899619 571180599 -277987275
-414240553 69336067 101651292 880644874
-554389009 -337210650 -310259400 -102970930
-252037853 -733968809 199685323 710998525
-665237261 137071034 -658528612 344154620
-55657055 -738094348 580244416 836186028
369576255 -118295402 699423665 440126215
-338598278 -8857647 589469574 59639993
-815439159 -593417785 294483257 -105614606
-510477267 272245877 -374797134 629501477
-264333444 -327721730 326749333 -217240051
-872203547 -270369136 -458585750 463351309
-875454172 -217214180 -468185997 384902013
-763257051 -82469250 713521600 323994656
-385241819 -402205678 515084001 -181882395
-803693258 120932535 -285015462 286837106
-391531510 -946993591 739382982 -165016378
-318830087 347724320 314155182 663768131
-606328356 -4039720 574281637 2986371
693888177 135781498 732314324 228187472
-832478661 -238921569 270466958 153878052
-67353107 -417564183 731022860 10443106
-335785556 -394917669 -324249861 784858630
-352619500 -544773049 430126512 191400422
-306849084 256439181 13031198 879443922
-271827613 528183212 -171391352 573682522
-722680187 -719387165 -719634207 540851220
-694250988 819135892 651850103 924545048
-424076354 -305918054 689271968 711274378
167505978 -568223710 431718013 784729654
-579893874 -368401703 870830706 397796819
287503517 -75989307 919778021 343738504
-433774318 -830866664 799413916 -356503926
-215827460 -763629359 269516993 225647712
-284782716 381811356 450473331 541888078
-969562643 -539474622 167165999 -134709921
-626240973 81216323 414266771 869617065
42724827 570689830 294420989 770814893
-198142765 -739356678 487467185 211759537
-147837735 602790172 517832081 610758264
-995441629 280369673 905132561 998471877
23460741 -250685565 990684022 176365294
-815352963 213559274 -628687865 466680796
-247611982 -746264656 98395104 -549594276
-403276662 -810984633 432842767 673212177
402718886 -492200261 491389939 264232139
-379133401 -923978359 644754729 140552856
-785155699 252263707 -444757222 638296010
189673241 -740099435 890986140 -93143865
-540445436 -495535087 536467747 110648017
-944533268 280132412 -589429389 332378523
-620968766 -986431684 -476825670 -351434505
-51286627 -106507602 118640436 45727060
-426380927 -996438176 290137137 -103434602
-206371524 -498604042 454250016 563906536
-293858888 -534786398 60358039 307465631
41052304 -782348690 353789428 150350233
673172995 94459950 774871861 382303003
-652922189 -809938535 -524232399 347053612
-893223700 -715970191 334255656 62540036
-938113721 -188974424 -265613089 416972000
-442621558 570448699 324417829 956644903
646537697 -164271351 865165549 193722963
-569714637 -869449568 768944220 -181032283
-270015372 -55635137 249634579 675746060
141017194 -509587133 164642460 -491329386
37979137 -581432025 571463879 213563185
-840540312 282784098 977707289 509026877
-635131018 -716824451 -221163367 324683555
-775207625 130061043 793513504 237192233
-739265036 -130605275 -679012817 507297829
17046643 -459396959 601420293 290450983
-902092681 -959276266 -109254290 -399866431
-819123338 -768951512 482677503 -536279145
647181847 -165654299 767305579 957555285
-973135681 -400337259 327219250 512279807
-716834650 -263610090 736601021 952687890
25199230 269132964 151344804 646115415
-897954179 -818283665 695707062 369042234
-888689939 -935937574 525983602 -197368204
41018415 60942217 598102934 201402462
-435386737 637496151 696615239 689215649
-530776896 -185454102 -130910691 966059853
-822299209 -580050224 753481516 -253095150
-14264785 -811856048 921508356 767961349
657947316 -596967317 975744197 640882656
-395763730 515348429 347596850 515566400
-944513493 77585386 398470459 677717836
-538802703 -102160779 192771218 820290229
-252417733 -751450642 916689661 877173834
-129940416 715095447 262555740 759162061
-329889249 -107530354 324124178 -83781362
-352064009 -12667359 672615227 336664204
-608376127 -752703848 -392353728 62258494
-798824569 -626975255 865341442 -613726782
534363154 -18386733 607822942 865065589
-478386819 -698014411 -191450659 587300636
-655512556 -527226862 479543533 -41061627
-724874066 254731941 -344413720 969080140
717935299 446301926 994625485 854774188
-315167147 -823373789 927741088 78906979
-289753508 -953200700 404652516 488540200
-225864353 -784477202 -115371486 996657052
209441594 -245351368 664634818 -120359185
469331245 480537794 523174583 785849368
556393041 639297084 991553833 994973388
295817332 -763835011 965637731 -374299653
-178507662 -225040006 116797021 998915558
-526746312 -579914256 829807425 260210173
-917118426 -251769795 395990839 -7347182
-776563907 182415810 227182757 307659681
-579845842 -786850958 597240317 -783410547
-69635638 109190927 816274153 591687279
596449626 160099270 669648066 479632863
-324792161 -611541166 -216150576 521587126
477146323 -930718701 847352012 290711105
-743829108 -829998665 939672063 -105874772
-518809419 -300803802 -260370460 834143325
-461336018 -855928054 131422680 225499181
333663181 272640584 716874164 754389119
-411735364 417273018 -200759212 811560811
493346722 -871931402 997808048 530971764
-457747945 64562950 63669378 247069473
-311033966 -35537126 -113693525 379415973
-622637274 -764360923 763412755 707015573
152315222 -983982106 181171720 -700629869
-650605289 -670949674 -326916550 508522938
-732365694 -823744440 24479500 972114135
-947969182 -571315638 344301195 936410266
-780126198 30255082 -382010855 932127549
-158029977 -541515490 583617802 14238870
-413555571 299482567 735654808 766012017
-884296805 -683748913 -744352544 -16994599
164674016 -743818060 335400702 329024380
-357954267 68004624 -308904977 877191058
-23130368 -917096961 679526169 40722599
-990002395 -422851940 705979749 589728425
-880119804 -254135537 933874575 789668416
-483632788 -552172519 -455893645 -9694839
749765086 -634154878 830929502 96483159
-945825427 -93788535 -278085052 277918150
-503869547 -805104554 330230594 719423361
-443517592 -516419971 892207155 768423275
-90189572 -799159343 915613164 -261541659
296091618 -399455697 477152368 525340988
-345482367 -995194484 31666765 -871880726
-932595616 362838892 786571581 421913486
-316295086 -605651246 456014939 712694223
-583971095 -260587101 -121604520 455336280
-715839551 -877059044 442088826 446276176
-879348712 -371410675 762144829 330692331
437952388 -689156067 516998991 538220609
-842576625 -654505017 614002274 -396566301
-169817102 -599175923 1480483 937370857
-368364031 -985269024 -60999208 827913529
184911022 -686348628 712375510 -592208152
-951011106 -729884575 194405006 -646723056
-754729671 -9980699 964244509 413448935
-296061572 233188189 -196667782 828691544
-247666463 5139888 639131940 619018932
-381119766 7414427 258123678 197257135
-516902704 -973453283 -34239792 838991620
-293872531 -345263693 389145955 462655857
233566991 -240525574 254810770 187173467
69652906 442842945 401917217 674665492
-392371170 -812289185 581673900 -244320977
-791278492 -766340974 926691090 145604892
180170867 -220383851 288351597 172814229
397797510 -838587602 694537818 790441028
-234927240 -27590406 -71872034 104518646
-964875881 -11225622 31575549 141545675
-7624495 375451871 406440111 870660584
537995588 -477648253 879139499 -261864885
-110633197 -870319532 747009764 431174808
-286421696 -263446547 861787221 697842910
-151719793 791368963 869533401 833822021
-622268336 -171553681 121278505 -23547344
-382394287 -675688537 25251637 760498896
686307634 163396014 690288647 776280271
364231409 -449927044 833084141 213451070
-996077382 -864176458 -533947135 -439516712
-674949683 831583016 -112408336 865249230
-673730754 -137789241 112277940 324552710
193364486 -404581331 529782854 139590775
139425680 -996214289 489376300 386316563
-749373029 -671544845 -304329077 364140573
62841491 -570200819 512009697 141735344
21475921 -900062319 160485462 -701073423
-996884639 -748059878 -192738954 -137434949
-664308360 457743050 -192721067 686552397
-885420469 -428353876 27427276 24385474
-895972634 -450681535 709345641 916360039
-495678816 44659339 -472424580 963395614
435407349 -982667865 962184092 -828098792
-605076253 -910827937 -223615767 996943016
-305926338 516812296 -107476383 580600879
-468747544 223533791 874192931 703442988
-344953203 -999831627 696989242 730222617
-704799667 -46574311 -234595844 47747642
-730573189 -22664074 706483231 23879836
-947028194 591068364 -765765442 787452838
-535406271 -520928856 905372694 80747800
-126253839 173298310 328283982 251667024
319342641 -916196490 904412162 -654686612
-350617818 -728949816 -140894826 -355938277
738056567 -325729149 897927060 -217724351
-212780439 -757838639 822827222 616811815
74812470 -514309995 397561905 863589236
299128446 -895741236 367643483 -177592030
474362200 846851939 649452519 925043387
570885342 -322028572 990895616 445400365
246496514 -345644094 683130952 26678598
-639664091 374019098 905510899 769723504
-343883880 -29488090 460315027 326518117
-955210343 -611747208 64693972 276001210
-527900477 -231172195 140156273 505440848
-695930998 359636305 34457569 947696711
-706630561 -452849150 815172796 290926697
-589025034 -978676564 -54278043 -825732183
-66750876 -415873882 223183334 647076655
-616549995 -998337920 51464068 -237619730
-922149505 -545192018 95319604 -338814092
-501804518 -751241634 -96045561 -421479061
-166856304 -902615096 75115666 721586301
-641492022 -340462858 282634018 992913910
326638460 -136355094 383158574 790395323
582347553 -389510096 800911776 -334784676
161338792 -650341721 958716157 -425824676
-437361781 276662065 108185838 984054025
-347947636 -786057844 710732716 -22728158
559968432 6874316 853309174 622710559
-661084931 131677082 -461905216 979613874
96374608 11831258 584480032 76664146
-870236261 -299577160 957287696 666107174
-230359683 -878790631 579984123 881532614
-908597361 331526541 -479940371 952565907
-211006192 -600167579 480955005 941471378
-550240790 410999404 430779432 665188881
-679139134 -126208843 643004526 647490942
-948601082 -943615579 -110991377 703855844
-674139614 -376788589 -60920457 746708692
-225594713 875796806 998625979 929884572
-581745895 -906749005 108300234 363588698
-924265218 -886441240 -474446802 475593255
122775598 -764103506 298950837 765348768
-15062255 -451765817 332228953 -381008601
-747556976 -507878397 723769393 101951961
145287822 -745612550 324425374 -431101123
-660541848 -989210243 300418462 -766999500
485060111 -791385798 708388507 398532441
299867991 481222909 560508328 927549031
-205084408 -601345301 254700990 753483743
-212846424 -833823016 284793412 -176158495
-394306960 -276632418 692475513 400858490
-920547152 539356165 280861845 614592405
-547360905 -933725492 -214880570 191654038
-659295186 -863614527 805907208 273373572
-75112421 -192527493 956003726 140523936
312846987 -92065432 345494890 -90127175
-594996979 -795765759 215168298 -206951630
207689125 228152771 811696711 325664990
343650835 468997631 654302548 658227159
540055748 -811661589 967774660 -479468713
-742464294 578846401 -475933956 780356308
122628830 -259069205 236114174 261575649
204555753 -454358241 784759137 383605906
-149373174 -395190874 -121013161 -358002575
-919029119 42437160 484928194 585878149
52263005 -893500928 247380406 905056171
-282494044 -561103127 -62821207 -441909805
-546961867 -611894294 483832053 506200432
617720835 -673379138 991829504 401343046
-934004793 449891153 785731249 696386364
-973908552 -681740295 -894075120 134470742
-138514048 -821496098 -25409436 -7726829
-419374952 -858166007 116447661 322973175
-655485313 -401438967 449271823 638861045
-613041942 -703516126 -558709559 263327058
-900959148 -871695383 988654281 242082444
-937828244 -299298607 916778959 895681867
673690046 -112540751 744575799 486023583
758030337 152524625 967197657 468116083
