339
-538972496 392765670 20231754 543757328
-230541671 110609850 687847778 947549667
-531666188 -538963842 80877978 183377346
-391775306 -46438963 262812078 666631909
-849519287 -304592565 461780042 281830708
-748690784 -54976109 741814530 533565077
-227558923 100713985 601395851 916698699
-868679534 -959572469 492849944 -508423384
-225588422 -42786526 539031884 928844822
-64130892 -835124253 885948277 371775463
-862974797 -720464040 794318725 -465566342
-442388687 240240664 -184909099 605516543
-962566227 59041159 -773068687 235534151
-889001483 -674796038 343642618 -154614661
-591102202 -960219149 -328029441 -814957837
-950268250 -277627536 939140047 956676051
-999948297 -520997894 -491664758 60765464
-88467603 168040126 445894422 394069309
-492707618 -614916859 189690276 -160568173
-198655915 50015151 797666048 289430233
-467808983 -618060445 967463597 86595316
-838428079 -713398469 629224066 -551009124
169857864 -708296563 201656741 -522427089
-814365893 -792724455 -200770683 -460868239
-575858150 -79287353 -407354431 54668347
-348081254 -236699921 -113570316 829632377
-226454876 -855600671 20737302 -704140093
-756767182 -687596041 -609811911 183283569
-201333469 740833956 459036948 934064048
-377783829 -987498818 821305788 -180004604
-983434661 -89362243 986398701 255949816
-946512981 -541383395 609695747 64918809
-185290855 -421672270 774735497 567302128
-222207038 -872074502 -26812462 599582665
-414345316 -282956377 712885226 15245080
-828254218 -725454479 -590263361 993341130
539218844 -883661847 971109687 946648120
-804551064 119129647 -446129303 190505947
-716714804 -245246013 -133988241 929290288
-888901544 461409021 877407575 656523121
-433334995 -521339978 -385707654 479867624
-272406156 -530538977 873682203 -66039841
-620953936 -438706992 811125249 625617422
-908073383 -648241946 -165498633 156998445
-355194319 -866057794 109972574 -799093265
-603750945 -642924536 -155073230 988991078
192804885 3417985 419291494 18919682
484650170 -37014778 760562110 225281317
-188653601 -340745555 703061343 424446056
-125552652 -709664980 870123182 115989829
71532908 -226564869 781491622 -98991946
-466304303 -100586285 342691176 -34460101
-819987872 -854736781 200269640 540228754
92636179 -478998708 708213530 -274774551
-751017552 -29275477 116343953 996149436
-519609666 103837456 -234997176 770626373
-821283723 -943303761 606081948 372987304
68801916 -905830771 414408719 359621408
-657604698 -262660214 -651539503 752143705
417774735 -724433714 452339039 531923421
-981354885 -377217004 502303195 -21910739
-852928089 -741522769 -576863791 5889711
-97773877 -484195425 936476344 65372361
-32127816 -808337496 598784460 110151569
-694741590 -476678122 -154095098 562011352
-622377578 -820433370 -52040456 -20915269
585997435 -307055040 697550685 537313368
185767822 -27175641 384478146 739170840
308607516 -414882091 887808693 647800532
-165702353 -772941393 683396962 695424635
-921755199 -228073550 -650225170 -109431391
-971260868 209114198 -644754487 586116074
-254037675 -980548470 589468068 -126308922
-474591441 -438801538 760064004 43633130
479247936 586679709 829708328 684479919
-400234513 222159463 -271734689 293554263
761489024 -250412836 780751917 415524495
-573219198 95257933 -80658294 775115300
-665081249 -255705002 945023505 719169964
-726968191 -957714162 -106073138 -841797115
-161224225 -431355622 557897770 251198527
-172633574 -5209154 479453209 435757111
-226030774 -396137625 818383105 -220645409
-273087936 -388078554 829267999 305044162
-511857479 334599020 360283220 870885109
-128530133 -730376796 -39859680 -486278330
-59461324 -970737498 684446056 -164460372
-45878106 -298277511 911118871 -166929632
-150001594 195538068 970158633 197709838
-654919624 324293156 -121249369 748959004
269633430 -601229321 785318891 959895575
-232680634 65638785 584925301 433296650
-240805524 -781748903 -219202629 270512548
-286520915 -182383307 -213318700 799339161
-693231385 -956292528 -270668843 547173575
-313960230 -535495333 203311699 -59610569
-90410109 -980922722 628116863 -274563725
-383583948 257944289 546328619 818223869
-74380029 -712836318 541695497 958290480
-644127563 -394280388 -139016904 567632035
-822245511 325109806 -512752071 828100090
-512018589 -905697073 -290501034 82268024
-10365116 245166334 580579021 970104444
828806051 -788657555 959745662 19624824
3655959 136030774 288629803 310080050
-499745444 131617686 276946263 208423157
-202048337 172929618 148480733 845456501
-297630783 -557977581 535612970 261403791
-179176988 -979674870 467208740 430587760
-232884764 -587940567 388376843 -327371346
-219856210 381860234 523153422 567112215
-164783159 -993287968 -161133958 -515474463
372288312 19100041 591891686 409439023
-890292135 -892409872 278842570 -875041816
-669022620 505546893 -385045338 585654360
-936491445 -923617756 956528339 -349394407
-502158826 -830081673 -216804365 210844601
-862591334 -649281837 363373886 -434453607
-171612178 -804861640 572681859 735053898
-472914835 -400615407 181231095 212799029
-755818839 -728337402 117596127 -532868691
-497683364 -696896269 842329596 -668124640
-766625499 -803852143 -69061833 924458676
-814987284 515623802 -343910947 667181720
-719447646 -606845041 -153158090 384018041
79806658 -84672209 494392430 477916135
464395105 -10623575 618042637 788260413
-897243801 -742518803 954741592 782141963
-958750195 -698169514 932359553 32548607
251174479 -804438774 755566381 274735030
71981556 -717770570 717852744 806265929
-930597452 -914489784 322542958 -499838190
-817916443 -85593022 988020620 131736432
-492690950 -993243341 -206123073 173426483
4766444 -884201556 377939839 640131534
-263353420 -505760110 -144687654 46694384
-765818939 -761018536 874337648 395548062
-531274167 -683713764 -105794763 381682536
-989297574 123319262 281728857 979098024
-729833787 -333941682 274655063 466210169
-70215513 -766338653 571862354 980079700
-734806218 341087493 -302556993 612572292
-174733909 -458996559 44019662 188350977
15502095 -699471092 545859430 99232854
-867943656 656803450 -768112808 848033770
-442342746 583119673 465473555 912375486
170977503 -235266236 975552713 -231213832
534504813 -78103528 786416299 272678022
313859262 -753240905 811989108 350713871
-731985584 -884104376 777678331 -95048973
389494368 845638179 461876110 938214203
-23216850 -537417451 529859807 -34137277
-410430816 456859451 304611995 615554807
-872260443 -963186964 -37227116 68251855
-741020434 -896238060 -212198878 -850844823
-548901785 -446141685 438155612 78982058
209365431 -253402657 995037054 530319759
187442113 -680066536 801565346 -106053957
-803848834 -908097695 635322721 565435419
-742971081 450729695 -527561250 931468401
-389638644 -599414102 -131689093 -517067164
251307252 -265366403 743012532 702458658
-375963709 -488905358 183179250 -169080456
-459711438 -253045805 -394391318 520072374
-237813047 -703091838 -22721227 815759548
-478462009 -458057855 925248164 859677570
-889007498 -493151265 663788495 373982166
-309324235 -978002939 340715493 261086184
-486037664 116966507 650720245 272794246
-787216157 -926077618 -747601107 -838882828
-769735025 -366303323 672482508 -151913194
-752594642 -464129225 -699261037 -407767300
-50449741 -905833038 164499688 -74129913
-316191854 -517852371 43485372 -51303696
-219168166 -863011747 240201304 -428201286
-685187017 -323126453 885370910 986141704
-472439724 -379382353 926661780 798266969
-358451407 114364898 561668178 267313442
-338468900 822799835 18358452 913479141
167341403 -629445613 998311161 -69018926
-972158490 -793926514 -162299140 585723630
-670637195 -323372367 289474311 517575641
-433095727 -954429031 909301019 462479825
436031686 -460044425 692927545 624544835
-944689655 -477752736 -617445890 558948677
296027772 584418546 539266451 933476928
-903642086 610827249 312235216 713688785
448383169 369764270 480852143 656294318
495870505 422525692 639192475 828728210
494576964 -483471140 629293166 35551899
-39709724 -911833822 94795663 -233578266
-218094414 143075526 -194914817 416144909
215734915 -261650156 259639337 545845588
-862888785 -900029965 -181629378 991511910
447802887 192767527 717407753 410210371
109034584 750390977 818667364 883617968
-832284912 203222052 808757046 665337003
235861931 -700709990 533084899 159481562
516768999 -978621950 772159559 -608056154
-893057564 272410217 831087405 402131919
-488619911 -724866319 26305450 -150061964
453991756 576645474 558292042 780916701
-812995079 -316334796 205868832 250983231
-775843539 -374788426 -217832605 351910256
-894272268 -635548851 -59028703 716583568
-195438617 -367107140 823998711 209263144
331289117 -463311291 525767526 -136251587
423611370 -940161372 824419958 507977724
-504456976 -190064763 494743355 -131985828
-142646563 -913744102 633641677 260501891
-987274474 -619391769 -69940799 520424740
233540458 -615119352 361051905 -439081105
-371260319 -483128061 -255055340 163662772
-440873988 -803143385 861134745 343770314
-653108760 -973715027 -341474480 98329556
-937574038 78683164 -133718597 291277227
425281092 -99348712 728221447 766722311
-957266689 -139759982 659237889 387553479
-5761981 -769274332 892345717 253773248
-710065837 11702269 -615352489 263940155
111304075 -118024307 538766361 585065242
-82059124 -916671230 407243646 36858260
-56393210 321223713 308098116 484338319
-678738170 -453877597 416071322 43258432
100613965 -56432377 194798609 858834336
-296770922 -684614664 80021304 -246774741
614553397 -568798390 926775983 291647213
598476331 -432916682 743919692 -52041577
-204552318 451419445 908899409 993812203
-775685721 -677711315 39958934 775239737
-323522986 -313664699 761579159 431310544
-824210619 -989960613 192728365 94833584
-948151456 -129574087 -59473820 705172770
-738229698 -954309429 -169013785 -591563656
-252102989 284535663 676751264 634422547
-925721057 -87797366 -850008725 475774277
-824362339 -692670792 468477453 -6400322
-736121955 -937767387 -423685144 -510329041
-756618416 -977301960 348923648 -376188043
-754822907 167502428 994960243 312297084
-343359297 -793459045 270230516 594745835
-474796339 570075555 -224513391 852768422
-728859246 -26101869 535278527 673876840
-622255151 467215573 -61460104 864621303
171718287 -987316484 985072300 -782082789
-148110452 -253732697 -100433135 -18875748
-547218298 -529537825 190616719 259561702
-870476151 -985255266 -350722680 -934252929
-776182171 -308625346 706529180 93103055
352676016 323202795 432870352 983440336
-376087764 -367946310 762352214 166168500
-543864905 408458474 865879822 503265158
-606527569 -871044891 -538905487 275402058
342890932 142377576 605744095 893260165
-961012129 534487084 490070296 651460724
-933792448 -237002341 142819836 452257602
704688094 -366593750 761492842 561710386
-93580673 -632819805 -20261255 -365682105
-563721607 78383310 -141663584 425158068
23228573 392214376 357024915 541825406
253006060 606007267 358540799 786816623
-303833744 -827007650 59536133 273226895
119305219 -200245624 994678040 11439272
24013671 -272576378 375439973 843276711
-451095123 -664128511 749081702 -298250797
-922893948 -674366585 794771815 547835811
-847404983 -975930620 40294006 -850420563
-109632488 -738024780 -81829629 635625746
-658434224 -942037379 -559757967 95497615
8883017 -926911266 695934626 354759165
-69721792 -862071814 556803449 977170152
-202746122 -120075504 967208198 243563648
464239534 -468558547 994924216 930298691
-589849586 -583966850 -545452821 -177758966
-765094456 -365185184 -22507109 470253121
-104826385 343274839 583943160 573614955
-955312291 -986460122 -92246818 975272597
885593894 -386223299 895702017 -117708514
-957422905 -797380444 -238207127 861105928
-706144453 -594567548 -272077900 -417243688
-424014285 -977950908 164572375 -685897139
-530930564 -97694417 -156796711 573879005
146824391 -904328935 828094850 66925653
-867396572 199738888 666891209 827086572
-936123995 -902216680 -813471938 -68192091
-595546284 -739043965 198780325 -153108495
-857354632 -624592838 287093562 600685094
-544532690 -715132520 367067287 184498462
-793917060 -608497753 -12134255 419712758
-962172122 -584791950 472242076 496088364
-319141936 172353067 848773541 404105348
-108624565 -760032669 755848130 695192270
178138875 -209682609 559672318 857766747
23287685 -371811028 531207473 -235348602
-202049857 55407556 -113618673 247876469
243244075 -646016149 881791238 409547225
-571813732 859759569 -230942971 948932796
-481752438 -314346784 52979366 712187335
-245044768 -214411949 187733394 811651123
-416624460 -655285851 -235190530 -425482190
188094954 -319716561 446438711 745262962
-26984165 -599958351 86761448 951989353
-474152845 -32986379 -230005621 849624443
-91199782 -453717625 40497698 790429907
808796005 -740148205 839052455 -479075759
-967681279 167431318 370867730 290216419
103641862 -182547749 441686820 722761554
-192775826 -534168253 55472203 54726988
-712107561 -581405928 719464802 -360996290
-269724664 -974020847 -19356226 -474723288
-656374504 -97018833 712064940 127477506
-992979910 -547844395 -822010071 133432083
-866736036 -263714949 -139242134 -23368894
-951026772 -159175831 -111741157 266282915
-552997197 16721012 972339839 796323379
-182414930 -734028186 91123340 715629555
-738635425 -869851990 70294404 -827932287
-153864617 183778539 796943333 682394194
-276442315 72114543 41821608 92733116
-994707603 -746414696 -390322183 -478276171
-898902935 -170808733 983542170 929358773
-859396310 -947977589 902041272 -449018223
-8769638 -848339510 905181134 -359038336
102474029 -663599221 538444161 -126328310
-875094508 -67114783 141132529 505517774
-647620489 -504261911 -260989224 505984610
126246434 154086710 525532843 244688327
-325213551 -732675660 6662762 -475277286
-800318342 -838070935 296115107 -562324122
539142743 -965629550 667584979 -680934098
332821972 -191701898 914884869 306712618
-189725368 268001379 877460859 798310514
-86345012 -263901326 452940793 346181634
-599406327 -953598266 377152541 335792070
-449851205 -337120596 -30509518 690359209
-827686563 -863188715 601973409 607067588
-325004847 -363797360 84920511 -88998059
-954727000 -463846153 -195711798 480230738
-566326840 -896577960 854113358 -688260148
