620
173234956 -316735594 812018520 590974791
-965438618 -360027926 573170937 330305692
-135484278 -943664152 965393104 -46542787
367021210 -831637545 371922285 563882521
-832441866 -220786656 -49717269 316327415
-849889532 -832973686 469972429 62976650
-974772266 -256315771 -349646252 -59575259
-97952648 483179752 264896101 857820713
84131023 -26825916 607368935 130173389
-519771400 -527076079 591283067 -256953093
286231936 -257242437 288885238 803764489
-852625893 -585115942 106351093 -136061653
-494816010 -218282628 -325689870 138503937
-61700281 -268128065 383250024 664460682
-884875746 -950330303 -642018065 58984851
-732208583 -5796147 783489099 646999889
-650239731 -154948785 41578341 751985080
-184039297 -336085443 941914901 -184477885
-184666898 -77390919 510224202 355028942
535173212 -828783607 556954350 -778299972
-226157424 10784820 356861774 236541925
-307609973 10468836 983398145 404972913
-10155679 -246651380 905586563 -210734692
-87657131 -431012975 942800872 -50435245
-103721097 -224279087 -82498272 59335783
-527325302 -990034626 752245044 -534650155
-9943229 7127864 959028276 148113894
-480551431 -480007352 428304944 93574125
-355013452 -835612074 157780067 -560452650
-591105268 -342760398 -483112520 682449467
-613893556 -614691529 933502201 842851691
-528154131 -684012592 3570977 265700031
-272532149 -290068641 197376004 618373304
-965261701 -659618895 -708244582 -394958564
-404683482 -80766622 -100283512 159857531
8924316 -643220446 793482341 -62754097
-698180134 -748354128 661659904 -18524517
-846542037 336357443 -703806549 995138067
-679337965 -10094898 340756731 716212443
-988704566 -602239494 186459046 597002830
-897138322 843302655 430927592 864951965
-793771102 -937303902 59000618 868340686
754887079 -672860819 930616868 -302849179
-853653943 -318455955 520977942 886165022
-447277988 -579132206 183331667 291906109
-658806295 17700947 -348942846 912753347
-294213468 -756531984 686735671 -644955612
279334069 243377171 389640103 419003401
-315625956 -924742461 -295633596 -299340317
193844977 -969666702 325362797 332446297
68397178 -378049499 174158300 519623408
-115213262 232937053 828378030 297702518
-614938305 -567398598 655870215 32147072
-353018059 -274874108 263016240 149409364
643656939 -693983023 671907406 740496345
-427289824 -732064906 -8540425 -672525333
-114041570 667814755 112180974 947307207
-237344673 -712954071 772554911 -121631954
490058860 128840078 720525366 770380886
-192580134 -959226242 96438610 -428408333
523945089 -7094421 778071773 631263703
-949931102 169078832 -440994127 873119498
-472140979 -761673957 914859504 -345332647
-776030201 -644004528 125233823 -481729699
-736283213 840689087 499057790 860604649
784009046 -159516134 967468475 555118864
-928749521 495622942 644117622 724833996
197507206 -552939034 198818625 400477535
-657809592 -87186389 -590732160 227782599
12776647 -909128028 303146146 260385242
-67610398 -117037975 112753314 607106247
-461233863 -818287008 172684627 945292489
888284335 701264716 970036940 893681304
6498963 -308664153 760773331 222344719
863935674 -19714903 975506734 307976349
-595618841 -360085641 679629968 96913219
-538316117 -728261408 326645192 -190236933
-693023865 -817063732 -2605212 -607099631
-911806520 -580586111 603095477 -431831292
-468149465 -892144644 170985769 565479271
-875513964 -826625529 -401817845 -816226879
-766675124 -494547295 140667893 335642432
-411647036 618544875 902976029 852798272
-710869773 311005098 773285368 947346451
-584766798 367314242 251776322 830339392
-31941112 -466826112 230177879 951297489
-299996352 -831928128 864864766 119086424
-692754456 -192304839 555994538 -58989748
769425318 -66175209 903837770 908520415
-369212145 -522080444 482206458 93949110
700446264 -706035240 804366326 548133603
288634687 -839816839 510392573 -704814417
-144037578 -605312722 -24072166 -45313634
-331344464 -937682193 136688658 -927630521
654608312 -215243752 949113572 889538902
-577593048 -165083697 522467635 520847345
-914402366 -525135771 -605420817 631436256
-420927715 -774502281 924299666 -723789617
-931087522 301657152 811264907 460957328
-548785441 -966564207 445528469 400337630
-506331119 -912466404 -187477320 364754319
-568573539 -588943208 976870248 868071203
-319293117 -84602194 -153842067 883279864
-576487444 -372313733 900385845 260474067
-440862103 363511825 324085835 707997608
-707689205 -717565173 -478629768 416606878
-520533091 -723546453 840109692 188135222
-518123922 -603468001 706481755 943108447
-362627664 369453246 6193889 813303450
-628442140 -834900468 168305146 -432692639
-387775993 -956684669 512415632 -100485263
-172594194 -891951674 862380758 867600795
-947337688 474428757 -579781429 908726318
-850224381 -499587905 -262072289 58865231
-693639829 603454302 632565896 843838759
-366313288 -182209687 -344142064 878325117
-17194923 -268191238 928642954 91573021
-375493794 -354727766 -214303550 983479830
343024891 462974541 438190004 999966032
941918142 -957526825 995627896 -272585197
-20364192 -483817398 808651514 977238032
-398992174 -489478899 972219285 909750275
937236183 -225614146 975443180 97290713
-506934027 -410359034 657997806 -390110513
362372932 -420427439 438755779 975994925
-997299773 -474853373 -697985918 492240982
228265275 580139109 380319062 704276855
-544090921 -933054385 425237137 -869233329
-897821953 -634629661 -101454313 176883431
-122288131 -385516078 824791067 193436756
-903810421 -35594414 622935797 628548221
-743251509 701137400 -131576797 813879088
-424744035 296011867 427915734 419010781
97427675 -736902769 986660965 999951436
-801914568 -654755 198260114 70298628
-209108992 -519524946 822465531 17706541
-677106094 -268118817 -497510607 362475151
-882826254 -316050544 -782954767 -226568388
-995997412 -680073252 -404096806 2290274
448057302 -379347487 514104220 433192678
-141178675 915266797 749458085 931044273
720478677 -783062181 969312607 255081141
89119105 1640638 738527086 648108484
3167024 -587412932 761064110 790059934
-864222289 -382996337 162652750 646781829
-197095867 -922669477 -165772562 -185922241
-302819401 318635757 -106057896 922291234
-872400148 -364778881 179698629 604843067
-418519674 501256721 -403823370 548019970
-83928995 -761160277 579104063 278288451
-111012125 -475715599 870747159 70986233
-987929631 -286983297 -534951856 713984979
-874246331 -423728648 230684957 906832285
117692175 295262735 427252243 516356673
-791296618 130218932 -641246169 762378261
334193159 -287009892 548273282 -54619507
-103073348 90888330 995977618 785178000
-659667841 -740206515 745729218 -241414354
38822416 -501145707 580232907 975163930
-313579690 2643823 238395537 771185329
30762439 -936840133 590584706 -391801688
-295055829 368799914 -248036068 946252518
-720996860 -748010009 -703167298 -228044881
-993515092 -104413275 -96500725 707745262
-906550562 -686530863 -801131549 -73790985
-315010269 -703120388 -173603727 694631125
45054509 633163361 906859267 913341326
-885083253 -30220167 -301739927 807811109
-482859675 195288417 -35123130 235052718
-868916209 -972688875 -359838688 -703555295
-677589562 -479655598 848779199 498215908
-883187940 -199893050 848367150 697632270
-243004696 -441078493 -241868525 221435300
-770157322 194166983 -89004851 623093346
-417408669 309832242 866829497 645249713
-424035658 -141230641 -43695096 235209255
708911483 -231302685 967192831 -112366339
-602898532 -92554594 895725067 456830677
-732996608 632467731 -522111142 965916514
-534109755 -723297746 -461925067 -592642894
337404405 -478971608 563162186 344400982
-897868435 260469998 -532452055 621934402
-40227031 -648829698 -17603202 753248104
-903165299 -347940467 -315638877 -71161946
361669547 -950136257 975800348 662454699
-966758962 131572624 692487036 611136504
-798332091 -797242294 -13722334 -154674165
-982583477 -56773028 -153672616 757375782
-754234630 -359572874 682194249 -254786898
206939650 -231677556 480159662 322963967
354539993 -958963861 702548713 -551339062
-145188812 -940501615 671368265 703603385
-923072065 321723951 -518615579 492170460
-87838715 -19317571 181491469 882541539
-993560430 -370296086 357129236 131977974
-872456471 -297844986 895480510 422768120
-112827204 -818055204 86457092 -410011394
556317053 336053452 802224593 774800087
-521923896 -298451984 819072602 186949020
240292337 -1956726 997414154 34904476
36176809 -348946837 325765225 302797262
-187473115 -872520892 507029236 350894191
44047665 -885973849 60134670 -749269913
-711525213 -998607001 978032395 240152136
-944707630 -933855355 122116912 -793647248
-905473472 -194655463 51341525 630695019
346802364 -835366855 825455607 -619185946
79855679 -516807909 865164391 -340627134
-491578026 -649543045 -207676983 488477743
221692854 -697500814 800132216 229338780
-911568642 -912009149 -101721380 -618236769
-783416780 136964482 -715907043 537944817
-847747200 -538721128 -319918959 -176818085
40575477 485039985 130089007 751156118
-841070457 -26322349 316943056 620741058
261023630 245192902 788987967 656560027
164740564 -236382039 441069372 922646227
-722242626 -564583851 -285350864 -232981727
-299633351 -30071479 -37476284 997919199
-762348157 -265805366 105138344 50790832
-786025464 -721354789 -647986614 -490854646
-647079757 -693035218 -243767727 307800150
-796756010 -892287006 497098465 -847952477
-925016116 -783320781 827437068 962437029
-112677770 591777347 296571168 925753686
-201339233 -611832160 -170111568 -440926652
-717695132 694828059 358974079 901342104
-481083762 248123658 709004576 712367343
-46536250 190759352 592862390 768516256
-455558390 -614425309 -3587109 143362889
-42715325 249763008 225323299 465774833
-575221182 836823104 385498774 946547807
-253137237 446247873 665208628 878633571
-401228836 698004312 879559517 915229024
-641188236 288377526 193561478 789049188
-317300739 385793108 55000716 696578722
-273521063 -737289897 -261769465 333789152
-2027558 -567018576 852775840 -342425364
-820630573 -761249771 -512396278 -387397434
55281067 225188937 675443942 711623789
-482479937 -528952948 474277240 -216100016
-639793964 -626587499 -560359822 147254696
-705974845 174951472 -41489413 721380412
-892931563 7390266 -125929651 350608783
-123922342 -310902496 380026611 987547717
190440343 650950831 555092562 715054183
-967222369 -740336818 900894222 -684082354
-609088718 196195394 97740652 370369052
-758581634 -849157405 155359800 431751562
-774525648 -984220502 -170868251 -544668150
-794614030 7929509 -650312191 898052656
-860344937 -210365483 357102122 983736832
285110274 -608020849 325293720 -356679950
-627658174 329956839 -78408187 983608451
-902943771 853767168 514509194 970248735
-836163831 -726234731 -431874479 -384259723
-782470708 753339227 -311193790 891608547
-456189382 -823350713 793372394 -16817952
121546116 -452511108 627135495 597964478
-973366389 -624562282 286209758 328956523
-646142208 -988599566 769221668 -931942618
531759085 -525017275 598910095 240447882
-508666290 181151398 851614385 682835045
305083150 -729121595 619370142 263006153
-741633495 -885049568 82193000 468863958
-964065160 425986492 463373571 756748400
-564192890 -854418579 813093120 525226174
-287215259 -204092626 450576613 31611264
-979366454 -867218927 104725727 914077322
-873230284 -765940045 -175580838 -130078645
-833963821 -466685457 444085650 593996496
-645774954 -46020394 734925876 836200898
-747726114 27739238 -285607237 730320927
-650860638 -538629968 -118229893 263378454
-921801929 -886101230 187601485 -249587161
-383614848 761781848 608114479 816567628
-236639575 -388849742 -101727603 547569690
-474070468 623718720 -238970228 852457844
-436451358 312889060 239975888 714056188
412039961 -669382651 746106805 -348797385
321251838 -155522797 946180439 -110055753
-899694765 501318383 160071603 624062127
384918947 170944360 800218132 332242473
-321644289 -473552892 379500066 979049783
-13292896 576087928 448963293 891660511
214694679 503238654 753620965 544507407
-841451434 -578024156 258088959 834765492
-452091737 698722594 -141953707 862393922
499040852 262307503 919731632 592400963
-789270254 -866228167 -481096133 420180044
-892327004 -843963643 52934683 438230382
-580657841 -234573428 -482364029 828287546
-389186875 -194541826 94216818 112713218
-828992348 -971009544 599651795 777857723
340263224 -52661874 372650896 559658162
644951944 262841094 922887017 982290151
-391432800 -198388244 687095594 72654435
-76641732 -249178251 224504650 -47063154
-264639500 95984726 -160544476 755386479
644062601 -190798040 651849907 129701124
-549505440 -525625481 940190331 840273558
187249129 554847678 782575130 888134725
130089390 -942179967 355967524 39071668
-281711697 677526664 808862671 919390626
34495092 -476170339 67992636 173602869
-969227529 -645144208 966970852 620089312
367785025 -371191995 736804652 90192865
-377942907 -864746055 636272488 -517514123
-84337005 285880619 -36674750 669133088
-529097586 187789995 -354500302 485801132
29443142 -20065955 994467528 933505770
93029486 -507800810 973084137 84342100
-655784622 -668571266 -101403327 -284400243
-169335592 -159607151 361523615 803565560
590099619 -59589593 774950910 960890482
-108672160 -811681094 102836276 150051872
-857393364 -551382309 734718845 -384406927
285367934 -923711643 821386848 748280667
240482054 -546038477 537508823 830206405
-519773003 -996750821 -229276949 -364323322
213747729 -942783750 432497742 902305414
-593918279 -91562962 486623542 310449671
-438011578 -613079870 280267313 952140468
-745401541 -296617300 356090776 322662372
651335890 -847973373 982032497 186319833
-14220863 -148998096 142297667 487564142
-157663986 337622155 580683002 616373695
127464569 -307719709 237142372 -272100662
-690618914 -7629330 417027254 356969384
287361336 -927098877 297162296 -898724917
-108215337 -425796716 931010292 -14781997
-10801425 -342939746 120074428 829809794
-654229038 188384815 -181691818 919853662
-555071957 33925424 676403956 126005665
-445051503 -538380563 571827210 397448346
340671029 -156848652 413872471 508783141
-648479015 -145938642 -446568706 829042366
227971115 -287050068 750382529 233894012
634207450 -364130151 641633972 683854111
-61399020 -425930108 884055252 335183768
-933847366 253768998 784967530 272967089
-990985911 -502529164 -793021920 175749261
50039030 -898975592 367632621 -148116926
-340136639 -967234777 638565208 327121675
244784541 415244704 321857626 730729650
101962197 -766016652 838885149 162825128
-569871042 -479437662 693310815 888739533
192567433 -741635348 845832239 505651689
-678440049 -903308112 -296845795 -158536669
149544001 -720413542 998826064 -606367499
-721248757 -117412079 965432853 672323811
-907500615 -345154786 906231251 969574807
403204772 -462151558 879457470 474895876
-814746614 892106918 -389113377 997124230
421452939 -456578006 726232407 798013303
-800984368 -472776289 263868380 702824775
-269372510 -962832299 734894552 -799782074
-675862031 -602623942 -290042883 -11467502
631530536 -975194249 794138168 686390946
-581737926 -350974635 405741060 756709169
46615229 -589634205 812452816 -390672262
-472064966 335233369 403428681 500978529
-41128404 -717600174 355039741 -89885944
787794625 167071336 795762383 939248466
-939205553 -508452772 275380751 598377778
-217011749 -76354379 204501079 558756165
-748791290 -780959525 -91162178 708098876
-519830795 -597641093 186431489 517664333
-431754198 -756643118 692185293 885089349
577254063 -980949000 753898068 -420103612
-573082719 -531215800 344001404 201873292
-578182231 521616033 293844616 931886262
463776135 286646838 699011120 955280991
-642150431 -663601366 129192279 461871290
-350919548 -834812732 607329377 -162921424
-564112174 -917669050 417044692 813523811
-743838863 788173729 402326317 935977843
-981412000 -562826446 841988602 748496715
-454284844 -325195071 762373305 896297811
-220361953 625330857 411171309 893252473
-227876000 -387421624 62955808 -137849766
29985347 -192533400 740739923 617196473
-598313753 -506825486 91278787 -334182563
680484373 -947518187 687229256 877135468
-722189523 700733838 240503553 766092301
-285693304 202642595 432835960 816343658
-261939626 -480517094 272143336 961768613
-835958536 27622689 -465576308 881823028
631291986 -530659948 874535230 -321253001
30199881 -848183723 988784493 482003906
-904133095 -653623222 -399653208 757021194
-262926981 -266925481 707996031 721350090
-927717230 -21867988 -601474649 517287302
-739332239 -850578032 -473852055 813973771
-455067079 78320795 630964492 553662523
-350749729 -166477523 -280596360 240474749
-213921532 -451418401 -136530287 341901728
-882516581 -550224737 755513264 96755837
-146204327 -528889495 723769694 923629611
-526820109 -483484917 -495408899 -309162397
-984414661 167460966 -58229029 419644820
-983186123 -241116992 -177587602 901300663
-425965600 185211954 847848699 351687385
162102872 -979025450 442129236 622352701
-521546516 91492047 114669476 721907031
-748541352 -139611505 17235462 90713925
-895016657 -645922757 142645446 725646933
-407648891 -84712441 -238912401 335082934
-234231843 -222625067 894609836 881034895
-705448299 -440442541 -16234447 -403517883
377880466 488647989 541195361 701583905
-347474081 -173501246 56596330 725017684
-872888216 -350982137 708888238 173042872
436193896 406580796 856659217 613847046
-655101729 -479895246 -243483977 75162146
-579274921 -335890357 220593906 909920101
-832986607 -200085262 123401308 871671064
-808903050 -711721934 944017456 -555050268
26850351 -688910974 768463765 -415140420
-459223199 -660610575 605980310 93217945
63359419 -233132652 438420283 811286489
-610556098 -419529442 254682922 403800696
-948522428 -614425517 867028999 673114838
840557809 -797362147 940666005 -43240871
-367538446 -776462318 712377518 908138115
-920782556 451256853 -624308731 570876653
-855437680 -27375993 -581736705 97437074
-780172402 -940317195 -117980097 879810491
-238251689 -521790030 419492833 445170960
544570288 -597545150 762205423 -460115828
-6752135 -910372956 507168179 257956826
-584835312 -727210179 6016840 -357538575
-372567831 50854117 184224487 415926936
-923845810 840024154 -880018614 979096372
-509002296 -220086526 772326315 -128751723
57177122 -291163627 339478060 84730773
-919202551 817272202 -522480433 850010030
-467499859 48301456 512760381 952167038
-772569390 -594492454 112169621 4209581
-52308016 -837043733 521794867 357016008
-845032246 -424181440 720164029 -139593048
-965735449 -218256923 393563569 -152403088
-280158034 -63793142 139878639 644329965
-657959865 -920489629 -478121549 609803729
-216271525 -101739064 568307277 800224703
-98823319 -823729291 728762356 -432459784
-714032587 -719353354 215415996 543072732
-210983915 -84211106 668878069 134130337
-278663204 -640538854 953018901 296409514
-965198493 38523069 474773712 962633724
-188466517 -983607637 964976562 193472534
-867530765 -676856243 546658740 -402432258
-238638249 -289531250 393194338 270917548
-641352702 -457071883 623940705 116005464
-834864010 106674509 994375357 356562599
-744734219 307827133 537182574 461456337
-39238068 595952834 759508723 678395720
33616815 -400177083 790752491 631643845
-836572218 -957264070 125140042 -145209717
126090307 305960036 741478273 603244361
-507911452 554512862 -288371734 646334611
647827235 -739133648 904959715 290783776
-940572714 -570533050 -773540089 310465321
-605416223 -920991209 922940087 320833959
-230966474 -83536816 991097839 194424182
-23000429 -182578729 247031624 648660083
-759493334 -799659253 795365767 590382394
-653759201 -76371328 199222767 105310252
-924502756 -627623750 -237664745 611151916
-134552996 -261557092 698178770 44803839
-143134638 -935764698 589020332 711426158
-100514642 -688982876 753183545 177490711
-120921294 -189329841 547925019 850881336
-940155856 553382223 -59358360 952546970
-327831313 -829047718 749032191 66053479
-77928727 -170300801 825299826 93437390
-247594077 471558270 908441798 697254829
-846257415 -741853773 76995052 -610492069
-119960198 -292620192 568800184 -138451099
-263408298 -499902672 792155667 851997788
-657148770 302097915 890467777 571742814
194108685 -410240981 311591167 757568402
-479805775 -824619847 110880516 55353346
601208316 124088007 878456366 563153307
-557883352 -112855882 247932824 81418534
-948780752 -421435610 638771612 678859431
-788951771 -449034502 -103890977 515864111
-922884838 -664431968 -62357755 727244188
-482448331 839972147 -445816798 981256516
240823351 -967299643 687751151 933814276
103202342 833880237 939819379 945118951
-10122892 -690700843 7788310 -472678472
-631593019 195362906 542122943 730039010
691560496 -11771006 911735047 490524335
-339953742 609602625 332428872 720404057
-486993289 402973 -177074876 522205093
-332202626 -497970410 -158662087 974527135
-621456820 -564390142 997309935 594441517
-766205725 -443847832 -442768666 903497692
-366509824 -601030774 197377206 689375348
-979688610 -840966595 881326038 29385735
190658657 94137458 303190231 526132669
139121241 340469025 292864698 791517659
-485195662 -556839791 -187461184 609166660
-830299708 -649857322 -727194786 872371853
-655549886 477667055 486258178 678745922
-873244043 -149849421 -632914822 778869237
-981937086 -350757583 106554259 961386461
22814453 -714666083 150215099 409909887
532839150 -962855322 838607295 877706541
-563016668 -534918455 955164687 -427394609
343903732 242070041 820300529 711277253
317068072 388773654 390946353 941679196
19272463 -974160304 304970900 -216013650
942447495 162084076 944215226 289720360
218984280 -289060910 979352086 -917652
-408600065 -588270950 171705288 -151299928
-386838730 -593780149 148395115 -565978873
-762980336 -676309858 598820052 -585556778
-370776022 300613386 -226990179 625687014
651257225 -971212112 942389731 -927899421
-230211428 379925383 799414739 405073548
-575652273 -653074356 264398336 -524080692
-830348220 -108748603 793285521 523512152
-350288542 -5332794 888407465 330942593
-333587154 -825095692 793781849 376266958
-131750325 -155374130 16691565 319438444
632581528 901170883 773317060 961843175
-533960358 -531020517 -120548952 -394694121
-795055631 414285514 -83915295 461780941
-14321699 -940272528 387067548 -262439579
-887883809 -488701509 -64656192 374980451
-579016524 -747132802 232466198 -416159948
-636612556 -368445632 -378675760 360661983
-186385073 -837664580 -36296993 -38963837
-424927347 -665332400 -117683935 589227897
-700869512 -164896476 -669248347 6804710
358562483 -153929946 577493808 270639560
348600722 -837412005 987645935 906371413
-988157170 -848029299 243964851 168660741
262807700 -976026720 334934402 -711200746
-242642980 409241043 501745882 581719414
-210109595 -147816229 301916293 157076156
619648461 -755173439 760745521 828205864
-477459821 -588860316 227248595 214638648
-480285668 -479596752 193883381 564805636
137668944 -378960431 423289984 176263382
-979143619 -408157193 311943359 264424341
44882646 -415071129 762282623 926591009
-812814391 -175564299 494262087 708219727
-241516617 -943913227 729029114 250382559
-861224460 370599000 445476890 396550651
-809713097 894275976 481945475 938242734
69956150 -813301650 935968017 810234492
-403959598 -620830238 -51744850 607121521
97353660 -352432028 526668724 -55723274
-877983734 -826916053 -839904910 775339118
29086664 -172879012 215189338 833090597
-427007821 -337798523 -21117194 675071063
-733254610 -282720898 -121061410 544981135
-822236613 309492486 -234692467 797485243
-371714178 127775959 689519430 290733279
351025722 -719739048 517866751 -715055805
-195534930 104672424 -131458913 284718787
-20788434 -942657295 631084117 222313453
-433111848 -148492740 4423481 -35444921
-99960906 584202786 309665688 604713907
-754314092 -658215988 -598603862 353976366
-778952626 -315968359 -202395028 1735214
-301729802 -987682362 11190130 -210216172
-449323509 -793675928 989201503 217025723
101373993 -950617765 403421324 -125610205
-223991550 533126977 139930167 933530963
-737703940 -344368149 212404249 424623610
-992976242 -642133629 -163828598 985866545
-653013086 -214813982 -181936138 36426278
-897272333 -59813835 39691955 465606550
-845265946 -531673651 -121299793 224297589
-899993895 -810561049 337287018 -670212253
-555997698 865946562 415476825 959694208
-421283839 -705186007 571679190 661760905
-891298711 -964323155 595595573 -700194563
-337544032 -196791826 918411831 199624167
586007158 -481059668 777449326 200032339
-820445445 -204225228 73995760 -180339602
-57660191 -275106135 534797684 645129296
-84462602 -764801285 925007266 -555555798
-688582864 362520492 990604 754685992
388597642 -857680323 873262965 866812776
-195588542 -600332008 869941882 624209996
-894285944 -157214744 226849739 -79983944
-234227920 -861993687 759876875 -556406676
203332193 156849612 953669956 704438467
397616750 -834413990 892595321 59586430
-380162404 385441468 -298388835 494525568
-507580309 -715426695 88716326 -203274263
-958257558 -726558453 644593291 -557951113
-643963973 -514581845 -204346954 113436889
-92130014 -60643766 825407578 963978368
-403441008 -397536125 -328155129 698912226
-90214896 -852228155 215599275 -432162782
-390331992 -625661987 425089504 -328047295
314136980 -335504441 324236565 -130296160
199909095 -598284404 793646952 907319569
-614481552 -344629395 371532224 -187025094
457465576 -568459626 459377839 -291295343
652690082 -943520883 878647871 947719538
-35553839 -846554849 927245554 963787344
62306287 -573003960 501361133 -367081048
339317289 -753264959 921825719 372561921
230868008 -577925833 436175979 -158835890
517170406 -971759169 617289006 -613093446
-370451700 -565380510 -261215408 159892891
-822079918 107992041 -783186590 776578335
-925312791 385586676 788627758 446173838
-467778252 -910494546 182914393 -428808636
-345728112 84616103 -301962061 231258999
-347811058 160564293 990707195 796568528
-342374895 -901033689 -190458097 81662808
-162222479 -265854838 323894541 302922568
