457
-231647860 -766511753 346817781 -607633275
-523317376 182837959 552795804 368427163
-871149995 -892827530 832416971 313911727
307707409 -520074849 384259805 -55428883
-88999401 599572286 73308064 793706762
-860432753 -991336087 134502084 -64669145
-781460187 318896333 570734099 814154172
-95692131 -281696666 432560975 -115594737
-799397576 -830682447 179594610 -499210751
-140015201 389121434 561925728 601107874
113059659 -624614463 118883122 988570421
-958273082 -20672856 175407145 911425442
-529930218 -392024776 997559912 486896079
-835293341 -19394812 590577052 284189447
-837885526 -599461408 505452098 -288635163
379053959 -471639067 564780275 534255384
-618686020 403049811 -387001299 803808177
-163451152 400305015 731913064 676842549
-425776611 -657836690 744570700 476020312
-755911860 -663571326 -295450754 900385
-618139688 -874763222 -159570196 -295634189
-430339945 -867905539 -15335618 213292509
-400897449 -363023086 106881250 915547482
-775410854 -77799008 460294093 416333914
-160656777 -209527548 144504134 991625500
507958100 164091239 828785571 453189660
-547551818 586340169 253269317 906426816
154608752 -897331272 361421140 -66659282
330443555 -580249074 594861222 -472357294
-832938532 764481716 -22798105 973298778
-911968302 -580621341 206768498 -207282007
-250148364 -555586621 826607907 -306232091
-777327213 407797712 390921324 940772303
-53391200 -722594506 666211963 -541200223
-948416910 181003553 -515252702 795044636
-413452585 -56129220 993596260 512006280
-795763865 -153246517 -549744886 807320810
1322829 -451995843 613472939 -363113502
-772619569 268289109 304182892 888087116
-703196097 -495220036 -374047293 45479340
417404443 -536777864 599803773 -333857367
-932674860 -135136962 224764921 803030388
-992935823 -691908284 -792330021 -357185024
-192900723 -528905285 806010087 970835816
-683238919 -480135500 316995331 633691248
-137914320 -146717335 467031435 808945985
786433092 -935740133 856617034 560322085
-935557653 -441939896 184725460 716816155
-504360045 -477644641 -78811285 840518713
797881361 -574627869 873732987 -176422163
-401802479 -233886394 -240644235 -16899844
-800975312 -961154657 -631649849 -352604391
-531638932 -478485725 180129191 391938392
-925292732 -288099082 -278069334 274041241
-995307207 68004783 129202058 893560354
-467477461 -155666142 -194440847 -98075196
502128194 531739240 569242320 723520973
-613429481 -894323416 -110567407 -839090884
-521073045 -213929290 -315164150 688707270
-586775625 -314898186 -37588243 864108895
-445267623 -74849579 -422193916 304180832
503521778 -863908215 589091723 -19834854
-179339040 -234993415 545898948 557962555
-237937338 -530830485 622964978 -70424958
-770049396 -829068863 567748036 -778715256
-629478779 -504410798 -391802746 937137498
-997474143 54149173 -314799189 184726237
-890581499 -134292623 -440782686 340088598
-716527360 -82096148 -505857504 288141932
-469219133 -26824616 968110582 242189277
455091674 122174759 787153075 521790840
-478197610 -774860741 -217930880 -114868080
-573550300 -892340560 562548732 471692022
-844835500 -627021250 952884859 678123418
-830189030 -637215765 277260983 -501580437
-660570863 -491361608 320335069 -206534956
181714371 50178467 647273436 904238558
-640376323 -983416088 -282670671 883383161
-945636747 -511523552 -139825261 -66352885
-930911541 -714610360 -563444789 69296215
-639837401 3319699 382320198 868809565
407943243 -795830191 980996760 84302565
159010865 916519239 203474021 999743484
-867400918 66594242 -609604588 123325857
-929390383 363465094 -147747314 942467767
85634715 -888816988 734568443 362606130
600659934 25899931 936432401 126344866
-951529047 -278994658 -427722446 550372795
-859061148 -707520738 762648919 -372542875
-499483641 -248362465 -65614841 588511437
-319046511 -557411443 142039039 -407249933
340637693 219135956 651707033 813243949
156196565 -824659286 279749364 -803817043
152186199 -968511394 556722820 859314
701195930 -101462236 804773041 587262979
-60595358 -91002725 465973263 651861841
-719737212 -100547297 -443353561 -22495039
126089458 -469780854 861416509 -260891901
-502841706 -853114529 954986328 755990559
-763809673 -127696969 -33420521 -102185905
-618239891 -293182218 -118694393 135917085
790886869 -887798825 796710708 548911872
-102231913 -564985578 236772037 802933936
-913917479 -235920091 203724756 79500725
-445511072 -179624436 567400063 -32131085
-961340979 -379676807 -391193999 -131674879
-892128029 -931553560 894232626 791919781
-635367243 539900899 -21204893 618825894
601014352 -877994831 969600649 296186872
-458255194 -158352246 754110934 41738204
290293007 157418666 451062692 607462141
105183829 31649381 134671130 64132950
-150070108 -338526357 546743631 922211069
834578618 -985742483 912932596 160084921
-969219665 -10756353 384438005 116506241
789839755 118913898 827416806 537553643
-645304274 -770098501 310956402 -384372826
64942651 -48617522 310507746 338864629
-355471754 -263757460 227539382 415482275
-616374156 728760187 288966415 903624773
-740553210 -560024327 365862309 553920968
-251478641 -752340228 232476111 844963377
739891615 128920561 797289185 839374538
839817936 126740716 917908366 338133650
76502458 -422658065 678820569 591887344
-201269847 -520937601 -54668991 378245022
-272419881 -754781240 63235261 889809786
-372721882 -754335607 345888743 -394183099
542205976 541266150 792619147 721075502
74442488 -554374828 686738432 681194243
-970296349 -51122689 115401502 408469752
-423779846 426193139 -419800356 677460130
-816360751 -701720469 -643201685 -695921530
-560014702 -603608468 -497532451 -321754379
504303150 -668636962 983966314 76735251
-566044522 -424575799 868752609 -96843353
-216802002 -817960581 908082911 -504289863
-147975491 -58885596 983063543 23468675
-170824776 -623413834 128190561 168102404
-490122153 -105345665 606558370 -69772691
-423712093 -993795454 777144652 -150947958
-772028761 -859581680 859857317 544586312
-744970277 17979503 -694240006 335708319
14249664 117906346 601525432 412519722
-830081150 -865318434 -279649757 682226223
-459222546 -14711345 326686109 6446495
-737252515 -897949701 184886952 99409765
-63002220 167309080 1662486 583265932
-779712410 288404554 -288076096 503121741
-868068317 81514857 905693912 996302827
-94388167 -807391271 812441183 -452476827
-900840972 -378500978 -158094133 419138415
-56604842 -295054674 22523310 881646279
139163684 -785770213 650497420 -74402532
-841664530 -753875435 -503176131 93632761
92952097 -1834195 710881963 35607801
-709648831 -84180534 -517699986 414866274
-411284789 -360646201 824033309 744023392
380753077 -657763628 777464331 169814145
32542428 -355846176 202290633 204724498
170177426 -329920827 997898655 364586959
-643498615 -944559456 968146124 -392137026
-408881002 -302227187 -360453630 -23325495
-752276194 289560284 619019781 626897079
-874912118 208786745 -156772005 482146121
-949647034 -901697571 202783176 -168171622
-972908926 -398371940 78421680 902678127
-51437942 394072258 25854370 523816007
-676523989 9082309 -143630384 360729028
83531594 950664950 868578486 977772886
341620236 180238509 986359931 231403545
140254028 -888075030 857197379 -612567017
-422313048 105019159 -341947264 762818575
-974947512 172040256 -750864295 231100657
-349936119 102306157 85353224 201240985
98798787 -462696380 576573021 561799178
-688702359 18169493 -264928723 322937201
643721305 -600746514 874731047 -57883243
239353482 -927071270 595805599 709977092
-337794599 -159228063 53333411 155081135
-274031843 -237661280 -253218977 420011070
66770999 -770215163 398554588 -319773154
228229195 -346678375 767506295 -139798043
-533518182 -440058615 74847705 -240255317
-463022661 789573398 -141328822 801250640
-815248241 -669309525 714840921 507665488
-431118526 -647141999 392975374 493251719
275311318 -975237285 647695270 -880081779
-515766765 -786797863 -463213589 243388182
-4547803 -86855046 543220103 205581206
-768582935 -142782509 -531187246 389831969
-401578618 112772694 -203964657 722897721
278302699 -931065392 354614527 -209475365
-980966851 577523120 -25425008 896340380
-900312587 281817267 470027383 615147425
-939365587 -447629484 749125691 552269199
-32045123 -966858006 136704919 388415842
656056604 171360652 933465252 217844548
32239914 -794953285 808452794 860469819
-833186208 -983305182 875853346 -897186842
-714906270 -909024195 401357766 567495880
-417046703 -688353215 329199379 -486980970
-303649214 -933786922 668304912 254077362
352936064 -64513002 782975194 999263633
113070102 -993426224 552853666 -940137174
-689283801 -300649410 691879359 797004357
12786547 316439725 731966720 709583362
-757904821 598822439 132052131 822569589
-16591021 145810539 900841679 760506339
-138078176 -811513876 831110257 57693595
-413731945 -117730689 280045111 23465991
-668297605 -341513264 537935965 647534312
-335777767 -517506633 -81332127 -307446201
-710501597 -254742133 -400111151 781459126
-423488972 249914933 -230756875 998717280
-655560387 576811480 325729040 851982702
-663400261 575540103 604066761 875022326
-229643512 -52189670 -187163375 -12861414
-784494671 497215786 599772940 723485000
-384358312 403620560 638537160 918401146
-306167993 380728839 -278416405 738629802
-597744421 -561753760 314623321 -384422615
-267048814 -217754685 495346172 139151011
-579483796 -208676825 -186456935 722541967
-632335013 214571829 -35066498 729669159
-828330175 309985942 25196512 588951256
-234002523 -580343814 921691141 39482592
-493144854 241464447 573759572 506194673
-226594379 -47201098 -33091942 54931574
-998251040 -586678519 993257318 176011928
206001836 -589822589 435361844 285159523
-13490419 -705754323 331040920 671836050
-774424869 -915179184 48235065 -605099181
-55923338 -636892922 233108245 445585558
507265610 -750297107 744399047 418435346
-557263289 -34383325 106622881 478252401
39411055 -359537420 512599336 -293203876
-754554390 -737254125 -485090318 -483728757
-764065384 -449442693 891405897 349809659
-299660682 -644344466 535406588 -325283784
352802428 -649873033 635670502 -53875437
-685598152 405798813 370441147 964050983
-914933228 -854601593 -739345971 135017723
-707202429 -960751770 163872457 -736092112
-646891585 -590357859 259588310 -375038276
-981221854 -895987589 -730357544 -91995361
190273919 -254395656 940028874 381206834
-919072596 -200612149 50707307 563100708
-700377428 -789036525 716687484 -654624056
-581058710 -974578931 465856655 432708293
-731109606 688249552 52390481 792632725
-241962542 627061912 -235700626 636127803
-926138270 330675830 407236201 613264856
-669003149 341279243 7633839 556684839
-534186860 -745024489 615570921 418601791
39441324 -314592711 656936232 178044106
-959715685 -558492142 94764778 -334463354
-793658476 -985198857 -495536750 888833784
-553007131 -620786682 742710416 -299178751
19693325 -748397892 576942267 842155382
155756492 262486180 181174345 631621486
-955657152 -829368395 -276079899 607293061
371693658 -934954109 485473072 -807364391
512485736 106063419 641797798 814882059
-993215811 -531463157 914491888 483997129
81743620 -989536144 663484897 -281518033
-854203994 9790566 -276199273 855897965
-681743184 -602835705 695024053 -457527953
-453232736 86986769 -401293236 593785929
-955239864 -89896827 178059544 969226050
-22081224 378305511 601388843 822442474
-892227930 -610126749 -545276864 392774413
-413896592 -947692534 -91883296 -920985181
-572576577 -939176341 -179119927 -909379920
-646843251 -823220932 777753548 305249933
-627896828 538104707 -49255103 799508986
-261185832 -738327721 -228412090 822650201
-384057141 -963489386 80386247 922770349
-924869009 484485327 -464769892 709971287
-322425094 -155996282 -126850629 -18123816
-171233215 -317202683 437248824 101748207
-325447625 -460580660 -255305498 -62628332
-666066326 -711179334 -357475300 398300685
-998379127 -824177596 -413946674 242869918
-575311791 -2411280 -317618270 997604687
-628240798 368078093 148408937 494020902
-563159702 -281180375 566083733 515970689
-854656651 -586233826 -601911836 -258199213
-702131771 -915539743 351941812 -172678221
-557162635 -744467178 -63946646 -583738566
-216868972 -144967794 64421747 461666920
-353118929 -801961074 -250861066 -778999884
-890486346 -716546310 -674317255 707453336
427390124 -559275860 908992634 -453328040
-678008545 -726131092 -236850977 -405808595
-709892573 -978177736 -490638492 307554590
538904927 -586910498 740567122 617188132
846990608 541093311 853020309 932548175
-528777924 507851016 -140967749 629392154
-31288377 -342179337 368023715 526502535
-219702298 -681813181 449452035 -584618041
-926155787 823164694 456122200 939924299
-633638863 -897608783 -588844547 614987510
35076670 -356038451 631337522 914565144
-671519915 142300590 738574754 722495236
382317550 -136635650 956626645 21081977
469286289 -147584212 625863657 670684571
634196218 -190796717 744410070 635440531
-614031011 -695297638 -463150495 -627989835
270835338 -535127902 553945527 581467107
621083082 -99054913 957425845 437216737
-414156543 -564105529 976104310 621266528
-542415962 -297727911 -540346533 748645452
-780015050 -466189072 -242653097 420150767
59500560 -936288553 236442598 642349602
-249241042 -509961855 -47758169 781105542
-878574039 -779065781 -209239277 -705332670
292313253 396008621 687324133 539924306
-852154083 -737516144 -845884543 -28232685
-109037659 -797294706 974966284 -737773000
-804830855 -642243771 -133996857 386392022
-873411540 507258864 219288463 874728781
-974378500 70770985 862227583 776473335
-49350884 -304157586 363375302 25344695
-183088535 -410376246 758882321 99201922
35248782 514676336 710841811 766214560
-832549 917922925 560814112 993340708
-926822151 606096136 369240134 760721340
-7931441 -623584021 100673874 41802785
731020100 -141824538 987830293 346019458
-514207525 99984313 943169741 177548754
113351986 356375097 393204302 972541354
-647257615 -716039365 250769468 -251653036
-153554320 -374117683 176604744 340667639
352454046 -224276789 722628200 115110135
207078028 446343271 670587049 699088715
-711554587 -852776076 -63490497 583270351
-552085393 -909975489 838706524 -783680159
-888571306 -363365482 725709085 608667899
84037170 163445636 641506250 192915469
-549953448 -399751502 854348599 213416474
-411230793 -759621089 706049679 405452417
418511749 -642055659 430462090 402343048
35167662 -612675728 907573212 -591955317
-814324205 283311688 534789162 924643479
-399121436 -350264096 16936250 718092099
141143113 -833902136 742830626 -102317190
-959566269 -651198757 332860887 834250237
-377063108 -965896006 744063056 656736545
-112197786 -996414215 -41377073 -864284427
-937791457 -302368216 -69726223 33653998
-992162644 16136892 -548146961 997231277
32993457 136581949 873960700 609087733
-156670407 -458125917 700942193 818921283
33144106 -874137079 892687660 -773013955
-25878405 295811943 894683063 657161861
-321896273 -311216933 395479476 670271539
19107322 -203154022 417605243 185208392
557895090 -364345360 923469795 -68912685
-904411821 -679633201 52849042 -478850508
-561704128 -440503584 -354439612 484260796
-48324989 -11413394 403357010 990012340
-584511224 -285776186 57703276 956616562
462045492 -750164093 469617982 -270103278
-320621101 -444427948 637086112 725713809
695646787 160086490 928773958 640786207
-564124049 -886812175 107985278 -166295367
691250254 184011954 713414623 805852082
-950221224 -492255709 719856799 -364699100
-655613382 -114113206 -292999153 700641064
84997456 557926432 470712343 653076865
-347100127 -259362230 161548867 441218022
-46085932 -343106088 70998290 17704526
776256147 -193540079 804111772 841283989
-929030919 -152218838 -611414919 578223323
-153334487 -126141737 363821447 239630473
-267351028 676420337 670070593 931578806
-514015868 -267026137 769673975 410702432
-288686798 92725668 202883946 855408012
-552493415 -68454864 -137762344 75150688
-839682226 -483991617 -3206571 -66914711
-570387424 56978912 910378291 502746592
-846772614 -96162752 -70217488 -70972370
82477698 -27521997 503967918 939750853
-147799248 745814688 493633175 802601115
78913611 562618785 685082569 836137717
-439699892 -446015546 980035373 256854849
-221605011 -427374075 111086434 466853647
-739668674 -466189411 251557050 975179733
-208593665 245897894 18023332 705775139
-811994409 -370391688 -29358540 -211786427
-357517930 -992163177 223542443 -187450
-971959231 -462873371 -470470600 102432749
-924427767 -9555485 740864962 364857859
-110867968 175665900 777331876 253281207
-161838799 34423204 596274061 350404365
-890164046 -891970420 -133189492 49258759
-982180576 -363562993 378281256 294922835
-374905521 -896913900 36819452 -664324493
-569788182 335899221 -430068562 469727440
-906252605 -675203191 426579960 773830402
-949963528 -891356110 918395900 -437193475
-61630271 870491119 533525480 927828822
618432055 -964933578 632698846 863100372
-263656455 263113644 304421578 399465698
147696530 -237249890 393918612 461472149
-821401459 -846798680 843657249 -171504773
67645330 -233299813 772693582 147319017
-238899433 -152103333 304329888 206786648
-734692038 -567451414 -460734581 -474298821
41576484 -779434077 582804601 374251191
-994994220 -372754526 181540249 908051369
-7126858 -804549002 989629961 349451562
-119468742 -596041699 552776192 916136248
-442062912 -972374307 507604484 314541689
-267486878 79110626 995356108 482512843
43214002 -804703849 89167648 306278845
-156972626 470323922 777800001 598920289
-445806311 368485925 174369642 531841855
-758186594 -814710822 575523633 581316808
-352526925 -50197441 495582054 161362152
-93091239 -46231827 680530557 854925547
-613064214 152680938 895047080 229187842
-920812217 -562260935 -856471603 204828321
269891506 11978625 542552834 290271118
-471663375 -563744560 852831039 8994199
675301518 -826685441 882496368 -673345189
-894100273 -882527421 -25868684 110601023
222950057 24806306 635491318 656760650
-613854283 197523057 146607031 739225609
120263379 508820718 627694704 753376797
-885736834 -720266271 -327065197 -165916592
-370625740 190335350 11571766 308591944
-720680388 -619206958 175075788 527397527
-198634568 -225382458 90872248 237107841
160377709 557293796 426325421 927133328
-853767316 19524889 637271584 768754630
-71548260 -326838267 189818058 -210637319
-404848517 -534174034 -341756586 160525760
218343068 358553744 388557413 486379622
299314441 -977880880 861367668 -761608859
-530713684 -69282318 590466173 -52879134
-359001914 481391578 29575302 851405493
108826697 106914631 501504186 787955906
-545229365 -119566210 804526770 760159316
780852377 -579544395 979788580 998798993
-407978011 698326457 306433053 931869133
-202909595 -906432916 984038043 283308482
-746470880 411135876 95575226 443794074
-832420429 -207840443 212729414 745087708
-881195443 264013486 840198630 389220504
-392308903 586535097 -179684839 643786231
-331634813 -745379845 854204005 262544672
-508405129 -602202242 783847519 177053141
-288759693 -987353776 845437335 -466834932
46367693 -446187306 500227243 587688602
-226424639 -983811472 241296382 610496169
