682
-900514183 -782238911 402977518 -760825787
-804141116 -402163843 325499003 549318559
-121833212 -338981920 -41874647 -189427312
-339336034 -697957010 -296778888 571198266
479774610 -726490559 894127220 -203190624
-665025462 -594860126 -265464545 -43766284
-725402418 -25295155 -319453091 74950016
260518172 -155563406 512060005 -93800164
552780731 -618859661 993999084 -76315128
323486178 -480829724 919104165 -110666007
696663697 -714615169 793952040 -164133196
-437375963 351052511 179533676 379680694
-814389829 -143084203 -746115857 84242663
-814160881 147574126 121590510 644027176
-991899376 -689811530 247467948 944284104
-314025707 -771081068 803222802 -585672519
-274647406 408898392 -205326036 904177857
-509980553 -184099538 -308255447 736507
-494504186 -950698351 130991531 757299468
52238019 112929342 165200769 357820952
-400243876 -664963561 242845681 -313968186
210435001 -422281450 463184833 -2642060
-146831554 132882724 235166491 166043984
-673430524 -955823240 -74739582 530758185
-920972820 -862206373 118508271 -498389613
-409226013 -283014806 -10416397 40892779
-638148097 -766833984 681969302 804331035
-477039775 -77614298 -101265927 331607865
849649893 140843606 988933111 965929359
-794880542 -209789 -109592467 391111620
-245518366 -884013679 870161006 -105031771
-712291102 -592750252 140702077 -42457442
-215724581 221359915 384461164 268358282
-549465127 -144603036 -515332162 -49441137
-676010164 -325307727 691647269 456790213
-340955782 -568037918 -238769087 528725915
17720643 -643880789 749113017 789548660
33886769 590687708 102770981 745703275
-40931945 468978424 296268409 956636131
-251183536 -668997301 719803703 283935942
-466609275 -239700417 410295760 760254422
143048314 -706590219 673760141 -401173935
-544619584 698591295 -489327197 886418931
-561300638 531966423 951738674 833044975
-337771162 -472639399 -189272274 809135639
-880586416 -350680714 981492591 -107559342
-266540990 -948322709 875516903 755899926
-749630855 -819191202 876934264 860841638
-570171502 -740821071 -114303658 147343096
-382037381 -331903428 -227909211 597436993
383098922 594667211 512503554 751955253
-458079414 -300897249 -245711504 -266960202
-388686143 -621144919 209661197 546832368
-520039966 157589393 422277268 702138083
-991477060 -688172551 287658683 703226735
22801256 -406030467 848242362 461293720
-820308436 -269012169 814971803 -246891950
-915079192 -308840954 -522233887 140206104
-970551704 -485401566 -969665476 -420294293
-535107383 789029986 518597589 937892315
-856412762 -719599641 702596087 -583349643
490125003 -517379885 979273301 522285679
-140356049 -784134394 749479657 -282043888
-379883711 -352265546 337458881 -151841944
-231628027 -130166602 173911902 480063858
-578960501 465864376 505000493 900990428
-519754022 -40377302 710237393 180242372
-849380083 -410055562 -405576805 903426660
-444235192 -66203620 -350275689 561177549
-572702406 -987659196 846157411 -667029811
516957791 -419380621 780404942 -269257463
-924349053 -722009221 -557604791 662283027
-370897604 -594394929 710290469 -163442032
-40053724 24229769 558444258 428490279
-508176745 -816658415 551759608 100549181
-771751189 -684638722 61188648 -490783969
-707791380 56119157 -393321485 466699240
-494367847 -808858334 401493603 -411411235
-928860930 664937115 -708522227 780434733
-457113448 -203521794 568764577 874425208
90968335 -687737441 669793627 -116881648
-331454055 -579638450 -23788751 -52424450
-176274235 -257039384 752939391 -6240445
783845130 -413701836 938449485 -308963445
-974357483 -123346620 659127917 1996978
394577854 -803239984 492919437 -271349128
530479660 -53287667 550964635 476715457
-360718752 -628883275 -286294785 -161054160
349172501 -318926499 456339204 -129251174
293498099 -188428767 419120495 372047794
-937152303 -567551472 796909275 -49647738
-266971078 -982457813 202777016 -184296262
-305053128 411059519 -98948464 411933996
48272306 681437415 322501850 896231080
-707632958 366349938 983208769 839931629
-743155253 44738809 -349659855 427052683
-522434634 595613878 98160952 656263311
245035553 -651507534 405141880 -446109237
-904384437 -743411312 -147602781 904386835
-187112579 -22493617 317937009 710195970
-370069740 -775730131 18133875 668192729
33825379 -854772729 551385205 758828805
-891732562 -690899444 -442658993 248417705
-883515189 -510405750 -138361638 566619068
-140961865 -200603300 651996631 536044803
-399825543 -194460395 812760719 157724953
-828277065 -231268230 -179549768 -5506458
-962223470 -457417952 340319170 198529720
-66512797 -438482487 896388163 301681136
-823051295 -485089451 372881704 441537087
-93542604 -740401530 562325019 -219882348
-902992917 -706331787 -252382017 489499165
-199565965 187463898 730274113 796002399
-994929834 -999980879 157502011 328643796
-818990925 355259045 101333670 936708688
-603431146 -942333637 921184323 -881550328
-637614987 166014926 669600476 340111701
-976527204 189195901 612512266 427961415
48593766 -3340340 845693006 446568434
-224032893 822157007 213292054 940081431
-659874873 -345087910 810901121 -25264203
-149765465 274675262 -83133023 543140895
314314085 -121772042 717896786 462998188
-271972103 -457005288 -120503208 386736214
632072503 375935306 725449491 707728596
550206112 -293356577 639121587 755008579
-25493750 -762781215 999301244 52766693
-820466636 -276776590 -812921847 525593726
-378167820 -924245292 371686786 -706004265
-935438894 -564683524 -555483597 -474024797
400048200 -598411402 954316344 -459549859
259221806 33729920 312665860 34770357
-864760762 -686405502 429303033 568740976
-699477918 -317904299 743633110 861346055
-653254258 221009333 -36662543 278553687
-460731317 -675336299 570212902 721097097
-362212516 196882358 -292637364 713015496
-703448908 -718930895 -360835473 980828388
5499128 -516762788 461826543 862807726
-693842684 -698368572 713554787 873750347
-498652839 -662341869 362251158 -326323743
182336276 -242147667 850880111 -229618313
-830775710 584103796 -569459203 909542703
-397833856 -888740981 981770531 278124156
287495908 -255506884 781773047 55492958
-585866534 -420598933 -479213905 609759829
-744635749 -625131058 -454542117 -120660929
-270075365 -799016450 576478078 218229719
-889312100 -436969908 997588249 30721729
-861056734 -650642718 -292026674 802063302
-715856826 -18646794 -137442459 76526085
-670638640 -870875840 963468739 836493190
-622915478 105227168 -82087148 448060234
373022513 -267469585 505765910 16255379
-144034213 338607458 -74771725 538977454
-448486272 696638319 659923440 769923138
-754719496 -820223743 445666891 -709532816
-562406107 -705034311 296409738 -379605290
855403140 -791766163 920340240 -561600629
200169467 -788676880 440537885 147616602
-677359965 -821354446 217724923 -561717390
77452585 -513808914 406402461 626089107
-264490015 -947005795 336545433 -537593654
312415001 310940490 316281442 997223972
-107356910 -944730199 181495307 235359498
-106282819 599335620 180988490 939102529
-302588759 -618229302 590498597 693557113
36655334 -703090151 188848499 645476908
-252222888 -881794128 316135464 582331727
-725799341 -633299237 585367216 690685789
41223365 -486024895 504261776 779007395
-508422167 -859539784 100159488 935170355
-298173547 485144133 607384868 795842630
-839352080 -697164556 -55118080 717866379
12935422 -708121975 464914800 257657842
-879733434 -302503143 -729679828 -85200428
-614884632 -419291686 34295274 356980505
560880928 -883576800 749202025 645130200
-187276678 596848283 821958382 776771932
-45243958 -223992303 183888880 802907636
-406188861 -725368408 3458869 21086516
-464221184 -411724839 -1018987 -101408373
352901552 449653870 568051439 674609863
-343498314 -345307949 562567260 935056732
-825372598 -779675389 -766832364 789921941
-653457435 -829192024 376882941 -82000401
-484340683 799172418 353329800 864714419
224993463 -711870644 246843069 -387253249
-232005246 104113932 245139636 710247880
-598745979 -852341830 -317343713 -383343902
-396088488 -390008120 19543017 172985506
-967867345 -726592464 -274667808 941662780
-391509067 -285753581 -56456998 -155714900
264993587 258467412 648933208 912951545
185776028 -687498338 502190597 -586308233
-744971735 -521690054 409110931 -67057994
-490660721 -502594635 120007588 976116831
-553162343 316680449 -307395259 904846173
-493083419 576153754 42373886 647108365
-331379387 -183444449 778885591 858851819
12866702 127399262 30311719 335350411
520973028 -856180709 709621482 359790059
-446886749 -125776107 138422717 759213147
-456591226 -304065270 928221500 932215413
-221198466 210483936 457899237 272240280
-915577758 236316469 -743296141 270891213
-39703259 -699028332 91804814 382984608
-709756570 -832176330 -328149158 -480366355
-968403131 -387366538 675659124 404790585
727268973 -49096551 917614267 754717666
-84119377 -54503448 294220605 516859643
193036863 657762566 458119916 803729938
417060983 -984800937 787815021 48622233
-559349296 458393046 285274811 522817852
510832625 -895140185 957096581 336063386
-865187269 160872384 59495082 342910417
522329326 61822082 773633213 990189634
530361850 196926766 765557068 571710697
23177290 -832594284 342350942 614515067
-498462465 -57367515 198171993 24602865
-499232311 -815436319 21392742 -605852810
-608499453 -910059978 103478380 -47179260
632495441 -842235965 769191097 -363923039
-284082720 351715554 389832340 777471016
-203697812 -453595071 961686975 362465214
-391547909 -386637351 782165023 -171480247
-95635032 -741814292 43257029 473873836
-583247636 -675435173 -171947415 18632423
-700316626 -341719974 957043507 624674140
812930809 -525968843 966327563 819833826
148812929 310419738 416390858 942214982
-272666368 -242423019 196530326 743541081
-770331357 -140375762 819902505 114822159
-810548598 -393279871 -472142613 722073815
-344587387 243020891 420340831 252831082
-145831422 -323711942 725583301 -89951114
-191042401 -999241895 723092481 650091409
-40264322 255088996 867671151 762797592
-624016768 -763956269 38829107 443389605
-608205379 -837028277 677563162 -321582239
-342504860 477190176 914461757 763952945
-456965656 683766156 401012132 685979252
427743807 -964970996 476655932 -898674233
366857667 -516105207 380981329 516979696
400358959 244954638 711062673 747295611
-150339127 -106941979 844419851 366995399
-660423966 131837150 684724675 929387607
-590796695 -546887464 723244883 225496604
-324027328 -678642267 457895531 -109726079
-401845731 -291653696 620904954 -257170718
-914889932 -637640368 -616559077 -553057353
-51198024 518679219 189031930 682779234
-734814287 -558725722 -608703256 -292415394
-526809235 -962985647 874587366 -870464493
-934598890 454484224 545746322 969073014
701033354 -82173460 723516742 203826152
-716357988 572492165 -60190078 876829930
112556435 -633428930 491542987 -442690888
-69831056 -643142354 368499342 460587488
-985489849 922512058 -979196199 972556512
-811106157 -391076378 985338725 470259937
-835846451 -833896516 -456499926 -68633489
151195407 -911484984 797677095 -677848639
-775177987 -988009169 547950985 -503200484
-904228744 -102714744 -488727587 264517633
-569823836 -51078199 21599855 627687180
-597729722 364077178 389038051 457712005
-878733389 232251944 328294752 256423344
224221663 -974707845 728919956 -858411241
-591981304 -509613523 654143763 328850844
-919192955 -844315307 787093682 164664651
174023638 -734927364 281209840 -222146300
-418741448 -995166816 -390892637 -168704455
-739551070 -756504837 -39128121 969529898
-916901198 -601484140 533654928 420561093
-218626241 331168300 600333180 604984442
298336881 78358835 974527991 350490958
-525184017 -903921553 918432657 -1754722
-469020360 -379489923 534855142 -175076333
-159524923 -856771391 -77818502 -614038197
165236723 441088065 763662657 547800034
-972376810 -931055910 -170711322 201113976
-584047358 -893358518 -497895081 824726326
-661854255 -995869268 -651307668 281783813
-783676790 438289711 736052333 544930745
-636761073 -253363229 818143473 64007467
-910055981 -88407973 -700520555 214210951
-989174110 -912409955 200179808 -684196934
-364306670 -287457464 619343510 -121542352
-784287496 -569367857 31163700 -39178033
176590150 84469936 501889369 400014623
-118902982 -661920588 506141536 39751167
76986704 36112354 329060022 961958284
-440677171 188396976 725098460 380330215
-682810940 -74609385 -433087749 919554811
-242650774 -105234278 862012945 596098529
-659327771 -418052283 -41834628 322518994
-614092113 -73376270 -47500666 704890169
-561878901 -704718041 -375035291 129856053
-798996535 -786876272 -620459749 928402668
-449699188 -117677337 -397540102 764690153
-488964202 -276638276 92560860 502863544
236767620 -1844428 856216161 307522134
351602377 -303085797 746784794 129639191
159056252 -904021234 270871638 -627550959
-409697088 -920424540 226559080 236303530
328265189 -632382365 983485148 498224794
466583403 -335043335 540255034 160412987
-740816899 299083378 -459923191 317864762
-846541131 -668116085 -548754045 959958830
-758465465 -364644354 437129638 -136346778
-947388458 -936631526 791415818 631787108
949407041 -796913260 997675085 -467556869
-366585447 -173167559 980541314 -8929039
-177296330 -565664554 567465131 -75650871
-369803293 -907090476 -243842837 -227220895
184897503 -467493148 416111988 182392243
-686658525 -988902270 48809415 833152676
-364782420 -561651733 -16836820 609401744
-72400760 154761513 -2081840 296720084
8963865 -397607652 652682039 915766435
-526113934 -961696208 767212282 216460097
-417479227 283928994 -15139399 420592033
-685732153 -513643729 538537377 -278845872
-869443255 97002302 -694295240 215576877
-997023646 268069247 698754183 454214178
55627259 -683234895 391834243 932573077
-430230593 -737098774 946048916 -8946926
134998399 -383909115 568415535 -62579669
339893343 -976281522 762328705 463277926
-775934352 -969603349 -329355635 607008020
-261736192 157720790 658194487 764949299
448741831 107597797 809425223 669831724
334380052 -117327985 623497071 732085174
710051900 -435239044 749786230 522862497
622910368 -461223612 640302918 -108450906
-611579156 -531255883 140674691 954470178
-636636971 -432108155 -305780752 42901836
-956050834 -193037933 -594123954 502455227
220761513 -825951165 332526531 227225720
-826887170 460085921 761658126 962605102
-470746089 -75013233 -329001941 219853121
-855025375 -667744177 -298643131 -44808539
276615734 -512679078 435323176 536721527
-829111797 -545785915 18000015 -451648985
-829764080 -417643692 -554457434 626569881
-785569282 -237837381 -405220275 397311235
-649060062 -192904104 -481908041 498302222
-554017139 792630339 992475625 805344344
-990735349 -124187526 -441973676 984386242
-738814711 -426616757 579737187 331744257
-937060678 -700248652 889022055 -669837489
36333279 -97147113 672745857 401287998
-382908135 -6547886 263273934 935757970
-723372339 -461550625 485648795 -454018885
-424788515 532955303 726394694 977017442
-133909430 -81322283 943023569 171188854
-419253079 54273737 -296546340 203552580
475455213 -321081685 492085046 -271871895
-578627738 -583694350 926830582 -448107363
-869193558 -459878442 -818176060 -432161198
304050694 -830932815 362340660 676446229
-56532314 -158226595 159557769 760384857
486576107 -400174757 901897701 711832238
-789047312 -843003223 -25992351 595754700
-892036734 741030085 176493480 859258692
-895956278 293163055 420789983 464437969
-354836181 -17333007 936971320 84688026
-592460434 180946602 723231992 768491647
219492600 -583415371 291793218 56643531
-681522427 7239273 -347650980 312709878
-839150595 -951843484 874721505 -370981335
-807837975 -998242021 909803902 731524060
-173449009 -975084540 909032736 -63528340
342410413 -612979809 351219691 671168215
-396228322 -128387518 447919665 254095739
-611532491 -817817356 396841894 97820743
-369693185 506184962 603488464 923068856
-661322587 -718615939 -83373797 -441610590
154451436 554581824 895285531 889043401
-808411515 -351170285 571702461 147964777
-390498357 -291434485 942499640 267333467
-722404516 -702780320 854437022 -318313598
-477350921 -160052888 39968461 470616364
-793193871 -386509044 -493680141 539667981
481063252 -802595487 950445948 -506853240
-877427513 -853684350 -207829831 -805404640
-235296635 -47765650 349458724 300363314
-964041931 -758023083 -822865197 -686285797
-406239862 -670732732 839061490 384102057
476153057 -351318152 647221375 40097126
-503397736 201440666 615268983 435571033
311929460 327997793 642990976 802672410
-909979819 45616035 704813085 350400600
-37794104 -944311291 624355162 81394177
209664009 326627045 580809070 361592154
-65900329 -639856936 829984883 -567806590
-264998872 -870168924 84429631 -817197704
-284990462 -646539285 579575103 -462125518
-151691787 -977323371 667851013 -727968641
-747638381 -621862709 693582785 -445748316
-374304610 -775686672 783486763 732369944
-729271021 106356430 482181063 488043299
-959315086 -708661266 -534903232 29923953
-898242795 -376418244 -337402642 571323819
-901839751 -534751690 -236001166 -325053510
-660571333 75024544 -295905531 502487071
-222999658 610406005 735550855 885543528
-748777455 -301697012 830113717 682901161
-834389760 -647372088 -102519175 -540652460
470492832 -352647463 990023237 874009728
-916988906 -729169600 605962930 475505541
-779935660 -595884692 -177160777 35156594
-665767627 -615598893 407459733 405465634
123020631 247453791 422487905 548049920
-416494757 -271451834 198925824 195371271
-493072787 -874773716 913915203 -147955370
351372824 306169812 396354710 667757572
-166552169 -193410707 155785475 397756179
-749018514 159740697 -478802134 618476708
-177010945 -287393075 205107203 -164048693
-574969612 -684429729 -239963423 594251454
-609671972 -965126140 -488846620 950905354
-191080851 -772967502 389401462 -91344286
-291401932 -837261201 24268194 -519147708
-867683068 290491151 326046762 302798453
71160771 -87901936 891749798 209294585
-127605327 -884158554 327209116 55462166
190914691 778920958 346630981 956724783
-612942285 -518678380 886356467 405955512
-863910703 -14100344 583218215 324817268
-159583629 -888393331 917923059 -524301088
-35197531 -315312754 438590747 923053163
-230859677 -998839659 689456189 162288244
-264798771 -457245581 -181334595 412981024
-582650362 -968915506 326776517 -75454979
-841783408 127462625 616986936 862036419
774134536 -973059598 872962582 -946540371
-999784941 624782941 -505170062 747060922
-852560822 -576934398 -78158099 888863253
-328412422 200258532 866905340 747865035
313255200 389109810 974410706 911745821
-697164072 88212410 662253567 672327999
-301791785 -951258948 82723061 -451506807
-28763237 -719392723 5562350 -17032821
-181968157 431461026 591198597 964589453
-689193596 -986664 899468110 244054650
-149117675 449459257 -141433553 698428943
491721226 -457264341 851946628 168668259
-996720004 113940265 541162967 570142270
-558899040 -745563023 415061151 680981859
-393039451 -750703720 -310198198 -147817549
-511608306 9816771 681323991 685595025
-736083998 -551500373 -67856726 -200406327
-253829493 -772191025 126319135 715247683
-408080726 -44936841 -143514902 846804138
-994904962 -727522971 -831522850 -555684103
-57496900 -423199051 809314509 -235738837
40973136 -781146855 580163470 158463693
-775957515 6506620 -226762547 243668107
-732055683 540461375 -280191884 955023040
-999594654 45794220 -991414154 98326757
-562491087 29273044 233142797 244474432
-54586220 -630867295 952792437 106914195
200224297 -443028250 240051568 938311829
87613930 -999624955 839315093 308709026
-766890955 841574906 -360649368 996550370
-606111075 -561766926 -457911298 94114640
711700171 56721298 884124174 177825123
-543006195 -244628876 116810857 21197702
-764212818 69350182 958709937 222461067
-810372762 -804489079 884550679 -521691317
-683633414 -782494792 790659548 494086008
-185383275 -655692403 990312141 685894800
-290557317 -986350385 128175650 -302341413
495323375 -451938390 755326994 348168014
-406577296 -511815916 868980960 253061410
-611040768 -638935731 634207157 403009680
-688695337 159838995 542211539 197245113
-922585648 -720689078 -303070304 365246163
-942992695 -683654657 820803697 -422773526
426804548 -164998811 801532124 981380542
-143492089 -152277969 311272081 970164383
-347705776 650549706 -85325701 804465439
-895275386 -854430017 -626090587 -43567092
-591606481 -982137005 842681835 972574202
-974670863 -244578730 -38390501 881157754
-814691003 4279762 53535602 266052001
738481892 -701965706 979744166 755155403
-269950893 -972854277 -116723813 810179447
-536600215 -853722200 822009162 -60084081
240255249 243682677 638585273 554392491
-236070100 -512948406 425370578 -21856428
-233260211 -769245418 431744312 -587441416
-519241733 -74450684 -246056934 658211710
388843399 -458972588 717355098 680543933
-62735140 -939164585 335728344 -733024031
224209511 -242557015 356741740 645241883
410441745 -631662557 865775192 -529138149
-232587231 161813450 245384270 884987040
-668692215 -408254647 733777731 427160998
-646053495 86324129 -485042629 189885377
-330273057 -806314157 22239221 -30116695
-570858356 267604861 -492024256 926323942
-949983477 272584538 86980944 571376629
67674691 -789175266 449424664 330103397
83430676 43171517 880909564 824757531
459674430 -980592095 527159847 -535961793
-144869276 -985521149 332596765 279071247
-853763825 -242328912 840970626 -198185618
-358917495 -69941869 564160161 605657272
-600760237 -948782917 632481493 363217508
-508157440 804612748 -339717522 970443873
-418849639 -473549184 104481476 -188294864
-413693423 -398400079 908226092 736376841
-551450216 -202926282 378601363 -70582988
-90301076 -305325617 598247327 16048019
423339736 256147093 646473820 869763708
875968544 -121873562 965919210 521727403
748053424 -766188447 889425620 -466387604
-923641433 46480873 774849630 229942694
-499081206 196175037 627205634 724448532
-556012672 -728567336 386240499 -441786165
-523709719 384465055 -369930194 592281312
-442306950 -406034156 -231581117 287854669
-194504126 -515347725 -6047082 658268456
663896748 -534169023 844926164 237545491
-486956477 -741603663 799427755 -342279051
-109061260 -92882690 304114594 840226640
14761604 -322275126 698443073 -262948377
-713740220 -486606785 -709305203 978757759
-333899142 -98430735 497612955 642207641
479526666 -177937831 570630282 -3801322
-311933557 -501656812 871472589 -62232938
353840563 708697425 676830098 964948476
643275272 137607287 997804763 243563298
-76870748 -736096585 940092439 -159599303
-912366393 -583580450 -181730446 -321962955
251692317 -438917272 665211477 523738090
-234532521 -236086484 934839980 857596827
463870683 925167 901120344 352309220
-525077267 -922050535 -227179748 -24604405
-102084353 -957544957 25212768 530355982
-458104426 -256335536 785478791 146490241
-774721431 56995361 -472706186 431457010
117480031 -827219519 567479134 -396960811
140621631 -563314249 323545602 857698294
-835222807 453586216 -496074565 813314329
269753778 -36256790 964642657 982892463
3673655 -270947601 883961535 336408795
-625657784 466748687 -592584010 898777808
379734800 -810764891 408479281 691183062
-512462263 -340428199 -342494374 789762967
-24340897 -400980646 285287360 34950645
-28786109 117559515 480058410 557257066
-612713878 -423009349 382050290 499749680
66283366 -593482089 308482710 954627675
94968242 -472501800 207504524 -181146253
-232140038 -70571392 975346296 -41576865
-445073392 -773923018 -403362197 258702230
-649413497 -349127875 -320664667 330366062
-367385853 -864021716 532530254 218415021
150708627 -405436791 971401188 514802793
444621162 -892547832 887829625 86776510
130422745 -245335715 593117173 317179642
-723262834 -674622808 751516542 -383709393
-552186306 -681713516 -329863744 221145075
-831576933 -114576683 83057560 399563598
-198692742 -225558824 829348393 186256484
244254450 -474598707 609534867 304596115
-376844185 -328360564 646787825 868878039
-133960546 643940323 628899800 848786551
-785778677 -869191699 310356917 -745896913
-296475899 647394904 239030196 786144590
-188560346 -67623514 196148508 897717046
-82364295 -60677838 749148481 721853504
145700476 -268513887 262291076 -23546966
-835227061 -957190209 -424871932 -906700245
-291966018 667514913 39903967 823578306
-173820135 -180270455 584479155 32871638
-239329442 -450481079 53638236 804012365
-180383238 264543357 479088754 897298629
-203422275 -343836710 953779778 673004358
33543974 199530041 845378781 233058531
-23220395 176742634 296865758 977682044
140834509 -375259031 947825511 88471895
-714783174 -348239109 -98691164 -113491612
-218180055 -968328698 615735173 542052559
-822526915 356268694 345212767 848681070
534663174 -177152358 812688065 526642335
-870615712 69073002 999146254 727778045
-611879889 187443354 226276073 627303101
357081520 -703761865 693655335 -408189858
674640459 -35089798 905633584 -4494069
147442835 -929865194 232198976 284272801
-941485248 168774802 -625629170 630731878
-939280849 -360009695 -541934122 186734619
-928931707 -272290755 -1011931 871680498
-801220054 -308932504 -302204676 40050650
-677930306 420616089 -624918015 808791799
-600616728 -583782974 714225133 -352848274
-940809154 -38588617 -711000178 760676782
142133813 -822921060 414123709 664355863
327512790 -738914383 519707641 556037387
-225318327 -578205728 493681595 679887007
-124600647 -936755416 411444354 68830345
-984701397 -585480014 -549858690 733285527
-302602371 -400419690 154146296 -327012156
-824192955 -964318753 445662517 -525683435
-281267423 -703919116 816075967 -565619689
53550805 -683007640 239545877 -542182871
-517114812 -791023635 -78258183 886361036
-258542205 746417185 858658755 930469467
-811305180 -448190306 55526781 898382631
186439038 -36468372 912882248 470204544
12488034 -110310291 798284638 783070513
-927609400 -843826971 360399414 -169826272
-830306099 293632949 -227013375 749238184
-664483934 -699102603 218590800 -179636011
-970568742 -525829738 -812294599 -187322595
-624293912 337927818 -582140807 816061051
-860087632 -812042573 549373898 567107927
646872142 98846553 661520539 237996465
-635208073 859218945 -383776632 952052200
-252111183 -555924348 592901691 687992854
-801082609 -525088423 -269223063 -201066237
-156719732 -7246251 386886315 221943681
-78495411 238507714 -30568169 259395288
-455548105 237338233 -124492941 674116033
512284076 -318699545 839780686 -154110744
-58035554 -603655155 776587913 583820048
-229140034 -895788487 -84485060 -419753739
-389284001 -292507235 -142262668 276935942
224507383 467553927 460101305 639661794
-773309557 -110991927 413633466 981966395
-733272487 -257495055 518502976 -245620373
-693337791 -882425618 -320196351 -730132561
290889919 -562446797 700434044 -247718208
-919630043 56661728 558655239 320577830
-156580243 188949630 699686357 733062157
121833007 850355969 259925108 953411861
-313500877 -931961886 -236321814 -698320668
-479863504 -510465904 98181379 685934655
-800841563 -976622386 983637803 650009814
-470533120 -522519493 968070405 351360468
162477534 -969561194 459906280 -498578447
-471530224 213577012 -185879836 800853818
-640701240 -753646487 270589022 -438900776
510915889 -667898973 928676739 564588547
-926334651 161290492 679601762 890936877
-946035375 163654678 -511689095 331893255
-146930042 -788669389 837582138 -189460606
302192728 -821345872 558168533 206490008
-596677745 -703116962 -450571015 -429290310
114850708 299661968 817041945 881945735
-526668282 -513105786 560007638 534194467
47266618 -272407929 162963944 898036589
26680462 -618484230 496713261 -361363076
549414033 103355009 583815356 177795983
510723565 -898341556 966403415 420404269
-207389444 802015374 481645773 831902307
44546210 305757675 357183512 634670837
169621582 -788496307 218842159 821308958
-551501945 -621726618 917956459 950039939
775473071 802706195 971559101 861984978
105278512 -705913138 430434030 401944127
450246876 -346812621 881766719 214440833
-599824854 -358713203 -500391067 432744753
-593054962 -99810319 52973337 981166421
-841450001 -834080898 412967428 -699094321
-140418565 -844559086 699878470 447106890
130151433 -544287537 229136409 181414099
405313340 -44698671 573688812 -5743870
-470665934 370635934 348322624 882082424
-790758984 -858516767 546487052 823725018
-928866544 94997073 308330162 702100465
-74460417 -737769337 932559949 674009049
-170523971 -531245659 198779356 -246833145
-541540717 -8455431 -499809221 214434282
-358081178 -452953395 -151289014 541741374
-976611036 -664892345 -838342669 601142488
99634094 302739943 720176211 370888522
