299
-976577928 626080958 -673536237 858112325
-219002194 512829506 50329009 753958642
-123945208 -950578974 74327192 -286598767
-703040913 103670974 833484933 501649130
-878426998 388757579 -417090827 491695359
-765019721 -910634133 14362276 -594887100
-520668221 -417826487 239581633 278713733
-196969146 225608021 -125750770 553172092
-475405299 -324878272 -146871928 685272210
-763547555 513514122 -142485623 742596813
-909852422 348825615 245371066 884408269
-152082045 136954802 18572347 930395804
-284456949 -183548566 823455619 -92421705
-832778398 178335833 320815513 373041430
-132676300 296728675 262445379 486558399
-800489111 -774369510 408274261 551354659
-176751834 -79774325 284184563 911209865
-739090508 -857390629 -399261408 306697211
-688494990 -947032148 65845678 -306652900
-161459294 -851139827 577707377 -660118987
-941427373 86475213 974406862 193369704
-763534585 -736146277 -31052613 -548962482
-929988685 323700587 -511351669 467278736
-66619308 -847011949 -63216465 866614129
-761881739 -952683674 564313588 88223686
223648014 -203869336 425375332 163334273
-932809590 -292268988 155832274 417445908
-456872342 78292706 190240464 836383246
-417602958 -263318250 121750620 793784604
-158530052 -174728618 847949543 120890854
-196277172 -934069225 907808861 -314285289
-848091802 -945033965 984246607 744610406
-62471843 -605620926 798497458 -298964009
-991088507 383446082 -417457632 555821238
-94947794 -364268215 400862352 43711925
-900175874 -322089342 270819401 692965787
-178300309 -444432521 264505893 49608804
-711691779 233815327 -706067765 627474883
-660265197 -575622283 257752603 -341081351
619993787 -266475440 783773262 508621974
-795967171 19303916 766559403 837139989
-156275383 433620546 310566871 659792866
180885310 -955820695 211566012 303669606
-680404854 -318270264 -177587697 216569231
-843383646 -4647635 887949569 995664942
-366962598 -831014082 18873281 -247986357
319717881 -333942200 800075967 956599379
-412695575 -556073629 281919299 110067562
101028855 113163888 504055146 802582613
-823541090 196550717 -273813173 251738167
-837217878 -949967347 576653431 -629362430
259231088 -603958924 542941410 -140171858
-639135247 -921985969 726976340 594920845
677628851 -478936494 859893358 253830727
-415292840 62192209 98837020 658521009
-352637002 124678906 807476041 695339936
-789881284 -395962285 130995615 58090946
-667107012 -831907512 -209678972 -814162798
-225526932 -810081539 783342970 131690892
-826199911 342705527 822750550 357156751
-315465091 10916939 321326192 43062606
-848288786 65521572 -293359442 154837318
-872102205 -118736597 204285780 485657791
-637139035 -361160624 401923661 217727602
-509995310 371772386 639528387 970220644
857202133 72279334 941602624 408022362
-868122271 -690085753 980426710 704485780
635057118 125333814 847815589 602542111
-212506432 -877167517 458623114 345258226
-421630726 -966870072 632008837 726063613
-511022924 -176140752 207768164 855448259
-977423572 -132987689 35564652 685884028
-384805611 435518017 264861610 732006705
-868833343 -651160569 142970837 -5470667
611019602 -638639499 632752133 913563653
-115336099 -832318779 847729653 517990037
436608584 -930565516 881708145 -552484530
-647111988 591995524 637972543 696718906
-300989239 230589188 214986834 963038625
-247104692 -385596417 70161224 881062220
-139569692 -729224106 522254066 745906777
-488521985 -824120719 27934851 -149661089
-624558778 -839606063 278208441 -672123102
-447572072 -500890602 357774759 -67852476
-764400842 -175772054 656022689 917175240
-984375102 -568662373 -455277246 645454521
780008114 -945312865 837330958 379877588
182703566 -939843636 887505474 -189681416
233256670 899638440 882018730 925616391
-597728912 -877918547 -18340572 -45928751
-697518291 -985190571 479072465 -503342343
-111528720 -487144904 41570170 107220484
-957841983 -944938305 -901621684 25413173
51120476 -48931823 845001172 880221987
-449257013 -140967580 233096826 -129828478
255132792 -234131142 768245338 998087221
-726997854 -795837270 -475278135 298890966
-508674263 -406000012 -24094399 80558999
-310220070 -905607369 859228460 -863152825
-426940645 -7257729 436863714 449738455
-716124982 -316277920 977086336 362476551
-170188152 -943531865 460225985 262493081
-907104588 -54363379 696449292 910505584
-967067987 -570215796 -941612502 900712956
-450605643 -969286071 567022585 -918350516
-958870211 -685963845 -492162115 -389994081
-445410902 -643743234 625684935 -36130093
-927916118 136877778 237156407 929338988
-67190426 -672117937 -37893214 -656459188
-649355709 -381046983 225471712 275490513
-819667108 -913485595 -12285054 -211958179
571580554 -284357027 961263532 477279034
-616380243 -253035146 -456401014 317709538
-403166147 -396577517 128103985 -30642487
-146379907 -227172256 763961272 323389693
189996976 401877168 787128475 445562786
-720744444 -102019517 191028359 355344343
151334765 -96579420 395131145 357342051
-736621401 -350813216 403049394 211377420
-578321602 -75574058 -288249339 550847376
249879866 611990893 459191707 841562214
-885652609 -630752450 -664723760 -186928472
57869655 -230016347 471300483 175137640
-312954831 -608003441 63762562 570975220
368408690 -998525100 713304455 -298992392
-104062549 -594212818 910351677 496452767
-64762935 5885746 527323486 586896159
-452278732 -540461995 -121554414 711795719
-892079298 -378496542 -819603543 538531259
-665963147 -164157232 788806317 835602536
-671551755 -66655507 -276777797 -53386759
266484572 -650596779 412628819 -164383536
-938333078 -668147279 179724365 690426445
-792630036 -825891289 -540573098 -429916328
122805304 -205707916 476773952 452093389
-744153019 -962314569 957174015 -827321561
530913113 597384807 932125390 909111578
-101352213 -820629983 639455452 -35760677
378512638 -116209935 616425495 633497873
-463925372 79699754 826477962 408762592
-143277218 -712357767 885963022 957884181
-13860539 185175775 314071732 258797684
873226597 -636321171 970550971 249913472
-764233982 -480738276 261476753 24849301
-507708265 -711860048 449208790 -129287891
-705218247 -370879583 -536638541 871161954
-84229510 -848896184 530738444 629625481
-899599669 -830485009 -704518714 79931988
-335999745 -954197090 312754991 524933374
-14285989 -720869476 309915987 830513140
-309447691 -131477402 -241438257 466208072
-237853566 -860855255 -88664015 -122460383
-212769424 -726319735 521898453 109512179
126687344 -963203108 876699539 -874193811
-609308043 -562368907 297782135 -84446209
-721989343 -120803088 -463131407 78662186
-710545031 676738604 914726865 947674841
-958001216 -841411495 946752813 -583219587
-999769640 58659498 -854707081 994534884
288664306 -627506188 496214966 -280526011
60551619 -375848519 262984077 966585688
57688212 -710162017 860525912 924618223
920274418 -961699761 927760555 262986271
-962772150 -826624292 722551711 -238155268
507456789 -920437778 961426663 -600181726
-724634778 243406082 -249524249 373211740
19645755 -787263657 522299809 213613080
10695277 -63231894 233452479 974596718
-325430505 151726230 516943419 203060066
474232952 -745953564 487660388 -121066038
-611791975 -22251453 -191126092 992021668
-949557979 968570361 -604596388 992502111
-329294971 -381225924 309077401 967855600
-747620284 -467890754 -378290999 964815441
426562621 -628229683 862694256 488492180
569835864 -94723759 837628450 215758377
-461900457 120659466 -311737978 353414771
-109014355 54529403 343816122 919561707
429371551 -931381611 629713163 278315115
-288094427 -424867231 -174370466 849991245
-594437963 -212072100 262026894 -75342065
-736022948 296678509 -118914981 302004458
-931143648 108466193 124243502 906420166
-442441831 -562691766 471949104 -494569120
-125514377 -241386124 38246714 -21028486
-741762855 -831885553 940735823 -737817929
347914872 -598664039 998865827 -324944631
-831426347 -657981701 821519993 2782303
-351449190 94255574 -71775877 288068669
-620588438 -720931593 -456838801 -380965557
-566206752 -938549778 760886762 972022891
-841944778 -149306026 -130555025 907339505
702526341 -353791834 751477662 -336584334
-749542281 -195178274 807784616 462388407
-886831730 -584949458 -77740145 131473774
-571093251 -599574296 382464540 354788726
359304388 410080973 545818542 487267857
-384025426 -959874178 254670555 -448589362
473123592 164441569 956048826 894865923
-679602958 -255563936 128421479 59106506
900734567 75699644 963849144 393557247
-739711664 439841312 -196564074 490222609
-966398333 -667603732 -657495473 140945686
-997983944 -577734616 424730853 -547071351
-877528469 231814971 581021912 467179537
-328948786 -276295784 -227320043 261994931
204952390 -655929664 302037910 -303612743
-869994091 602504054 89072845 720643953
-693906265 592739053 798469995 968507031
121964247 -91233761 771824873 -22080070
-466166549 -682645492 -72856436 16893790
-620302354 -665188061 925262388 -421187411
-761138456 -166147811 -573755999 882350104
-921532820 -691798710 -105816865 -623278219
-636059580 -189796529 418529215 414458458
-61492596 -670144102 351907283 -488774687
-475409712 -528487194 413979853 419241015
-173012957 -148305167 464716556 535671263
-850199959 -653692213 284662575 434724679
-924212584 -629548898 828841450 330766053
-978020225 42764060 -622812277 872970243
-925848047 -682260893 -730854791 -462551714
-298500078 -587519068 148708713 522189079
-947948188 -481669770 -678208444 946907690
28202353 283743712 291385800 693688277
-367965250 -355767891 943358340 470003897
-209229 -721996667 202447718 -48471504
-785407411 -682865473 -494944836 742503514
-767770083 -467133410 221445222 67536510
-152777948 -856554765 99631408 876712217
-426780134 -626881416 560613633 281039838
-935505290 -853951181 -471510610 -600828787
-199445952 -486379629 586859960 719622504
-912540433 106301053 730316498 867646505
-215352869 -995416023 73277762 968965988
-397660277 551586703 790719061 605345155
-146958329 -795705578 329953916 847615185
-523006725 -850314132 260164813 954928604
-724738323 -398154065 860922405 327478078
110601525 -742156040 831717626 57231327
-483380562 202514902 421362577 369229160
-777746321 -934050063 496618013 -72308255
-708848729 -384755882 823076626 681077229
-318926489 -790283162 -264710779 -264405529
-531295930 213730114 802137235 456054746
427215072 498615444 819931623 917752588
-543685227 -739584873 754290830 -91813554
-356407727 -840335749 845321921 405850359
-868820294 -303411965 637856442 340969298
-339005414 -37174667 -173515656 789328571
-691586955 879071755 926853652 927664233
326901003 158276457 651725180 537813011
440178584 36134925 514252017 240827854
-389692144 -914020367 -379176063 -814976570
-674601795 -118246474 529996066 794050348
151817770 -201380918 884108709 -30269454
-53375602 -194909536 70552219 495645134
-707938759 -795281113 -527801061 -295208730
-693129208 -714059399 -578742571 -589640334
-338247790 -4391375 8862596 241972277
140842406 -581659029 399792539 725826520
507855198 241819874 710958078 641514816
-193777237 -863364301 434461171 775638075
-791644198 -531297349 162240346 -248023059
279806047 -762630217 698099159 -131868294
157175518 -797773464 786422081 566187428
-760616648 -245396657 963763805 106059886
-931112449 -659922099 -782116691 741736823
-356355676 -651891824 -220616126 -338292700
289503245 -739184636 636674502 -678168059
885054921 -475142251 926230343 -216511400
-942362481 -296479480 7311280 617426317
-601060886 -854981202 247732829 756614571
-983161124 -347181328 -466049041 652092340
135567934 -922768274 726802765 -675485266
-420886913 -88282908 53204244 396814045
-624820985 -608332558 -474924514 356509234
-277145221 452986145 586474734 591536929
184635576 -865305005 880316208 -32632283
-80562886 -759503300 892692824 -439479870
-448841826 -254812045 397756042 -146307692
-211984302 -35451590 -4101128 314500787
598941509 -891868302 757931351 47131286
-174167162 -497714415 883879872 -162956580
-831537179 -991631975 265385934 -639153179
-566464903 -373309224 -509986726 148119
-61735215 158696224 664649477 806744168
-143186371 -794769608 189301043 436212911
702096317 114436480 819670076 194238787
453226194 -681716230 697455093 298091184
-303258410 -561535759 460822222 701500417
-938856574 -904866758 79183218 368207505
-505766821 -289459050 111090998 71328870
-376005217 -966510437 888046781 -368732178
48301168 -523110299 360900826 -252296156
-272691516 -279045532 880048273 879312385
-953928842 -410320088 826846954 477244570
88294262 -659398750 929000516 654190790
-634609406 -888832202 904071791 -855541157
