356
663920602 681611676 708167439 951685855
356511625 -845855413 942519002 -478209132
-397177578 626422240 -176407481 934675106
-920496088 -823161899 -257547658 -321603622
-167419653 169590032 467049754 359590355
-61094682 10465510 213377277 215491262
504645737 182167815 572826981 355166181
-842528001 -994111718 746050018 -498804218
-675772981 27434426 79242381 94383491
168451274 152763709 535989963 931786189
-735056967 -232143506 845617118 -205762784
160723210 -436272366 947527147 921322827
86515459 607162829 458132477 980149137
240651512 -673847729 372070032 -229435118
-352379430 37169227 323006651 154466759
-710842762 61423622 438434717 165847981
413930776 -954296995 895411534 -617525870
132277198 333636958 646472481 795528746
-455168622 -753254935 138047491 -144107450
-789365580 -252496754 368288790 695838724
-914872293 -646777082 107992395 273741576
-305809969 -578518450 -74393574 268454226
399401610 -328302687 412281715 151627498
-413501227 597534481 6313074 755110184
-932389294 305543636 196955434 480593212
228667519 -603630300 991232635 -158812514
-640151888 -370498285 -293524234 -11527436
-310766339 -941724449 828094768 845590453
-994597622 -840726263 828598054 490795324
-106148164 -816161056 956334231 -482754508
193178572 -136915914 440255822 973148639
-424674615 253667483 631252433 640222182
-754203926 -638520087 713814439 718587607
-436149514 393816735 548600073 909415694
-794132168 -71337137 680352440 625999802
-565424974 -882585876 480696987 -127689859
-315738894 152299500 -156132150 331014513
-537143934 -793165673 269388869 -773577671
-160331163 -372589323 244757215 285362940
-288600714 -884294923 527051305 427011209
-289450302 85073782 405174415 780856569
-537830312 -556713679 219878081 -497481232
97465483 455540608 170856104 635303237
-847369642 -478403004 -94452038 556544491
204061449 -935179335 679366802 677190286
822865780 -651065565 979140197 -241982517
173627241 397860449 815383453 877227196
655299987 -416317866 970342274 521904301
-184455980 -656100804 838583252 696792049
5730968 452380727 480173357 605561035
595928129 294385203 682319593 786461394
-774851468 -516593372 823404644 -300758516
-719453366 -652898081 -184918615 -44461472
89465583 -239316193 998071765 987170299
-967697558 -232922557 -430224273 317681764
297154218 -636481278 524693836 -7137696
546958827 -958799374 808253647 717010311
20369931 -104666085 326944381 983951829
-748082793 377043254 139278023 786478753
-807381370 174255780 -624418932 908577500
788558470 -735947129 894406720 -166813394
-475452798 -729378362 -26584422 8169522
650214603 -837289197 694558207 912960894
261299880 -973228805 264830831 107305547
-413793055 91699657 -383518138 482367254
-966606000 -669131732 652130000 240710119
-227261021 249685207 -84214999 586816756
17423537 -317620765 573632411 -8918562
-878960590 -18870410 -546871295 43399017
445130118 -790563190 773883797 115200425
-995644053 -436606353 185126592 639747076
-243220760 -221053034 627013451 15635343
-724665219 -983546295 -448512281 809371052
622763188 -732398912 759515410 97782371
-492910281 359089712 276932160 696574116
-280582689 -674212313 469278522 -606772699
-361250378 844981765 -41711396 980309628
-894815729 -816397641 564954010 214310875
336178570 -746598961 479453765 167861137
-129498539 -929379208 964434480 -341811930
554896854 -445829177 792828982 -403587674
-185986192 153140716 235247345 475370657
-590882611 -859162499 902045975 938380974
232493159 -125879400 346735866 704634027
-361659231 -876075145 968474270 -128425635
-335980508 -7865189 807709424 878293325
-310288222 15453409 384052038 810984809
562900640 -489168035 746717189 259783975
-125582448 813145031 696382063 933462436
-824141186 264189755 227029882 741496958
-405500085 -819926239 451577175 773960404
-440055659 -740649850 786206435 997662828
707023250 -984797213 989757041 202248959
-98405766 -924201708 475289888 777265944
-726817592 -788089935 -674678520 -497602882
-579710005 25829008 421141149 315281491
-513406922 -769998007 645194037 -722493331
124259906 -925683612 233270226 394443934
-757402387 401871853 371007542 676475948
-241163553 -907230293 940387070 -50300419
181000250 -148911453 672838256 783114792
-282564715 -220905707 991469952 567127024
-221086375 -46986203 858769235 535733010
251005566 -426177181 967964770 306770771
-713908480 595187115 993108900 795644200
312846564 -401004519 549928476 -199874849
749768145 -969723110 767921965 523286183
-761288512 -522363381 542953249 460934047
-662185618 86453683 273128855 791612133
-165378211 226051317 -64655256 992362822
-867207888 114106686 617759335 883388971
-73387293 129387664 824701735 825511701
-683215834 298830275 -514901443 660019961
-802023467 322661344 712605414 610675192
-763935145 -91529220 46259776 322622853
876699598 32026390 956437248 806583295
-936191662 -959627064 311616153 830067800
-478720921 -149562267 555474652 550823531
260092601 -347289994 971193592 976882421
-235064150 314919176 938928241 320411069
-429052944 -229811662 4003727 341483330
-840401277 111190199 477280174 918203931
541043403 -219765763 675805760 -7715179
846311662 39680208 970299471 803868318
-175743125 266784963 456906511 728575951
-332192811 690386057 633704104 917538540
-343451695 -272693581 721029186 499883680
27490524 -646084169 700904231 632972748
-589639346 -790572043 317576392 600302085
-577668220 -208617830 -111434320 -173992286
-94512877 -604144523 291715686 -218707722
80911469 -42464124 163207735 789506582
-737367822 -439660238 -369215108 376304652
-702725164 -373716263 351599967 -85901902
-820825276 -152457238 757478156 501559670
-307609192 373687322 130649982 733537961
563844775 -306639918 966694447 -218464463
-413908942 86229946 -199407404 860387736
823827727 -404394751 985325209 396129341
-54070838 22669702 319217646 92833612
-602484254 -753413626 334455393 -403770224
318151854 -941190173 739111257 -929098116
145474694 -981109933 256837404 307671954
-814079252 -979086479 992162050 694314098
-365526775 -827652524 -111158348 415056810
596965441 533765383 974160647 756134842
-637008957 272466726 -601453269 337904708
-862001304 -697960263 -206993485 99803747
-638268274 -242592446 -520002598 7152954
188113672 117299176 845917056 788194710
270591099 -872956312 724550694 61176913
-141331901 -675791089 -134840724 -181328731
-59977843 -796053257 369014274 104430960
-774637014 284013166 382403651 755723744
-782154610 132768256 -280189441 187974706
-668816796 -814509361 -106748503 -44524793
-304723235 -471573644 671571875 233610933
-41521551 -725284971 691646640 -516391481
-603008429 4015754 377388412 356063799
-543359949 431078763 605427072 574544737
-286112325 -792602079 790395721 -709059254
652040797 -522050425 710682495 584771866
-229248023 -420938091 578518151 715384017
275736899 -90338369 950368977 907533985
-540802693 -731615758 -443118211 -624575323
-820133397 -161383554 961505868 619370027
-329556761 -343427055 420229730 50853612
583258882 -754701860 614029550 -459687790
263349396 -608634382 610111743 756872604
-767075379 -178463930 -110920506 849987649
-241470561 411082312 622337227 475423541
-308536797 -412079192 781111074 -139955105
366292673 803152241 749461634 893801458
-762048667 -376227927 357877934 164442280
-278107303 -877692301 715003722 960491209
-917336733 -238215996 763008708 713679650
-588688100 -420081041 -530316919 601902868
-710407378 37765617 -275074393 286892393
-262666190 -449048033 -123981261 16554265
481473094 -806150695 740760198 -257838026
-387850175 -969841253 732098506 -788183784
-791517199 -626241549 62487575 646466610
-932383441 -214313963 -810349145 -85614781
-978083375 -869748944 715455942 -151878865
-608545977 -96083004 804188056 264397055
-444056981 -712187987 755532960 943623948
-825447729 -980019393 -593947330 534654203
-854819567 -624145868 -828586759 -288086349
40962030 448077012 295946255 940721306
-837136799 157324362 -110940333 552422147
142287363 -666293561 822481480 -643067566
577086876 -220106281 586919372 239966886
-497795281 375898706 393747664 815760866
-788522516 -281815205 -28875135 -39086228
-852248845 -880012997 546113284 -342951591
-482159840 -345710174 -358944616 -177046013
-316189181 292970009 727565947 547281655
297035371 -959629827 447615756 950692299
90651895 275815863 510039329 749870586
-946060393 593443915 -81919583 599849926
325362930 478355046 739900081 769436537
-875742385 -443459863 -30292420 697394290
-647610261 576337380 768340714 777614131
-38241341 -928974248 555524744 310114241
-742695585 -823454160 634865125 319391441
432134525 183925279 492180736 788312063
-710633411 177984047 -29557538 200370475
-207386692 -651153988 526747562 838756941
-780689674 -699102852 -553213065 639881287
-705688860 564974107 -516481439 575012587
449282321 -338646187 965917712 635691306
-839551187 575062470 -550300069 730390702
333425937 -573939247 341835741 -235354399
712083341 -758069396 997335003 587813488
-858721061 -397597396 70699174 360806265
310436601 -733850133 514411178 318912385
-229406666 -208356932 946045660 4903106
-164350387 -884185617 98217502 337656507
682085277 164408905 811473815 656220850
271849023 -174094453 280696713 500666930
-155664839 -546656979 836814476 -434787848
-381643827 -149271729 668759467 -71816196
-953614979 -59592834 318708844 394413746
-888120332 218085633 -494683279 611801816
-488087291 -60545825 664021595 203543871
-626156420 -878742689 572153511 -343949391
-866591464 -454490915 -146983946 662859767
-507670475 -291629584 -449853062 291400354
87087060 -744036890 535122896 -17085338
-705797785 -469555756 750452423 111889149
-532702490 486935759 816905608 765899143
-913171491 -603398607 856606057 441416733
-587663471 -686486282 -340126193 -603492308
-552752948 -540587612 -437505212 130518883
-32841537 -551052776 35980125 -64758235
-785608615 -469034511 943428222 -61759516
152516122 -461661265 386430694 201067010
530266049 569860582 646352678 844992432
-449589635 -255706615 -155344428 383301627
-745926774 -32354070 -101376474 563514078
-739290382 -937137849 136162241 -569621552
-416341415 -810193506 36644126 320720080
-361970816 362153839 850855152 902546447
-466422613 10867386 -415016603 870854449
208162033 -667222761 926492971 -527708481
-915070494 -11751262 -572919343 92503719
-8926255 -716709117 738606423 815268523
-428175008 -985455979 -191783787 704918915
-388906942 -260580554 112307888 754019036
-489029103 136342989 343837084 173337938
-232693119 -917626815 825721074 961991215
-976916963 -235092398 -737245278 464311594
-166087245 378598982 731805230 758192277
-377382766 -577948499 200648130 -333615243
-939766114 344470684 -768401180 406312479
108547926 -852436727 356969357 -365689096
542865066 234835061 875540403 906793553
-280369387 -74742815 237431958 -23432843
-781744941 -136364420 128250343 446023634
-448116614 -616356220 -332937503 959998857
-280651178 -813749373 86537252 -564589120
319677990 -836367672 348540915 100676700
-695788766 -720101687 -225704238 -107995092
-421361328 120104190 -13107966 643847655
-212071466 -705475877 872029637 637533606
-519669816 -269501174 451359537 45586921
319393211 -530549612 843270835 620036673
-475107103 -892062969 -191801234 -396244263
381156466 -271191117 625744037 455302121
-399711645 130689480 839064246 740320865
-973685700 -778148821 -16580088 -550565326
-858473624 -638452147 749928372 60010732
-726679430 476499176 186358656 505063097
-300844995 -387714318 877829550 256771095
-25541430 -461847025 477990296 -57838403
33027218 416756183 715867736 755544468
-960945796 610791122 -39801374 664288598
253986565 -419440683 963701490 -409696610
166054628 -702770432 804660085 843568388
-899725865 -395862099 416315384 315979482
-684114513 -395476816 888170252 124710
-149949190 -364020178 494652250 -28974894
-458607982 413625283 -439330801 614801689
-773695008 -265031330 773560992 -108626837
208220087 185453134 958386326 675287301
270584977 612647820 682311075 873167398
184394733 23430996 270279775 554462937
-541665432 -390866853 752453478 563856382
-958089629 -869918542 -917096858 -501281568
-415641120 -11933383 359928065 582205528
-706097216 -792643462 -401925977 -497159330
550978493 -8784535 640881519 573666706
-493064042 -448059189 384603900 813204036
-906766302 -786026791 -883573304 78751041
-526422318 -680219836 -385557575 -650502038
305367525 -878189067 480473250 -691042350
-734665319 -395144165 -382166806 520427497
233241494 -436123982 984469829 574571916
-261855016 -2552517 -182450803 2026427
155459689 623702365 299937145 783403998
-931665705 -400955971 -68332848 -186451473
722305692 -769944717 948458730 563811018
-837623099 -894457884 -831800922 -330367106
-490489322 -778898850 345521288 864688252
-205111400 -995505307 966813979 332919366
-531407167 -993574390 798219438 400576623
258409514 305595631 671082304 474892295
-723062240 213502348 -498493578 998366560
-619950071 -272359872 -134456792 482294796
862452197 -904030251 989068400 522233176
-277544054 129151130 25861280 796700720
-497757070 -819220116 -370715868 782371561
621286544 -422551165 734472680 -249714149
-957578399 -373914552 608386060 415677710
337034775 -821081429 664754180 102833632
-50150522 -34014900 408154757 632019302
-464502349 -860727028 183633147 -295346511
529574251 168852614 593317873 250631417
-611236203 -348362206 890154197 948017130
-322752930 -309233310 484689446 -209559222
-833545761 -813254331 -722373458 979585581
-903551684 -611513166 345352563 982824653
-228098028 -915359466 -151988774 313620614
-421329613 -458604434 877651387 509284077
290462406 -733647967 543776412 212404123
-553668819 -584057436 705591812 -184543141
-819127917 393385610 -519168511 731335431
-415598486 -752511240 -5543885 717364617
-423449088 -48494475 -135745235 650406802
-649519703 -742423066 643321053 -259850799
-304225361 -207121843 -179518822 767464581
-919968456 -194424988 -282462081 278029948
-276578628 -229652366 237673488 -213811156
-11563115 -73129725 548025611 876976239
-417207610 -699239531 -187852041 521623703
-828393865 669218496 561045086 721086295
-870474802 -13269071 490297396 250791496
-393559654 -682369709 -310871281 251102288
-322320488 955994887 822906145 959563298
-797647450 -507456992 -291516923 -427947730
-819628258 -582436183 526594216 -151363228
-849203767 165219766 624186837 417548228
-458846815 318994112 -327835804 646641133
-401762245 -278961872 -34967363 901776760
-768234755 -42192911 486233685 590161483
-707981100 -886471837 -491432405 590254126
-657356416 -926855950 658342396 -307263122
-763895842 3618262 928372844 416962911
-621628896 247393581 -610744234 419694338
-575089271 -199767521 409352860 511634106
-79538278 -381978953 506730180 579522232
190879282 -311426425 661833156 187103700
-456717586 -457688778 124905008 -163070404
-1360216 576668608 241713846 761215209
-102425515 -131352397 -69082992 43630841
246591271 -740056673 547075772 902738502
