5 6
5 2
5 1
2 4
3 4
5 3
4 1
5 6
5 3
1 4
2 4
2 5
4 3
1 5
4 3
3 2
1 4
4 2
4 3
3 2
4 1
2 4
6 7
5 2
1 4
2 4
4 3
5 1
3 5
6 3
6 7
1 5
3 4
2 4
5 3
4 1
5 2
3 6
13 14
2 10
11 4
6 7
13 5
1 9
5 12
3 8
2 9
5 10
13 6
8 1
11 5
4 9
10 3
13 14
8 1
2 10
11 4
5 13
6 13
9 4
6 7
3 8
5 12
5 11
3 10
5 10
9 1
2 9
12 14
4 5
11 12
8 7
11 1
12 3
5 10
4 9
9 1
2 8
8 1
10 8
10 6
3 9
8 11
17 20
8 6
14 10
6 13
8 16
17 6
17 15
8 13
4 17
9 6
11 6
12 11
8 10
9 7
15 1
9 12
10 15
10 1
5 17
15 8
13 17
16 25
15 13
6 15
7 5
2 4
5 11
5 15
4 8
5 12
11 2
11 4
11 6
3 2
15 16
12 9
12 1
14 8
14 1
14 3
11 1
14 16
10 5
16 2
6 1
10 8
3 15
16 34
9 13
2 9
4 14
12 8
6 16
4 13
13 2
16 2
2 5
9 8
2 8
8 1
16 14
3 10
3 4
16 13
9 3
4 16
8 7
2 11
1 5
12 11
2 7
7 5
1 3
6 4
15 7
5 14
9 5
14 15
12 2
12 6
5 15
7 11
11 15
9 4
9 7
1 2
11 3
1 9
10 3
6 2
3 6
6 4
4 8
2 4
3 8
5 7
4 7
5 2
15 44
1 3
2 13
9 13
3 6
8 7
15 6
4 10
6 5
12 13
5 15
13 8
3 14
9 10
3 10
5 2
4 9
5 7
15 2
11 6
2 3
4 2
8 9
2 7
7 3
13 4
9 2
1 4
9 1
1 5
14 12
5 13
11 5
9 7
8 1
14 6
4 7
2 12
5 14
6 7
12 10
6 10
11 12
2 6
8 6
9 16
5 7
3 9
2 8
1 3
3 5
2 1
1 9
1 4
4 3
2 5
4 6
7 4
7 6
6 9
3 8
6 2
13 12
8 6
10 12
12 4
11 9
4 6
13 9
3 5
11 8
13 1
10 11
5 7
7 13
19 59
9 17
4 17
16 18
12 5
18 7
14 15
8 11
12 8
9 15
12 19
16 3
15 18
12 6
3 6
18 9
14 17
9 10
13 2
2 14
4 8
8 16
15 12
18 4
14 11
3 14
17 16
17 19
7 13
12 17
10 5
7 1
1 5
19 14
18 1
15 13
16 10
19 13
19 11
10 17
12 9
8 18
18 6
3 9
15 19
12 3
10 4
16 11
19 6
11 7
2 7
1 8
17 7
12 18
10 1
13 3
15 7
17 8
10 11
4 6
17 17
8 4
10 5
14 13
3 17
11 7
13 15
10 1
1 6
16 15
4 16
14 9
11 9
4 7
11 3
7 2
9 10
17 15
14 33
13 11
2 6
4 9
4 10
6 10
12 9
5 2
13 1
3 13
4 12
7 2
13 14
10 3
4 11
8 3
5 13
6 14
11 3
3 12
5 6
11 8
14 11
7 12
6 3
4 2
10 9
12 13
5 14
4 3
2 11
2 3
9 13
10 11
16 32
1 14
15 16
3 14
8 11
14 13
15 13
16 13
2 10
14 15
9 11
8 16
12 8
1 7
1 5
2 1
15 3
12 4
3 2
13 6
16 14
15 10
3 10
11 2
4 16
7 14
9 3
14 8
3 4
11 13
2 16
7 2
6 10
13 34
3 11
13 11
2 13
3 2
7 2
11 5
8 6
1 3
5 10
9 11
4 2
12 4
10 1
8 10
2 10
12 2
2 5
12 7
7 6
11 1
11 6
5 13
1 8
3 7
11 4
8 7
7 5
9 5
4 13
4 7
13 1
6 12
6 3
4 10
16 36
2 14
7 4
8 9
15 5
1 10
3 11
9 1
12 11
5 16
4 14
6 4
14 8
12 7
7 2
4 15
5 10
16 3
3 5
6 15
16 1
16 4
2 10
14 10
9 10
1 11
13 3
12 5
16 11
16 7
8 7
15 16
2 1
1 14
16 14
16 9
10 11
14 38
2 13
7 1
2 7
3 2
5 1
6 4
11 7
12 1
5 4
8 6
2 14
9 12
11 9
12 14
3 8
7 3
9 2
8 5
9 3
5 11
10 14
1 9
10 6
13 1
5 6
4 10
8 9
9 14
13 7
13 9
12 10
11 14
2 5
5 7
8 12
8 2
3 11
4 12
17 25
12 8
11 5
17 1
14 15
10 17
3 16
11 17
1 6
5 10
7 15
10 1
5 15
6 8
2 1
6 15
6 17
5 9
13 17
10 14
9 3
17 3
16 13
4 2
14 7
1 7
16 21
3 13
1 11
5 7
4 2
9 3
13 15
12 1
9 8
16 14
3 14
8 6
4 7
13 12
1 16
14 1
13 2
15 5
10 6
10 5
5 9
4 16
20 52
4 7
8 14
3 1
2 1
16 11
13 6
5 20
6 20
2 15
13 10
7 5
12 6
6 14
4 16
11 12
8 5
2 4
18 16
1 19
5 19
9 12
4 17
4 19
11 13
19 8
17 8
11 20
13 3
6 7
20 12
11 1
14 3
5 18
2 20
8 9
14 19
6 19
18 7
8 18
15 17
7 11
7 20
5 14
12 18
6 9
19 2
10 5
10 2
17 14
4 14
6 16
12 17
11 10
4 10
9 6
6 10
9 10
4 5
4 2
7 9
6 11
9 4
10 3
14 16
7 8
9 13
3 1
3 8
14 11
6 10
8 9
1 9
5 2
9 2
6 11
13 1
1 6
2 11
10 13
13 5
17 36
17 14
9 8
14 11
10 16
11 3
13 17
2 17
6 11
3 9
1 12
5 4
7 4
13 15
14 10
12 5
3 4
1 4
3 7
15 17
9 11
15 3
5 3
7 2
8 11
16 9
12 7
15 4
3 6
8 3
17 4
10 8
1 2
13 8
10 15
5 16
5 7
13 12
4 8
2 11
11 3
7 3
13 2
11 10
3 2
7 4
1 4
5 8
9 13
9 7
17 41
16 3
10 8
13 15
14 16
12 5
16 1
13 3
2 14
11 1
4 1
11 2
3 14
5 7
12 11
12 8
11 6
5 15
10 15
13 4
3 4
8 17
7 14
1 8
15 6
2 13
2 8
6 12
6 9
3 15
1 6
1 17
11 4
17 10
8 5
17 3
9 7
15 1
6 2
6 3
17 15
14 6
14 27
3 1
6 10
12 10
5 9
13 10
2 10
2 9
11 9
7 13
11 8
6 14
5 2
6 3
11 14
3 10
5 1
1 9
4 10
12 4
6 2
13 1
4 9
9 13
8 1
7 8
11 10
3 5
13 31
7 2
13 4
10 1
10 2
9 4
5 13
12 6
2 9
8 10
8 11
9 13
2 5
1 12
7 13
4 5
8 12
13 3
11 1
2 4
2 12
9 10
13 8
6 10
3 1
5 8
3 12
6 5
4 1
11 10
9 6
2 6
12 28
1 9
11 4
11 10
9 8
2 9
11 8
3 5
9 7
11 3
12 8
3 10
11 7
3 2
6 8
6 7
12 4
10 8
9 6
3 8
4 5
12 3
1 4
11 6
8 1
10 6
3 7
10 9
5 12
17 38
16 13
14 6
9 7
5 13
12 17
6 3
17 16
1 4
10 17
10 12
9 15
5 2
5 9
12 7
15 14
3 17
4 13
17 14
17 1
16 8
9 16
2 16
12 13
10 14
3 1
8 7
6 7
8 5
5 12
15 12
3 8
9 3
13 17
9 14
8 17
15 3
11 17
5 4
15 33
14 3
15 5
13 3
1 10
1 3
10 6
13 7
15 4
4 13
13 2
10 12
8 14
12 2
11 7
7 6
12 9
8 1
2 1
11 1
14 2
15 6
13 11
3 15
6 5
6 14
7 8
9 8
2 8
12 1
11 8
9 15
11 3
13 5
17 32
10 1
11 17
4 9
6 7
17 5
1 16
13 17
6 5
7 2
15 1
10 5
7 3
2 9
12 6
4 11
16 11
1 6
16 12
4 5
10 17
6 17
9 7
15 10
12 15
8 6
12 8
13 7
15 4
4 3
6 9
17 9
1 5
13 36
10 11
5 3
12 13
12 3
1 11
5 7
1 7
8 4
1 9
10 1
11 13
4 1
10 3
12 2
1 6
6 7
6 3
8 13
6 13
12 4
8 7
2 7
13 10
12 9
13 3
9 11
6 12
6 2
12 11
7 10
1 8
4 11
4 6
3 2
8 9
13 2
11 25
9 3
5 1
4 9
1 7
3 2
7 3
11 3
6 4
10 7
6 9
1 8
2 10
8 9
7 6
7 11
4 2
1 3
2 9
6 10
10 11
4 10
4 8
8 11
3 10
11 2
18 16
14 17
13 11
5 6
7 15
16 3
15 17
3 15
9 4
11 12
18 9
17 13
16 18
16 8
13 18
13 2
14 4
11 31
9 2
7 5
6 2
2 10
8 6
10 9
11 9
7 6
1 9
4 8
11 1
8 2
1 8
5 8
5 9
7 4
9 4
3 9
2 1
7 10
8 10
1 5
9 7
7 8
3 1
3 10
2 7
11 8
7 1
6 4
3 7
13 37
11 2
12 10
7 12
2 1
10 11
7 2
3 2
13 4
9 6
3 1
5 6
5 12
1 7
13 6
7 5
7 4
6 3
11 13
4 12
9 11
8 1
6 11
11 12
3 9
13 8
4 3
1 10
9 7
2 8
4 5
7 11
7 8
8 10
3 12
4 9
13 9
9 8
17 40
9 4
11 15
17 8
4 12
7 5
3 6
8 1
6 15
7 16
7 4
12 6
5 8
15 7
9 12
14 6
4 1
16 9
10 12
9 17
9 5
2 12
13 5
6 8
4 3
14 13
10 14
15 5
12 13
1 10
8 12
8 2
3 8
14 1
11 2
6 17
13 1
6 4
14 7
7 10
17 15
16 23
12 9
12 8
8 13
4 16
11 6
13 16
6 15
5 3
16 9
8 4
8 3
14 15
14 5
16 15
14 16
5 10
15 8
7 4
14 4
4 13
9 3
10 7
5 15
15 30
13 11
13 12
9 12
11 8
7 4
9 14
4 2
12 4
4 6
9 11
8 12
12 3
1 11
9 3
2 15
6 12
13 10
7 9
2 13
5 9
10 6
8 1
8 6
12 1
5 3
1 14
8 7
14 11
5 1
6 13
13 17
11 4
5 9
9 4
3 10
12 13
12 8
10 1
9 13
8 7
1 8
7 9
8 11
10 4
5 13
4 3
12 11
4 12
13 35
11 9
6 4
6 9
11 13
4 13
7 12
10 12
9 2
1 9
1 8
5 9
13 1
10 1
7 8
5 6
13 5
2 3
6 2
1 6
2 7
12 1
8 2
7 5
13 8
13 9
8 4
9 10
4 11
11 8
4 7
2 11
12 11
11 5
10 13
9 12
19 63
4 15
6 18
18 19
15 11
5 15
5 9
2 17
13 2
5 19
7 13
5 2
6 16
13 10
13 16
1 6
6 2
1 2
1 11
3 2
7 10
15 13
15 7
8 16
12 11
17 5
1 16
19 13
1 14
7 5
3 8
4 12
12 8
6 7
7 18
19 6
4 14
16 18
2 8
2 12
9 12
4 19
19 9
16 10
3 4
6 11
11 19
10 14
1 4
3 15
15 12
15 18
9 18
2 4
9 3
2 15
8 1
16 3
12 17
9 15
14 9
19 8
13 4
7 19
13 31
11 13
9 11
10 6
7 4
9 12
13 10
3 5
12 10
1 4
3 1
3 11
5 10
4 10
13 6
8 3
5 1
9 3
13 7
8 2
8 4
12 1
6 12
11 6
7 6
3 6
9 1
3 2
2 1
13 4
9 5
5 6
17 45
2 16
6 9
12 17
1 12
2 9
17 4
15 6
13 9
7 3
14 10
16 7
17 5
16 13
16 6
2 17
9 4
12 10
8 11
10 11
10 13
12 2
2 13
11 2
3 12
1 11
9 12
3 15
16 5
8 15
4 1
11 7
10 16
5 9
3 5
6 11
5 11
17 9
6 5
9 1
8 14
11 16
14 15
15 7
4 7
3 9
19 45
13 10
8 14
3 2
9 2
7 3
9 6
12 16
17 13
17 7
7 12
4 12
8 18
10 16
18 5
5 4
13 7
14 2
10 5
19 9
15 8
7 6
14 1
17 14
6 3
2 6
3 1
15 14
16 6
16 8
8 5
15 9
2 7
16 18
15 6
17 3
5 13
9 7
8 13
9 16
13 18
11 2
3 11
12 5
18 9
16 4
17 26
4 2
9 6
15 5
3 1
3 10
3 13
13 17
8 12
5 12
9 8
15 8
1 11
11 6
14 12
2 14
17 9
5 13
4 7
7 16
15 7
14 8
16 13
14 5
2 16
9 7
1 5
13 39
5 11
5 3
10 13
7 2
6 3
2 6
1 13
1 10
13 7
12 3
2 11
4 10
6 12
7 6
12 5
8 4
13 9
12 4
12 8
6 4
2 12
9 2
7 3
7 5
1 2
11 13
1 3
4 9
13 2
10 11
4 1
4 11
9 10
1 12
7 8
5 1
12 9
10 6
8 10
19 51
15 17
4 6
5 15
9 1
9 17
11 12
10 7
6 12
4 1
19 13
9 15
8 6
13 4
8 19
3 5
11 6
16 11
1 17
10 14
17 12
7 14
7 18
7 12
19 2
14 11
4 17
2 3
10 19
2 17
12 1
17 13
2 13
17 14
19 12
5 7
11 8
5 12
16 5
2 1
2 15
9 3
18 14
2 16
8 7
15 1
12 16
4 11
5 14
16 3
12 8
9 7
12 14
2 1
6 5
2 10
9 11
11 4
3 4
2 11
4 5
5 10
10 7
2 4
4 7
12 6
6 2
15 20
4 6
15 13
15 14
13 11
6 10
6 13
8 14
11 4
10 7
2 8
10 12
5 13
14 6
15 1
15 6
10 9
12 13
5 3
5 14
15 7
17 40
11 15
14 2
10 17
5 2
4 12
3 1
6 5
14 11
1 11
13 9
17 12
2 7
6 10
15 1
12 14
1 7
14 10
15 9
8 17
13 3
13 10
13 8
3 17
16 7
15 4
13 12
8 2
13 2
7 13
17 2
6 14
8 16
2 1
8 7
3 12
7 4
9 11
5 1
11 8
14 4
20 32
4 1
8 14
11 16
1 9
14 12
17 2
18 2
5 13
1 7
20 13
16 4
7 4
11 19
20 9
8 10
8 1
10 2
20 4
11 3
11 8
15 10
14 15
15 18
11 20
14 20
19 17
15 2
6 18
16 1
9 16
4 17
16 10
17 42
17 12
13 8
11 13
7 13
8 17
5 12
11 4
2 5
13 1
4 16
15 10
9 8
6 8
5 6
4 15
6 9
16 13
4 2
16 10
10 8
6 3
9 7
12 11
16 8
7 12
17 16
5 4
3 10
6 2
6 15
5 3
1 6
9 16
1 14
8 7
3 15
8 5
7 5
2 9
16 3
17 10
17 13
16 45
14 12
2 13
15 12
12 16
16 3
16 8
13 7
15 4
11 10
11 6
9 1
9 4
7 2
3 15
9 12
7 4
14 2
8 9
2 1
8 2
12 6
11 3
10 3
3 8
1 13
4 12
6 4
15 6
15 2
16 6
13 15
8 11
1 3
12 13
10 6
14 9
11 5
1 7
5 13
11 12
16 11
5 8
10 13
5 15
9 2
11 15
6 11
3 5
8 7
4 8
7 6
11 9
4 9
2 10
3 1
9 10
7 5
10 3
4 10
5 10
6 3
18 33
14 5
2 1
14 2
17 4
15 14
14 17
18 6
10 15
10 8
7 14
16 9
17 15
13 4
12 5
4 3
17 16
11 6
10 5
10 3
2 10
7 5
18 1
9 10
4 8
13 16
9 14
1 6
18 12
2 12
8 9
7 1
4 10
9 15
11 18
7 10
6 1
3 10
11 5
11 2
10 8
2 4
11 4
7 5
1 10
2 1
7 6
2 7
3 4
5 8
9 2
9 6
8 11
15 16
1 8
13 11
7 3
6 11
10 5
15 1
1 11
3 2
13 5
11 7
1 6
3 1
15 11
4 14
1 13
1 5
11 29
5 1
6 4
6 2
2 9
7 6
4 3
5 8
6 11
1 7
6 8
7 2
7 5
5 4
4 2
5 11
9 11
6 10
10 4
2 3
6 9
2 10
9 4
4 1
9 7
8 1
9 1
10 1
3 1
5 6
19 30
11 14
15 10
2 6
14 19
7 4
16 13
14 16
5 2
15 16
15 5
9 14
16 7
7 8
5 17
1 9
15 7
4 5
16 3
8 6
17 14
5 19
11 19
17 3
8 2
10 1
12 5
18 12
11 15
6 3
10 11
19 43
3 17
10 2
12 17
8 5
17 11
13 2
16 14
15 9
2 7
8 12
18 17
5 1
19 18
9 18
1 17
3 1
4 9
12 18
4 6
6 17
9 16
11 2
19 8
16 5
14 1
11 16
12 16
11 3
16 1
19 4
14 4
10 9
12 7
19 16
13 9
1 7
6 7
8 4
17 2
17 7
11 6
15 19
15 6
13 11
13 7
12 5
1 5
12 2
11 7
2 8
1 11
13 12
13 8
9 6
11 3
12 20
1 6
8 10
6 9
10 5
7 8
8 3
1 4
9 1
6 2
10 6
10 7
11 9
7 3
3 6
9 8
11 7
11 6
10 2
9 12
10 1
11 28
10 3
7 2
3 2
3 5
8 5
6 9
4 8
6 5
1 9
11 6
11 8
3 8
1 3
3 4
4 9
10 7
5 9
10 6
4 6
4 2
7 11
5 2
6 1
4 10
1 5
4 7
4 11
4 1
16 45
5 11
15 5
14 10
12 10
15 13
16 1
12 8
3 6
4 16
16 13
10 4
7 10
11 10
5 9
5 16
8 15
13 5
1 12
11 7
5 14
12 3
4 15
15 2
11 15
9 13
3 15
4 9
10 16
10 2
5 2
4 12
5 10
13 6
16 7
12 16
16 14
10 13
14 12
11 8
13 2
8 14
10 6
7 8
2 14
1 13
12 29
5 3
8 12
6 5
8 4
2 8
1 9
12 10
9 12
8 11
6 3
10 1
3 9
11 2
1 7
5 4
5 1
1 12
6 9
10 4
3 12
4 9
6 4
1 6
10 9
10 2
2 5
4 2
3 7
2 6
19 21
2 8
5 14
17 16
9 4
14 18
19 6
16 19
12 4
18 3
13 18
15 5
4 19
1 6
11 6
7 11
13 2
10 8
6 5
8 7
4 11
14 6
16 33
15 13
4 16
16 13
16 8
14 10
8 3
6 16
8 12
5 14
12 2
13 7
3 16
14 15
3 6
12 3
13 6
2 1
13 9
9 14
5 11
9 2
10 13
10 1
7 11
1 6
12 11
10 16
13 3
5 7
15 1
14 13
14 16
12 16
12 15
7 10
6 1
7 2
3 8
7 9
10 2
12 5
3 4
1 8
12 8
6 3
8 7
11 4
4 10
3 1
16 17
2 16
2 5
14 16
1 2
10 12
9 10
6 4
14 1
14 3
12 1
10 5
8 16
7 5
6 7
11 6
1 8
13 6
16 40
6 10
8 3
5 6
4 14
14 13
1 4
16 4
7 15
3 6
12 5
12 15
1 9
16 7
14 12
3 7
3 15
7 4
11 15
14 9
12 7
8 14
9 6
12 8
11 10
5 14
11 9
10 7
3 4
12 13
3 16
4 6
14 11
14 15
10 15
8 1
8 4
7 2
9 3
8 7
14 3
16 30
3 8
12 13
6 12
11 2
12 8
6 13
10 15
15 8
10 2
15 7
3 9
3 16
7 9
12 10
6 11
14 10
1 11
5 15
4 2
2 5
14 15
4 5
12 16
14 16
14 9
4 14
1 16
16 8
4 1
4 13
18 39
4 12
8 15
13 7
15 4
12 15
12 16
1 18
13 3
1 10
2 10
9 15
11 10
11 16
3 2
13 15
17 3
13 17
4 14
2 13
8 7
1 15
11 1
9 18
7 5
4 7
14 2
18 10
3 12
15 18
15 16
15 10
8 11
6 7
11 9
17 10
11 2
16 8
3 8
11 6
16 25
4 2
14 4
1 13
14 12
7 13
16 6
6 5
10 16
6 10
12 11
13 12
16 4
8 6
8 4
8 12
5 10
15 3
12 5
3 7
12 7
12 10
16 12
15 4
3 5
8 3
16 39
1 11
7 2
12 1
15 9
4 13
6 2
12 6
1 9
12 11
1 15
2 1
6 14
1 4
8 14
6 11
2 16
5 8
2 11
16 14
11 8
4 5
11 3
5 9
12 3
3 15
13 2
8 12
15 8
12 13
3 14
1 14
7 10
7 5
3 5
10 4
5 10
8 3
6 8
2 5
16 42
4 10
14 9
15 3
16 7
16 5
12 15
14 3
9 11
10 13
5 3
4 6
5 8
12 6
3 6
12 13
4 14
15 14
14 8
15 4
12 8
10 14
9 8
12 11
1 7
3 4
12 10
9 13
8 13
2 13
11 2
3 7
10 7
16 10
2 12
14 6
13 1
11 1
5 14
12 7
2 1
16 1
11 13
18 23
9 12
10 9
16 9
3 13
6 13
17 11
15 17
4 10
18 17
1 11
15 2
7 2
18 1
16 4
3 5
14 2
13 11
11 4
11 16
15 10
4 8
8 7
8 11
18 44
11 7
16 3
9 3
4 3
8 17
10 15
13 5
16 9
6 16
5 4
1 15
10 5
17 18
16 14
14 5
9 15
14 1
6 9
5 3
8 6
5 11
16 12
18 9
4 17
1 17
1 4
3 18
11 9
17 11
17 7
11 12
18 7
9 12
16 10
13 18
1 3
4 14
13 6
1 8
10 2
15 8
2 13
1 11
15 5
20 26
1 8
18 13
4 12
5 18
10 13
13 4
2 12
2 8
4 20
12 10
12 16
5 14
17 6
18 17
4 14
19 2
20 7
14 13
14 9
19 16
1 13
11 16
5 11
9 19
12 7
11 15
17 31
6 15
12 15
5 8
6 12
15 7
16 4
14 8
4 5
16 12
7 10
3 12
3 10
4 12
5 1
8 17
12 17
10 8
11 1
8 16
8 9
16 6
5 14
15 8
12 1
4 2
11 13
9 14
6 13
7 12
1 7
10 16
13 16
6 8
9 4
10 5
1 4
5 2
9 13
3 13
11 6
13 11
6 3
12 8
12 11
4 7
6 12
8 11
8 9
18 53
17 9
13 7
6 3
15 4
11 1
4 11
2 11
10 14
17 3
16 15
12 14
6 8
15 7
11 5
14 8
17 4
14 9
4 1
1 8
18 5
4 2
11 9
3 5
13 12
15 8
1 6
9 15
18 14
11 7
6 10
11 10
13 14
1 15
7 16
3 4
10 13
12 7
3 11
18 4
9 4
1 13
10 12
17 11
6 11
7 10
7 8
4 16
15 18
13 15
14 7
1 17
18 7
14 4
11 28
9 5
8 9
4 11
8 4
2 11
1 7
3 7
5 6
9 4
6 9
1 2
4 2
4 5
9 11
2 7
9 1
4 6
5 11
6 1
8 2
3 11
1 5
6 11
6 7
8 5
2 9
1 11
3 8
14 37
5 11
13 7
1 6
3 5
3 10
8 4
14 6
14 7
4 1
1 10
1 14
10 14
7 8
6 4
3 1
12 1
4 9
12 10
2 13
10 8
8 11
14 2
3 6
10 6
6 8
12 7
3 11
2 5
10 7
9 6
3 13
1 8
1 11
2 11
8 12
8 13
8 5
19 22
10 11
8 3
3 15
5 7
6 7
5 8
13 2
1 11
17 6
14 17
4 17
11 9
15 12
11 15
8 9
8 14
15 7
13 16
7 19
7 10
15 17
7 2
11 14
2 6
11 5
11 2
7 4
6 9
6 3
2 10
3 8
8 2
4 5
7 6
11 9
6 4
9 4
18 43
13 14
8 14
8 9
11 1
2 8
10 12
10 17
5 17
10 3
16 13
15 1
10 9
15 18
7 9
12 3
11 7
1 14
11 2
11 13
15 11
13 1
9 4
3 14
1 8
10 16
14 17
8 16
4 10
14 15
15 5
14 18
18 8
7 8
17 6
11 6
15 8
4 2
12 4
9 5
3 16
8 10
7 14
13 15
16 16
5 9
3 9
7 11
6 12
3 2
8 4
15 14
4 16
12 8
12 5
11 5
11 16
16 12
2 7
2 14
15 7
11 11
1 4
8 9
5 11
4 3
3 8
3 7
6 11
10 9
2 11
8 7
1 5
18 30
8 17
17 10
5 11
9 8
6 3
10 1
13 17
15 13
15 3
17 16
13 8
11 6
16 1
14 15
17 6
4 6
2 9
16 10
2 4
17 12
10 5
1 4
3 8
13 10
18 9
5 8
11 15
6 18
16 6
15 6
19 41
15 7
1 17
6 9
11 1
2 18
18 7
14 12
19 18
13 5
4 2
11 2
7 10
19 14
6 11
3 6
17 11
10 8
10 14
13 15
19 9
19 10
16 5
9 10
9 13
16 12
8 19
1 3
15 1
1 16
17 2
19 2
19 1
10 18
15 4
17 5
4 17
2 13
9 16
4 12
18 8
6 14
11 11
7 4
1 10
11 2
10 4
1 4
6 10
4 9
2 10
1 5
4 5
2 1
30 95
12 1
24 25
28 8
28 6
10 23
28 23
8 21
28 29
15 19
15 28
14 30
7 25
24 8
22 10
2 6
21 22
17 4
28 16
29 25
21 1
3 16
27 3
28 2
7 3
10 17
10 2
11 22
23 9
6 13
11 3
5 1
19 22
24 13
22 24
9 27
19 17
25 3
26 9
27 19
14 29
25 20
18 2
29 4
12 23
18 21
21 9
22 28
30 19
11 27
11 4
23 17
5 20
24 20
25 12
1 10
28 9
14 27
26 13
3 6
15 2
19 18
21 26
19 28
5 10
23 21
29 16
24 11
4 27
28 17
7 16
29 26
9 29
5 8
13 1
18 23
2 14
15 27
21 4
8 2
16 14
18 12
21 25
14 25
10 30
6 11
27 29
6 29
7 20
28 14
16 6
5 16
20 23
18 22
1 11
9 6
24 34
14 9
2 17
13 12
12 18
12 15
5 11
2 12
15 17
2 10
13 16
1 7
6 22
15 24
3 15
10 8
14 13
11 10
14 16
12 3
23 8
8 19
10 23
8 17
20 18
4 19
13 15
3 11
4 10
20 22
6 12
3 16
13 3
15 21
14 11
22 38
17 6
13 16
21 11
13 3
15 2
11 1
7 8
7 21
17 16
7 22
11 19
9 14
1 9
20 21
13 1
16 9
22 17
4 20
13 21
15 9
5 10
11 4
22 3
16 15
20 5
9 12
5 11
15 8
18 22
22 1
5 17
13 19
21 19
6 10
4 14
11 9
10 16
14 5
29 40
13 19
16 15
16 9
27 28
19 26
7 14
22 14
25 4
20 15
19 24
9 6
8 17
27 14
19 1
27 25
10 21
14 24
22 18
16 26
23 24
11 4
17 15
20 18
16 6
17 18
29 8
17 27
20 9
23 27
17 28
5 3
27 26
17 9
19 21
11 3
5 14
17 7
16 22
28 5
18 24
30 51
24 3
13 10
14 27
14 11
23 20
19 16
9 30
23 1
10 28
5 18
20 17
17 22
6 1
26 12
27 22
26 7
9 5
19 14
1 15
25 11
12 14
20 4
5 29
25 29
21 12
22 6
9 27
3 14
18 3
6 13
22 23
9 20
5 25
17 30
25 12
6 27
26 20
20 10
19 10
20 6
9 12
21 13
30 26
2 4
7 14
3 9
8 28
15 19
27 8
22 5
15 11
30 88
7 9
25 23
22 17
25 29
4 23
21 2
26 20
15 30
15 25
5 15
7 15
4 12
12 21
17 13
29 28
20 6
22 14
27 25
7 13
20 9
14 1
28 19
18 5
11 2
29 11
5 28
27 21
30 16
8 7
28 11
30 10
18 9
14 25
30 3
18 16
24 18
3 8
2 22
7 3
2 26
26 10
26 24
18 30
13 21
4 21
20 2
10 13
21 29
23 18
1 20
10 16
2 28
18 3
6 3
15 26
23 29
9 22
20 21
10 2
17 1
23 15
10 12
26 25
29 14
16 23
17 8
14 13
12 24
8 5
3 24
2 30
16 2
20 25
29 10
15 18
14 12
8 14
14 19
29 4
15 28
30 19
18 19
30 13
5 14
6 11
15 17
10 4
18 13
25 88
4 13
14 12
10 17
21 6
25 1
4 11
14 13
25 24
23 9
21 1
9 5
14 19
3 16
22 5
13 21
19 1
5 3
17 22
6 24
12 13
1 7
15 13
25 17
2 22
14 24
14 10
9 19
13 22
17 19
14 8
3 17
18 11
1 5
9 11
11 1
25 22
12 20
2 1
16 25
11 14
17 21
21 18
15 16
13 1
15 6
16 17
24 2
22 20
22 15
3 10
10 12
2 8
17 20
9 7
23 2
5 25
24 15
13 25
18 7
1 3
21 14
16 23
7 2
1 23
6 16
1 4
2 20
13 10
18 14
8 6
13 9
17 6
21 2
2 14
3 15
11 13
17 5
16 14
8 20
8 24
23 21
18 20
17 13
11 10
1 9
25 12
10 5
15 19
22 57
4 13
20 14
15 11
22 21
17 22
15 18
4 7
16 22
13 22
16 1
18 11
12 7
14 12
22 18
9 4
7 10
21 9
11 19
22 7
2 21
3 10
1 14
3 13
9 12
21 14
6 18
3 16
11 7
10 9
7 21
11 4
2 8
11 6
18 20
20 8
10 6
15 1
19 2
20 12
19 15
4 8
16 20
1 22
21 11
7 3
13 14
15 8
11 5
3 2
14 11
17 7
5 12
20 6
4 12
21 4
18 14
21 16
29 81
27 11
5 24
26 9
10 28
16 28
21 27
9 15
1 5
6 20
8 4
21 14
10 21
9 1
19 14
15 7
3 4
26 7
3 26
25 22
2 6
4 6
24 12
6 22
27 1
9 7
21 28
17 9
5 16
11 19
1 11
20 18
17 21
25 26
12 19
1 10
13 27
7 10
7 13
18 26
3 9
11 5
2 26
10 24
1 14
16 11
27 29
14 4
15 23
11 7
28 13
11 12
20 14
12 16
23 22
16 27
11 24
9 5
6 28
15 10
21 24
5 25
13 4
23 4
20 3
4 26
29 11
22 26
19 5
11 15
13 14
14 18
5 23
8 1
19 21
20 15
29 3
4 22
23 3
8 7
2 24
29 28
25 83
5 21
24 11
12 17
14 24
21 8
10 2
12 1
7 2
13 15
7 5
19 20
17 2
6 19
24 13
10 20
16 10
10 8
20 3
14 7
2 16
10 24
3 10
15 17
24 7
18 10
1 21
21 14
9 7
3 22
17 21
6 12
6 4
23 5
11 8
8 20
9 18
24 25
25 13
2 24
10 15
19 1
10 7
4 19
9 6
5 12
2 14
20 13
22 5
17 23
11 4
12 24
3 17
13 16
3 6
10 21
22 16
9 1
15 22
21 22
6 23
5 19
15 21
9 12
16 17
7 3
20 23
20 16
20 6
11 9
5 3
4 23
16 19
11 12
10 5
3 15
15 7
6 13
12 20
25 22
18 12
11 7
13 4
6 15
25 25
21 20
21 19
14 24
17 11
6 18
24 8
21 7
17 25
3 21
20 12
20 3
8 18
7 24
18 9
1 17
22 12
21 15
4 11
9 16
18 16
21 9
20 24
13 9
10 14
22 9
29 44
14 22
2 10
1 28
8 11
9 19
1 6
21 20
24 27
24 9
6 15
15 9
22 6
23 9
6 3
18 27
22 27
5 15
11 6
21 18
11 16
18 29
9 20
22 12
27 12
19 1
12 1
10 6
5 1
28 7
22 5
23 26
26 1
20 6
27 13
29 20
9 25
17 10
29 9
20 5
18 5
29 15
1 8
8 2
10 12
26 27
26 24
11 20
21 12
22 6
17 12
1 9
14 20
25 1
9 21
16 23
22 24
3 18
24 11
8 17
24 2
12 13
21 18
1 22
7 4
3 15
22 11
12 23
6 11
13 22
16 1
22 7
1 10
24 24
21 5
9 11
13 8
2 8
23 1
19 21
16 19
22 5
11 24
9 7
9 19
5 19
9 18
3 22
20 8
16 14
15 22
6 7
16 7
11 20
2 6
1 17
13 1
14 8
25 82
12 10
23 24
25 21
16 9
1 10
11 8
6 3
22 20
1 15
18 8
11 14
22 9
7 15
3 13
9 20
14 16
15 19
12 20
5 15
6 12
16 21
24 4
21 9
5 4
22 1
3 24
21 18
18 20
25 6
18 23
11 5
14 20
18 25
23 12
9 6
19 8
3 8
19 18
17 19
10 17
18 5
20 4
1 12
2 17
19 20
4 13
2 13
24 7
8 2
23 6
5 12
11 10
14 2
11 12
14 12
8 1
9 24
24 5
1 25
13 20
8 12
11 4
14 10
20 5
13 21
10 8
11 9
23 3
22 24
8 16
22 5
20 3
17 23
5 14
1 16
23 9
17 1
9 7
16 10
25 8
12 19
21 4
30 69
26 13
9 26
14 28
9 12
2 23
23 12
30 10
12 19
21 18
26 14
25 29
26 11
17 21
23 14
1 28
24 28
5 22
19 3
3 21
17 7
14 19
19 21
22 23
13 2
16 12
29 14
6 20
10 12
1 30
16 3
12 13
13 15
23 16
11 20
27 24
8 6
11 4
15 10
22 17
8 27
13 30
30 18
7 10
4 7
8 26
29 8
28 9
24 16
3 17
25 10
2 4
6 14
24 12
14 21
16 22
9 30
1 2
12 5
5 21
16 25
26 5
10 14
14 5
9 20
18 19
5 2
12 6
2 10
28 25
29 51
28 10
13 21
14 22
1 24
24 16
5 19
11 17
21 22
19 20
8 6
14 10
16 18
4 7
12 10
22 19
16 17
26 12
5 24
22 24
6 29
20 11
20 2
27 5
14 13
20 12
10 5
10 24
4 1
3 15
25 22
22 6
21 28
14 5
26 13
4 26
15 21
27 26
7 15
18 22
26 14
16 14
21 19
4 16
28 24
18 29
2 28
11 23
17 12
13 10
17 8
9 15
24 89
6 4
19 2
10 7
10 16
21 6
19 23
21 3
8 21
16 7
21 15
3 19
8 16
8 5
9 8
1 10
4 24
5 20
22 23
13 10
18 19
20 10
22 17
1 21
11 6
16 20
14 12
4 16
5 17
21 17
18 1
6 19
15 13
19 21
1 15
14 9
1 19
24 9
1 2
12 9
17 13
10 24
3 16
4 12
12 2
17 20
20 21
18 16
4 11
3 14
18 17
22 6
23 11
21 16
3 22
22 4
21 18
10 5
3 5
24 14
9 1
5 2
7 19
13 18
11 8
19 4
22 10
14 23
22 13
22 7
17 3
14 22
12 3
24 3
1 24
15 4
15 22
14 15
19 5
16 2
16 5
2 15
17 14
23 16
2 13
11 14
21 5
17 8
1 12
5 14
26 29
8 10
21 8
11 10
6 5
15 3
16 20
21 5
23 4
9 12
26 14
6 12
24 19
24 11
22 15
15 14
22 20
7 14
24 3
17 18
11 2
11 17
19 15
9 6
11 3
12 17
22 25
9 10
18 20
25 6
30 44
17 24
1 7
26 23
25 12
17 22
8 1
8 10
25 19
25 21
26 4
15 24
29 11
22 20
6 16
16 7
8 16
25 4
26 19
2 12
17 16
5 19
24 5
1 21
4 18
22 1
11 9
22 28
23 4
23 19
26 8
3 6
17 23
19 22
17 12
29 5
13 23
13 29
14 5
30 24
24 2
1 16
28 25
10 11
30 4
30 49
7 1
23 8
27 25
21 28
8 11
20 15
15 28
27 17
17 30
13 7
21 27
28 22
26 16
2 4
4 27
26 1
27 1
14 7
3 13
4 29
12 20
4 26
18 12
28 16
15 18
26 27
4 22
12 3
5 26
7 18
24 23
24 4
30 6
17 10
27 15
10 2
9 11
15 17
2 28
19 10
12 24
30 25
3 11
30 5
5 7
12 9
17 6
11 30
4 28
24 26
16 20
17 12
24 7
3 14
17 5
5 15
8 23
18 7
14 1
2 12
6 8
7 3
8 7
16 2
16 3
19 15
14 7
13 16
21 12
19 12
12 11
18 5
13 8
3 17
8 15
18 12
30 74
7 3
6 5
11 4
29 28
19 18
17 25
30 23
3 19
15 30
24 29
11 25
12 1
10 14
27 6
4 30
20 2
18 3
12 25
8 22
16 15
17 29
9 21
30 25
9 14
1 14
8 5
10 25
29 11
8 4
15 1
1 10
12 14
27 8
2 15
11 27
17 23
2 24
28 24
2 8
22 27
19 29
25 5
4 19
1 30
12 16
25 3
3 27
26 12
7 18
7 14
23 1
26 2
27 23
9 30
2 18
30 21
6 12
11 28
17 4
12 3
22 13
18 14
18 9
9 10
15 11
9 7
25 26
24 17
10 4
19 6
6 26
8 16
25 4
22 23
27 43
19 25
3 20
4 24
15 23
2 27
2 12
5 27
16 13
3 9
7 18
10 21
4 27
18 27
17 23
5 3
22 11
21 3
16 21
26 1
2 7
15 17
2 24
21 13
13 24
5 26
8 16
1 3
11 23
14 11
23 24
20 1
7 27
7 13
15 13
11 1
19 10
19 13
20 10
4 26
18 24
12 9
4 5
6 21
29 29
3 19
29 21
16 9
21 27
7 18
18 4
9 1
5 10
28 14
28 26
13 29
20 7
2 14
22 21
10 6
9 19
14 20
22 7
15 27
2 20
20 15
13 25
24 15
28 24
8 3
17 3
5 16
8 14
8 28
24 41
17 20
20 9
6 21
7 19
19 10
17 3
21 11
2 18
1 23
21 2
4 13
12 11
18 20
14 16
9 1
14 17
6 3
3 13
7 12
12 15
7 3
17 1
8 5
12 20
4 6
20 23
13 19
10 15
15 17
19 18
5 2
2 19
21 18
10 1
8 22
24 13
21 19
13 11
12 3
9 5
16 18
29 121
15 17
25 12
2 29
19 10
16 13
23 6
25 2
3 5
5 22
17 26
12 3
24 6
20 22
18 23
15 4
6 21
21 28
1 18
20 21
16 2
12 19
21 3
3 23
21 22
5 26
23 24
3 17
4 12
25 23
25 26
16 26
21 2
18 3
2 7
7 13
2 3
28 18
28 5
16 12
11 14
20 28
6 7
8 26
2 20
18 29
14 24
3 20
11 29
29 14
2 1
21 7
21 8
22 9
13 23
26 6
6 15
24 21
21 25
9 1
17 8
5 18
26 21
3 11
14 7
2 27
3 13
18 12
13 8
20 8
19 11
28 14
19 5
20 19
22 3
12 20
6 27
22 1
14 1
14 4
8 18
29 5
3 4
1 27
7 26
19 9
14 5
7 11
11 8
3 29
22 11
11 25
1 23
25 6
24 19
15 3
29 20
15 16
12 9
12 6
1 17
17 24
29 24
2 26
17 25
26 1
5 20
15 19
20 17
15 2
28 23
29 6
7 18
18 19
11 18
10 2
11 28
2 8
19 26
2 24
9 5
2 12
30 58
3 15
29 6
8 15
12 8
29 14
11 18
8 17
9 12
5 11
23 14
7 17
22 2
7 16
19 1
12 30
25 8
12 26
23 26
9 28
19 14
18 15
20 16
30 20
4 12
25 29
8 16
29 9
21 3
19 28
17 13
2 15
19 30
17 15
3 24
26 21
17 5
9 8
21 5
29 21
20 25
20 9
25 12
3 18
26 8
14 2
28 14
30 28
30 27
27 6
30 3
10 12
22 17
3 6
29 20
7 19
7 24
11 30
29 24
27 97
27 21
6 14
2 5
15 18
16 21
22 12
4 7
21 13
10 17
21 11
7 15
23 2
8 19
20 24
6 21
27 3
7 25
22 18
7 21
17 5
1 19
20 8
3 7
9 26
18 7
25 19
6 16
12 21
17 11
13 23
23 11
9 16
2 25
17 25
6 19
6 24
13 12
3 17
27 18
24 17
8 26
24 23
14 9
5 1
16 2
23 19
21 18
13 3
24 5
1 21
25 18
16 25
5 15
17 7
5 14
3 4
11 24
14 20
6 7
22 4
4 1
8 23
9 12
7 1
3 25
22 23
4 6
3 9
4 2
26 22
10 8
5 20
13 22
9 10
24 26
25 10
14 10
25 27
11 27
8 21
4 8
21 10
10 23
20 16
8 2
1 27
22 6
14 22
22 16
6 9
13 2
19 21
8 22
4 17
24 7
13 25
20 4
23 31
12 4
2 17
11 14
22 1
11 4
1 2
19 7
22 8
7 10
13 5
1 16
23 9
10 6
12 13
13 23
23 3
13 9
16 9
11 9
3 14
6 13
8 1
22 13
18 3
20 14
11 21
4 10
15 23
20 2
8 23
15 10
25 98
11 21
3 2
24 10
1 11
17 22
5 18
5 12
13 4
3 13
12 9
19 18
15 25
4 16
12 1
12 6
10 9
7 19
20 19
6 18
8 9
17 2
15 7
10 6
4 21
17 12
19 15
3 21
14 8
9 21
4 9
8 19
4 19
5 15
9 3
9 18
4 11
18 8
22 11
2 20
22 19
13 22
4 12
14 13
13 11
22 1
17 13
19 9
18 16
15 1
7 22
15 4
5 21
17 15
16 7
23 18
11 10
9 15
12 14
23 6
2 5
23 4
14 7
11 7
3 10
1 20
22 12
25 18
23 9
20 8
21 24
10 15
5 14
21 25
13 10
19 6
3 12
12 21
14 11
23 16
6 14
3 5
11 23
6 22
5 20
7 17
10 16
5 1
22 9
3 22
8 3
19 13
24 23
21 13
21 8
19 11
24 1
1 18
14 17
23 50
3 16
13 22
2 19
16 6
14 13
20 13
20 16
10 6
13 4
5 14
17 13
17 19
2 18
18 1
15 21
21 4
11 17
19 10
4 19
2 9
7 19
9 13
8 11
17 22
9 7
12 1
12 5
21 12
3 23
20 2
7 17
22 10
11 19
15 19
12 16
20 6
17 9
20 8
4 1
17 21
20 18
1 14
9 4
15 11
23 8
18 22
14 3
20 21
10 12
5 6
24 29
21 10
8 11
23 6
3 14
11 19
24 11
7 16
21 4
12 24
16 12
22 21
5 8
8 23
15 17
23 2
4 20
1 2
15 6
14 17
18 21
15 1
24 18
6 1
12 8
14 21
21 5
9 20
11 13
15 3
27 47
11 13
6 22
12 9
19 13
8 21
5 13
13 12
4 12
14 4
21 17
22 2
6 23
27 1
2 26
5 25
9 11
21 16
26 9
20 11
19 2
7 21
5 26
3 5
16 24
18 20
14 8
6 4
2 11
16 13
17 15
20 26
18 16
8 1
27 23
20 12
4 5
27 20
25 13
13 20
15 19
7 6
21 12
9 7
14 1
15 24
25 11
20 15
21 40
16 15
17 6
3 17
10 6
17 5
13 9
10 16
18 13
21 1
1 19
17 11
19 13
18 1
16 5
6 13
3 21
20 17
4 1
20 13
4 20
10 7
16 20
9 2
1 6
9 16
2 21
4 16
10 2
20 11
20 9
20 8
12 15
8 15
15 6
16 19
9 8
21 14
3 13
1 5
4 15
23 61
9 4
5 3
5 10
8 11
3 6
13 15
17 15
14 8
4 14
15 3
8 22
16 20
6 12
16 7
5 18
23 6
15 1
22 14
7 17
19 10
20 21
21 11
19 3
16 1
11 16
17 14
6 17
15 9
11 6
23 5
18 19
16 15
20 8
7 11
14 11
15 22
2 13
20 3
22 7
17 3
20 10
8 1
22 6
16 21
23 7
5 16
12 23
21 15
22 18
16 19
6 4
5 7
3 21
19 1
14 9
12 11
23 16
2 20
2 21
6 20
3 10
27 81
23 4
16 10
23 13
4 17
23 25
25 24
12 14
14 7
16 24
16 13
20 7
12 20
26 17
24 26
11 18
25 7
15 25
11 12
27 11
17 15
19 16
5 2
2 11
21 26
3 22
20 23
19 25
8 2
13 3
15 4
26 13
8 18
23 8
4 18
17 24
17 27
14 17
2 17
22 25
13 4
6 7
10 6
22 5
25 13
3 18
21 3
10 18
11 4
4 19
10 12
17 20
27 23
5 10
23 15
12 8
16 11
21 4
14 23
7 4
9 3
9 27
26 5
18 9
22 26
20 9
24 11
15 5
17 21
26 10
26 2
9 11
10 2
21 15
21 10
24 5
23 16
23 2
14 27
27 26
13 9
1 20
25 26
2 19
15 6
25 15
7 4
25 16
5 8
11 6
14 13
18 1
22 14
9 23
8 13
10 8
19 18
2 6
21 8
14 1
24 19
21 9
16 11
9 14
11 23
13 7
16 4
9 5
21 14
26 88
12 23
24 17
17 4
1 26
17 6
15 2
1 21
8 13
17 14
12 5
15 11
12 13
13 1
24 25
16 7
19 3
6 9
12 14
22 18
17 10
21 23
13 10
12 18
2 1
11 2
3 1
11 14
20 17
2 10
18 11
16 9
11 7
5 7
21 26
3 25
6 14
1 4
14 21
26 19
3 12
25 16
15 21
24 7
22 17
23 2
22 8
18 10
7 10
7 14
6 16
19 21
19 20
22 5
6 8
21 6
5 13
15 12
11 1
12 4
22 2
23 17
2 20
21 22
10 24
12 9
21 13
15 5
10 14
16 10
13 11
18 21
26 25
12 17
18 17
16 19
19 1
9 7
23 22
21 12
22 15
13 16
7 2
14 25
20 18
8 18
8 20
21 9
14 19
30 82
12 25
13 9
11 8
21 12
13 11
12 24
19 24
21 8
27 3
24 29
14 28
30 18
25 18
15 24
14 16
19 23
10 27
30 22
5 4
27 18
22 16
29 4
30 4
30 17
15 20
29 28
2 30
15 8
15 23
30 25
20 2
7 14
7 20
29 14
11 29
19 28
21 11
25 29
6 20
10 14
27 24
25 14
7 5
8 1
3 12
30 24
23 25
18 11
14 21
2 14
1 20
6 4
23 28
24 23
19 14
15 6
8 20
26 28
25 27
4 12
20 28
10 1
7 24
14 8
26 27
7 21
22 9
12 29
6 13
7 28
21 20
27 14
26 10
15 21
2 12
14 24
13 4
30 14
5 28
26 4
22 13
8 9
27 65
22 13
2 11
27 18
23 18
26 3
1 19
20 25
23 17
24 16
25 19
7 17
15 16
5 22
4 16
25 27
7 24
21 9
14 21
10 18
18 5
21 16
11 6
7 21
11 12
25 22
18 1
22 24
22 8
6 21
17 27
4 19
18 21
8 12
14 17
15 11
5 25
20 21
8 10
26 20
15 26
10 13
18 7
26 5
21 15
15 22
8 7
25 3
12 18
5 7
24 1
6 16
6 24
16 23
13 16
21 5
8 5
14 1
6 22
9 12
13 27
14 25
4 15
3 27
14 19
13 15
28 62
20 11
1 3
28 10
13 6
13 20
5 20
15 22
14 6
26 28
19 27
5 15
13 22
1 12
17 12
21 24
17 20
11 9
12 14
14 11
20 26
14 13
13 3
3 16
10 25
5 6
22 14
21 12
15 14
5 24
6 4
23 10
24 8
13 27
18 16
7 17
17 8
11 24
7 18
18 13
22 16
27 3
11 17
7 8
1 27
24 22
27 26
6 3
14 10
6 2
25 18
28 1
19 2
23 4
8 3
21 26
18 20
7 27
5 19
20 2
21 18
12 19
10 2
26 48
15 5
16 7
10 11
3 17
24 10
11 13
5 10
18 25
2 3
12 25
7 4
6 15
20 16
19 23
2 5
14 4
14 22
19 1
1 7
20 15
22 6
18 6
26 17
13 14
18 17
10 1
3 23
4 16
15 21
26 7
25 11
15 24
20 5
5 17
25 13
21 22
26 25
8 11
6 7
21 20
5 12
1 9
11 24
19 3
11 20
1 16
23 7
24 7
30 89
15 9
27 14
29 28
10 8
15 17
17 23
24 26
30 7
17 21
4 20
22 27
16 17
10 27
23 4
11 7
17 28
12 22
30 9
11 14
2 21
23 29
4 19
25 15
7 22
11 3
21 10
3 20
30 3
26 29
5 9
25 10
23 11
29 24
18 5
28 1
25 7
11 15
20 27
5 4
6 1
11 12
23 12
29 22
11 22
4 13
3 21
8 30
4 1
9 27
30 5
19 30
3 15
21 16
19 9
9 10
23 10
29 12
18 13
24 7
26 30
5 23
1 12
27 24
18 8
3 5
4 30
5 24
13 8
25 28
29 27
27 25
26 11
3 27
18 24
30 21
20 30
19 3
27 30
12 24
8 11
14 16
1 10
20 8
24 14
16 15
4 22
4 8
17 30
21 19
25 65
7 14
18 2
2 19
14 19
12 5
15 22
13 9
12 21
20 22
25 20
25 6
22 16
11 5
11 21
8 2
17 14
16 4
17 24
6 23
18 12
22 2
3 18
13 7
23 3
2 6
7 9
11 9
9 16
15 3
18 6
24 1
1 2
2 5
21 19
18 17
20 12
23 17
13 16
17 1
1 10
25 16
15 10
16 17
25 5
11 13
20 17
3 8
6 10
10 2
6 11
20 21
16 18
18 7
23 2
17 12
5 24
11 1
2 3
7 6
10 20
25 10
8 7
2 9
4 1
24 21
27 40
15 13
12 25
8 21
25 10
2 26
19 14
15 18
26 1
21 16
19 27
22 26
4 17
6 7
17 11
18 23
24 11
20 26
12 5
19 20
7 27
23 4
8 16
3 27
12 11
19 3
8 19
16 25
18 14
23 6
12 2
12 15
18 9
25 23
15 24
18 25
1 18
13 11
6 2
15 2
20 11
26 51
13 18
9 12
19 25
20 6
25 5
21 10
25 2
18 22
23 24
10 22
20 4
16 13
3 26
5 20
11 14
9 11
6 3
1 25
13 23
7 8
12 14
26 2
23 15
2 23
23 14
8 6
8 25
3 21
5 18
11 7
4 5
19 7
25 6
3 15
5 22
17 3
6 14
8 13
9 19
6 23
3 5
6 5
23 12
8 17
16 17
26 10
3 4
17 13
16 9
5 17
16 25
22 64
22 16
11 22
6 20
5 6
17 14
1 17
1 22
9 2
11 13
15 4
17 9
15 19
10 22
18 2
3 8
9 21
20 13
20 19
11 7
15 22
3 19
3 11
15 13
5 16
18 3
20 7
22 8
4 16
17 21
6 12
14 6
6 11
21 6
4 18
1 6
17 8
22 17
13 16
4 17
5 22
21 12
12 22
8 15
13 22
16 19
1 8
14 8
2 1
8 20
6 9
16 2
13 18
15 20
6 10
22 20
16 3
22 6
9 3
14 7
20 18
2 4
2 5
4 14
10 1
29 60
13 23
16 19
15 23
10 5
17 15
6 4
17 27
20 17
20 18
1 10
18 22
4 20
6 1
6 5
27 22
7 18
2 6
14 9
19 12
12 8
8 20
5 24
2 28
9 13
22 13
28 23
1 28
3 6
12 23
26 17
2 27
14 29
22 14
19 11
14 4
5 13
26 18
9 19
27 7
9 4
5 4
25 29
7 2
18 27
9 3
23 7
11 25
10 19
27 16
16 7
2 29
26 22
16 28
19 18
6 10
5 3
15 11
26 1
8 10
12 24
29 69
11 2
21 7
6 5
15 17
19 4
27 17
28 21
1 6
29 16
21 8
9 15
19 24
13 5
24 26
19 13
21 23
10 13
17 29
17 25
13 9
9 25
1 21
23 22
23 14
1 3
16 17
10 26
9 6
21 15
2 5
8 3
11 29
1 12
23 8
15 13
14 13
12 11
1 22
27 9
15 29
10 9
28 20
11 25
12 29
24 4
16 4
1 23
25 12
3 10
19 12
2 8
24 29
8 15
23 24
3 23
12 22
25 27
10 1
7 18
29 27
11 18
1 8
21 3
27 22
11 6
3 13
20 18
24 13
4 3
21 32
5 7
11 2
9 5
13 5
21 9
7 10
12 5
5 10
13 16
1 20
2 19
16 6
9 10
12 18
12 15
1 15
20 18
7 2
8 12
10 3
10 11
17 2
9 11
7 14
16 3
15 6
3 7
2 8
14 11
9 13
2 13
1 5
28 32
20 28
18 15
15 27
25 28
28 13
26 10
11 20
3 15
12 24
25 26
13 2
10 5
24 8
18 2
9 27
1 21
3 11
5 2
18 8
19 18
21 9
17 5
1 12
3 28
16 13
10 7
2 20
19 7
17 4
28 12
27 16
22 25
22 72
15 2
13 19
11 9
12 5
3 14
18 17
18 19
7 6
9 15
3 18
12 8
15 13
13 18
21 3
18 2
14 19
5 4
15 14
16 19
12 21
14 12
12 6
5 13
14 21
21 9
20 15
19 11
8 1
14 5
15 11
3 15
5 17
12 9
11 12
18 15
16 10
7 9
14 1
13 2
6 13
14 11
7 14
4 8
20 21
6 1
5 2
7 2
20 19
15 4
9 4
10 12
21 8
8 3
12 22
1 10
18 11
16 22
19 17
6 15
20 5
18 10
8 22
8 15
2 8
21 4
10 7
19 1
4 12
20 2
9 3
13 16
20 1
30 59
18 22
19 28
7 8
5 13
27 5
19 2
3 26
6 17
3 8
14 27
22 25
2 27
19 16
3 27
29 10
8 5
23 27
30 6
4 13
1 14
30 24
14 22
22 28
14 12
11 20
18 27
21 20
23 2
12 18
21 24
14 6
25 30
14 13
26 2
11 8
17 14
26 1
15 28
21 23
28 3
9 25
6 24
22 9
16 23
3 14
24 2
16 10
14 7
7 20
16 1
20 8
22 15
30 28
12 24
20 29
29 4
22 19
28 18
7 22
21 45
16 9
11 1
3 17
18 8
8 6
14 20
16 3
18 17
14 6
11 20
4 10
9 15
21 2
7 15
11 10
2 13
7 20
5 8
3 15
15 8
2 15
15 10
13 6
19 6
8 16
16 7
11 12
1 18
15 11
10 20
15 19
4 9
1 13
9 13
9 6
13 21
20 12
2 9
19 17
6 2
11 9
2 10
20 5
2 16
3 18
30 41
18 25
20 22
9 25
11 17
20 2
3 16
6 8
5 27
8 10
7 1
21 24
1 27
14 5
6 3
24 7
14 1
1 17
7 11
1 25
24 25
27 10
2 15
7 12
18 20
17 30
19 8
4 21
3 21
12 11
17 10
18 30
19 17
23 26
26 17
9 22
17 3
4 7
24 1
28 11
4 27
11 21
28 78
27 6
7 12
3 16
1 21
10 9
24 23
11 25
21 26
16 13
1 3
14 22
6 18
12 26
17 3
15 9
26 23
23 5
24 2
2 9
12 23
22 19
3 18
18 12
13 6
26 6
2 17
14 23
7 17
14 17
8 28
22 15
23 15
15 24
15 2
4 9
2 19
8 12
4 8
9 25
20 15
15 7
24 9
28 20
7 11
3 22
22 2
18 28
25 19
2 25
5 14
2 4
19 11
1 8
3 8
24 17
16 1
4 23
20 6
15 3
13 23
8 2
7 4
10 21
28 14
1 9
9 27
6 8
2 21
3 21
28 23
12 5
13 4
5 7
5 18
5 20
18 17
27 12
13 10
23 31
13 23
2 22
14 11
9 13
14 6
3 22
4 17
19 1
4 5
13 11
17 10
9 10
5 1
15 18
10 21
7 13
8 15
17 21
2 21
7 15
20 21
10 7
15 6
7 19
7 11
16 15
5 9
23 14
5 13
22 18
16 3
22 26
6 3
1 17
12 17
4 19
3 10
3 22
2 17
18 12
11 21
18 4
1 14
13 18
20 14
9 1
15 22
21 8
7 8
17 20
10 15
22 6
19 1
9 6
21 10
9 14
10 14
13 1
24 38
9 19
1 16
16 18
1 17
23 14
7 2
16 19
13 3
16 15
15 7
7 12
13 10
5 8
19 24
5 21
17 5
13 8
8 2
3 4
20 14
20 4
3 12
8 16
6 17
19 10
14 2
3 1
4 21
21 24
15 3
23 3
19 7
8 14
8 22
12 10
12 4
7 10
21 9
40 53
22 17
10 11
10 30
37 22
13 28
20 12
36 37
15 28
23 36
17 12
28 33
1 19
39 7
6 32
1 23
1 22
30 2
18 17
34 36
36 32
35 31
40 29
22 36
23 29
16 21
5 14
31 5
4 28
13 5
21 28
17 1
5 16
25 15
30 18
40 38
17 16
40 5
15 38
33 4
7 29
14 7
6 1
18 4
35 8
30 40
37 28
21 13
12 26
37 15
25 6
31 27
35 2
32 21
31 91
28 2
6 24
15 27
17 20
3 20
7 24
24 4
24 21
28 10
13 24
25 20
10 5
7 14
6 26
21 4
29 18
16 20
26 1
2 13
20 9
14 19
28 8
7 11
29 16
24 30
2 14
17 26
24 10
16 26
9 27
2 12
14 29
31 13
1 6
28 30
11 13
10 17
28 12
31 5
20 21
13 4
16 9
24 29
7 23
2 15
5 18
7 15
17 19
26 11
22 4
10 1
17 4
10 15
18 17
19 11
9 28
10 3
12 19
16 27
16 24
6 14
5 17
6 19
11 14
8 21
20 10
7 26
18 1
23 15
5 1
9 30
11 5
31 8
26 3
30 7
15 9
29 8
30 17
6 2
15 14
30 14
18 15
26 28
3 21
31 20
15 11
1 29
12 31
18 28
5 25
7 1
31 87
28 24
29 3
9 15
27 13
12 3
16 4
22 9
11 14
5 21
14 3
22 4
13 20
31 9
19 26
23 25
9 18
24 5
27 4
1 16
12 15
19 14
14 23
6 13
28 2
14 4
17 30
17 26
26 7
9 7
26 15
7 15
5 6
2 27
7 19
10 14
31 3
15 23
2 8
7 1
21 31
22 24
12 11
15 25
9 25
1 20
28 25
18 7
17 22
31 28
19 22
17 23
14 13
27 1
1 3
16 2
14 6
1 2
26 5
9 8
13 19
1 12
5 29
3 19
16 5
20 25
25 1
15 2
18 16
6 27
11 22
25 13
15 19
13 21
24 3
11 30
11 18
21 4
21 6
25 17
26 23
31 27
7 10
20 15
21 11
16 27
1 17
31 29
32 59
20 29
22 8
15 32
18 15
27 24
16 22
24 15
11 28
23 9
31 32
25 29
9 18
7 24
15 14
18 25
4 31
7 5
13 27
15 16
32 24
26 23
15 28
16 19
23 1
5 22
18 1
32 1
27 26
12 10
17 21
5 1
15 17
23 11
1 6
20 16
29 9
18 6
27 7
16 25
18 16
13 1
13 21
5 15
22 10
13 15
30 17
16 30
26 22
20 18
26 16
6 29
4 32
5 17
19 17
31 16
12 24
9 24
13 25
29 2
32 93
30 14
21 13
28 4
6 27
2 32
3 8
24 1
1 22
14 18
19 17
12 19
14 20
25 20
18 15
3 18
20 2
14 32
8 1
24 17
7 6
14 10
7 21
26 24
3 13
17 16
5 3
22 14
1 3
31 30
27 2
4 1
22 5
14 29
27 11
10 19
5 10
15 5
25 21
9 6
15 6
22 24
19 6
25 24
5 11
31 27
3 17
7 30
7 12
28 5
3 32
20 22
2 16
4 2
18 6
30 8
28 6
14 28
24 20
6 23
12 32
25 13
32 1
15 25
25 8
29 32
2 21
9 14
1 29
20 27
17 28
31 10
29 22
11 12
16 7
13 4
7 11
32 28
28 24
19 28
8 21
32 13
15 11
21 16
25 10
27 22
2 29
25 23
22 2
16 25
9 13
7 8
28 25
25 26
32 59
15 20
27 23
5 18
18 31
7 23
26 19
3 2
21 23
5 29
15 17
8 24
20 19
18 10
22 25
8 14
22 11
1 13
24 7
29 8
25 4
26 22
8 15
12 32
27 29
15 3
27 14
12 8
4 22
13 22
31 30
18 22
26 9
13 5
13 7
3 32
2 11
31 21
15 4
31 13
11 32
10 11
24 27
13 3
24 10
12 23
14 17
31 32
25 26
25 1
21 17
22 31
12 24
28 22
26 17
7 29
9 28
12 6
31 28
1 9
40 57
21 14
30 38
13 12
17 4
28 37
8 21
31 25
35 25
25 1
1 19
39 17
5 1
5 18
33 18
19 30
29 17
1 7
5 7
6 37
26 32
4 5
26 38
31 7
10 29
38 1
16 19
18 24
15 39
23 38
15 3
29 28
29 12
13 30
27 39
31 6
2 34
6 4
32 40
33 35
6 20
7 36
2 7
23 14
6 7
19 32
29 22
4 27
39 22
28 13
8 26
21 31
32 34
12 10
16 21
8 10
17 9
35 13
32 52
19 1
23 9
4 13
17 18
16 20
15 17
15 22
18 4
21 8
25 10
6 17
23 10
21 20
22 11
14 18
3 24
11 31
23 16
4 31
32 8
26 2
9 12
13 26
28 13
5 13
21 26
9 4
5 21
26 23
6 28
26 19
12 11
32 15
31 8
8 24
1 2
3 13
23 31
20 26
12 3
5 20
8 5
6 7
7 10
12 17
17 26
9 27
15 24
32 10
28 20
18 11
6 10
34 95
17 31
9 19
27 3
20 5
9 6
11 4
17 2
12 14
5 17
21 34
3 7
30 4
30 11
12 13
11 27
26 13
5 30
11 29
15 34
19 28
26 18
10 13
33 31
2 9
17 24
28 14
24 16
13 16
12 17
23 12
11 1
4 18
18 12
30 34
2 29
31 29
27 21
15 10
31 11
27 17
18 11
10 34
4 5
9 7
33 6
17 32
31 25
16 10
18 7
25 30
26 20
20 18
4 2
30 6
23 4
26 34
24 29
18 9
10 6
28 33
3 6
27 13
20 27
25 17
33 8
21 29
27 8
2 14
22 21
31 1
26 24
11 24
11 12
6 18
24 21
8 14
20 25
10 20
19 31
14 17
4 33
12 9
32 23
12 34
33 26
20 30
33 9
5 29
20 4
18 19
8 21
25 3
3 26
6 26
6 1
38 49
34 28
20 17
34 20
24 15
32 15
11 34
35 4
24 38
12 38
37 8
2 23
18 13
34 6
17 15
27 5
7 13
16 37
1 9
26 18
9 35
25 2
19 8
25 10
34 17
9 2
23 30
19 26
37 5
15 3
25 21
21 29
27 20
28 16
15 38
20 7
37 22
1 23
27 31
9 25
35 3
2 1
13 14
15 28
3 31
14 12
2 20
11 28
34 16
9 23
38 94
34 5
27 21
21 12
17 12
18 2
5 26
18 6
31 16
19 6
3 35
16 25
25 35
6 35
17 36
35 9
33 20
11 25
1 21
38 6
6 23
17 8
29 21
33 13
15 1
15 7
12 11
26 20
9 26
15 30
1 2
9 29
16 28
10 9
3 38
22 18
38 25
37 16
30 31
18 25
24 5
13 38
6 30
31 22
36 14
9 30
21 16
38 33
25 5
13 8
25 12
28 22
36 5
12 6
32 5
16 32
15 27
31 1
26 15
5 10
1 20
4 6
33 28
1 30
23 20
35 23
21 13
19 35
28 26
8 5
37 19
27 20
31 15
27 11
9 25
11 26
19 13
4 15
4 26
21 24
14 9
20 28
35 15
8 21
15 14
7 31
20 5
19 11
21 10
18 33
11 36
8 3
1 23
20 36
33 5
39 86
35 31
24 10
12 8
11 34
15 27
32 2
20 23
14 5
33 19
11 10
29 23
30 7
29 20
8 36
15 18
30 17
28 36
21 4
26 23
11 27
34 24
33 29
18 23
31 18
22 29
19 13
25 7
12 33
6 37
25 21
28 29
35 28
10 15
5 10
16 27
16 38
7 22
20 9
10 22
4 15
32 14
27 18
37 36
37 31
18 38
32 12
26 15
19 26
39 34
21 38
17 9
14 9
14 21
9 15
11 36
33 21
39 27
27 20
16 36
3 36
6 18
32 18
6 24
9 2
29 34
6 39
32 39
20 6
11 3
4 39
30 22
4 16
11 22
19 15
39 19
11 9
2 33
8 5
26 28
5 37
24 26
20 5
3 4
3 24
27 33
9 3
40 94
4 30
4 10
4 39
3 20
9 28
9 17
29 32
13 1
5 19
12 37
18 12
38 20
38 14
18 23
9 24
31 15
4 12
2 21
21 33
20 12
34 12
25 35
22 25
21 37
27 17
18 9
9 6
3 2
21 4
29 14
23 30
1 35
30 16
3 1
15 19
4 8
2 35
22 21
27 7
19 31
10 29
2 24
36 24
35 30
28 24
1 6
33 32
34 28
40 6
23 11
1 21
34 21
2 37
29 3
28 7
18 14
15 28
20 29
13 30
30 11
12 17
37 16
14 17
2 33
4 6
32 2
32 27
20 4
34 31
1 15
14 19
34 6
8 40
24 22
19 10
39 16
24 31
13 29
38 21
22 8
6 26
31 26
10 13
13 28
17 13
38 4
40 27
39 25
14 34
31 8
23 32
26 28
7 36
25 38
36 90
13 8
31 5
7 17
11 27
5 8
22 29
27 30
2 33
28 8
12 32
29 26
6 15
31 7
5 2
8 10
35 12
6 29
33 32
1 26
34 13
16 31
28 6
22 11
21 6
11 21
26 9
14 3
25 14
36 34
25 6
17 14
29 33
18 36
15 17
33 12
27 29
30 11
2 21
16 20
7 23
31 23
14 6
24 17
26 8
19 16
25 7
31 15
12 29
7 13
15 11
7 29
2 13
36 11
2 19
8 35
27 5
6 2
29 21
23 17
33 23
9 29
31 3
20 30
29 18
34 22
3 22
3 15
34 23
12 21
35 23
18 19
20 5
14 26
12 3
15 18
7 27
32 26
9 35
26 19
17 13
35 21
3 21
21 16
35 16
11 25
10 15
27 3
9 20
19 20
7 35
40 56
6 7
10 15
8 22
25 14
5 27
34 27
9 33
34 21
11 33
7 36
34 9
12 6
22 18
34 23
37 21
40 10
19 3
27 19
38 18
12 34
17 9
22 9
38 40
12 20
12 5
11 6
22 25
29 20
37 7
40 14
36 37
34 29
10 11
17 27
6 28
35 20
23 20
27 26
25 21
39 22
8 29
27 35
35 6
37 27
34 33
12 30
4 12
9 26
24 16
8 24
8 25
25 18
33 38
39 37
2 11
19 16
35 96
28 2
14 10
15 4
7 26
21 14
9 35
26 25
4 32
35 27
32 31
31 9
30 21
22 13
23 28
29 35
25 17
31 19
26 20
26 17
7 11
15 2
24 35
23 6
2 3
33 34
16 31
20 35
2 31
11 25
32 23
22 20
31 28
17 1
5 28
12 22
1 19
6 31
27 11
28 6
22 17
18 1
31 8
33 17
17 12
35 12
2 17
2 18
12 16
2 8
9 32
19 22
29 21
32 27
26 1
34 9
4 6
6 27
29 1
25 29
31 27
1 22
35 3
34 27
19 20
11 28
16 8
7 33
5 30
1 2
11 19
34 25
24 14
22 25
14 23
30 9
24 20
12 18
10 23
3 20
30 7
32 5
21 15
27 23
17 30
3 10
33 6
15 5
18 8
24 22
16 15
1 30
5 35
10 16
11 14
13 6
16 4
31 49
6 22
12 26
1 23
27 22
29 17
14 16
12 10
20 15
7 27
31 2
6 28
29 2
31 10
9 19
30 17
3 12
12 31
14 2
7 24
28 13
17 11
31 11
3 8
13 18
30 27
9 15
1 17
18 7
14 12
5 6
24 2
29 20
22 19
11 20
27 2
21 30
5 26
16 12
6 19
27 8
18 31
16 28
18 30
6 14
26 9
8 6
15 31
9 21
11 8
31 30
25 29
23 14
18 8
11 2
7 8
4 11
29 7
27 3
7 19
14 5
7 9
25 20
16 7
15 1
16 22
4 19
27 14
27 11
3 11
14 31
14 26
31 4
24 11
5 28
22 18
25 26
12 22
1 24
14 8
15 20
31 36
8 12
1 31
19 25
25 8
13 22
12 22
18 15
17 26
28 10
21 10
13 12
11 4
8 5
17 14
25 11
26 31
12 24
3 17
20 17
11 16
7 31
30 14
9 21
10 4
8 2
12 21
28 24
2 22
11 6
27 29
12 3
18 19
20 30
3 5
30 15
30 22
35 62
29 32
28 33
31 16
18 9
29 24
30 2
2 32
6 14
16 1
30 31
25 24
10 21
31 27
11 27
7 8
5 12
16 6
34 10
34 32
10 30
15 20
14 29
13 4
11 18
8 24
23 11
7 5
2 14
22 33
33 23
13 24
8 32
29 22
35 31
1 26
29 27
16 23
32 33
4 24
23 14
8 22
29 15
23 2
13 28
2 11
6 2
25 27
5 29
2 22
16 7
25 5
32 31
25 7
1 29
11 30
27 20
6 9
28 20
27 12
9 8
29 30
33 4
36 89
15 3
35 18
31 35
18 3
17 13
2 3
30 24
2 31
36 10
34 32
29 26
4 15
34 19
12 11
32 16
32 35
35 1
23 36
5 10
15 11
16 35
10 15
14 8
18 5
18 10
32 1
12 17
23 26
30 16
21 9
20 6
16 1
28 29
9 18
32 22
35 36
33 35
32 7
7 6
25 3
23 25
6 30
31 30
26 1
31 26
31 32
36 24
5 4
32 9
34 28
28 25
3 36
24 3
14 36
31 14
6 29
26 33
13 11
1 5
20 4
26 34
22 8
29 11
16 6
20 18
32 14
30 5
17 24
10 31
27 21
12 13
31 17
18 31
6 14
30 12
7 13
26 10
27 17
29 14
12 21
8 21
35 13
31 19
15 36
14 17
7 18
19 24
10 32
2 28
39 96
36 13
7 5
28 21
25 30
17 31
29 34
28 29
14 38
25 8
14 35
35 11
36 2
21 5
18 26
27 10
1 27
13 18
36 18
35 3
32 27
8 27
25 27
21 31
24 20
4 18
21 13
1 23
27 22
39 34
38 24
33 1
15 3
18 6
25 22
1 14
31 38
3 20
7 22
23 38
7 20
15 7
38 5
1 8
16 22
30 7
38 7
6 22
2 18
24 26
35 39
19 37
21 3
39 20
10 38
17 24
29 27
32 23
39 26
11 17
1 11
32 36
9 19
7 8
35 33
7 37
10 21
33 13
30 10
39 3
8 38
18 31
30 5
17 16
24 39
8 15
12 21
23 11
22 21
23 24
13 32
16 30
20 34
17 39
2 20
20 19
4 21
8 20
31 5
4 28
29 30
37 10
12 23
13 25
11 25
13 30
23 31
34 62
2 6
1 19
32 5
9 11
13 24
10 31
28 6
18 8
16 12
11 19
18 22
20 7
18 33
23 7
31 5
7 11
14 8
24 25
4 7
1 34
25 13
23 32
31 18
33 31
7 27
4 2
29 9
24 4
9 7
24 12
32 2
4 3
16 21
21 22
23 33
32 6
11 27
26 29
15 16
33 32
34 8
4 12
12 6
3 8
20 18
1 31
1 24
31 25
34 10
34 18
26 31
3 25
18 4
25 12
19 34
19 30
1 20
21 3
19 7
34 28
28 7
19 12
37 90
24 4
24 18
28 11
27 7
12 35
27 3
29 16
22 32
10 16
28 24
12 29
19 21
2 26
34 15
9 32
2 13
24 13
25 19
18 5
31 13
16 6
5 25
1 33
9 14
32 13
7 22
24 26
22 28
35 7
22 8
7 20
8 2
20 31
6 30
37 23
1 18
33 36
5 15
24 25
2 6
27 8
26 8
19 14
25 17
34 3
2 27
1 28
4 25
24 1
10 31
36 28
9 33
1 13
11 14
25 22
30 17
12 14
18 31
21 10
8 20
2 3
33 18
21 8
13 25
5 19
21 13
29 17
31 6
16 26
32 4
12 4
28 5
17 20
11 3
7 2
37 4
28 17
32 20
20 35
14 37
23 19
22 20
1 21
25 14
25 16
23 28
2 15
25 1
15 19
5 6
38 65
30 24
37 16
9 13
20 23
24 26
22 35
33 6
6 28
8 10
30 20
3 9
19 5
25 36
36 28
21 37
27 19
12 8
32 5
5 22
13 34
17 20
32 12
10 37
23 34
38 33
33 2
4 16
38 25
32 3
37 27
37 15
20 35
31 13
5 6
10 1
31 21
2 25
7 16
5 33
21 3
14 32
6 27
9 8
4 35
34 32
1 13
27 32
34 19
17 14
34 7
11 1
25 16
28 37
30 38
30 28
20 13
7 20
36 12
4 7
9 24
38 35
1 12
16 32
11 9
13 21
34 89
3 15
17 23
29 24
10 20
29 17
29 6
12 16
11 16
17 19
2 6
5 14
28 19
17 33
5 23
22 32
9 21
27 4
32 11
1 23
33 3
5 10
3 12
32 23
22 17
16 20
30 31
13 31
31 32
34 10
10 14
11 24
12 19
33 11
30 23
15 10
24 16
11 14
22 29
16 19
31 22
16 15
34 15
3 21
28 4
11 1
16 32
28 22
31 7
7 24
5 12
21 1
34 5
4 14
20 8
5 8
24 32
5 11
10 4
26 9
10 1
28 24
6 7
26 4
11 2
22 16
27 28
29 27
29 21
7 32
31 12
21 34
3 13
29 4
26 5
9 13
5 27
14 23
9 34
14 13
3 4
27 6
5 13
4 15
23 22
22 30
18 3
22 3
16 28
15 19
37 43
19 33
13 16
19 5
26 14
12 23
24 6
36 9
29 17
16 32
1 2
36 33
28 31
20 35
24 37
31 20
10 9
2 5
22 25
13 2
33 26
6 22
18 19
7 22
21 2
14 1
17 9
19 27
22 29
27 36
20 26
3 2
6 19
15 1
32 11
30 2
27 34
16 35
19 22
22 10
35 13
25 36
33 2
5 11
33 40
14 9
13 25
8 30
1 22
33 30
16 9
13 28
23 19
6 17
31 18
30 19
32 31
14 27
20 21
23 7
9 6
3 2
16 3
13 9
10 2
10 28
20 22
23 1
9 4
10 18
8 7
22 8
11 8
28 11
13 31
20 24
10 33
14 22
30 17
12 3
5 2
29 20
9 23
7 15
32 25
34 89
33 21
17 4
5 18
33 22
14 1
28 11
23 9
4 14
24 13
28 30
15 31
1 25
7 29
4 1
21 3
31 1
12 14
21 27
19 4
18 29
15 20
4 12
10 2
14 23
25 16
19 32
30 22
16 32
12 23
12 7
5 26
34 18
20 6
11 27
7 33
32 18
27 22
24 8
17 6
10 20
19 18
16 10
17 23
16 8
9 11
1 16
24 14
10 24
31 8
26 1
27 34
11 33
3 20
2 29
22 12
24 26
28 25
1 17
17 9
33 31
9 3
22 14
28 12
13 25
31 26
4 24
5 34
17 24
8 32
10 28
9 4
12 9
18 26
29 6
16 6
19 33
19 15
23 3
28 20
27 28
14 3
1 18
32 13
14 15
14 29
27 16
33 32
9 32
5 24
35 91
26 19
5 19
16 3
28 20
35 11
25 30
8 6
22 2
4 15
33 18
24 6
14 31
11 2
18 31
4 20
8 26
24 15
15 28
12 22
26 10
14 1
29 33
13 17
7 3
16 21
26 5
24 4
22 21
10 23
21 11
32 24
3 17
25 9
29 6
32 15
29 10
14 18
33 26
18 15
30 5
15 1
17 18
7 6
35 22
20 24
2 9
24 25
18 32
15 22
24 28
19 9
12 20
22 18
13 26
7 9
15 31
19 28
17 9
9 27
12 23
11 10
24 11
7 15
10 28
2 27
28 22
34 22
24 35
20 34
26 24
35 7
35 13
8 29
15 34
17 22
12 28
26 6
20 16
13 15
19 27
6 34
14 34
22 19
12 5
14 5
34 25
11 17
3 6
13 30
2 29
7 24
