0 1000 1000 1000 1000 1000 1000 1000 1000 1000 1000 1000 1000 1000 1000 1000 1000 1000 1000 1000 1000 1000 1000 1000 1000 1000 1000 1000 1000 1000 1000 1000 1000 1000 1000 1000 1000 1000 1000 1000 1000 1000 1000 1000 1000 1000 1000 1000 1000 1000 1000 1000 1000 1000 1000 1000 1000 1000 1000 1000 1000 1000 1000 1000]
endobj
6477 0 obj
<<
/Type /FontDescriptor
/FontName /XNMBGQ+YouYuan
/Flags 4
/FontBBox [ -7 -226 1046 859]
/Ascent 820
/CapHeight 812
/Descent -179
/ItalicAngle 0
/StemV 333
/XHeight 453
/FontFile2 6644 0 R
>>
endobj
6478 0 obj
[ 1000]
endobj
6479 0 obj
<<
/Type /FontDescriptor
/FontName /DNVYGF+YouYuan
/Flags 4
/FontBBox [ -7 -226 1046 859]
/Ascent 820
/CapHeight 796
/Descent -179
/ItalicAngle 0
/StemV 333
/XHeight 453
/FontFile2 6645 0 R
>>
endobj
6480 0 obj
[ 1000]
endobj
6481 0 obj
<<
/Type /FontDescriptor
/FontName /HKZCYT+YouYuan
/Flags 4
/FontBBox [ -7 -226 1046 859]
/Ascent 820
/CapHeight 804
/Descent -179
/ItalicAngle 0
/StemV 333
/XHeight 453
/FontFile2 6646 0 R
>>
endobj
6482 0 obj
[ 1000]
endobj
6483 0 obj
<<
/Type /FontDescriptor
/FontName /QIHGWC+YouYuan
/Flags 4
/FontBBox [ -7 -226 1046 859]
/Ascent 820
/CapHeight 804
/Descent -179
/ItalicAngle 0
/StemV 333
/XHeight 453
/FontFile2 6647 0 R
>>
endobj
6484 0 obj
[ 1000]
endobj
6485 0 obj
<<
/Type /FontDescriptor
/FontName /HSHNPQ+YouYuan
/Flags 4
/FontBBox [ -7 -226 1046 859]
/Ascent 820
/CapHeight 820
/Descent -179
/ItalicAngle 0
/StemV 333
/XHeight 453
/FontFile2 6648 0 R
>>
endobj
6486 0 obj
[ 1000]
endobj
6487 0 obj
<<
/Type /FontDescriptor
/FontName /OWWBUY+YouYuan
/Flags 4
/FontBBox [ -7 -226 1046 859]
/Ascent 820
/CapHeight 804
/Descent -179
/ItalicAngle 0
/StemV 333
/XHeight 453
/FontFile2 6649 0 R
>>
endobj
6488 0 obj
[ 1000 1000 1000 1000 1000 1000 1000 1000 1000 1000 1000 1000 1000 1000 1000 1000 1000 1000 1000 1000 1000 1000 1000 1000 1000 1000 1000 1000 1000 1000 1000 1000 1000 1000 1000 1000 1000 1000 1000 1000 1000 1000 1000 1000 1000 1000 1000 1000 1000 1000 1000 1000 1000 1000 1000 1000 1000 1000 1000 1000 1000 1000 1000 1000 1000 1000 1000 1000 1000 1000 1000 1000 1000 1000 1000 1000 1000 1000 1000 1000 1000 1000 1000 1000 1000 1000 1000 1000 1000 1000 1000 1000 1000 1000 1000 1000 1000 1000 1000 1000 1000 1000 1000 1000 1000 1000 1000 1000 1000 1000 1000 1000 1000 1000 1000 1000 1000 1000 1000 1000 1000 1000 1000 1000 1000 1000 1000 1000 1000 1000 1000 1000 1000 1000 1000 1000 1000 1000 1000 1000 1000 1000 1000 1000 1000 1000 1000 1000 1000 1000 1000 1000 1000 1000 1000 1000 1000 1000 1000 1000 1000]
endobj
6489 0 obj
<<
/Type /FontDescriptor
/FontName /ZRQEGL+YouYuan
/Flags 4
/FontBBox [ -7 -226 1046 859]
/Ascent 820
/CapHeight 773
/Descent -179
/ItalicAngle 0
/StemV 333
/XHeight 453
/FontFile2 6650 0 R
>>
endobj
6490 0 obj
[ 1000]
endobj
6491 0 obj
<<
/Type /FontDescriptor
/FontName /AZVKWW+YouYuan
/Flags 4
/FontBBox [ -7 -226 1046 859]
/Ascent 820
/CapHeight 820
/Descent -179
/ItalicAngle 0
/StemV 333
/XHeight 453
/FontFile2 6651 0 R
>>
endobj
6492 0 obj
[ 1000 1000 1000 1000 1000 1000]
endobj
6493 0 obj
<<
/Type /FontDescriptor
/FontName /CQRCNF+YouYuan
/Flags 4
/FontBBox [ -7 -226 1046 859]
/Ascent 820
/CapHeight 804
/Descent -179
/ItalicAngle 0
/StemV 333
/XHeight 453
/FontFile2 6652 0 R
>>
endobj
6494 0 obj
[ 1000 1000 1000 1000 1000 1000 1000 1000 1000 1000 1000 1000 1000 1000 1000 1000 1000 1000 1000 1000 1000 1000 1000 1000 1000]
endobj
6495 0 obj
<<
/Type /FontDescriptor
/FontName /ZDYJUK+SimHei
/Flags 4
/FontBBox [ -11 -156 996 859]
/Ascent 859
/CapHeight 820
/Descent -140
/ItalicAngle 0
/StemV 333
/XHeight 457
/FontFile2 6653 0 R
>>
endobj
6496 0 obj
[ 1000 1000 1000 1000 1000 1000 1000 1000 1000 1000 1000 1000 1000 1000 1000 1000 1000 1000 1000 1000 1000 1000 1000 1000 1000 1000 1000 1000 1000 1000 1000 1000 1000 1000 1000 1000 1000 1000 1000 1000 1000 1000 1000 1000 1000 1000 1000 1000 1000 1000 1000 1000 1000 1000 1000 1000 1000 1000 1000 1000 1000 1000 1000 1000 1000 1000 1000 1000 1000 1000 1000 1000 1000 1000 1000 1000 1000 1000 1000 1000 1000 1000 1000 1000 1000 1000 1000 1000 1000 1000 1000 1000 1000 1000 1000 1000 1000 1000 1000 1000 1000 1000 1000 1000 1000 1000 1000 1000 1000 1000 1000 1000 1000 1000 1000 1000 1000 1000 1000 1000 1000 1000 1000 1000 1000 1000 1000 1000 1000 1000 1000 1000 1000 1000 1000 1000 1000 1000 1000 1000 1000 1000 1000 1000 1000 1000 1000 1000 1000 1000 1000 1000 1000 1000 1000 1000 1000 1000 1000 1000 1000 1000 1000 1000 1000 1000 1000 1000 1000 1000 1000 1000 1000 1000 1000 1000 1000 1000 1000 1000 1000 1000 1000 1000 1000 1000 1000 1000 1000 1000 1000 1000 1000 1000 1000 1000 1000 1000 1000 1000 1000 1000 1000 1000 1000 1000 1000]
endobj
6497 0 obj
<<
/Type /FontDescriptor
/FontName /ZPBGNO+SimHei
/Flags 4
/FontBBox [ -11 -156 996 859]
/Ascent 859
/CapHeight 824
/Descent -140
/ItalicAngle 0
/StemV 333
/XHeight 457
/FontFile2 6654 0 R
>>
endobj
6498 0 obj
[ 1000 1000 1000 1000 1000 1000 1000 1000 1000 1000 1000 1000 1000 1000 1000 1000 1000 1000 1000 1000 1000 1000 1000 1000 1000 1000 1000 1000 1000 1000 1000 1000 1000 1000 1000 1000 1000 1000 1000 1000 1000 1000 1000 1000 1000 1000]
endobj
6499 0 obj
<<
/Type /FontDescriptor
/FontName /DOGAIP+SimHei
/Flags 4
/FontBBox [ -11 -156 996 859]
/Ascent 859
/CapHeight 800
/Descent -140
/ItalicAngle 0
/StemV 333
/XHeight 457
/FontFile2 6655 0 R
>>
endobj
6500 0 obj
[ 1000 1000 1000 1000 1000 1000 1000 1000 1000 1000 1000 1000 1000 1000 1000 1000]
endobj
6501 0 obj
<<
/Type /FontDescriptor
/FontName /ZDUDLY+SimHei
/Flags 4
/FontBBox [ -11 -156 996 859]
/Ascent 859
/CapHeight 790
/Descent -140
/ItalicAngle 0
/StemV 333
/XHeight 457
/FontFile2 6656 0 R
>>
endobj
6502 0 obj
[ 1000 1000 1000 1000 1000 1000 1000 1000 1000 1000 1000 1000 1000 1000 1000 1000 1000 1000 1000 1000 1000 1000 1000]
endobj
6503 0 obj
<<
/Type /FontDescriptor
/FontName /GCDCVM+SimHei
/Flags 4
/FontBBox [ -11 -156 996 859]
/Ascent 859
/CapHeight 808
/Descent -140
/ItalicAngle 0
/StemV 333
/XHeight 457
/FontFile2 6657 0 R
>>
endobj
6504 0 obj
[ 1000 1000 1000 1000 1000 1000 1000 1000 1000 1000 1000 1000 1000 1000 1000 1000 1000 1000 1000 1000 1000 1000 1000 1000 1000 1000 1000 1000 1000 1000 1000 1000 1000 1000 1000 1000 1000]
endobj
6505 0 obj
<<
/Type /FontDescriptor
/FontName /MMUCCC+SimSun
/Flags 4
/FontBBox [ -7 -140 1000 859]
/Ascent 859
/CapHeight 824
/Descent -140
/ItalicAngle 0
/StemV 333
/XHeight 453
/FontFile2 6658 0 R
>>
endobj
6506 0 obj
[ 1000 1000 1000 1000 1000 1000 1000 1000 1000 1000 1000 1000 1000 1000 1000 1000 1000 1000 1000 1000 1000 1000 1000 1000 1000 1000 1000 1000 1000 1000 1000 1000 1000 1000 1000 1000 1000 1000 1000 1000 1000 1000 1000 1000 1000 1000 1000 1000 1000 1000 1000 1000 1000 1000 1000 1000 1000 1000 1000 1000 1000 1000 1000 1000 1000 1000 1000 1000 1000 1000 1000 1000 1000 1000 1000 1000 1000 1000 1000 1000 1000 1000 1000 1000 1000 1000 1000 1000 1000 1000 1000 1000 1000 1000 1000 1000 1000 1000 1000 1000 1000 1000 1000 1000 1000 1000 1000 1000 1000 1000 1000 1000 1000 1000 1000 1000 1000 1000 1000 1000 1000 1000 1000 1000 1000 1000 1000 1000 1000 1000 1000 1000 1000 1000 1000 1000 1000 1000 1000 1000 1000 1000 1000 1000 1000 1000 1000 1000 1000 1000 1000 1000 1000 1000 1000 1000 1000 1000 1000 1000 1000 1000 1000 1000 1000 1000 1000 1000 1000 1000 1000 1000 1000 1000 1000 1000 1000 1000 1000 1000 1000 1000 1000 1000 1000 1000 1000 1000 1000 1000 1000 1000 1000 1000 1000]
endobj
6507 0 obj
<<
/Type /FontDescriptor
/FontName /LRHIOE+SimSun
/Flags 4
/FontBBox [ -7 -140 1000 859]
/Ascent 859
/CapHeight 808
/Descent -140
/ItalicAngle 0
/StemV 333
/XHeight 453
/FontFile2 6659 0 R
>>
endobj
6508 0 obj
[ 1000 1000 1000 1000 1000 1000 1000 1000 1000 1000 1000 1000 1000 1000 1000 1000 1000 1000 1000 1000 1000 1000 1000 1000 1000 1000 1000 1000 1000 1000 1000 1000 1000 1000 1000 1000 1000 1000 1000 1000 1000 1000 1000 1000 1000 1000 1000 1000 1000 1000 1000 1000 1000 1000 1000 1000 1000 1000 1000 1000 1000 1000 1000 1000 1000 1000 1000 1000 1000 1000 1000 1000 1000 1000 1000 1000 1000 1000 1000 1000 1000 1000 1000 1000 1000 1000 1000 1000 1000 1000 1000 1000 1000 1000 1000 1000 1000 1000 1000 1000 1000 1000 1000 1000 1000 1000 1000 1000 1000 1000 1000 1000 1000 1000 1000 1000 1000 1000 1000 1000 1000 1000 1000 1000 1000 1000 1000 1000 1000 1000 1000 1000 1000 1000 1000 1000 1000 1000 1000 1000 1000 1000 1000 1000 1000 1000 1000 1000 1000 1000 1000 1000 1000 1000 1000 1000 1000 1000 1000 1000 1000 1000 1000 1000 1000 1000 1000 1000 1000 1000 1000 1000 1000 1000 1000 1000 1000 1000 1000 1000 1000 1000 1000 1000 1000 1000 1000 1000 1000 1000 1000 1000 1000 1000 1000 1000 1000 1000 1000 1000 1000 1000]
endobj
6509 0 obj
<<
/Type /FontDescriptor
/FontName /MZJSSA+SimSun
/Flags 4
/FontBBox [ -7 -140 1000 859]
/Ascent 859
/CapHeight 812
/Descent -140
/ItalicAngle 0
/StemV 333
/XHeight 453
/FontFile2 6660 0 R
>>
endobj
6510 0 obj
[ 1000 1000 1000 1000 1000 1000 1000 1000 1000 1000 1000 1000 1000 1000 1000 1000 1000 1000 1000 1000 1000 1000 1000 1000 1000 1000 1000 1000 1000 1000 1000 1000 1000 1000 1000 1000 1000 1000 1000 1000 1000 1000 1000 1000 1000 1000 1000 1000 1000 1000 1000 1000 1000 1000 1000 1000 1000 1000 1000 1000 1000 1000 1000 1000 1000 1000 1000 1000 1000 1000 1000 1000 1000 1000 1000 1000 1000 1000 1000 1000 1000 1000 1000 1000 1000 1000 1000 1000 1000 1000 1000 1000 1000 1000 1000 1000 1000 1000 1000 1000 1000 1000 1000 1000 1000 1000 1000 1000 1000 1000 1000 1000 1000 1000 1000 1000 1000 1000 1000 1000 1000 1000 1000 1000 1000 1000 1000 1000 1000 1000 1000 1000 1000 1000 1000 1000 1000 1000 1000 1000 1000 1000 1000 1000 1000 1000 1000 1000 1000 1000 1000 1000 1000 1000 1000 1000 1000 1000 1000 1000 1000 1000 1000 1000 1000 1000 1000 1000 1000 1000 1000 1000 1000 1000 1000 1000 1000 1000 1000 1000 1000 1000 1000 1000 1000 1000 1000 1000 1000 1000 1000 1000 1000 1000 1000 1000 1000 1000 1000 1000 1000 1000 1000 1000 1000 1000 1000 1000 1000 1000 1000 1000 1000 1000 1000 1000 1000 1000 1000 1000 1000 1000 1000 1000 1000 1000 1000 1000 1000 1000 1000 1000]
endobj
6511 0 obj
<<
/Type /FontDescriptor
/FontName /JEQTFI+SimSun
/Flags 4
/FontBBox [ -7 -140 1000 859]
/Ascent 859
/CapHeight 816
/Descent -140
/ItalicAngle 0
/StemV 333
/XHeight 453
/FontFile2 6661 0 R
>>
endobj
6512 0 obj
[ 1000 1000 1000 1000 1000 1000 1000 1000 1000 1000 1000 1000 1000 1000 1000 1000 1000 1000 1000 1000 1000 1000 1000 1000 1000 1000 1000 1000 1000 1000 1000 1000 1000 1000 1000 1000 1000 1000 1000 1000 1000 1000 1000 1000 1000 1000 1000 1000 1000 1000 1000 1000 1000 1000 1000 1000 1000 1000 1000 1000 1000 1000 1000 1000 1000 1000 1000 1000 1000 1000 1000 1000 1000 1000 1000 1000 1000 1000 1000 1000 1000 1000 1000 1000 1000 1000 1000 1000 1000 1000 1000 1000 1000 1000 1000 1000 1000 1000 1000 1000 1000 1000 1000 1000 1000 1000 1000 1000 1000 1000 1000 1000 1000 1000 1000 1000 1000 1000 1000 1000 1000 1000 1000 1000 1000 1000 1000 1000 1000 1000 1000 1000 1000 1000 1000 1000 1000 1000 1000 1000 1000 1000 1000 1000 1000 1000 1000 1000 1000 1000 1000 1000 1000 1000 1000 1000 1000 1000 1000 1000 1000 1000 1000 1000 1000 1000 1000 1000 1000 1000 1000 1000 1000 1000 1000 1000 1000 1000 1000 1000 1000 1000 1000 1000 1000 1000 1000 1000 1000 1000 1000 1000 1000 1000 1000 1000 1000 1000 1000 1000 1000 1000 1000 1000 1000 1000 1000 1000 1000 1000 1000 1000 1000 1000 1000 1000 1000 1000 1000 1000 1000 1000 1000 1000 1000 1000 1000 1000 1000 1000 1000 1000 1000 1000 1000 1000 1000 1000 1000 1000 1000 1000 1000 1000]
endobj
6513 0 obj
<<
/Type /FontDescriptor
/FontName /VYVVKZ+SimSun
/Flags 4
/FontBBox [ -7 -140 1000 859]
/Ascent 859
/CapHeight 816
/Descent -140
/ItalicAngle 0
/StemV 333
/XHeight 453
/FontFile2 6662 0 R
>>
endobj
6514 0 obj
[ 1000 1000 1000 1000 1000 1000 1000 1000 1000 1000 1000 1000 1000 1000 1000 1000 1000 1000 1000 1000 1000 1000 1000 1000 1000 1000 1000 1000 1000 1000 1000 1000 1000 1000 1000 1000 1000 1000 1000 1000 1000 1000 1000 1000 1000 1000 1000 1000 1000 1000 1000 1000 1000 1000 1000 1000 1000 1000 1000 1000 1000 1000 1000 1000 1000 1000 1000 1000 1000 1000 1000 1000 1000 1000 1000 1000 1000 1000 1000 1000 1000 1000 1000 1000 1000 1000 1000 1000 1000 1000 1000 1000 1000 1000 1000 1000 1000 1000 1000 1000 1000 1000 1000 1000 1000 1000 1000 1000 1000 1000 1000 1000 1000 1000 1000 1000 1000 1000 1000 1000 1000 1000 1000 1000 1000 1000 1000 1000 1000 1000 1000 1000 1000 1000 1000 1000 1000 1000 1000 1000 1000 1000 1000 1000 1000 1000 1000 1000 1000 1000 1000 1000 1000 1000 1000 1000 1000 1000 1000 1000 1000 1000 1000 1000 1000 1000 1000 1000 1000 1000 1000 1000 1000 1000 1000 1000 1000 1000 1000 1000 1000 1000 1000 1000 1000 1000 1000 1000 1000 1000 1000 1000 1000 1000]
endobj
6515 0 obj
<<
/Type /FontDescriptor
/FontName /GGZVRP+SimSun
/Flags 4
/FontBBox [ -7 -140 1000 859]
/Ascent 859
/CapHeight 816
/Descent -140
/ItalicAngle 0
/StemV 333
/XHeight 453
/FontFile2 6663 0 R
>>
endobj
6516 0 obj
[ 1000 1000 1000 1000 1000 1000 1000 1000 1000 1000 1000 1000 1000 1000 1000 1000 1000 1000 1000 1000 1000 1000 1000 1000 1000 1000 1000 1000 1000 1000 1000 1000 1000 1000 1000 1000 1000 1000 1000 1000 1000 1000 1000 1000 1000 1000 1000 1000 1000 1000 1000 1000 1000 1000 1000 1000 1000 1000 1000 1000 1000 1000 1000 1000 1000]
endobj
6517 0 obj
<<
/Type /FontDescriptor
/FontName /TMENUP+SimSun
/Flags 4
/FontBBox [ -7 -140 1000 859]
/Ascent 859
/CapHeight 828
/Descent -140
/ItalicAngle 0
/StemV 333
/XHeight 453
/FontFile2 6664 0 R
>>
endobj
6518 0 obj
[ 1000 1000 1000 1000 1000 1000 1000 1000 1000 1000 1000 1000 1000 1000 1000 1000 1000 1000 1000 1000 1000 1000 1000 1000 1000 1000 1000 1000 1000 1000 1000 1000 1000 1000 1000 1000 1000 1000 1000 1000 1000 1000 1000 1000 1000 1000 1000 1000 1000 1000 1000 1000 1000 1000 1000 1000 1000 1000 1000 1000 1000 1000 1000 1000 1000 1000 1000 1000 1000 1000 1000 1000 1000 1000 1000 1000 1000 1000 1000 1000 1000 1000 1000 1000 1000 1000 1000 1000 1000 1000 1000 1000 1000 1000 1000 1000 1000 1000 1000 1000 1000 1000 1000 1000 1000 1000 1000 1000 1000 1000 1000 1000 1000 1000 1000 1000 1000 1000 1000 1000 1000 1000 1000 1000 1000 1000 1000 1000 1000 1000 1000 1000 1000 1000 1000 1000 1000 1000 1000 1000 1000 1000 1000 1000 1000 1000 1000 1000 1000 1000 1000 1000 1000 1000 1000 1000 1000 1000 1000 1000 1000 1000 1000 1000 1000 1000 1000 1000 1000 1000 1000 1000 1000 1000 1000 1000 1000 1000 1000 1000 1000 1000 1000 1000 1000 1000 1000 1000 1000 1000]
endobj
6519 0 obj
<<
/Type /FontDescriptor
/FontName /VTIQLH+SimSun
/Flags 4
/FontBBox [ -7 -140 1000 859]
/Ascent 859
/CapHeight 820
/Descent -140
/ItalicAngle 0
/StemV 333
/XHeight 453
/FontFile2 6665 0 R
>>
endobj
6520 0 obj
[ 1000 1000 1000 1000 1000 1000 1000 1000 1000 1000 1000 1000 1000 1000 1000 1000 1000 1000 1000 1000 1000 1000 1000 1000 1000 1000 1000 1000 1000 1000 1000 1000 1000 1000 1000 1000 1000 1000 1000 1000 1000 1000 1000 1000 1000 1000 1000 1000 1000 1000 1000 1000 1000 1000 1000 1000 1000 1000 1000 1000 1000 1000 1000 1000 1000 1000 1000 1000 1000 1000 1000 1000 1000 1000 1000 1000 1000 1000 1000 1000 1000 1000 1000 1000 1000 1000 1000 1000 1000 1000 1000 1000 1000 1000 1000 1000 1000 1000 1000 1000 1000 1000 1000 1000 1000 1000 1000 1000 1000 1000 1000 1000 1000 1000 1000 1000 1000 1000 1000 1000 1000 1000 1000 1000 1000 1000 1000 1000 1000 1000 1000 1000 1000 1000 1000 1000 1000 1000 1000 1000 1000 1000 1000 1000 1000 1000 1000 1000 1000 1000 1000 1000 1000 1000 1000 1000 1000 1000 1000 1000 1000 1000 1000 1000 1000 1000 1000 1000 1000 1000 1000 1000 1000 1000 1000 1000 1000 1000 1000 1000 1000 1000 1000 1000 1000 1000 1000 1000 1000 1000 1000 1000 1000 1000 1000 1000 1000 1000 1000 1000 1000 1000 1000 1000 1000 1000 1000 1000 1000 1000 1000 1000 1000 1000 1000]
endobj
6521 0 obj
<<
/Type /FontDescriptor
/FontName /GADURX+SimSun
/Flags 4
/FontBBox [ -7 -140 1000 859]
/Ascent 859
/CapHeight 808
/Descent -140
/ItalicAngle 0
/StemV 333
/XHeight 453
/FontFile2 6666 0 R
>>
endobj
6522 0 obj
[ 1000 1000 1000 1000 1000 1000 1000 1000 1000 1000 1000 1000 1000 1000 1000 1000 1000 1000 1000 1000 1000 1000 1000 1000 1000 1000 1000 1000 1000 1000 1000 1000 1000 1000 1000 1000 1000 1000 1000 1000 1000 1000 1000 1000 1000 1000 1000 1000 1000 1000 1000 1000 1000 1000 1000 1000 1000 1000 1000 1000 1000 1000 1000 1000 1000 1000 1000 1000 1000 1000 1000 1000 1000 1000 1000 1000 1000 1000 1000 1000 1000 1000 1000 1000 1000 1000 1000 1000 1000 1000 1000 1000 1000 1000 1000 1000 1000 1000 1000 1000 1000 1000 1000 1000 1000 1000 1000 1000 1000 1000 1000 1000 1000 1000 1000 1000 1000 1000 1000 1000 1000 1000 1000 1000 1000 1000 1000 1000 1000 1000 1000 1000 1000 1000 1000 1000 1000 1000 1000 1000 1000 1000 1000 1000 1000 1000 1000 1000 1000 1000 1000 1000 1000 1000 1000 1000 1000 1000 1000 1000 1000 1000 1000 1000 1000 1000 1000 1000 1000 1000 1000 1000 1000 1000 1000 1000 1000 1000 1000 1000 1000 1000 1000 1000 1000 1000 1000 1000 1000 1000 1000 1000 1000]
endobj
6523 0 obj
<<
/Type /FontDescriptor
/FontName /QRSQAE+SimSun
/Flags 4
/FontBBox [ -7 -140 1000 859]
/Ascent 859
/CapHeight 816
/Descent -140
/ItalicAngle 0
/StemV 333
/XHeight 453
/FontFile2 6667 0 R
>>
endobj
6524 0 obj
[ 1000 1000 1000 1000 1000 1000 1000 1000 1000 1000 1000 1000 1000 1000 1000 1000 1000 1000 1000 1000 1000 1000 1000 1000 1000 1000 1000 1000 1000 1000 1000 1000 1000 1000 1000 1000 1000 1000 1000 1000 1000 1000 1000 1000 1000 1000 1000 1000 1000 1000 1000 1000 1000 1000 1000 1000 1000 1000 1000 1000 1000 1000 1000 1000 1000 1000 1000 1000 1000 1000 1000 1000 1000 1000 1000 1000 1000 1000 1000 1000 1000 1000 1000 1000 1000 1000 1000 1000 1000 1000 1000 1000 1000 1000 1000 1000 1000 1000 1000 1000 1000 1000 1000 1000 1000 1000 1000 1000 1000 1000 1000 1000 1000 1000 1000 1000 1000 1000 1000 1000 1000 1000 1000 1000 1000 1000 1000 1000 1000 1000 1000 1000 1000 1000 1000 1000 1000 1000 1000 1000 1000 1000 1000 1000 1000 1000 1000 1000 1000 1000 1000 1000 1000 1000 1000 1000 1000 1000 1000 1000 1000 1000 1000 1000 1000 1000 1000 1000 1000 1000 1000 1000 1000 1000 1000 1000 1000 1000 1000 1000 1000 1000 1000 1000 1000 1000 1000]
endobj
6525 0 obj
<<
/Type /FontDescriptor
/FontName /HCJOUA+SimSun
/Flags 4
/FontBBox [ -7 -140 1000 859]
/Ascent 859
/CapHeight 816
/Descent -140
/ItalicAngle 0
/StemV 333
/XHeight 453
/FontFile2 6668 0 R
>>
endobj
6526 0 obj
[ 1000 1000 1000 1000 1000 1000 1000 1000 1000 1000 1000 1000 1000 1000 1000 1000 1000 1000 1000 1000 1000 1000 1000 1000 1000 1000 1000 1000 1000 1000 1000 1000 1000 1000 1000 1000 1000 1000 1000 1000 1000 1000 1000 1000 1000 1000 1000 1000 1000 1000 1000 1000 1000 1000 1000 1000 1000 1000 1000 1000 1000 1000 1000 1000 1000 1000 1000 1000 1000 1000 1000 1000 1000 1000 1000 1000 1000 1000 1000 1000 1000 1000 1000 1000 1000 1000 1000 1000 1000 1000 1000 1000 1000 1000 1000 1000 1000 1000 1000 1000 1000 1000 1000 1000 1000 1000 1000 1000 1000 1000 1000 1000 1000 1000 1000 1000 1000 1000 1000 1000 1000 1000 1000 1000 1000 1000 1000 1000 1000 1000 1000 1000 1000 1000 1000 1000 1000 1000 1000 1000 1000 1000 1000 1000 1000 1000 1000 1000 1000 1000 1000 1000 1000 1000 1000 1000 1000 1000 1000 1000 1000 1000 1000 1000 1000 1000 1000 1000 1000 1000 1000 1000 1000 1000 1000 1000 1000 1000 1000 1000 1000 1000 1000 1000 1000 1000 1000 1000 1000 1000 1000 1000 1000 1000 1000 1000 1000 1000 1000 1000 1000 1000 1000 1000 1000 1000 1000 1000 1000 1000 1000 1000]
endobj
6527 0 obj
<<
/Type /FontDescriptor
/FontName /AQSINS+SimHei
/Flags 4
/FontBBox [ -11 -156 996 859]
/Ascent 859
/CapHeight 814
/Descent -140
/ItalicAngle 0
/StemV 333
/XHeight 457
/FontFile2 6669 0 R
>>
endobj
6528 0 obj
[ 1000]
endobj
6529 0 obj
<<
/Type /FontDescriptor
/FontName /DBSMZO+SimHei
/Flags 4
/FontBBox [ -11 -156 996 859]
/Ascent 859
/CapHeight 814
/Descent -140
/ItalicAngle 0
/StemV 333
/XHeight 457
/FontFile2 6670 0 R
>>
endobj
6530 0 obj
[ 1000 1000 1000 1000 1000 1000 1000 1000 1000 1000 1000 1000 1000 1000 1000 1000 1000 1000 1000 1000 1000 1000 1000 1000 1000 1000 1000 1000 1000 1000 1000 1000 1000 1000 1000 1000 1000 1000 1000 1000 1000 1000 1000 1000 1000 1000 1000 1000 1000 1000 1000 1000 1000 1000 1000 1000 1000]
endobj
6531 0 obj
[ 556 556 167 333 611 278 333 333 0 333 564 0 611 444 333 278 0 0 0 0 0 0 0 0 0 0 0 0 333 180 250 333 408 500 500 833 778 333 333 333 500 564 250 333 250 278 500 500 500 500 500 500 500 500 500 500 278 278 564 564 564 444 921 722 667 667 722 611 556 722 722 333 389 722 611 889 722 722 556 722 667 556 611 722 722 944 722 722 611 333 278 333 469 500 333 444 500 444 500 444 333 500 500 278 278 500 278 778 500 500 500 500 333 389 278 500 500 722 500 500 444 480 200 480 541 0 0 0 333 500 444 1000 500 500 333 1000 556 333 889 0 0 0 0 0 0 444 444]
endobj
6532 0 obj
<<
/Type /FontDescriptor
/FontName /DGYCJM+KaiTi
/Flags 4
/FontBBox [ -46 -183 1031 859]
/Ascent 859
/CapHeight 800
/Descent -140
/ItalicAngle 0
/StemV 333
/XHeight 460
/FontFile2 6671 0 R
>>
endobj
6533 0 obj
[ 1000 1000 1000 1000 1000 1000 1000 1000 1000 1000 1000 1000 1000 1000 1000 1000 1000 1000 1000 1000 1000 1000 1000 1000 1000 1000 1000 1000 1000 1000 1000 1000 1000 1000 1000 1000 1000 1000 1000 1000 1000 1000 1000 1000]
endobj
6534 0 obj
<<
/Type /FontDescriptor
/FontName /YGPXFW+KaiTi
/Flags 4
/FontBBox [ -46 -183 1031 859]
/Ascent 859
/CapHeight 777
/Descent -140
/ItalicAngle 0
/StemV 333
/XHeight 460
/FontFile2 6672 0 R
>>
endobj
6535 0 obj
[ 1000]
endobj
6536 0 obj
<<
/Type /FontDescriptor
/FontName /DBKDHP+KaiTi
/Flags 4
/FontBBox [ -46 -183 1031 859]
/Ascent 859
/CapHeight 812
/Descent -140
/ItalicAngle 0
/StemV 333
/XHeight 460
/FontFile2 6673 0 R
>>
endobj
6537 0 obj
[ 1000]
endobj
6538 0 obj
<<
/Type /FontDescriptor
/FontName /RBZGTQ+KaiTi
/Flags 4
/FontBBox [ -46 -183 1031 859]
/Ascent 859
/CapHeight 814
/Descent -140
/ItalicAngle 0
/StemV 333
/XHeight 460
/FontFile2 6674 0 R
>>
endobj
6539 0 obj
[ 1000 1000 1000 1000 1000 1000 1000 1000 1000 1000 1000 1000 1000 1000 1000 1000 1000 1000 1000 1000 1000 1000 1000 1000 1000 1000 1000 1000 1000 1000 1000 1000 1000 1000 1000 1000 1000 1000 1000 1000 1000 1000 1000 1000 1000 1000 1000 1000 1000 1000 1000 1000 1000 1000 1000 1000 1000 1000 1000 1000 1000 1000 1000 1000 1000 1000 1000 1000 1000 1000 1000 1000 1000 1000 1000 1000 1000 1000 1000 1000 1000 1000 1000 1000 1000 1000 1000 1000 1000 1000 1000 1000 1000 1000 1000 1000 1000 1000 1000 1000 1000 1000 1000 1000 1000 1000 1000 1000 1000 1000 1000 1000 1000 1000 1000 1000 1000 1000 1000 1000 1000 1000 1000 1000 1000 1000 1000 1000 1000 1000 1000 1000 1000 1000 1000 1000 1000 1000 1000 1000 1000 1000 1000 1000 1000 1000 1000 1000 1000 1000 1000 1000 1000 1000 1000 1000 1000 1000 1000 1000 1000 1000 1000 1000 1000 1000 1000 1000 1000 1000 1000 1000 1000 1000 1000 1000 1000 1000 1000 1000 1000 1000 1000 1000 1000 1000 1000 1000 1000 1000 1000 1000 1000 1000 1000 1000 1000 1000 1000 1000 1000 1000 1000 1000 1000 1000 1000 1000 1000 1000]
endobj
6540 0 obj
<<
/Type /FontDescriptor
/FontName /TMRVUE+KaiTi
/Flags 4
/FontBBox [ -46 -183 1031 859]
/Ascent 859
/CapHeight 771
/Descent -140
/ItalicAngle 0
/StemV 333
/XHeight 460
/FontFile2 6675 0 R
>>
endobj
6541 0 obj
[ 1000]
endobj
6542 0 obj
<<
/Type /FontDescriptor
/FontName /ELUGEY+KaiTi
/Flags 4
/FontBBox [ -46 -183 1031 859]
/Ascent 859
/CapHeight 785
/Descent -140
/ItalicAngle 0
/StemV 333
/XHeight 460
/FontFile2 6676 0 R
>>
endobj
6543 0 obj
[ 1000]
endobj
6544 0 obj
<<
/Type /FontDescriptor
/FontName /WNUUEV+KaiTi
/Flags 4
/FontBBox [ -46 -183 1031 859]
/Ascent 859
/CapHeight 792
/Descent -140
/ItalicAngle 0
/StemV 333
/XHeight 460
/FontFile2 6677 0 R
>>
endobj
6545 0 obj
[ 1000 1000 1000 1000 1000 1000 1000 1000 1000 1000 1000 1000 1000 1000 1000 1000 1000 1000]
endobj
6546 0 obj
<<
/Type /FontDescriptor
/FontName /GUGMKX+KaiTi
/Flags 4
/FontBBox [ -46 -183 1031 859]
/Ascent 859
/CapHeight 742
/Descent -140
/ItalicAngle 0
/StemV 333
/XHeight 460
/FontFile2 6678 0 R
>>
endobj
6547 0 obj
[ 1000]
endobj
6548 0 obj
<<
/Type /FontDescriptor
/FontName /SQEHYN+KaiTi
/Flags 4
/FontBBox [ -46 -183 1031 859]
/Ascent 859
/CapHeight 796
/Descent -140
/ItalicAngle 0
/StemV 333
/XHeight 460
/FontFile2 6679 0 R
>>
endobj
6549 0 obj
[ 1000]
endobj
6550 0 obj
<<
/Type /FontDescriptor
/FontName /RKESNC+KaiTi
/Flags 4
/FontBBox [ -46 -183 1031 859]
/Ascent 859
/CapHeight 0
/Descent -140
/ItalicAngle 0
/StemV 333
/XHeight 460
/FontFile2 6680 0 R
>>
endobj
6551 0 obj
[ 1000]
endobj
6552 0 obj
<<
/Type /FontDescriptor
/FontName /FGRVMF+KaiTi
/Flags 4
/FontBBox [ -46 -183 1031 859]
/Ascent 859
/CapHeight 781
/Descent -140
/ItalicAngle 0
/StemV 333
/XHeight 460
/FontFile2 6681 0 R
>>
endobj
6553 0 obj
[ 1000]
endobj
6554 0 obj
<<
/Type /FontDescriptor
/FontName /ATHLJR+KaiTi
/Flags 4
/FontBBox [ -46 -183 1031 859]
/Ascent 859
/CapHeight 804
/Descent -140
/ItalicAngle 0
/StemV 333
/XHeight 460
/FontFile2 6682 0 R
>>
endobj
6555 0 obj
[ 1000 1000 1000 1000 1000 1000 1000 1000 1000 1000 1000 1000 1000 1000 1000 1000]
endobj
6556 0 obj
<<
/Type /FontDescriptor
/FontName /FRQZYR+KaiTi
/Flags 4
/FontBBox [ -46 -183 1031 859]
/Ascent 859
/CapHeight 781
/Descent -140
/ItalicAngle 0
/StemV 333
/XHeight 460
/FontFile2 6683 0 R
>>
endobj
6557 0 obj
[ 1000]
endobj
6558 0 obj
<<
/Type /FontDescriptor
/FontName /YRCVIQ+KaiTi
/Flags 4
/FontBBox [ -46 -183 1031 859]
/Ascent 859
/CapHeight 761
/Descent -140
/ItalicAngle 0
/StemV 333
/XHeight 460
/FontFile2 6684 0 R
>>
endobj
6559 0 obj
[ 1000 1000 1000 1000 1000 1000 1000 1000 1000 1000 1000 1000 1000 1000 1000 1000 1000 1000 1000 1000 1000 1000 1000 1000 1000 1000 1000 1000 1000 1000 1000 1000 1000 1000 1000 1000 1000 1000 1000 1000 1000 1000 1000 1000 1000 1000 1000 1000 1000 1000 1000 1000 1000 1000 1000 1000 1000 1000 1000 1000 1000 1000 1000 1000 1000 1000 1000 1000 1000 1000 1000 1000 1000 1000 1000 1000 1000 1000 1000 1000 1000 1000 1000 1000 1000 1000 1000 1000 1000 1000 1000 1000 1000 1000 1000 1000 1000 1000 1000 1000 1000 1000 1000 1000 1000 1000 1000 1000 1000 1000 1000 1000 1000 1000 1000 1000 1000 1000 1000 1000 1000 1000 1000 1000 1000 1000 1000 1000 1000 1000 1000 1000 1000 1000 1000 1000 1000 1000 1000 1000 1000 1000 1000 1000]
endobj
6560 0 obj
<<
/Type /FontDescriptor
/FontName /OOEOQG+KaiTi
/Flags 4
/FontBBox [ -46 -183 1031 859]
/Ascent 859
/CapHeight 757
/Descent -140
/ItalicAngle 0
/StemV 333
/XHeight 460
/FontFile2 6685 0 R
>>
endobj
6561 0 obj
[ 1000]
endobj
6562 0 obj
<<
/Type /FontDescriptor
/FontName /JGRFON+KaiTi
/Flags 4
/FontBBox [ -46 -183 1031 859]
/Ascent 859
/CapHeight 820
/Descent -140
/ItalicAngle 0
/StemV 333
/XHeight 460
/FontFile2 6686 0 R
>>
endobj
6563 0 obj
[ 1000]
endobj
6564 0 obj
<<
/Type /FontDescriptor
/FontName /DSJDII+KaiTi
/Flags 4
/FontBBox [ -46 -183 1031 859]
/Ascent 859
/CapHeight 808
/Descent -140
/ItalicAngle 0
/StemV 333
/XHeight 460
/FontFile2 6687 0 R
>>
endobj
6565 0 obj
[ 1000]
endobj
6566 0 obj
<<
/Type /FontDescriptor
/FontName /CLNFXX+KaiTi
/Flags 4
/FontBBox [ -46 -183 1031 859]
/Ascent 859
/CapHeight 824
/Descent -140
/ItalicAngle 0
/StemV 333
/XHeight 460
/FontFile2 6688 0 R
>>
endobj
6567 0 obj
[ 1000]
endobj
6568 0 obj
<<
/Type /FontDescriptor
/FontName /GTYBIX+KaiTi
/Flags 4
/FontBBox [ -46 -183 1031 859]
/Ascent 859
/CapHeight 734
/Descent -140
/ItalicAngle 0
/StemV 333
/XHeight 460
/FontFile2 6689 0 R
>>
endobj
6569 0 obj
[ 1000]
endobj
6570 0 obj
<<
/Type /FontDescriptor
/FontName /TPQGSO+SimHei
/Flags 4
/FontBBox [ -11 -156 996 859]
/Ascent 859
/CapHeight 824
/Descent -140
/ItalicAngle 0
/StemV 333
/XHeight 457
/FontFile2 6690 0 R
>>
endobj
6571 0 obj
[ 1000]
endobj
6572 0 obj
<<
/Type /FontDescriptor
/FontName /EBWJWI+SimHei
/Flags 4
/FontBBox [ -11 -156 996 859]
/Ascent 859
/CapHeight 824
/Descent -140
/ItalicAngle 0
/StemV 333
/XHeight 457
/FontFile2 6691 0 R
>>
endobj
6573 0 obj
