9 9 3
 0 0 0 1 0 0 1 0 0
 0 0 0 0 0 1 0 0 0
 1 0 0 0 1 0 0 0 0
 0 0 0 0 0 0 0 0 0
 0 0 0 0 0 0 0 0 0
 0 1 0 0 1 0 0 0 0
 0 1 0 0 0 0 0 0 0
 0 0 0 1 0 1 0 0 0
 0 0 0 0 0 0 0 0 0
4 8 0 8
4 2 5 7
3 7 5 3
9 9 3
 1 0 0 0 0 0 0 0 0
 0 0 0 0 0 0 0 1 0
 0 0 0 0 0 0 0 0 0
 0 0 0 0 0 0 1 0 0
 1 0 0 0 0 1 0 0 0
 1 0 0 0 0 0 0 0 0
 0 0 1 0 1 0 0 0 0
 0 0 0 0 0 0 0 0 1
 0 0 1 0 0 0 1 0 0
4 2 3 2
1 4 2 5
8 4 1 3
9 9 3
 1 0 0 0 0 0 0 0 0
 0 0 0 0 1 1 0 0 0
 0 0 0 0 0 0 0 0 0
 0 0 0 0 0 0 0 0 0
 0 0 0 0 0 0 0 0 0
 0 1 0 0 0 0 0 0 1
 1 1 0 0 0 0 0 0 0
 0 1 1 0 0 0 0 0 0
 0 0 0 0 0 0 0 0 0
0 5 8 0
0 6 3 7
4 0 0 3
9 9 3
 0 0 0 0 0 0 1 0 0
 0 0 0 1 0 0 1 0 0
 0 0 1 0 0 0 1 0 0
 0 0 0 0 0 0 0 1 0
 1 0 0 0 1 0 0 0 0
 0 0 0 0 1 0 0 0 0
 0 0 0 0 0 0 0 1 0
 0 0 0 0 1 0 1 0 0
 0 0 0 0 0 0 1 0 0
8 4 6 5
4 7 7 3
8 0 7 5
9 9 3
 0 0 0 0 0 0 0 0 0
 1 0 0 0 0 0 0 1 0
 1 0 0 0 0 0 0 0 0
 0 0 0 0 0 0 0 0 1
 0 0 0 0 0 1 0 0 0
 0 0 0 0 0 1 0 0 0
 0 0 0 0 0 0 0 0 0
 1 0 0 0 0 0 0 0 0
 0 0 0 1 0 0 0 0 0
3 7 5 4
8 1 2 5
0 0 7 8
9 9 3
 0 0 0 0 0 0 0 0 0
 0 1 0 0 0 0 0 1 1
 0 0 0 0 0 0 0 0 0
 0 0 1 0 0 0 0 0 0
 0 0 0 0 0 0 0 0 0
 0 0 0 0 1 0 0 0 0
 0 0 0 0 0 0 0 0 0
 0 0 0 0 0 0 0 0 0
 0 0 0 0 1 0 0 0 0
3 3 5 5
6 4 0 5
7 8 1 5
9 9 3
 0 0 0 0 0 0 0 1 0
 0 0 0 0 0 0 0 0 0
 0 0 0 0 0 0 0 0 0
 0 0 0 0 0 0 0 0 0
 0 0 1 0 0 0 0 0 0
 0 1 0 0 0 0 0 0 0
 0 0 0 0 0 0 1 0 0
 0 0 0 0 0 0 0 0 0
 0 0 0 0 1 0 1 0 0
8 3 4 1
1 7 0 4
8 0 2 0
9 9 3
 1 0 0 0 0 0 1 0 1
 0 0 0 0 0 0 0 0 0
 0 0 0 1 0 0 0 0 1
 0 0 0 0 0 0 1 0 0
 0 0 0 0 0 0 0 0 0
 0 0 0 0 1 1 0 0 0
 0 0 0 0 0 0 0 0 0
 0 0 0 0 1 0 1 0 0
 0 0 0 0 0 0 0 0 0
8 6 4 4
8 4 6 7
3 2 5 0
9 9 3
 1 0 0 0 0 0 1 0 0
 0 0 0 0 0 0 0 1 0
 0 0 0 0 0 1 0 0 0
 0 0 1 0 0 0 0 0 0
 0 1 0 0 0 0 0 0 0
 0 0 0 0 0 0 0 0 0
 0 0 0 0 0 0 0 0 0
 0 0 0 0 0 0 0 1 0
 0 0 0 0 0 0 0 0 0
6 3 2 0
5 0 4 2
1 5 5 0
9 9 3
 0 1 1 0 0 0 0 0 0
 0 0 0 0 0 0 0 0 0
 0 0 0 0 1 0 0 0 0
 0 0 0 0 1 0 0 0 0
 0 0 0 0 0 0 0 0 0
 0 0 0 0 0 1 0 0 0
 0 0 0 0 0 0 0 0 0
 0 0 0 0 0 1 0 0 1
 0 0 0 0 0 0 0 0 0
0 0 5 4
2 1 0 7
4 3 1 4
9 9 3
 0 0 1 0 0 0 0 0 0
 0 0 0 0 0 0 0 0 0
 0 0 0 0 0 0 1 0 0
 1 0 0 0 0 0 0 0 0
 0 0 1 0 0 0 0 0 1
 0 0 0 1 1 0 0 0 0
 0 0 0 0 0 0 0 1 0
 0 0 0 1 0 0 0 0 0
 0 1 0 0 0 0 0 0 0
0 8 3 6
1 8 7 6
7 6 6 1
9 9 3
 0 0 0 0 0 0 0 0 0
 0 0 0 0 0 0 1 0 0
 0 0 1 1 0 0 0 0 0
 0 1 0 0 1 0 0 0 0
 0 0 0 0 0 0 0 1 0
 0 0 0 0 0 0 0 0 0
 0 0 0 0 0 1 1 1 0
 0 0 0 0 0 0 0 0 0
 0 0 0 0 0 0 1 0 0
1 8 5 1
8 2 8 8
2 7 1 2
9 9 3
 0 0 0 0 0 0 0 0 0
 0 0 1 0 1 0 1 0 0
 0 0 0 0 1 0 0 0 0
 0 0 0 0 0 0 0 1 0
 0 0 0 0 0 0 0 0 1
 0 0 0 1 0 0 0 0 0
 0 0 1 0 0 0 0 0 0
 1 0 0 0 0 0 0 0 0
 0 1 0 0 0 0 0 0 0
5 0 5 2
7 8 7 3
0 2 3 1
9 9 3
 0 1 0 0 0 0 0 0 0
 0 0 1 0 0 0 0 0 0
 0 0 0 0 0 0 1 0 0
 0 0 0 1 0 0 0 0 0
 0 0 0 0 0 0 0 1 1
 0 1 0 0 0 0 1 0 0
 0 0 0 1 1 1 0 0 0
 0 1 0 0 0 0 0 0 0
 1 0 0 0 0 0 0 0 0
5 8 3 6
2 8 6 2
7 6 7 8
9 9 3
 0 0 0 0 0 0 0 0 0
 0 0 0 0 0 0 1 0 0
 0 0 0 0 1 0 0 0 0
 0 0 0 0 1 0 0 0 0
 0 0 0 0 0 1 0 0 0
 0 0 0 0 0 0 0 0 0
 0 0 0 0 0 0 0 1 0
 0 0 0 0 0 0 0 0 0
 1 0 0 0 0 0 0 0 0
2 5 0 7
4 1 6 2
5 0 2 2
0 0 0
