7530 5845 4364 4364
17471 6773 6111 6111
14887 129 128 128
7086 6982 4688 4688
6005 2650 2334 2334
8612 2603 2432 2432
7733 5957 4461 4461
12218 5411 4763 4763
11510 7518 5975 5975
11644 3302 3107 3107
17400 7457 6607 6607
10560 1763 1721 1721
10156 2149 2072 2072
9951 479 477 477
6473 4647 3574 3574
10212 7007 5477 5477
4894 4195 3005 3005
8922 7920 5587 5587
7767 7472 5077 5077
10619 3315 3085 3085
18926 709 708 708
9847 4655 4041 4041
18005 5735 5325 5325
15185 9635 7730 7730
6722 1042 1020 1020
8906 3198 2920 2920
5866 154 153 153
9203 6498 5028 5028
16953 6826 6118 6118
10951 8667 6421 6421
11860 1561 1537 1537
14369 5773 5176 5176
2614 453 441 441
19879 6324 5873 5873
11422 10687 7358 7358
4095 2644 2109 2109
9120 302 301 301
9374 3189 2935 2935
9195 5797 4660 4660
7573 4634 3760 3760
11422 7814 6114 6114
8190 1219 1195 1195
11353 10245 7174 7174
3442 1941 1613 1613
18902 5707 5333 5333
18352 3846 3711 3711
4271 4101 2789 2789
12975 2791 2688 2688
9462 4616 3979 3979
13615 6826 5847 5847
7480 544 541 541
15615 5521 5054 5054
10993 8795 6487 6487
11239 10657 7291 7291
8263 3328 2983 2983
2287 50 49 49
17162 9003 7626 7626
4859 1571 1455 1455
2758 2033 1548 1548
6779 4784 3702 3702
7301 5078 3950 3950
12420 2469 2390 2390
9186 1428 1398 1398
6550 1462 1404 1404
11274 11214 7495 7495
12249 1560 1537 1537
8322 3432 3063 3063
7846 7473 5102 5102
7776 4350 3622 3622
7436 4937 3903 3903
5204 3932 2967 2967
11505 229 228 228
9118 1144 1128 1128
1429 1145 844 844
1462 328 315 315
18818 10222 8581 8581
13806 6324 5528 5528
10250 8769 6288 6288
18671 5108 4824 4824
5310 97 96 96
11995 897 892 892
8263 141 140 140
6958 4724 3706 3706
12880 582 580 580
10335 3095 2895 2895
8012 2301 2162 2162
8806 789 783 783
10305 8162 6045 6045
10966 10497 7149 7149
8550 1148 1130 1130
10267 7048 5508 5508
6033 4726 3516 3516
3309 729 701 701
11375 8223 6309 6309
15228 10797 8342 8342
10864 8527 6339 6339
6672 4967 3769 3769
18804 1504 1495 1495
9381 8716 6021 6021
8422 3162 2868 2868
0