13065 4 2 1 
12525 5 3 2 
14454 5 3 1 
11573 4 3 2 
11191 5 2 1 
15362 4 2 1 
12590 5 4 2 
18262 2 2 1 
12223 4 4 1 
15496 4 1 1 
14386 5 5 2 
17185 5 2 1 
16980 4 2 2 
10514 5 3 1 
14022 4 3 1 
12588 2 1 1 
13324 5 2 1 
14631 3 1 1 
17199 4 4 1 
11964 5 5 3 
10028 4 2 1 
13627 5 5 2 
12691 5 5 3 
14389 5 5 4 
10025 4 3 2 
17027 5 4 3 
11750 3 3 2 
13149 4 3 1 
15352 5 3 3 
11348 4 4 4 
16894 5 4 1 
19609 5 4 1 
13165 5 4 2 
13347 5 5 1 
12383 3 2 1 
18157 5 3 2 
13455 4 2 1 
12197 5 5 3 
12558 2 2 1 
16063 3 2 1 
11218 2 2 1 
17200 4 3 1 
10001 4 3 2 
16275 5 3 2 
16938 4 4 2 
19335 4 2 1 
15564 4 1 1 
14511 5 2 2 
19837 5 4 4 
19601 5 3 1 
13765 3 1 1 
11432 4 4 1 
15584 3 2 1 
16098 4 2 2 
18352 5 5 5 
17586 5 4 1 
11240 5 5 3 
13439 4 4 2 
16626 4 3 3 
14963 5 4 1 
11274 5 4 2 
10461 3 2 1 
11617 5 2 2 
18096 4 3 1 
11435 5 3 2 
19010 4 1 1 
12561 3 3 1 
18381 4 1 1 
11376 5 2 1 
17809 3 3 2 
17080 5 4 2 
10720 5 4 2 
14686 4 3 1 
11249 5 5 2 
18266 5 3 1 
12302 3 1 1 
11513 5 4 3 
12629 5 3 2 
10252 4 3 1 
17547 5 4 2 
10743 4 2 2 
15268 5 4 3 
12532 5 2 1 
10285 5 5 1 
19406 5 4 1 
19586 5 5 4 
12134 4 4 3 
15304 5 4 2 
11457 5 2 2 
15285 4 3 1 
16871 3 1 1 
14994 5 3 3 
19958 2 2 1 
13520 5 3 3 
10285 4 1 1 
18128 5 4 3 
18626 5 5 1 
18457 4 3 2 
12125 4 3 1 
12038 5 1 1 
0