1956 1956 978 978 
7566 7566 3783 3783 
1776 1776 888 888 
4566 4566 2283 2283 
12144 12144 6072 6072 
15246 15246 7623 7623 
14646 14646 7323 7323 
10002 10002 5001 5001 
17622 17622 8811 8811 
3558 3558 1779 1779 
6750 6750 3375 3375 
10674 10674 5337 5337 
4392 4392 2196 2196 
17016 17016 8508 8508 
4410 4410 2205 2205 
14358 14358 7179 7179 
6108 6108 3054 3054 
16440 16440 8220 8220 
17508 17508 8754 8754 
5580 5580 2790 2790 
17016 17016 8508 8508 
12222 12222 6111 6111 
774 774 387 387 
8784 8784 4392 4392 
2850 2850 1425 1425 
5154 5154 2577 2577 
15666 15666 7833 7833 
5346 5346 2673 2673 
5538 5538 2769 2769 
6858 6858 3429 3429 
3936 3936 1968 1968 
8778 8778 4389 4389 
9900 9900 4950 4950 
14466 14466 7233 7233 
5988 5988 2994 2994 
3300 3300 1650 1650 
15498 15498 7749 7749 
13398 13398 6699 6699 
1194 1194 597 597 
15594 15594 7797 7797 
17670 17670 8835 8835 
15894 15894 7947 7947 
13428 13428 6714 6714 
5316 5316 2658 2658 
15684 15684 7842 7842 
15414 15414 7707 7707 
2538 2538 1269 1269 
3636 3636 1818 1818 
4020 4020 2010 2010 
114 114 57 57 
2190 2190 1095 1095 
10782 10782 5391 5391 
900 900 450 450 
7974 7974 3987 3987 
16356 16356 8178 8178 
5760 5760 2880 2880 
2358 2358 1179 1179 
13800 13800 6900 6900 
13302 13302 6651 6651 
16740 16740 8370 8370 
1752 1752 876 876 
15534 15534 7767 7767 
1272 1272 636 636 
7158 7158 3579 3579 
14262 14262 7131 7131 
14610 14610 7305 7305 
17994 17994 8997 8997 
6444 6444 3222 3222 
6756 6756 3378 3378 
138 138 69 69 
12846 12846 6423 6423 
5064 5064 2532 2532 
10356 10356 5178 5178 
11160 11160 5580 5580 
6018 6018 3009 3009 
1272 1272 636 636 
15702 15702 7851 7851 
15672 15672 7836 7836 
5190 5190 2595 2595 
7194 7194 3597 3597 
7056 7056 3528 3528 
3156 3156 1578 1578 
12828 12828 6414 6414 
15390 15390 7695 7695 
15096 15096 7548 7548 
3192 3192 1596 1596 
11610 11610 5805 5805 
17358 17358 8679 8679 
5802 5802 2901 2901 
9912 9912 4956 4956 
12000 12000 6000 6000 
5862 5862 2931 2931 
11436 11436 5718 5718 
2718 2718 1359 1359 
14718 14718 7359 7359 
8268 8268 4134 4134 
13734 13734 6867 6867 
4254 4254 2127 2127 
8172 8172 4086 4086 
8010 8010 4005 4005 
0