19528 2808 1988 208 
16875 9620 2943 2362 
12628 10759 1597 65 
19307 7109 1274 532 
15602 12491 6470 2459 
8477 7361 3819 1042 
5836 3102 2840 2410 
19039 6240 5251 3277 
14809 8279 3016 1348 
15877 12463 12101 6933 
4368 2267 2021 616 
13042 2863 2649 444 
14707 12104 4964 3449 
16352 15866 12318 1026 
11729 7681 7373 6699 
12663 8950 8335 3041 
19909 18526 9337 2439 
8955 8672 6348 6087 
19621 7593 6583 3560 
18885 11762 4674 3768 
10045 9528 5879 5368 
7182 5396 4419 1201 
12636 8955 2957 460 
19028 12610 12026 10031 
18391 9207 3161 707 
17285 14330 11309 7121 
12597 9125 6758 4955 
19193 14850 3302 1039 
17363 15006 11574 11159 
16172 9479 9324 4301 
18179 13430 698 458 
15293 8335 1717 338 
18685 16855 10405 3670 
16901 15977 11520 5159 
17928 16529 6915 5092 
19217 10666 10276 2516 
17019 16646 14204 9100 
16088 15749 13084 454 
19838 17218 14745 1016 
11408 11271 4411 1995 
11251 11097 10947 9062 
17974 13708 5543 2289 
8102 7881 7446 1720 
12312 10445 6746 2459 
10224 9463 7058 9 
17398 11835 11073 6972 
15141 7370 5964 1427 
18953 6445 5293 2007 
16605 8771 6339 2649 
19400 13539 12746 6581 
18010 12478 9425 3113 
11403 7120 4640 683 
19708 14051 13625 3317 
18021 15404 8001 4711 
13041 5491 3119 3009 
14420 11360 10568 10413 
15613 12148 8001 3214 
7970 5810 5417 4106 
12389 11651 8705 630 
5808 5793 5389 373 
16455 15957 6038 5267 
11103 9655 5741 5276 
16153 9404 6040 2035 
11704 7097 6488 2756 
16207 15868 15387 12448 
10725 9820 8099 906 
18601 14925 12323 2923 
11189 8933 6203 1137 
15610 14798 5141 2770 
14499 2099 481 75 
18529 13299 6924 1587 
9242 6368 4915 3609 
7573 1700 1532 439 
14803 8494 2581 1358 
13127 8976 7294 4906 
15743 7634 6560 2282 
9244 8594 6465 2457 
13274 12253 6952 4192 
14124 8521 7040 3451 
10870 10764 3572 2236 
12162 10625 6931 2618 
18962 18809 8188 4667 
10604 10472 9609 1974 
16152 11076 8580 2580 
19125 9771 2697 1767 
12329 11830 8898 2041 
11704 9110 8099 7361 
19485 16661 9687 7687 
6976 5929 4851 4089 
9949 5175 2523 1182 
18993 13448 10456 6765 
16195 6758 6737 6167 
12658 11182 9108 3701 
16763 15195 10036 2179 
19122 18564 18030 14202 
16963 9185 7548 5667 
12020 8968 4419 1690 
11089 8232 7419 5648 
12878 7968 4126 373 
13209 9573 7015 6158 
0