11370 8875 2834 2439 
11712 8266 7842 1087 
16212 11780 417 414 
14742 14229 12578 2573 
18789 10828 10427 10247 
19057 14062 5633 137 
11588 9469 6036 3143 
18280 17480 8531 6891 
19048 16160 10493 4213 
19741 10611 6013 3609 
12646 10501 6656 3292 
12725 12057 11112 6574 
15723 13659 11427 10885 
15093 10278 6033 3967 
15438 14910 12348 10625 
17829 10185 5813 3814 
14968 12837 8302 5267 
17374 14573 11680 8152 
10910 10703 5363 2857 
15922 7187 3537 1619 
15601 9527 9344 1643 
9687 8545 5732 2881 
13007 11914 9346 3290 
17017 15925 10305 7105 
11273 10394 8835 4852 
15036 12696 7080 3496 
16974 9650 304 266 
11744 6719 6239 1580 
8014 6116 5269 1175 
16568 4965 3114 2524 
18908 8549 6856 5592 
18444 13889 10111 5975 
13315 11380 11250 8965 
12581 4369 3512 3451 
16764 12328 8574 505 
15053 6227 5345 3335 
19036 18234 703 30 
14257 11861 11052 3406 
17495 14446 2820 166 
14551 11548 9349 4171 
16270 11136 9526 5909 
19111 11893 4857 2366 
12763 10315 8210 5906 
7735 5436 753 252 
19443 13307 8919 2792 
15300 7251 4200 430 
13706 9605 4936 3139 
19498 7226 7148 6525 
8902 8862 7974 1042 
14703 10886 5171 4952 
18579 11568 7504 4183 
19834 16772 12148 9891 
18148 14873 9601 7601 
13453 10153 8565 3622 
12010 8818 7706 5424 
13584 10886 8363 4739 
10341 9995 5721 2509 
19338 4845 3207 1042 
11193 8702 4591 1076 
19299 15049 14794 913 
16843 11635 6693 760 
12506 7467 6627 4513 
18302 11741 11621 3250 
19687 10841 9664 6438 
8832 8087 4835 1423 
18356 14267 13893 7216 
16709 16081 2991 277 
6869 6462 3337 1558 
18379 10255 7753 1738 
14841 6921 3818 2629 
17232 10324 7910 3571 
7570 7456 5943 5227 
14039 6953 4968 1067 
11026 7491 5538 4198 
9294 7388 1421 499 
14131 9329 3274 2156 
13208 11335 8710 1539 
19740 10671 7859 3633 
18419 17774 15834 5613 
10353 8781 1779 957 
15278 8004 4151 1165 
19413 8613 3823 3759 
19397 13145 10173 9964 
18554 12004 6988 596 
12313 9449 9271 8784 
16461 9482 8048 3386 
16218 12131 6107 90 
11568 6984 5270 261 
6376 5816 1681 542 
11789 7353 2710 699 
11343 6271 2736 2265 
14350 11953 5448 4534 
9923 9488 8622 3890 
13953 10998 3644 3284 
10563 9596 8598 5192 
12754 12120 6700 5903 
17508 12476 9633 5152 
17642 12350 10659 5552 
16458 12731 3224 1753 
8484 7695 5310 807 
0