3908 3908 3908 3908 
19721 19721 19721 19721 
10442 10442 10442 10442 
15849 15849 15849 15849 
19478 19478 19478 19478 
9440 9440 9440 9440 
3263 3263 3263 3263 
18910 18910 18910 18910 
4605 4605 4605 4605 
5114 5114 5114 5114 
17289 17289 17289 17289 
2141 2141 2141 2141 
9004 9004 9004 9004 
6826 6826 6826 6826 
8186 8186 8186 8186 
17341 17341 17341 17341 
6186 6186 6186 6186 
18608 18608 18608 18608 
9962 9962 9962 9962 
4428 4428 4428 4428 
1444 1444 1444 1444 
1557 1557 1557 1557 
17543 17543 17543 17543 
332 332 332 332 
11838 11838 11838 11838 
7127 7127 7127 7127 
7629 7629 7629 7629 
4155 4155 4155 4155 
17775 17775 17775 17775 
7526 7526 7526 7526 
1751 1751 1751 1751 
15704 15704 15704 15704 
11950 11950 11950 11950 
5166 5166 5166 5166 
19540 19540 19540 19540 
7234 7234 7234 7234 
11592 11592 11592 11592 
2742 2742 2742 2742 
18909 18909 18909 18909 
6787 6787 6787 6787 
19796 19796 19796 19796 
6952 6952 6952 6952 
16677 16677 16677 16677 
2317 2317 2317 2317 
6600 6600 6600 6600 
11730 11730 11730 11730 
4658 4658 4658 4658 
13924 13924 13924 13924 
12556 12556 12556 12556 
18637 18637 18637 18637 
12588 12588 12588 12588 
1692 1692 1692 1692 
3760 3760 3760 3760 
732 732 732 732 
596 596 596 596 
10916 10916 10916 10916 
4122 4122 4122 4122 
7574 7574 7574 7574 
12151 12151 12151 12151 
7748 7748 7748 7748 
10370 10370 10370 10370 
2760 2760 2760 2760 
5091 5091 5091 5091 
19810 19810 19810 19810 
9218 9218 9218 9218 
4853 4853 4853 4853 
18904 18904 18904 18904 
18219 18219 18219 18219 
4328 4328 4328 4328 
991 991 991 991 
15426 15426 15426 15426 
6609 6609 6609 6609 
15022 15022 15022 15022 
619 619 619 619 
6471 6471 6471 6471 
4688 4688 4688 4688 
6316 6316 6316 6316 
9247 9247 9247 9247 
2972 2972 2972 2972 
2549 2549 2549 2549 
19020 19020 19020 19020 
18639 18639 18639 18639 
14077 14077 14077 14077 
13249 13249 13249 13249 
6719 6719 6719 6719 
10809 10809 10809 10809 
9052 9052 9052 9052 
13098 13098 13098 13098 
8814 8814 8814 8814 
1518 1518 1518 1518 
11706 11706 11706 11706 
130 130 130 130 
9395 9395 9395 9395 
12626 12626 12626 12626 
1076 1076 1076 1076 
9565 9565 9565 9565 
9864 9864 9864 9864 
7909 7909 7909 7909 
5503 5503 5503 5503 
6093 6093 6093 6093 
0