13045 5 3 1 
16174 4 4 1 
13688 5 3 3 
19812 5 5 2 
14123 5 3 2 
12405 5 4 2 
10508 5 3 1 
11072 4 3 3 
14172 3 2 1 
13161 5 1 1 
19362 5 2 1 
12423 5 4 1 
14006 5 2 2 
19286 5 3 1 
15654 3 2 1 
18614 3 3 3 
10436 5 4 1 
10938 4 3 2 
15493 3 2 1 
13945 4 2 1 
15060 5 5 2 
10832 5 2 2 
10013 5 5 4 
18287 4 4 1 
12595 3 1 1 
11959 5 3 1 
12011 5 1 1 
10947 4 3 1 
16270 5 2 1 
16988 5 4 3 
10891 4 4 1 
14994 5 4 4 
10626 4 1 1 
17050 5 4 3 
12523 4 1 1 
11131 1 1 1 
18605 4 3 2 
16688 4 4 2 
16503 5 2 1 
13705 5 4 3 
10954 4 3 1 
17098 4 3 2 
19852 5 4 1 
13962 5 3 1 
12247 3 2 2 
12773 5 4 2 
14280 5 5 2 
19451 5 4 2 
14753 4 3 2 
15823 5 4 2 
18808 4 3 1 
12809 3 3 3 
18294 5 4 2 
12612 5 3 3 
13640 2 1 1 
18400 3 3 3 
11345 5 5 3 
12545 5 3 2 
10646 4 4 1 
11102 4 2 1 
12592 5 3 1 
14707 3 1 1 
14910 5 3 1 
11248 5 2 1 
10337 5 5 4 
19416 5 2 1 
15838 5 4 3 
12338 5 3 3 
10207 5 5 4 
17628 2 1 1 
18706 3 2 1 
17059 5 4 1 
19480 5 2 1 
11420 5 4 2 
11304 3 3 1 
11150 1 1 1 
12650 3 2 2 
10005 5 2 2 
11020 3 3 1 
17729 4 4 2 
11280 4 3 2 
19141 2 2 1 
13180 1 1 1 
16697 2 1 1 
17881 5 4 3 
11608 4 4 1 
15364 4 3 1 
10754 4 4 1 
11920 5 3 2 
13227 1 1 1 
16818 5 4 2 
19274 5 3 3 
13076 3 3 2 
19500 4 2 2 
11698 5 4 3 
10926 5 3 2 
15104 5 3 2 
19926 3 2 1 
14018 4 2 1 
19243 2 1 1 
0