10545 2962 2824 2221 
18505 16486 7725 2912 
7781 1888 858 285 
13188 11698 8263 5702 
15509 9050 5790 4755 
13357 12584 10782 6462 
11079 6484 5628 547 
10657 9680 8477 2661 
18872 11393 8187 7135 
15333 11700 6004 4443 
18719 3347 1394 221 
16721 8960 2323 1567 
17172 16165 9253 7504 
19479 11748 3331 2403 
8673 7741 4833 2290 
18365 6814 5260 3593 
18389 11393 8732 6173 
18052 9145 9143 7295 
16346 9850 4633 2518 
12296 5019 4745 2285 
19956 12293 5317 659 
19673 12686 12013 7690 
11959 6964 3775 2921 
17771 6106 4374 2874 
19262 11015 10326 6005 
15963 14629 9330 3211 
13143 11780 11506 818 
12909 12089 8754 4301 
19533 12103 9561 729 
8708 5908 4251 344 
16468 9223 3797 239 
18734 11959 10800 2284 
18727 14691 11233 9736 
10935 1567 303 34 
12260 6994 5038 817 
18438 15392 10547 6256 
7093 4914 3277 2330 
7232 3419 3007 526 
15485 14720 3659 3408 
15678 11593 9756 2737 
10865 7798 2522 2166 
12315 4560 3919 1107 
6836 3136 1505 240 
19596 15883 13257 35 
15961 13024 9729 2511 
17811 11768 8970 958 
12373 5157 2497 1919 
10761 3432 2611 651 
14936 7361 4968 2782 
16189 13063 10719 6257 
15006 11050 9089 3464 
18726 12461 4156 1636 
10340 6373 1795 779 
11821 11516 5476 2878 
16347 10974 5506 300 
19030 6883 3991 3134 
12868 12582 12439 7562 
13426 10325 5595 4663 
11642 10606 9328 8032 
18435 13641 6479 2432 
14335 12502 10566 9372 
17261 16017 6857 3245 
16280 11349 10083 4142 
14738 9649 2449 481 
19324 19286 19159 7374 
16757 12013 7547 2175 
19731 10363 5770 4961 
16612 12797 315 157 
14076 12439 5223 3056 
5274 4294 3728 2363 
13943 11661 9517 1424 
15626 10671 5280 2251 
7366 5316 4440 3718 
7854 6137 4283 1404 
10708 4866 3527 1560 
16314 8905 4900 3847 
19982 9769 4009 1903 
15743 14366 6198 3903 
18803 3519 3385 1572 
18546 8872 6891 1938 
16244 12692 11251 1888 
8934 6038 4312 3340 
11418 5497 3788 3564 
11570 9941 7990 4637 
3782 3513 890 270 
18821 15095 12674 3336 
11329 10131 6814 2614 
14427 11093 7950 2613 
12880 6420 5774 3455 
15524 14940 8476 7428 
11244 10767 10115 9727 
19695 14093 9387 9334 
18021 6564 6027 3294 
12283 7696 5660 2658 
11536 10899 8519 1697 
6793 6647 6013 2136 
14775 10885 2336 783 
13453 10865 9232 6992 
16882 14522 7658 4084 
19410 19409 7440 2756 
0