822 822 548 548 
2676 2676 1784 1784 
4500 4500 3000 3000 
12678 12678 8452 8452 
15612 15612 10408 10408 
7002 7002 4668 4668 
3156 3156 2104 2104 
9654 9654 6436 6436 
9216 9216 6144 6144 
16398 16398 10932 10932 
5610 5610 3740 3740 
13344 13344 8896 8896 
3780 3780 2520 2520 
14526 14526 9684 9684 
3252 3252 2168 2168 
3552 3552 2368 2368 
4020 4020 2680 2680 
2526 2526 1684 1684 
6246 6246 4164 4164 
4530 4530 3020 3020 
12582 12582 8388 8388 
5274 5274 3516 3516 
12030 12030 8020 8020 
15612 15612 10408 10408 
14826 14826 9884 9884 
16860 16860 11240 11240 
17394 17394 11596 11596 
9438 9438 6292 6292 
12930 12930 8620 8620 
8742 8742 5828 5828 
14646 14646 9764 9764 
16296 16296 10864 10864 
6492 6492 4328 4328 
1578 1578 1052 1052 
2766 2766 1844 1844 
366 366 244 244 
15924 15924 10616 10616 
6930 6930 4620 4620 
16560 16560 11040 11040 
1914 1914 1276 1276 
1674 1674 1116 1116 
3558 3558 2372 2372 
7728 7728 5152 5152 
17178 17178 11452 11452 
17910 17910 11940 11940 
14598 14598 9732 9732 
2100 2100 1400 1400 
13926 13926 9284 9284 
13218 13218 8812 8812 
10056 10056 6704 6704 
4092 4092 2728 2728 
15414 15414 10276 10276 
3402 3402 2268 2268 
11112 11112 7408 7408 
11634 11634 7756 7756 
13884 13884 9256 9256 
6756 6756 4504 4504 
13986 13986 9324 9324 
3192 3192 2128 2128 
15930 15930 10620 10620 
15444 15444 10296 10296 
618 618 412 412 
6642 6642 4428 4428 
336 336 224 224 
13812 13812 9208 9208 
5400 5400 3600 3600 
14850 14850 9900 9900 
11802 11802 7868 7868 
4128 4128 2752 2752 
6882 6882 4588 4588 
14040 14040 9360 9360 
744 744 496 496 
6480 6480 4320 4320 
13884 13884 9256 9256 
17196 17196 11464 11464 
10692 10692 7128 7128 
2910 2910 1940 1940 
5394 5394 3596 3596 
8616 8616 5744 5744 
14658 14658 9772 9772 
14004 14004 9336 9336 
13548 13548 9032 9032 
15966 15966 10644 10644 
17238 17238 11492 11492 
5466 5466 3644 3644 
3366 3366 2244 2244 
9504 9504 6336 6336 
13230 13230 8820 8820 
17496 17496 11664 11664 
9012 9012 6008 6008 
9504 9504 6336 6336 
5454 5454 3636 3636 
1518 1518 1012 1012 
186 186 124 124 
15972 15972 10648 10648 
17382 17382 11588 11588 
2124 2124 1416 1416 
4782 4782 3188 3188 
14148 14148 9432 9432 
4266 4266 2844 2844 
0