12737 4624 4272 2811 
19435 7189 6055 779 
7271 6480 1449 109 
8678 5053 4447 2724 
17432 9995 6541 885 
18833 12458 10074 2723 
14161 11381 7671 6117 
9241 6656 4414 2476 
16947 14299 13484 6009 
8988 8360 6144 456 
19200 3716 3538 1700 
19711 12017 11886 3373 
4509 3205 1367 11 
17562 7967 3481 278 
13242 12571 10247 3094 
13242 10002 4212 634 
16293 14040 11313 7460 
19547 19435 6548 14 
17790 12671 9647 7001 
16027 10075 2610 196 
14839 8835 6494 1793 
15627 14837 11144 3363 
11505 8609 5365 1097 
18777 6835 2353 1216 
10946 4566 4418 1117 
7764 5999 4699 3307 
9158 8035 3442 3348 
19249 14462 7285 3107 
18241 17725 11244 5597 
18087 14845 12126 10206 
11283 7340 7159 3143 
17212 11502 10232 3464 
12539 10302 8427 1855 
19649 11742 7028 4473 
18622 1430 1420 1399 
17483 16371 11909 7611 
5588 4865 3746 2899 
19258 11763 10072 8259 
16872 12138 3495 96 
8185 7285 5508 2671 
19936 10317 1728 1129 
11548 8986 5508 3735 
9138 8011 6782 1764 
9857 8977 979 619 
13677 12702 10423 1953 
12081 11262 7557 5039 
16374 8048 5141 1641 
12601 9295 8289 5339 
18214 7671 6947 6543 
8895 7516 4217 3877 
15101 14862 2857 2769 
17634 10506 7400 4039 
16968 13363 5961 465 
14049 5241 2411 1546 
19596 10493 8230 2927 
16163 16021 9492 2340 
19007 5653 5314 1530 
16465 9580 1888 743 
18625 15463 12240 7186 
15686 10875 8161 2688 
10590 6714 1831 1533 
12145 1872 1819 1492 
10849 6900 2732 2118 
14161 11409 9853 8138 
16709 16142 7276 3384 
7989 4291 429 76 
13094 12838 5716 2765 
7494 5364 4957 3915 
18326 12760 11585 11372 
14690 11086 5452 5287 
17166 9485 6079 3619 
10497 9205 6518 5727 
18113 15531 13355 1485 
16522 13475 6177 2996 
10814 10540 6066 1939 
17957 14442 5359 4257 
14149 8829 5643 259 
8676 3450 2039 660 
10238 6357 2530 2286 
19917 7096 5158 3245 
15580 11640 11038 8455 
12338 11149 7147 6731 
16133 12031 5953 3756 
19662 12356 9449 9178 
11278 10763 8585 6521 
17759 3099 1423 121 
16447 8173 3002 1361 
19548 10672 6635 1178 
19718 12581 8401 7928 
6604 3101 951 235 
17203 10324 6358 5107 
18833 15899 9694 7869 
17720 10490 10446 3998 
18543 15722 12121 8059 
8744 7585 467 223 
10668 9892 9795 5793 
16683 13138 12975 3530 
10102 3716 2205 1228 
7192 4493 2863 572 
15119 11540 8469 7100 
0