7585 6862 2818 1465 
15050 13580 12280 8632 
14184 7526 1153 197 
6355 5377 1572 188 
11508 7409 4967 1094 
16752 16095 8268 2521 
6301 4109 3510 1230 
14658 2475 2462 1151 
12041 10835 8701 201 
9614 6414 739 332 
9915 6594 1880 297 
10753 9232 4039 639 
19685 16881 8592 4436 
19982 12033 11480 6013 
17431 15883 9037 2610 
14736 7799 6412 2114 
18096 16215 11233 1353 
14579 13365 7962 2300 
10892 7436 5817 2466 
11240 10062 7778 1163 
19394 14747 13555 1014 
15409 10145 7688 5274 
10954 7786 2912 829 
18274 14230 5661 1988 
15285 12106 11840 980 
17015 10989 2584 1863 
17611 12083 10589 10332 
15669 13686 8020 3704 
19547 11772 10027 5172 
11659 8382 4033 3164 
15569 10260 9799 7315 
19258 11151 8202 4483 
11137 10291 5175 767 
8638 6992 4954 49 
19613 3229 2808 1108 
15173 14015 11314 1501 
14071 13038 9956 7523 
16540 6276 5839 3113 
16179 3792 3577 1389 
12704 8971 5097 2167 
9913 9058 5264 4845 
16328 8025 6773 4713 
12521 7386 4144 1039 
16938 7903 4946 2047 
13351 6808 5841 3991 
10116 8562 8403 641 
12373 7149 4983 2069 
10359 2747 1681 854 
16575 14865 12704 6952 
18470 8236 1192 1084 
16954 9282 8887 5592 
12162 11431 4616 2838 
7514 3654 2551 687 
12147 8596 6147 3348 
12551 5904 5396 3335 
19649 4301 1803 6 
10930 5795 5475 5430 
19553 17121 11329 2490 
18257 14616 11941 1748 
8271 2675 1780 936 
12582 12463 9608 5452 
8945 6148 5885 5761 
9514 9125 3122 466 
15945 11438 8289 6151 
17997 17650 17325 4970 
18416 13233 12605 7768 
18040 12669 9432 3863 
9224 7442 6647 5261 
18297 9215 5383 1524 
14590 11665 3108 341 
18870 15555 9071 6568 
9344 4272 1815 1072 
11277 10809 10423 4921 
16157 11809 5347 2495 
17034 13403 8387 6187 
14052 11514 8057 751 
18026 11210 8021 1398 
10503 8202 3676 1521 
18313 8137 6573 4938 
10778 6994 5468 2591 
11865 8734 5965 5061 
16593 15035 4115 636 
19961 17587 8375 2380 
13826 10374 4765 659 
17530 14738 8633 5517 
16427 12379 9471 4271 
12808 9362 3888 1109 
16642 5320 4564 531 
6851 5885 5202 4257 
17588 10573 4680 2172 
4947 3465 1792 220 
9514 4597 4110 1413 
5758 1875 1010 486 
6555 3525 2806 2101 
15220 12858 12263 10877 
18343 16220 6402 1520 
12113 8314 6549 3344 
11777 8846 2919 1738 
12460 8727 5638 2309 
18937 15475 7555 7270 
0