8348 7524 5271 5271
14510 182 181 181
7026 4276 3475 3475
861 836 565 565
5749 2946 2510 2510
8907 2515 2367 2367
8992 5632 4537 4537
3503 601 586 586
7427 6650 4673 4673
19641 6130 5706 5706
9263 7337 5434 5434
13298 8502 6805 6805
5711 39 38 38
10630 9767 6782 6782
17429 10471 8544 8544
9501 4210 3705 3705
9800 6293 5029 5029
6230 1801 1691 1691
3361 1173 1075 1075
6029 1461 1395 1395
11612 585 583 583
3647 529 519 519
13084 4808 4375 4375
11667 9325 6881 6881
12461 6350 5417 5417
6718 5837 4157 4157
10635 6419 5230 5230
15200 6783 5962 5962
4163 1695 1516 1516
11039 3156 2967 2967
1295 1158 814 814
4293 3845 2701 2701
10413 3978 3598 3598
17705 11384 9095 9095
4089 2935 2257 2257
8714 3680 3269 3269
10656 5069 4395 4395
4373 3920 2753 2753
10346 4677 4099 4099
3761 778 751 751
9640 5510 4561 4561
9457 3291 3019 3019
5980 4813 3541 3541
11886 293 292 292
9855 6529 5165 5165
5531 2523 2207 2207
19656 4774 4557 4557
8406 1098 1081 1081
7427 6395 4573 4573
11404 2896 2754 2754
13381 4322 4006 4006
5476 3299 2689 2689
14626 9819 7733 7733
8103 1737 1673 1673
2594 272 269 269
11453 5866 4998 4998
9242 3212 2947 2947
12557 6640 5613 5613
10851 580 578 578
9252 4465 3858 3858
14377 9654 7603 7603
11424 4260 3868 3868
6196 5634 3931 3931
12298 1813 1779 1779
8809 2779 2583 2583
4044 882 848 848
10410 4926 4276 4276
14634 130 129 129
2551 1583 1279 1279
5228 3250 2624 2624
8672 667 663 663
6339 4563 3506 3506
19912 3084 3021 3021
16777 8037 6957 6957
3881 2079 1751 1751
7468 2987 2680 2680
11787 3397 3191 3191
10168 9462 6532 6532
17885 7681 6803 6803
2510 1516 1235 1235
15988 3042 2952 2952
1401 129 128 128
9171 434 433 433
8101 1377 1343 1343
10066 6952 5422 5422
10651 9447 6667 6667
17113 5700 5262 5262
11843 8469 6523 6523
7079 1344 1304 1304
8876 1860 1794 1794
11413 6567 5426 5426
3642 2669 2037 2037
4533 301 299 299
14439 223 222 222
10208 949 941 941
18299 7075 6386 6386
6606 6263 4285 4285
13771 1586 1567 1567
11081 2020 1964 1964
6442 3357 2848 2848
0