995.719 3
999.183 674.457
928.939 -613.679
996.665 0
166.789 3
245.372 -307.009
921.789 -199.491
168.236 0
153.410 3
221.340 -168.362
142.889 795.255
471.068 0
695.257 3
907.167 -70.052
651.371 604.019
732.233 0
291.487 3
757.719 301.213
761.055 -107.402
531.998 0
344.605 3
449.362 785.937
714.411 94.609
751.981 0
581.675 3
966.764 -439.301
4.559 -43.788
712.379 0
261.727 3
794.044 -590.934
551.019 -86.903
585.027 0
958.696 3
958.740 236.382
16.291 -347.605
972.679 0
325.118 3
929.091 -148.007
610.383 530.020
858.484 0
93.630 3
196.327 124.119
237.588 982.240
122.073 0
365.366 3
703.872 457.719
731.083 -262.867
551.463 0
525.177 3
916.694 248.761
9.697 -19.438
789.590 0
499.801 3
833.728 -201.255
696.292 -648.207
705.788 0
506.691 3
865.146 807.012
530.207 789.299
914.574 0
12.075 3
786.371 -645.656
765.092 -791.255
346.593 0
284.662 3
671.119 -797.470
904.932 -126.030
700.519 0
598.908 3
896.117 -571.646
212.419 900.894
747.314 0
1.298 3
67.114 263.422
442.347 -691.356
915.702 0
366.919 3
445.908 592.152
48.742 834.497
805.781 0
293.734 3
911.702 -947.142
121.038 -607.234
729.642 0
5.766 3
186.759 -328.550
241.595 615.543
89.769 0
596.876 3
919.005 123.303
878.777 -769.508
627.847 0
2.337 3
26.849 462.344
296.357 -528.980
313.965 0
631.024 3
976.211 -218.957
136.512 -844.515
667.145 0
532.822 3
759.724 282.687
330.046 -773.802
796.764 0
212.317 3
607.659 648.748
644.424 -686.771
527.524 0
612.916 3
736.575 672.797
290.275 389.421
652.566 0
622.134 3
661.400 -991.111
594.920 -574.412
750.405 0
795.958 3
934.975 188.647
217.662 15.734
932.271 0
654.221 3
662.014 535.706
310.761 545.982
901.558 0
355.710 3
638.133 28.506
134.717 -339.710
906.217 0
537.098 3
564.472 -668.195
367.998 649.443
538.436 0
917.274 3
964.587 129.748
320.296 -26.802
998.857 0
642.972 3
759.731 871.049
213.467 121.961
708.771 0
959.997 3
966.086 57.587
168.319 935.230
984.161 0
208.524 3
352.856 -552.401
440.026 934.919
583.998 0
687.706 3
966.710 41.084
999.040 -843.487
800.213 0
221.651 3
972.351 -256.959
85.041 -987.626
934.960 0
408.977 3
489.532 -547.014
215.481 156.787
617.557 0
604.386 3
667.825 57.582
980.120 705.809
891.262 0
849.061 3
914.199 -903.514
653.275 558.637
931.164 0
698.322 3
756.406 227.083
459.075 -999.285
828.336 0
624.444 3
961.365 92.654
978.533 -204.072
829.170 0
881.770 3
932.567 -920.740
30.168 892.123
908.430 0
472.222 3
765.522 -313.352
880.152 259.920
732.708 0
50.605 3
668.494 121.371
839.580 -115.759
745.457 0
798.834 3
987.167 267.206
779.078 640.620
817.911 0
91.592 3
195.432 -906.812
557.434 786.276
456.820 0
865.537 3
969.562 -708.609
686.615 -137.534
903.820 0
218.134 3
653.686 -213.836
985.111 395.005
670.405 0
752.010 3
760.347 871.572
975.716 739.176
970.384 0
518.253 3
793.627 -61.976
183.013 231.111
673.677 0
877.594 3
991.636 -574.543
388.256 398.653
914.678 0
189.423 3
489.199 340.368
914.574 752.450
427.923 0
223.364 3
432.326 -695.397
763.824 -3.626
324.564 0
243.534 3
329.045 42.349
934.873 -145.809
872.916 0
646.584 3
850.571 506.500
799.481 -49.541
891.531 0
48.549 3
114.894 -873.054
800.006 -590.784
568.451 0
923.016 3
990.594 -182.490
521.014 231.335
985.486 0
374.873 3
697.670 -905.268
13.651 -967.821
938.228 0
558.064 3
941.195 27.625
132.164 657.596
745.045 0
393.430 3
773.713 -251.594
937.478 470.333
561.197 0
772.987 3
782.394 570.459
303.408 -812.125
994.873 0
913.936 3
980.555 -455.659
421.370 653.579
992.772 0
192.271 3
302.562 -821.556
980.818 286.323
729.901 0
833.178 3
995.749 47.197
646.474 662.889
962.970 0
579.534 3
984.502 890.686
806.058 -982.170
694.434 0
445.561 3
964.533 -94.958
445.423 431.689
508.698 0
127.865 3
639.890 708.032
935.242 -576.164
167.943 0
665.120 3
693.723 172.194
969.166 899.504
932.135 0
536.388 3
714.137 223.306
213.999 635.060
599.593 0
691.043 3
846.161 -771.858
535.780 279.627
698.352 0
957.463 3
993.089 -923.158
953.707 640.074
975.573 0
377.007 3
822.501 -169.019
162.288 -866.587
728.023 0
98.289 3
374.039 275.415
905.329 -905.780
230.852 0
481.318 3
724.174 79.552
765.313 841.765
673.820 0
481.838 3
604.268 -111.872
271.280 -576.375
992.770 0
908.618 3
984.592 554.232
392.415 387.557
956.747 0
411.445 3
658.969 -445.169
753.189 -716.645
968.368 0
751.933 3
876.867 -713.346
227.365 -145.289
818.838 0
946.897 3
953.513 379.806
614.182 558.674
952.887 0
719.153 3
753.244 199.124
235.315 55.815
803.164 0
518.573 3
746.937 124.970
504.062 805.706
665.184 0
89.606 3
906.717 59.401
286.522 -136.094
135.500 0
4.487 3
580.659 740.506
250.366 -572.780
869.250 0
272.670 3
314.173 588.402
560.929 501.549
304.951 0
74.789 3
156.961 108.114
410.025 -406.639
766.917 0
83.508 3
603.339 -9.415
169.384 -172.396
827.569 0
507.213 3
741.010 -403.427
122.342 -930.387
599.480 0
205.114 3
882.146 981.179
62.501 463.045
269.188 0
332.294 3
789.831 -437.590
808.805 -79.305
876.662 0
774.355 3
851.186 476.954
915.732 -926.222
888.510 0
238.196 3
976.586 -476.210
486.460 260.408
586.291 0
991.221 3
995.235 -934.349
392.084 -477.347
996.686 0
981.689 3
994.138 690.782
516.851 -268.066
983.457 0
635.683 3
856.476 969.874
591.253 574.806
967.587 0
80.196 3
644.026 -815.163
618.207 -129.893
537.782 0
506.330 3
620.624 -282.928
628.736 -672.921
507.719 0
739.470 3
753.615 599.089
376.279 484.172
824.323 0
0 0
