0 1
1 1
100 1000
68 42
1 35
25 70
59 79
65 63
46 6
28 82
92 62
43 96
37 28
5 92
54 3
83 93
17 22
96 19
27 48
39 72
13 70
100 68
95 36
12 4
34 23
65 74
12 42
69 54
45 48
58 63
60 38
42 24
79 30
36 17
43 91
7 89
43 41
49 65
6 47
30 91
51 71
2 7
49 94
24 30
55 85
41 57
77 67
9 32
40 45
24 27
39 38
83 19
42 30
16 34
59 40
31 5
7 78
87 74
46 22
73 25
30 71
74 78
13 98
91 87
37 62
68 56
75 56
53 32
51 51
25 42
31 67
92 8
38 8
88 58
84 54
10 46
59 10
89 22
47 23
31 7
69 14
92 1
56 63
60 11
38 25
84 49
42 96
51 3
37 92
21 75
22 97
100 49
85 69
35 82
100 54
39 19
89 1
68 28
94 29
84 49
22 8
18 11
15 14
17 10
52 36
50 1
57 20
4 99
9 25
10 45
3 90
86 96
44 94
88 24
4 15
1 49
19 59
97 81
82 99
99 90
58 10
23 73
93 39
80 39
58 91
92 59
89 16
12 57
35 3
56 73
47 29
87 63
34 76
43 70
17 45
99 82
52 23
100 22
77 58
90 93
13 76
11 1
70 4
89 62
90 2
24 56
86 3
86 83
27 89
58 18
33 33
55 70
90 22
30 77
93 69
56 26
50 35
13 42
61 46
54 19
24 40
97 80
30 88
38 50
50 67
96 94
17 98
6 87
83 89
35 56
2 15
72 17
64 87
56 14
54 86
9 13
46 33
57 14
59 22
83 47
45 82
23 97
62 30
51 36
67 74
60 45
40 93
25 54
11 55
50 46
14 87
23 75
19 69
6 88
92 59
26 3
15 78
25 15
75 35
60 73
71 34
98 88
78 19
71 74
69 64
86 93
81 3
28 14
100 3
26 28
25 44
73 24
82 62
33 4
94 6
32 26
43 93
87 23
1 65
61 88
75 14
71 71
34 36
61 12
68 97
51 86
95 41
25 96
26 20
95 77
3 59
67 72
94 79
85 52
65 19
53 20
88 1
27 61
58 11
16 71
28 77
59 44
10 65
87 83
88 66
75 78
28 26
29 30
21 24
63 3
97 24
62 38
26 96
61 65
17 3
27 31
72 12
48 12
21 54
25 91
64 89
52 41
30 63
14 1
79 59
8 66
1 78
40 59
61 4
25 58
9 78
88 14
51 2
29 61
85 94
41 6
5 12
57 36
51 73
86 24
17 57
58 27
58 27
72 38
62 70
23 97
13 18
97 18
42 86
30 24
66 30
33 60
56 97
63 54
35 85
73 55
70 58
64 33
84 8
36 12
49 68
39 76
43 24
12 55
76 42
26 60
71 22
35 27
84 6
99 51
2 80
35 94
35 38
94 57
6 77
49 63
1 82
42 14
56 56
63 43
78 12
79 25
44 53
74 97
14 41
73 76
11 19
33 18
96 13
32 70
89 41
91 86
90 98
46 91
15 54
41 52
59 45
60 36
6 93
82 65
30 4
9 76
98 93
57 50
28 62
42 68
41 30
75 14
78 2
84 16
93 14
2 25
60 93
29 71
85 28
87 76
71 99
48 88
4 5
64 22
64 7
72 11
41 90
43 65
14 20
5 92
33 19
6 51
40 76
23 4
48 99
49 85
65 72
76 14
13 46
79 47
63 70
86 20
45 90
41 66
9 46
71 19
24 2
73 33
88 53
64 71
4 2
28 24
70 1
66 16
44 29
89 48
38 44
64 10
82 50
43 89
61 9
59 22
89 55
91 47
44 50
21 31
68 49
84 37
27 36
39 86
30 54
49 25
60 24
67 58
56 45
27 19
26 12
2 56
97 50
16 85
43 65
14 76
97 43
73 49
7 27
30 74
6 5
13 27
94 76
37 66
42 37
95 15
53 57
39 37
56 83
32 16
42 31
12 26
87 38
51 91
35 63
54 94
53 17
63 9
55 34
35 4
57 4
25 49
14 18
29 10
81 1
59 19
56 51
65 62
77 4
10 44
62 3
49 90
54 83
21 75
24 3
70 32
60 79
20 9
4 72
82 46
93 5
14 86
90 99
39 23
11 38
35 62
62 9
94 60
70 16
70 38
1 59
65 72
16 18
16 56
40 31
89 13
55 83
11 86
75 85
16 81
42 52
80 16
99 11
89 74
33 78
90 57
9 14
91 42
64 24
85 29
1 79
86 72
72 75
68 34
96 54
26 69
30 77
99 51
94 10
81 87
50 17
29 68
65 80
6 22
17 27
27 17
88 67
65 82
87 41
63 22
65 22
16 10
74 3
42 25
63 46
32 24
69 7
3 19
8 8
13 82
31 37
10 15
57 85
94 91
53 97
46 55
49 9
13 92
15 32
59 40
5 23
53 96
80 70
24 39
67 19
99 60
97 87
34 63
23 59
93 47
26 38
59 48
8 3
31 99
1 93
100 79
49 53
41 83
76 16
68 63
98 37
98 19
52 29
31 17
26 50
30 59
41 21
48 61
56 63
93 76
55 62
47 99
47 15
70 89
64 39
16 76
76 22
29 16
71 35
65 6
63 58
25 62
70 50
24 31
34 51
11 26
37 38
79 38
37 94
65 15
50 92
6 36
5 38
24 38
71 65
69 9
86 82
74 53
95 53
27 77
73 97
41 50
20 75
12 44
90 42
66 20
86 6
51 17
10 16
67 65
75 94
1 10
74 96
62 90
69 73
32 59
27 69
23 11
80 75
53 11
92 83
65 96
65 75
56 3
75 61
22 73
48 23
90 78
96 6
51 95
55 44
13 82
40 73
13 29
68 63
16 9
24 9
35 60
87 5
59 20
7 46
1 67
93 68
33 88
75 57
22 48
23 84
77 32
49 84
83 24
77 19
12 21
57 83
26 91
87 25
70 78
35 44
69 78
92 69
84 97
28 29
72 27
13 98
28 4
46 9
86 9
38 39
14 44
51 2
12 29
50 51
55 93
82 70
68 66
94 14
73 35
31 73
43 2
78 78
3 71
82 65
24 91
24 38
96 80
28 70
11 43
59 83
88 27
29 71
59 52
61 14
87 84
11 43
29 73
42 35
4 19
66 68
82 39
51 58
99 15
62 59
57 64
79 8
36 90
76 66
87 87
61 34
49 31
93 29
41 34
36 67
100 11
93 38
29 83
70 53
95 45
53 9
33 48
9 36
98 65
50 44
42 16
1 90
49 13
52 24
34 75
1 92
91 55
20 98
79 81
45 32
88 41
26 100
39 84
94 93
12 53
35 61
98 41
30 86
6 41
93 92
50 11
80 79
78 72
94 74
98 21
77 27
83 91
60 79
90 19
50 60
73 25
9 81
9 68
4 78
8 71
75 97
12 23
62 20
91 57
84 64
33 17
42 53
14 55
97 63
16 61
100 5
81 37
33 99
85 88
18 41
71 7
83 42
24 50
6 59
96 22
17 97
79 79
59 80
51 78
30 8
96 82
77 79
100 54
66 85
9 94
44 73
15 30
56 69
74 92
49 23
87 52
47 45
18 78
17 30
92 75
13 70
94 47
16 92
58 50
53 41
52 37
27 88
56 63
95 84
98 81
66 66
62 14
79 79
41 79
48 12
71 46
90 76
50 51
66 34
83 15
33 8
68 97
83 23
42 11
88 32
80 6
39 22
48 52
47 9
60 77
23 90
87 67
29 56
61 15
78 54
4 49
32 62
56 83
7 98
22 53
82 97
56 22
25 48
36 19
75 77
99 60
54 75
36 23
89 44
33 54
81 48
79 27
2 51
100 62
64 56
74 17
46 62
75 74
54 51
88 82
11 100
66 44
30 73
13 82
82 77
91 48
6 72
33 73
21 90
32 66
94 59
79 7
7 49
67 72
98 97
95 21
89 30
85 10
79 70
16 18
85 27
7 69
98 29
91 19
86 100
100 87
11 21
14 72
86 16
81 19
68 32
45 88
8 87
28 61
32 75
72 53
94 69
38 86
5 12
7 78
23 69
1 14
38 43
89 39
90 56
82 48
85 94
62 88
18 94
83 2
66 48
5 54
96 85
22 26
82 65
7 73
44 57
81 94
69 81
14 12
52 69
80 17
41 69
34 32
64 80
54 60
96 37
75 66
36 21
77 81
26 56
9 72
57 60
33 3
41 6
63 76
63 86
37 81
3 98
81 9
77 41
94 59
47 41
74 75
81 98
73 36
8 1
67 56
89 42
69 82
97 16
10 26
37 13
63 56
43 44
23 22
49 13
69 19
15 18
91 51
60 36
96 70
41 4
100 80
92 6
82 62
54 53
30 34
43 88
84 54
15 21
45 19
30 64
65 53
71 70
48 6
88 95
77 27
41 24
91 80
11 89
46 72
71 22
90 84
79 56
7 80
36 63
97 88
89 34
80 36
91 94
66 63
6 2
68 8
35 70
58 72
46 99
19 98
45 39
64 73
65 29
24 2
5 91
28 2
93 98
64 72
64 2
66 22
46 22
96 11
23 42
52 13
56 16
39 94
83 80
100 1000
55 9
8 23
39 46
91 45
55 40
24 5
79 26
82 25
34 31
95 24
47 31
46 88
17 6
90 51
64 39
98 36
31 10
9 25
75 38
73 21
56 94
62 35
7 57
76 85
20 83
33 42
80 85
84 80
37 68
19 26
29 38
78 20
92 38
96 57
2 61
33 94
81 37
8 76
75 85
91 20
42 77
30 52
75 91
92 73
88 90
40 91
54 94
82 64
6 4
80 77
40 96
99 69
40 84
22 16
27 94
39 23
82 29
79 100
24 92
35 44
50 44
8 3
42 3
47 88
38 92
1 14
91 17
36 63
11 27
83 78
90 61
75 6
23 64
67 96
39 61
12 89
68 46
68 26
43 90
48 64
18 3
24 100
4 27
52 49
37 71
68 59
6 57
63 32
76 20
32 57
45 96
4 92
16 89
20 51
92 73
34 84
43 76
1 70
79 55
58 86
94 34
4 91
34 51
72 23
91 12
42 39
48 59
59 53
3 80
91 84
69 3
96 23
9 36
43 62
100 95
79 89
58 43
48 42
46 70
14 81
11 65
86 62
5 74
4 63
70 3
30 55
75 53
31 50
45 45
19 50
64 66
74 53
32 71
12 48
99 70
4 99
80 53
44 54
89 23
35 64
23 51
12 41
52 93
78 81
77 17
21 79
49 16
80 99
58 36
63 84
63 3
71 21
74 23
87 42
18 89
93 18
68 99
66 50
33 90
82 20
31 4
32 29
53 90
73 31
8 65
29 96
91 82
78 11
37 72
44 60
34 41
94 38
75 31
83 94
62 4
63 91
98 8
24 52
18 91
4 41
84 67
60 62
87 46
66 52
41 2
98 10
51 84
22 59
82 76
72 88
100 88
80 5
1 39
62 31
6 19
29 41
23 60
61 99
36 99
15 82
94 68
62 97
39 47
39 71
56 77
72 18
53 61
34 59
66 56
2 27
60 35
49 94
93 74
34 94
4 38
12 91
69 95
99 28
49 90
48 80
32 50
76 70
50 99
100 37
44 24
55 32
35 62
68 86
94 17
67 5
9 54
85 24
68 93
70 49
12 31
91 15
44 28
100 5
96 75
59 7
59 90
90 10
41 48
65 19
27 76
4 90
13 67
71 41
96 77
87 42
10 52
84 88
91 86
87 51
82 56
3 29
63 78
66 25
33 73
29 86
90 47
84 79
66 26
46 61
22 79
21 56
74 28
52 35
37 76
2 35
11 38
91 75
72 57
36 81
83 46
19 26
13 74
99 38
63 6
93 18
48 40
4 47
16 32
59 40
46 30
100 95
73 46
63 76
74 73
39 81
43 98
4 9
26 78
2 35
83 79
37 70
40 79
22 39
64 27
76 78
82 25
62 1
3 63
96 49
17 85
8 38
85 94
60 45
59 22
69 44
20 78
42 58
65 92
16 24
30 73
16 42
37 16
60 58
53 1
42 94
49 30
99 28
25 25
34 75
39 86
63 71
85 30
79 10
86 24
25 1
6 94
66 13
8 68
85 78
91 5
92 35
86 22
91 35
99 43
19 87
25 22
77 98
70 55
28 9
69 94
3 67
1 39
19 20
85 91
57 40
33 9
15 79
40 88
21 75
55 28
42 89
43 99
22 3
47 5
10 57
9 34
34 62
5 87
43 86
61 43
21 62
79 44
14 88
92 64
16 35
62 57
12 13
52 60
71 39
8 25
85 8
2 52
59 90
91 42
13 14
61 56
73 94
77 3
74 44
52 67
29 76
62 33
4 70
8 30
52 93
93 54
20 71
8 73
6 95
84 41
10 63
39 8
72 61
55 72
15 48
30 24
67 90
57 88
71 33
67 40
84 23
54 61
92 6
87 60
30 88
18 43
57 46
53 89
67 55
61 34
32 20
68 39
99 77
21 15
8 54
17 70
43 23
64 8
48 61
31 94
44 18
15 77
18 27
21 35
93 72
55 65
94 67
76 65
13 1
52 1
80 77
78 44
62 90
73 86
45 35
64 62
47 5
9 89
31 58
65 24
47 75
82 38
12 19
92 93
24 33
92 62
31 62
70 99
1 92
18 80
15 18
42 96
68 37
54 29
74 10
4 82
17 70
68 84
3 86
58 31
68 82
67 11
72 88
46 78
39 65
48 72
93 16
58 12
54 6
81 72
31 41
21 76
78 91
87 99
90 5
45 32
11 89
20 19
28 60
20 10
17 80
97 1
59 54
94 31
50 7
73 55
95 61
34 55
30 47
29 72
42 60
89 22
34 67
71 86
62 30
9 61
63 83
79 7
98 80
39 88
84 70
96 41
34 67
58 10
35 18
36 54
94 59
94 44
52 67
95 41
75 38
98 13
96 52
93 18
38 93
14 31
11 97
29 90
87 10
41 45
70 83
94 21
63 93
28 15
95 8
14 6
14 12
65 94
96 4
82 63
10 47
69 49
12 25
36 55
34 28
63 41
78 28
41 18
1 43
59 1
55 77
31 36
96 32
24 38
28 23
12 30
55 12
54 81
22 94
29 86
1 44
72 56
53 71
32 76
35 41
87 41
49 35
66 40
13 97
53 63
88 32
58 65
57 49
51 71
2 83
100 94
45 33
76 32
51 5
67 27
2 39
44 24
81 42
19 96
64 60
30 29
55 89
80 14
67 70
78 80
3 38
93 16
73 24
24 49
49 54
98 96
9 9
94 12
82 66
11 3
57 29
66 6
70 24
54 16
85 6
46 79
34 41
1 86
95 69
86 34
82 49
57 33
73 11
2 83
36 7
72 61
38 28
69 44
96 34
4 72
12 43
35 80
94 13
62 31
59 35
7 27
44 92
28 89
85 20
94 25
25 36
83 95
28 68
47 6
90 87
38 41
60 51
57 79
4 78
1 43
26 12
96 44
16 17
7 5
42 69
99 36
14 26
13 24
58 19
40 97
95 87
44 47
12 23
56 81
48 59
91 71
28 74
55 14
73 97
42 51
47 42
14 26
30 25
4 96
94 95
88 68
80 41
26 42
61 35
8 1
93 22
18 94
4 18
94 44
12 40
29 26
49 79
93 51
55 45
54 24
48 37
27 47
5 62
72 39
6 87
57 100
68 29
20 52
67 92
47 18
88 94
13 22
100 68
98 45
29 2
5 43
69 69
97 42
21 63
19 45
20 26
75 85
60 85
15 50
4 96
52 33
15 38
52 64
91 20
84 18
85 19
87 53
49 70
98 38
69 25
49 28
83 94
70 72
78 94
5 15
44 85
12 96
93 94
91 99
91 100
75 94
75 50
74 15
19 70
34 66
12 39
64 53
50 9
46 89
21 32
72 7
22 69
58 59
83 48
23 39
7 24
90 7
46 57
24 52
51 19
37 98
7 92
14 11
81 52
44 45
46 42
50 79
15 6
28 86
5 25
18 57
56 28
87 3
99 69
12 80
59 90
76 91
33 11
97 90
13 51
30 23
37 73
54 78
71 77
53 86
98 52
2 52
94 36
17 73
29 17
26 12
97 39
45 40
27 57
59 3
22 89
9 87
29 78
48 80
81 50
29 46
27 63
78 20
48 92
32 86
85 7
70 55
57 10
46 22
17 66
98 61
91 36
50 78
87 6
76 89
78 44
88 31
83 56
1 54
90 55
16 89
11 9
100 41
8 98
5 55
86 38
93 100
13 14
84 83
30 52
34 38
65 1
58 84
11 69
9 69
33 42
85 38
2 100
84 70
93 57
88 41
11 13
36 21
16 64
78 98
35 75
34 54
87 79
35 25
50 76
85 13
93 25
23 5
14 56
74 63
61 85
54 23
23 98
38 51
7 18
98 32
37 6
100 58
99 91
48 86
93 85
97 26
29 56
43 39
96 29
38 43
68 7
94 54
47 6
25 10
66 55
7 40
93 10
76 100
62 37
19 48
28 14
97 13
42 10
91 31
16 35
24 87
45 67
38 37
94 17
72 50
78 45
1 86
86 91
19 26
7 69
9 30
26 42
81 37
71 17
48 85
37 29
1 5
65 24
41 12
5 51
67 84
71 42
7 46
57 89
67 8
79 58
75 100
92 56
33 91
97 59
91 18
8 68
47 35
3 63
27 40
7 96
51 15
80 87
23 77
2 80
77 13
58 65
39 71
45 13
81 62
44 1
62 57
40 48
91 9
80 53
20 19
85 8
78 48
14 76
72 10
40 43
22 37
35 2
59 30
70 37
5 98
3 99
39 6
66 33
82 17
24 80
72 28
83 14
17 41
20 89
14 90
52 60
84 72
39 65
85 13
2 60
34 75
15 60
96 50
42 23
78 17
66 53
39 92
68 11
88 56
23 25
42 40
5 49
69 35
73 42
75 69
38 77
42 34
19 46
75 16
47 53
25 57
82 67
41 45
97 35
28 77
19 6
42 92
92 66
60 72
18 1
44 17
65 25
58 6
67 3
47 76
90 33
46 47
53 4
27 2
85 54
51 50
47 6
71 26
96 37
24 94
57 33
11 97
93 77
91 51
53 96
16 51
62 37
85 61
35 30
83 51
37 7
91 85
83 18
100 1000
17 67
26 89
11 2
83 51
94 22
55 39
96 94
39 81
21 68
84 46
97 66
91 34
90 33
84 40
30 18
80 54
1 14
46 53
52 62
64 19
8 14
77 55
12 18
65 30
32 67
99 43
56 23
58 88
65 59
11 63
66 47
66 81
41 47
43 98
95 65
71 85
1 16
7 7
97 3
12 34
16 68
76 46
49 55
80 20
22 89
98 93
10 98
72 53
23 59
98 60
100 100
21 21
85 37
16 13
86 54
100 42
9 68
70 45
80 82
8 9
7 60
76 50
25 27
75 8
29 85
46 47
15 82
69 50
8 39
5 94
98 6
56 18
44 42
98 34
37 80
34 56
31 55
5 53
89 80
55 71
77 73
16 2
32 87
76 81
15 61
58 39
39 91
48 82
19 43
32 71
20 62
91 82
73 34
3 64
29 3
99 22
46 48
23 7
95 87
45 78
48 84
86 41
24 65
54 38
31 69
67 56
13 59
19 57
43 2
7 77
85 3
71 24
51 13
12 76
96 51
21 89
84 2
93 99
85 49
88 46
44 63
60 59
17 72
33 73
84 42
16 89
17 77
40 99
6 84
47 98
76 70
88 18
31 21
36 43
74 90
74 81
87 78
86 82
46 23
86 80
36 14
84 36
97 87
86 49
22 53
83 61
89 37
37 20
66 93
99 79
87 97
77 12
22 48
46 3
65 3
73 40
71 58
55 21
81 60
92 99
11 61
68 92
76 34
100 37
91 76
57 77
4 73
68 87
43 16
67 96
87 57
99 38
65 27
66 86
41 9
15 61
13 55
39 53
26 7
50 31
80 80
39 14
22 18
92 46
40 70
66 9
74 63
71 82
54 48
9 9
30 16
90 67
72 64
60 42
73 32
67 15
71 89
100 69
51 56
37 45
7 79
14 28
72 24
74 28
74 62
3 35
18 88
54 64
96 27
14 96
71 7
6 60
34 97
53 24
20 80
94 27
66 86
45 72
72 8
100 88
97 20
53 16
54 93
91 58
58 60
10 87
87 66
60 20
36 14
2 29
70 69
32 57
75 79
44 96
17 75
12 25
23 86
58 72
75 96
84 39
96 59
84 23
4 32
1 33
81 91
6 9
59 3
58 19
21 62
57 29
33 14
83 93
21 68
75 59
95 88
65 84
15 65
91 47
56 26
68 64
32 93
81 20
29 19
21 49
92 80
88 67
27 9
60 26
21 19
15 36
48 57
35 57
52 61
79 9
90 95
77 25
91 95
73 90
2 20
45 3
40 24
28 10
87 38
28 17
24 70
15 100
45 16
70 37
77 79
53 59
38 47
89 16
89 17
75 83
16 34
57 57
17 63
30 25
85 43
50 73
27 97
3 83
17 76
53 66
56 60
45 18
44 55
100 25
22 23
14 34
94 18
61 74
75 76
2 86
9 23
27 96
92 21
30 89
78 73
9 94
23 55
38 77
4 17
13 91
54 90
100 80
3 23
70 3
30 55
39 35
27 75
35 64
49 73
4 54
19 8
38 34
80 96
45 62
62 60
77 8
46 73
73 93
97 29
36 12
30 36
33 17
59 57
21 50
25 97
27 21
84 7
75 46
89 92
65 39
78 5
43 54
24 5
26 53
43 12
50 25
91 36
29 47
5 56
10 42
80 82
84 3
33 93
100 13
48 62
91 6
60 70
40 29
81 29
79 72
57 41
45 49
26 46
99 11
81 17
65 16
73 27
94 80
6 83
34 37
88 6
39 33
65 66
100 19
9 33
39 97
39 79
60 46
45 70
70 63
19 50
59 68
62 44
91 4
27 87
5 4
69 1
48 24
67 97
66 31
1 53
74 18
69 87
80 98
29 25
59 61
68 26
35 13
70 53
71 63
36 12
12 91
51 65
46 61
55 68
18 88
43 66
74 89
80 16
89 38
87 70
10 31
22 41
82 20
21 27
55 12
85 94
100 58
30 37
58 51
66 6
50 35
93 95
20 71
14 18
18 54
61 78
54 6
63 92
55 77
35 73
51 17
46 94
48 53
62 22
60 45
86 67
19 40
69 8
51 55
100 33
36 21
93 99
83 17
17 30
59 60
100 84
58 36
72 71
81 43
7 78
87 96
53 4
36 19
29 86
61 79
50 2
86 65
58 27
42 38
94 39
34 97
69 94
36 74
97 10
62 82
85 40
100 24
50 32
7 43
88 51
70 41
89 24
84 68
59 1
39 7
21 64
59 67
24 86
99 30
71 57
97 76
89 84
47 20
76 91
20 70
98 42
55 46
59 59
92 95
38 42
33 1
37 76
59 39
86 81
85 14
28 54
27 86
37 71
71 82
49 50
100 78
74 36
52 38
18 32
72 34
30 77
45 32
68 43
29 1
35 17
58 100
82 41
42 24
50 32
100 40
100 76
46 64
2 27
84 25
36 90
96 25
71 46
18 84
53 93
74 25
56 41
71 69
31 44
66 57
81 15
59 59
9 25
68 12
29 18
100 91
71 81
13 91
65 1
85 76
12 83
69 7
27 45
67 37
89 93
66 39
48 13
60 47
72 53
11 57
67 58
71 51
26 46
75 49
44 75
37 30
17 64
35 59
62 2
16 56
83 75
83 40
1 25
38 76
1 77
65 25
96 38
30 26
89 52
45 95
76 7
91 72
20 85
96 80
8 59
75 46
57 39
33 21
23 67
54 58
56 72
26 90
29 30
28 40
91 95
55 49
93 18
19 31
57 49
83 91
40 44
94 2
70 28
34 94
93 32
27 36
81 43
62 17
8 18
46 21
22 67
83 83
92 7
16 71
44 96
72 64
36 93
13 18
68 82
53 22
29 23
30 31
100 25
52 54
42 95
84 65
45 21
78 89
3 14
3 59
50 54
76 59
39 91
96 24
6 2
24 59
42 88
31 27
21 10
44 36
75 32
1 3
76 72
31 10
23 95
91 37
53 16
83 55
89 34
61 56
24 46
60 43
44 88
85 48
69 90
99 89
80 81
14 8
48 61
72 47
45 83
49 43
54 37
89 50
26 24
91 52
47 40
76 63
79 25
4 86
78 82
49 51
95 71
30 17
39 27
73 16
63 53
68 22
66 29
60 30
90 83
20 87
41 36
33 67
23 86
62 4
42 97
33 51
62 73
14 71
46 66
11 21
71 29
97 22
15 5
11 100
53 70
72 36
31 45
62 83
52 96
84 67
59 11
96 73
15 7
85 53
13 6
42 22
91 76
12 26
83 68
88 84
51 94
69 80
85 75
36 30
6 61
93 12
51 25
61 17
60 2
24 10
1 68
57 26
49 41
8 56
92 50
83 61
20 37
80 71
20 26
2 10
25 32
26 8
84 2
89 70
64 65
35 25
52 71
25 98
68 12
41 66
56 80
62 29
28 33
40 61
38 67
49 49
49 5
22 66
76 34
15 42
63 48
77 55
59 55
85 22
67 89
57 17
30 81
30 38
44 90
2 5
21 85
37 88
83 53
67 29
94 73
80 59
88 84
98 24
95 97
54 2
4 21
21 73
54 33
34 25
66 58
81 33
67 68
69 91
29 27
45 80
50 4
4 34
41 11
11 28
83 28
88 94
62 64
100 66
19 52
59 82
59 4
79 39
58 65
22 73
57 23
61 68
44 99
42 35
53 20
12 63
94 12
82 6
61 52
72 99
95 43
36 85
56 1
24 56
89 51
11 40
33 18
11 49
20 96
90 49
52 72
24 96
50 38
8 1
85 35
13 78
5 42
63 97
52 38
33 52
39 66
29 46
27 95
46 79
6 29
58 50
2 13
28 100
54 93
43 96
50 68
56 77
49 43
16 4
74 48
50 66
70 38
71 32
69 54
79 53
82 57
87 96
32 30
60 79
90 53
39 59
73 55
57 9
48 72
12 4
20 75
6 8
89 100
46 62
93 36
77 33
4 68
100 68
68 55
15 13
94 30
55 78
32 13
27 90
100 48
75 90
13 37
58 88
92 4
30 83
62 28
97 53
84 47
55 98
3 33
77 46
82 25
24 96
44 33
70 3
90 83
100 38
80 36
53 55
51 100
46 33
72 94
91 50
78 5
20 6
29 51
23 29
86 69
85 75
85 52
16 38
82 90
60 75
47 51
28 61
22 34
19 62
51 47
62 64
59 47
72 95
3 46
21 47
54 55
87 61
36 20
14 17
93 36
66 19
37 71
47 26
13 45
16 83
27 6
74 2
81 7
91 94
15 92
58 24
50 1
86 23
3 63
75 69
49 53
39 36
38 63
93 73
44 1
82 20
92 71
85 46
86 15
100 80
87 83
51 20
86 94
9 17
100 89
97 26
32 70
3 15
38 71
78 99
52 99
64 89
6 54
68 42
56 63
96 82
73 19
71 95
22 39
24 46
66 44
36 19
100 38
93 100
25 55
67 32
23 30
19 57
93 76
62 11
29 33
50 23
27 78
79 49
39 78
45 76
40 26
41 22
67 41
49 82
52 48
52 8
58 11
10 78
77 4
24 41
55 75
7 70
100 86
31 49
59 74
85 17
100 1000
32 74
84 5
23 92
88 11
69 65
80 95
10 24
42 58
78 86
73 24
36 29
18 50
44 10
66 68
92 91
39 70
77 5
92 13
10 94
98 21
29 63
60 1
41 43
95 90
21 43
47 87
87 65
44 72
75 67
89 46
28 50
5 55
47 82
86 58
51 15
74 33
13 44
84 33
69 40
84 90
88 10
46 96
40 13
49 36
8 80
55 31
41 2
19 44
78 13
73 24
86 84
21 87
3 58
7 40
25 77
38 53
100 36
91 17
7 68
76 22
93 21
48 66
85 59
30 32
6 83
90 63
71 24
83 43
81 97
73 70
52 16
56 37
78 75
30 55
52 83
38 70
77 2
74 5
98 62
26 96
63 86
61 30
74 19
10 80
25 63
83 75
16 76
47 44
69 33
62 85
87 73
90 67
5 52
95 34
99 77
34 5
85 69
65 18
15 17
97 67
49 74
97 11
92 42
90 67
56 21
52 49
72 82
29 26
55 74
31 10
92 39
54 40
68 49
78 55
98 91
74 57
63 90
30 37
40 89
42 86
21 68
48 61
83 82
90 7
4 85
63 61
93 33
64 44
12 24
93 41
71 44
50 20
77 13
87 46
4 57
99 65
79 9
24 39
12 6
18 94
28 44
91 15
2 17
45 40
13 37
34 75
2 41
36 84
34 29
35 38
72 78
64 23
41 60
83 69
67 49
28 91
72 59
6 7
35 2
56 71
100 8
76 31
40 4
89 95
74 65
59 49
88 81
14 65
53 14
79 71
5 67
50 17
38 78
60 38
56 33
27 6
67 38
56 15
47 91
36 83
37 94
39 47
4 57
100 15
26 42
25 75
64 45
77 50
35 98
27 48
45 44
62 93
76 70
97 40
72 82
14 69
31 67
10 7
60 91
47 85
4 60
92 7
97 94
51 84
36 58
68 13
66 70
74 4
17 92
16 50
44 19
98 89
92 12
64 75
8 26
22 71
59 28
76 37
77 22
20 100
12 42
10 13
64 36
15 31
84 37
89 33
6 40
41 71
92 69
86 29
21 38
98 25
4 55
63 95
55 66
3 1
30 15
27 95
29 64
80 49
100 52
43 4
17 81
99 91
31 59
52 54
45 63
86 50
73 56
59 90
30 53
61 41
28 47
23 45
74 37
34 55
52 57
35 92
23 32
3 80
81 77
89 70
86 30
11 3
75 28
100 61
56 43
66 94
73 29
27 85
24 99
88 2
98 89
76 53
79 51
94 56
7 31
90 32
22 66
65 28
14 41
11 90
64 89
89 21
65 22
55 4
17 23
87 55
25 26
3 19
60 21
83 89
75 42
67 1
55 23
51 53
27 17
3 87
2 38
50 2
3 68
82 66
11 44
90 9
85 59
7 22
88 87
91 72
19 73
54 74
63 82
14 97
16 52
86 5
65 34
38 5
85 54
73 34
45 22
58 71
30 89
41 98
2 24
77 44
1 32
14 49
12 54
33 94
15 52
17 100
35 13
53 50
42 13
51 10
70 81
63 36
12 66
12 18
22 64
46 7
51 44
65 94
45 43
37 34
26 3
54 60
7 8
30 44
71 52
29 96
60 42
16 21
79 45
85 59
84 39
38 39
31 36
16 83
22 81
53 26
47 5
5 13
26 46
50 45
30 95
10 33
30 17
34 62
47 31
84 33
40 74
36 81
71 88
30 90
22 61
90 98
45 64
6 22
14 16
100 35
16 38
59 65
84 12
44 47
32 38
52 56
91 52
96 53
62 21
68 61
35 74
92 34
79 2
80 88
16 1
73 10
53 62
24 71
38 65
11 51
79 92
62 44
19 22
84 99
96 34
73 10
4 69
46 65
51 50
43 47
56 45
69 60
2 86
48 69
88 7
10 36
34 65
41 52
25 26
1 47
32 39
18 22
85 25
45 16
20 53
68 71
75 20
31 88
17 46
100 45
86 63
22 16
42 3
74 5
53 34
30 12
60 25
66 84
51 46
92 27
14 98
87 72
91 63
7 85
23 19
67 20
92 19
67 60
80 4
68 99
4 46
21 31
35 26
34 22
88 36
28 94
25 49
19 93
45 1
87 32
9 96
98 54
22 93
8 20
23 72
92 62
52 53
66 24
81 57
66 62
1 24
36 29
13 54
77 83
90 58
100 93
62 77
32 43
1 61
81 39
46 21
69 30
63 42
34 35
83 71
61 1
42 65
37 100
34 66
28 30
29 55
85 20
69 11
98 18
7 26
64 11
91 49
45 70
44 100
65 56
59 38
12 7
48 15
30 94
81 88
65 86
77 35
19 16
48 85
48 49
33 56
38 82
97 28
25 60
54 100
42 2
30 5
66 16
33 51
20 84
40 97
39 79
4 42
21 7
50 71
25 6
88 79
30 85
99 40
39 74
3 16
86 42
12 64
28 67
31 84
83 66
32 83
91 36
57 13
49 3
27 14
65 98
94 16
38 8
39 19
71 25
46 84
60 29
22 84
61 38
24 50
6 84
14 48
85 87
35 10
71 1
58 40
57 69
93 86
34 23
84 36
100 28
91 62
1 36
74 80
86 7
10 46
82 37
100 40
8 2
20 96
28 85
61 56
53 34
4 1
99 89
70 76
91 5
58 44
20 58
50 76
47 91
68 99
10 47
80 81
8 82
39 20
100 26
15 71
56 11
66 33
21 19
65 38
4 10
51 45
2 42
28 45
11 42
25 97
99 84
32 41
55 71
4 36
10 46
33 15
31 18
33 19
91 14
33 62
18 36
22 46
6 19
22 34
71 47
95 89
28 9
78 36
6 76
43 51
19 55
25 91
66 80
72 55
45 23
10 68
73 11
75 53
98 78
42 71
42 68
69 18
22 66
28 56
84 15
33 38
63 50
36 83
36 93
35 31
29 21
25 89
34 35
26 4
83 23
66 61
65 31
23 24
9 87
32 39
27 66
64 63
20 79
42 52
77 16
22 69
88 99
40 32
53 40
75 31
43 82
1 19
35 1
81 7
24 91
69 100
35 86
45 56
9 45
20 1
50 19
81 48
49 100
20 85
41 33
71 89
34 98
23 41
41 46
51 28
48 83
51 100
97 31
32 5
52 6
40 83
71 68
44 77
74 57
58 17
67 87
44 34
15 73
72 99
62 38
21 10
28 87
54 42
29 24
98 92
82 100
11 24
79 72
91 94
35 54
48 67
23 14
75 46
23 89
20 78
67 84
95 6
25 47
90 42
98 99
61 67
74 92
6 66
39 7
19 97
45 63
16 27
24 94
25 70
70 19
71 73
16 62
30 26
38 95
31 96
1 50
95 2
4 62
60 93
7 49
70 14
56 40
52 62
78 11
40 77
3 23
97 25
24 50
24 13
72 15
21 9
57 82
50 99
98 46
44 67
93 49
5 32
95 96
50 51
82 52
46 99
46 76
34 85
100 1
98 68
42 10
100 32
75 99
60 88
46 63
60 30
68 25
69 67
95 28
97 50
24 43
18 97
69 12
82 49
75 34
85 89
69 69
5 26
22 45
12 61
52 23
43 1
26 31
52 31
99 21
81 28
83 6
15 26
5 13
10 93
6 39
67 67
81 72
42 65
87 27
34 36
25 52
93 77
52 60
28 97
88 8
21 28
28 6
11 38
4 84
84 38
36 42
78 22
81 79
12 35
54 30
9 31
49 31
42 33
17 71
19 64
85 16
75 10
86 42
61 9
86 49
2 79
6 72
97 2
10 73
88 32
26 71
3 85
47 28
53 89
90 98
99 96
19 52
58 74
74 20
69 16
11 84
26 60
40 97
19 84
19 60
68 62
67 4
27 39
83 94
61 77
58 39
55 81
62 79
22 69
99 74
59 58
46 20
90 2
57 17
26 40
33 26
22 79
63 17
9 88
31 39
91 6
70 100
54 8
57 14
84 86
94 49
63 100
67 7
20 36
65 72
9 100
15 48
13 15
23 8
93 28
100 21
72 99
93 87
18 53
89 25
90 94
15 89
69 97
59 47
46 38
98 69
48 26
38 22
8 44
50 71
40 47
13 53
32 21
92 77
46 26
17 100
57 75
73 78
9 37
10 97
59 33
45 89
31 5
50 28
69 20
2 75
56 62
28 67
63 14
19 81
90 29
42 14
97 24
41 32
36 32
83 33
51 83
53 45
2 58
34 69
95 74
27 20
34 84
13 83
26 37
13 53
46 25
3 97
59 74
78 6
12 59
51 82
81 71
28 54
17 60
19 98
78 19
66 82
14 53
77 72
75 87
42 43
98 10
49 63
49 43
37 93
18 21
25 30
39 82
62 7
48 51
40 59
82 6
15 69
17 2
68 95
68 46
64 40
75 1
100 45
81 26
25 18
87 50
58 75
16 86
76 59
83 31
38 12
63 71
29 92
13 62
77 97
59 1
92 72
23 49
51 99
29 59
43 46
61 39
78 74
96 94
14 5
26 33
96 5
49 22
85 69
92 21
33 39
38 20
33 67
35 63
38 32
3 95
15 12
70 43
48 35
4 31
7 42
98 12
3 38
100 1000
64 16
18 18
52 100
39 44
55 83
13 88
23 13
75 38
9 92
52 19
24 78
12 53
90 31
16 2
29 88
22 30
64 88
89 28
15 78
76 47
32 83
20 40
48 70
7 63
53 61
62 6
81 21
51 42
39 40
52 25
41 6
26 90
5 83
81 54
12 31
59 7
52 88
31 28
48 23
97 8
6 15
7 50
16 11
89 36
35 86
24 14
64 77
27 78
8 23
67 30
26 28
49 1
31 76
14 58
17 97
6 93
8 52
4 31
53 48
85 56
95 36
91 47
48 37
8 6
59 79
47 82
23 100
14 93
53 9
92 42
25 77
9 58
59 47
64 33
32 28
80 42
1 38
10 38
55 51
98 41
80 28
40 47
82 39
93 99
98 22
14 94
30 7
52 94
95 17
89 39
72 76
81 22
67 84
57 100
67 10
60 69
85 96
95 29
67 33
67 59
14 64
87 32
67 61
23 50
84 61
67 74
47 7
9 75
71 47
67 21
79 70
39 28
60 85
79 68
22 31
91 92
45 94
8 10
24 41
48 23
26 51
83 63
41 70
56 2
27 6
64 88
67 80
46 79
87 10
21 7
7 44
62 43
39 84
96 18
100 10
96 98
53 43
41 68
56 4
53 56
46 57
98 63
90 51
6 66
48 28
4 28
66 77
47 76
4 82
64 16
17 61
78 82
29 34
4 85
77 45
9 75
3 36
42 36
94 87
15 21
58 45
5 13
92 97
27 7
84 17
12 34
6 77
7 66
19 99
92 20
68 25
35 51
76 96
95 76
66 88
40 63
61 9
87 83
23 96
49 36
20 60
67 39
51 74
42 61
49 94
19 7
13 69
20 66
72 28
43 15
50 51
62 29
37 78
7 26
84 66
6 54
54 27
46 66
81 28
81 32
48 84
82 24
45 64
27 50
63 41
30 92
99 99
28 79
61 26
81 70
48 24
66 3
24 83
88 56
10 8
92 31
45 12
76 45
6 90
25 57
57 18
61 49
51 81
67 89
79 68
44 74
33 49
64 77
36 99
58 17
67 81
92 62
30 34
51 86
94 92
89 89
58 87
28 60
27 11
42 91
67 65
93 75
13 49
17 93
28 59
43 60
64 40
97 49
97 51
79 97
87 9
4 38
2 24
46 42
95 31
94 1
95 55
43 5
70 25
44 82
2 28
24 3
62 39
2 35
1 6
57 33
11 37
94 18
93 78
91 11
76 9
70 90
40 92
7 36
74 40
74 70
28 45
37 96
3 96
8 17
65 23
9 49
9 73
58 91
32 48
97 87
68 7
91 15
6 68
84 12
40 54
43 27
41 30
41 28
44 87
54 48
11 71
10 6
72 72
33 43
21 43
82 26
89 19
53 52
66 58
31 76
3 52
89 51
73 48
20 91
94 18
57 61
94 93
33 100
74 50
34 44
57 45
26 87
1 65
23 33
54 46
96 10
9 48
35 20
24 37
83 45
76 91
40 47
66 49
69 63
70 20
14 83
41 88
34 67
22 91
78 37
7 96
50 64
57 21
67 34
58 56
62 22
61 2
64 17
79 39
35 98
100 89
100 71
67 16
33 66
79 75
1 38
94 49
58 59
59 72
18 83
7 66
13 21
3 5
37 98
17 44
7 79
16 25
61 74
37 79
9 20
83 89
17 22
13 24
71 87
43 67
59 69
63 77
82 47
5 54
98 39
96 23
16 12
22 88
5 38
41 79
67 65
32 95
57 66
66 85
66 7
85 1
3 90
58 12
8 8
87 28
36 44
32 13
50 78
2 7
47 36
77 60
9 12
65 91
26 98
84 8
78 16
81 95
69 56
84 35
17 12
49 4
42 1
74 61
90 24
24 33
79 88
4 40
91 38
78 64
4 2
31 14
100 15
4 99
18 99
69 91
93 75
7 49
49 85
68 27
8 36
72 78
31 6
46 21
60 59
43 99
78 9
34 67
79 6
12 91
18 41
70 3
49 44
61 27
64 58
91 47
27 69
11 87
40 50
63 14
21 59
16 38
73 76
91 77
56 30
78 11
76 85
77 36
49 41
91 30
68 34
24 38
4 46
87 95
53 35
42 76
2 26
5 56
92 79
61 34
27 26
91 26
8 90
48 36
84 20
29 15
49 14
41 27
10 28
66 67
88 66
77 74
54 51
30 54
44 10
72 1
79 12
89 64
3 69
69 61
67 74
19 61
2 86
20 86
14 47
90 97
5 95
20 20
89 28
96 62
44 53
48 91
25 66
26 85
93 54
98 11
6 98
57 13
31 57
35 32
72 2
57 39
37 66
25 70
73 87
53 3
81 72
81 26
100 9
68 38
13 29
85 32
59 94
88 41
78 89
60 60
31 31
41 77
92 39
77 61
95 61
38 29
86 54
28 40
97 29
69 5
76 97
84 14
49 92
34 47
28 60
2 74
96 8
36 53
53 61
96 72
74 21
68 89
64 76
75 13
31 50
96 29
34 84
46 28
86 1
73 91
72 39
97 94
62 74
17 9
40 1
98 28
79 73
73 90
59 94
79 100
11 67
96 43
78 68
55 55
3 93
95 27
75 46
84 49
82 45
71 76
19 48
68 99
73 95
39 68
90 92
61 69
1 13
35 13
76 78
91 18
91 48
6 41
44 85
65 15
99 1
76 83
24 71
52 99
78 65
61 24
18 65
71 68
56 20
28 98
1 66
70 89
99 14
60 45
57 51
11 6
14 29
83 21
67 33
32 88
2 65
86 81
74 3
95 54
89 28
3 55
69 67
72 48
34 38
63 13
2 21
86 56
18 87
64 42
33 49
54 68
14 47
8 95
67 76
83 30
3 9
72 95
99 7
45 56
25 45
2 79
41 32
26 4
60 29
71 90
13 50
64 89
42 1
6 15
12 45
85 76
59 7
95 98
24 60
97 16
59 23
77 74
7 97
96 6
44 88
40 42
40 89
73 78
97 53
72 83
30 86
48 85
40 69
16 100
43 23
8 13
49 32
72 55
10 91
26 59
69 28
56 65
90 6
56 8
24 97
50 42
85 35
87 27
23 12
59 70
1 12
86 5
63 4
23 9
2 41
13 38
20 48
49 92
6 61
91 26
82 31
96 89
12 39
48 85
72 56
1 3
18 62
40 66
24 2
10 16
3 54
86 32
8 90
36 45
13 65
85 28
96 56
50 86
56 39
42 16
10 57
28 20
49 63
44 80
52 32
97 52
80 99
7 39
2 92
82 14
70 52
78 87
42 43
36 56
100 59
81 62
85 75
14 39
94 57
72 74
53 32
100 54
1 24
1 37
93 67
65 47
82 4
10 53
23 34
90 83
5 43
41 70
66 37
13 6
27 73
26 56
57 11
47 89
15 69
97 14
66 27
82 86
57 30
17 89
99 39
100 16
34 23
30 69
17 44
62 29
25 91
48 42
20 48
83 82
6 90
50 4
92 91
46 69
46 18
71 68
87 39
3 26
96 83
56 29
21 97
14 42
79 47
4 28
87 25
66 87
69 98
19 17
5 45
80 64
73 16
8 44
27 18
81 18
70 58
59 37
23 1
36 75
15 29
100 59
93 28
41 22
37 90
94 44
22 47
95 29
3 19
97 44
18 28
4 86
77 73
12 86
55 67
43 55
1 44
67 51
35 10
1 99
17 83
94 86
25 54
49 22
76 12
4 44
17 24
86 24
13 4
85 18
8 70
5 67
82 85
73 66
61 31
16 88
94 46
43 22
50 66
49 59
71 67
94 97
68 4
61 84
45 15
15 16
62 25
1 26
73 68
18 50
14 19
80 59
87 70
25 76
88 47
83 18
41 72
36 2
74 26
7 48
18 89
39 44
58 85
95 40
32 61
66 54
91 38
28 72
61 98
92 85
92 100
91 41
14 7
24 99
63 91
22 26
47 96
55 79
24 2
99 14
88 47
13 79
83 19
15 85
20 57
28 59
2 31
93 27
25 67
56 45
20 3
85 89
57 22
69 36
11 100
9 14
16 36
55 63
35 3
11 16
75 64
85 93
49 82
25 41
82 2
94 3
21 97
56 2
79 80
8 15
100 74
69 67
25 86
88 65
19 30
3 12
43 23
43 88
89 98
39 73
34 14
32 49
97 51
10 60
18 30
7 25
90 22
39 26
70 10
40 82
30 8
55 14
51 86
50 94
3 95
35 9
73 28
97 8
73 43
9 51
22 20
28 84
6 74
59 45
45 76
35 92
84 53
87 25
32 64
54 2
27 56
29 97
62 52
81 11
28 54
92 92
10 53
70 27
64 35
22 31
50 68
66 18
26 12
63 9
25 51
100 16
56 71
22 12
38 81
8 70
67 36
83 93
7 50
25 95
71 45
34 60
94 57
23 92
88 6
99 58
47 29
98 21
75 30
60 90
80 65
70 73
18 9
23 64
84 19
21 78
55 79
48 65
25 4
64 27
93 92
55 93
50 31
26 76
92 94
72 63
41 38
55 89
68 64
62 37
14 20
86 7
5 51
73 41
66 54
7 46
58 27
47 97
97 81
0 0
