3
27 14
69 70
9 59
29
43 0
59 0
48 24
83 9
75 45
94 4
87 90
97 10
99 25
93 62
98 77
88 95
86 94
80 62
40 55
80 18
2 42
40 61
72 80
49 72
8 77
17 86
75 89
55 96
0 84
0 73
2 20
3 3
20 24
42
1 0
14 0
15 8
20 12
50 48
52 40
70 29
36 12
32 24
28 0
37 1
68 20
87 35
74 45
76 53
88 70
91 7
96 20
96 38
88 88
76 70
64 93
67 52
60 39
56 41
43 68
60 71
56 87
15 98
53 84
20 72
4 52
20 75
0 60
3 35
9 56
11 60
50 80
30 50
22 40
7 40
20 28
41
30 1
53 1
28 38
30 40
23 34
24 41
23 50
90 1
73 28
40 68
99 12
99 26
99 44
88 50
81 34
60 60
78 64
68 70
97 81
82 90
69 81
22 92
73 94
99 92
48 99
18 97
0 90
21 80
20 86
8 88
63 80
15 70
15 32
0 85
0 44
2 64
4 35
16 6
13 29
23 9
20 25
4
31 22
79 57
88 77
96 99
47
86 0
99 3
96 40
98 52
90 83
83 65
76 40
64 41
85 32
96 7
57 35
70 6
50 10
68 7
54 36
54 12
40 20
48 40
66 64
100 94
87 100
3 99
25 75
19 91
84 80
44 83
30 80
68 73
5 64
0 84
0 24
18 65
18 46
0 22
0 16
7 9
60 70
4 4
20 0
26 5
20 21
25 10
32 0
32 10
45 51
38 10
66 0
19
84 0
98 4
76 20
32 7
84 25
86 47
96 15
96 86
92 98
80 90
74 96
58 89
60 45
40 30
56 71
17 20
30 93
5 84
1 9
45
65 1
76 1
76 0
80 0
64 14
10 32
6 53
60 20
16 59
56 34
41 80
84 14
68 52
81 25
64 65
83 36
90 35
89 13
95 56
92 55
66 70
78 94
80 72
80 81
89 67
90 98
72 99
63 93
32 98
60 84
22 78
3 100
0 84
46 48
27 55
0 78
0 18
0 68
0 6
24 16
35 6
31 5
5 4
16 0
30 0
3
51 44
59 98
34 97
34
0 1
57 5
34 16
87 13
90 16
44 39
60 22
58 20
10 24
40 36
12 30
34 64
20 34
60 78
75 81
80 35
99 19
90 30
95 86
85 70
90 58
92 66
89 50
80 84
80 78
61 90
56 80
5 44
34 92
18 83
6 60
6 99
2 80
0 38
3
62 15
45 54
11 18
31
24 8
60 17
81 23
78 28
28 25
84 30
19 38
70 38
36 40
80 40
40 56
75 55
98 54
83 16
92 15
100 59
95 72
80 90
78 93
85 60
30 76
65 98
17 88
14 96
28 40
7 93
1 74
0 45
1 16
16 6
10 24
47
39 2
77 3
64 24
64 20
52 18
60 49
77 5
100 6
97 20
96 81
96 72
91 26
80 34
90 64
91 84
98 94
47 93
61 80
41 88
31 96
40 68
36 71
25 93
24 95
28 84
19 81
28 76
44 52
20 50
6 55
12 69
3 91
0 5
0 0
4 31
30 40
26 32
35 44
38 40
32 12
6 21
19 7
29 3
29 4
36 12
40 28
70 86
3
95 5
95 38
22 47
27
94 7
97 35
68 36
72 41
31 38
47 58
64 45
100 65
83 99
80 100
72 87
93 70
30 100
21 94
4 87
13 85
0 64
47 70
45 60
28 34
12 44
6 36
4 10
16 28
92 26
52 12
12 0
9
33 12
66 19
75 0
97 20
96 62
49 92
20 52
19 45
34 60
48
27 4
50 4
41 9
98 7
100 53
80 35
76 28
80 42
68 28
52 10
40 20
54 16
91 63
64 40
81 62
100 84
84 83
25 44
90 92
92 98
75 86
61 85
56 76
48 80
37 88
24 56
9 44
36 95
20 78
20 98
17 96
11 98
2 96
6 89
12 68
18 66
2 69
0 22
54 61
96 80
78 65
4 16
1 12
75 62
50 19
60 50
45 30
38 20
11
78 8
81 54
66 84
66 77
8 70
56 48
5 58
1 66
7 40
4 20
23 17
27
98 9
100 63
64 20
64 76
72 60
89 75
91 81
76 92
65 92
32 58
20 52
55 91
25 75
40 85
28 97
8 95
6 90
6 57
45 39
20 40
28 0
44 6
24 35
45 24
78 12
65 12
74 10
26
74 4
95 15
100 63
75 23
48 85
72 73
100 74
74 84
98 92
40 93
31 95
7 82
4 58
2 79
2 47
16 76
48 68
2 42
0 60
2 28
20 2
10 21
32 7
44 4
8 26
48 34
21
3 0
76 4
68 12
60 44
85 0
86 28
91 26
80 48
95 72
94 78
86 99
71 60
56 98
48 95
56 72
10 28
30 68
36 93
6 37
24 64
1 5
25
93 3
99 98
76 90
83 88
58 95
73 98
4 88
33 92
13 80
30 75
20 61
33 31
45 16
32 0
62 10
64 12
56 45
48 76
82 0
92 20
88 20
60 76
52 92
60 81
95 85
40
75 0
84 11
75 4
75 18
40 10
91 36
86 25
95 26
100 41
96 80
96 78
96 77
86 92
76 88
92 48
66 100
82 57
90 40
57 53
58 32
39 20
41 28
63 83
34 29
30 48
40 99
34 76
20 64
28 97
20 80
6 82
4 78
10 80
7 54
28 12
0 62
20 20
17 20
4 24
14 2
45
0 0
17 0
26 1
44 6
58 6
65 10
70 35
80 39
89 48
72 16
89 24
96 28
96 46
86 26
96 58
84 88
84 89
64 98
86 81
88 72
60 75
30 100
5 96
3 92
2 64
5 63
0 48
50 75
55 63
1 35
40 50
14 26
64 55
40 40
6 6
6 4
42 40
44 24
66 48
65 56
30 50
82 72
58 32
60 28
60 20
15
12 3
50 9
56 10
84 28
97 61
96 65
80 48
42 52
78 58
88 93
56 99
24 99
60 74
20 92
16 56
24
52 0
79 7
91 21
50 14
54 20
70 60
69 65
50 44
60 75
52 85
80 63
85 87
53 96
19 97
11 80
10 73
12 38
26 90
40 18
12 19
28 1
44 0
42 30
30 70
7
44 0
71 29
81 54
70 90
29 99
12 38
31 13
47
93 0
98 22
81 23
90 46
89 35
98 33
95 67
89 92
81 98
75 72
72 60
75 83
10 52
12 55
10 60
24 68
34 78
52 84
74 84
39 99
25 99
4 94
28 76
0 80
6 61
0 79
2 39
52 63
10 42
67 59
78 60
44 45
50 46
43 36
9 21
10 14
88 54
84 50
30 18
48 18
73 18
20 4
45 14
13 4
38 1
88 14
72 6
45
4 0
96 0
100 9
80 30
86 22
80 9
65 22
54 16
78 35
99 29
54 60
63 80
73 78
96 40
88 68
91 88
74 85
80 98
47 90
64 100
19 95
40 63
26 70
17 92
17 74
2 78
26 66
0 64
1 51
12 45
25 60
20 38
6 36
20 30
6 32
10 24
20 21
28 42
40 43
46 96
46 66
56 80
52 68
48 64
76 44
3
28 57
63 59
50 77
3
59 5
73 8
26 38
28
15 4
35 5
80 0
62 10
31 46
78 36
83 18
82 32
88 44
97 65
97 75
27 74
83 91
62 94
43 91
40 96
30 92
23 82
25 12
13 92
10 55
5 44
0 99
0 33
0 7
3 23
1 6
11 31
35
82 0
84 0
98 0
78 24
70 4
88 52
95 37
97 8
100 85
75 52
75 85
62 86
40 77
76 98
33 96
40 70
78 32
75 29
56 45
56 29
62 13
10 92
14 54
16 32
0 52
4 30
0 26
6 21
14 26
14 16
16 29
59 16
34 14
36 5
80 1
46
28 0
75 0
56 2
69 12
37 4
45 16
92 15
97 45
96 15
98 59
76 47
74 68
94 79
95 73
93 86
90 93
58 92
92 88
51 92
76 40
25 96
48 52
30 87
64 45
32 54
32 28
16 88
16 80
0 93
14 30
14 52
17 45
18 40
18 31
21 57
18 10
7 33
0 45
0 4
18 7
24 30
28 11
38 20
60 30
96 50
40 13
41
64 3
94 15
69 28
47 4
8 21
22 16
34 49
60 35
88 20
80 33
92 40
48 51
8 61
52 60
40 56
100 41
90 64
99 88
80 99
42 94
40 80
50 80
80 60
52 56
68 60
36 75
60 60
7 93
1 78
9 48
4 20
6 10
5 17
24 5
21 6
18 0
73 1
89 0
88 1
81 8
80 9
26
29 4
44 4
30 50
50 20
74 0
75 4
92 8
80 40
82 10
48 60
52 73
87 85
28 90
85 98
25 96
35 94
14 89
71 81
6 70
0 60
22 42
25 27
10 16
6 12
0 21
5 12
39
16 0
31 1
72 9
99 2
90 6
24 22
52 27
67 28
49 25
74 24
67 25
79 39
10 20
8 50
12 37
56 52
29 32
53 48
93 39
52 60
76 54
95 54
88 70
97 88
78 95
93 94
72 98
38 97
68 58
16 96
10 88
7 98
2 84
5 57
8 48
8 24
0 65
0 56
0 38
19
28 0
99 17
88 82
96 96
72 97
84 91
90 34
35 93
68 43
47 40
52 44
40 75
0 85
52 25
8 48
16 28
27 10
4 40
2 4
46
13 0
97 4
56 15
89 7
28 22
20 31
46 40
41 32
90 10
66 26
98 22
61 40
44 36
82 51
86 52
16 40
96 56
98 55
32 97
63 90
60 88
82 99
12 97
12 81
20 84
50 80
84 55
22 78
28 72
81 56
54 64
40 50
30 52
12 44
8 72
6 36
0 89
0 86
0 84
0 60
0 19
0 64
0 8
2 26
40 13
30 6
30
5 0
31 0
65 8
92 34
60 0
64 0
79 6
86 5
100 10
100 61
70 16
90 56
60 11
52 14
99 86
98 90
40 64
64 87
88 98
39 80
20 80
45 46
42 42
15 40
30 53
26 60
20 64
0 72
1 28
20 28
47
28 5
85 6
89 30
76 32
88 48
90 68
29 16
68 50
48 45
79 66
56 76
89 68
79 97
80 94
76 73
59 87
45 91
60 94
18 96
14 91
27 76
66 62
40 40
45 58
16 31
35 57
36 64
22 78
28 54
18 82
0 80
0 26
2 58
20 60
3 33
10 16
2 34
4 9
44 15
7 6
44 11
50 12
5 3
22 5
32 0
66 0
84 2
27
83 0
93 0
98 15
92 94
88 98
94 16
85 92
93 12
72 38
81 98
64 96
0 88
34 84
3 69
68 92
22 68
0 44
17 42
0 36
2 31
18 21
50 72
50 65
59 60
69 30
27 16
66 0
43
23 0
68 1
86 13
90 55
90 37
96 59
89 98
90 70
90 60
84 12
68 89
84 64
80 75
75 92
65 94
44 98
56 80
64 44
41 100
16 99
45 72
6 93
26 75
4 84
12 68
28 68
0 62
19 64
31 59
46 64
50 66
52 32
44 37
25 50
46 51
50 64
2 42
67 24
40 24
24 21
10 2
16 0
20 0
14
1 0
55 0
84 38
97 55
92 60
50 26
89 84
70 95
76 86
40 80
37 80
31 46
0 96
0 53
25
27 2
37 2
47 4
49 5
40 10
58 8
32 32
88 36
89 95
70 65
60 77
88 38
45 92
72 45
36 96
50 72
22 100
4 88
76 40
16 69
12 34
7 61
4 53
4 8
6 4
33
55 0
72 3
56 36
60 50
68 45
70 75
72 50
70 15
80 76
79 17
85 4
85 24
88 89
85 78
36 86
80 92
67 99
25 87
13 95
40 62
54 64
47 80
62 57
52 28
12 50
0 93
0 87
7 45
40 20
3 32
40 10
27 6
12 1
43
29 0
84 1
31 14
69 12
16 18
49 16
25 32
4 47
88 3
96 60
68 40
70 15
50 28
76 47
88 82
75 59
93 91
92 96
49 30
35 52
51 76
50 45
77 75
80 80
57 98
52 94
32 71
64 90
25 60
18 55
33 99
16 86
20 68
7 97
0 96
16 45
0 90
0 19
4 67
0 16
0 2
40 10
20 1
4
89 68
94 100
68 97
22 70
34
8 0
71 0
52 0
66 0
79 0
80 73
79 75
76 30
70 44
70 53
76 84
85 66
80 65
80 31
92 36
94 76
79 87
93 88
75 91
36 52
64 90
59 100
31 84
7 89
3 75
2 60
10 20
0 46
0 20
0 16
37 30
50 30
66 22
76 25
7
76 6
69 49
20 44
37 57
11 60
39 10
43 9
39
77 0
78 0
96 0
28 21
16 28
46 23
20 48
62 11
96 4
92 32
96 10
92 37
96 20
95 46
80 50
41 40
80 67
67 59
28 66
69 87
82 73
85 60
90 54
100 83
42 94
80 90
52 96
16 94
1 94
26 72
15 68
0 69
0 20
0 1
2 3
9 50
8 1
36 0
57 0
15
58 0
99 6
86 35
31 84
80 80
15 95
4 80
3 71
64 28
2 66
1 43
0 0
28 12
30 0
40 36
16
13 1
89 26
50 75
72 60
98 56
95 80
95 58
86 97
33 100
27 92
37 56
65 25
25 36
3 82
10 7
32 27
8
48 28
71 30
99 20
84 79
82 95
70 99
46 63
32 13
3
70 43
14 80
40 48
44
69 0
99 7
50 14
45 16
99 16
88 58
96 50
95 76
80 95
94 69
74 84
89 71
50 95
57 90
43 94
58 55
96 19
56 42
68 38
26 97
3 96
0 87
0 81
4 64
6 82
12 43
1 53
7 9
9 12
15 2
52 0
52 4
52 5
16 17
36 24
22 85
19 94
30 68
41 68
58 18
40 38
42 34
38 40
40 11
36
12 0
87 3
71 8
90 16
88 30
98 21
96 44
96 81
95 38
89 89
56 18
69 35
90 58
50 8
49 8
50 16
77 98
40 2
60 56
67 75
68 98
40 80
38 69
44 36
42 11
40 28
30 90
35 7
11 75
30 24
10 92
0 90
4 86
0 74
5 44
2 12
3
10 33
80 98
16 93
7
39 8
75 12
50 12
82 51
28 48
73 87
8 97
19
13 12
99 29
82 65
100 78
82 93
80 98
73 100
76 84
72 76
76 74
58 50
19 64
92 36
12 58
90 28
8 38
2 98
7 22
19 0
3
67 26
71 54
58 61
40
7 1
97 11
65 8
98 32
71 25
95 75
81 95
81 80
64 96
46 88
28 92
51 99
18 98
12 85
33 88
31 80
65 90
86 66
56 82
60 77
65 73
80 58
56 64
80 56
81 54
51 35
39 45
36 60
69 52
20 80
28 50
0 89
0 60
68 24
0 50
0 12
2 3
51 10
76 20
61 10
17
23 7
54 14
76 0
68 8
88 26
94 64
87 65
70 99
44 92
64 66
12 66
82 38
44 30
0 52
15 1
11 20
1 50
44
47 0
73 1
76 12
80 0
100 11
100 49
94 22
86 4
98 57
36 90
38 92
68 91
80 96
35 99
7 99
56 75
25 83
74 56
80 44
42 68
47 62
8 96
0 80
45 57
56 51
60 40
36 30
33 26
26 32
20 45
11 44
4 75
0 77
0 68
12 10
12 16
24 12
33 14
61 40
75 36
60 20
47 10
18 6
27 4
15
27 6
93 16
97 46
98 91
80 84
40 60
75 97
24 90
14 82
2 59
8 52
40 42
0 53
16 25
49 34
7
67 7
91 24
88 87
65 84
12 80
0 71
30 10
21
49 0
74 0
99 7
80 31
50 28
91 88
81 96
30 100
0 68
2 40
14 70
9 47
56 72
50 60
4 31
92 6
30 20
14 21
8 20
0 11
8 3
47
4 5
84 8
82 36
76 30
46 52
67 16
50 20
32 25
38 65
70 40
74 47
86 46
48 62
82 76
89 27
90 20
94 9
85 68
92 52
100 28
95 60
85 80
80 80
65 72
56 75
34 76
40 76
100 97
62 90
43 94
16 64
30 85
8 80
16 99
0 96
6 80
36 8
12 59
15 55
1 90
0 87
0 57
7 46
20 35
22 10
18 24
6 11
36
55 0
69 4
88 60
78 13
87 44
92 54
89 98
80 48
76 40
75 45
76 50
70 68
61 85
29 77
67 60
12 60
25 76
79 90
4 100
20 77
0 86
0 48
70 43
76 26
12 26
40 25
1 26
0 20
64 18
0 9
14 8
18 2
4 0
36 0
38 2
43 0
23
39 4
89 8
66 18
48 70
100 47
90 74
84 87
22 99
52 90
46 86
52 86
20 85
89 61
3 87
28 56
50 58
9 28
0 70
0 51
4 25
7 12
24 0
48 51
29
66 0
99 25
78 58
100 36
89 64
80 75
93 80
80 89
61 50
64 64
46 50
36 75
15 50
28 97
14 97
0 82
20 88
0 64
0 2
20 26
9 40
14 74
12 46
82 48
16 44
28 20
89 26
26 3
49 6
49
86 0
92 11
84 12
90 11
85 6
74 10
92 18
80 46
98 25
99 25
90 48
98 51
96 75
94 75
66 30
88 95
78 66
68 40
54 54
50 98
46 70
52 44
40 50
40 51
31 61
40 84
38 80
33 99
28 83
26 78
10 99
8 44
39 51
0 30
31 35
44 32
68 36
2 18
6 25
0 16
20 16
15 4
71 0
52 3
41 10
19 20
68 5
55 18
50 28
45
2 0
34 0
54 0
66 6
12 8
34 16
62 7
63 73
76 10
88 0
66 96
70 90
88 18
86 58
80 84
88 64
92 55
96 6
98 39
98 90
98 48
98 98
78 99
48 98
8 97
0 92
14 61
12 88
20 87
31 60
23 96
52 96
54 88
56 60
48 90
50 43
35 91
50 39
44 18
0 60
2 46
11 26
11 8
2 31
2 4
3
79 10
90 89
34 14
42
24 0
53 0
24 5
59 1
11 8
8 20
10 22
23 40
68 20
61 21
79 9
84 16
24 48
98 19
39 48
100 36
86 57
74 42
96 100
90 94
73 92
78 69
54 88
40 97
22 100
1 94
0 40
3 94
60 76
60 48
48 55
52 68
40 61
40 68
8 29
16 60
31 60
9 88
5 40
3 4
0 0
8 3
34
80 0
98 3
72 17
92 50
97 60
84 64
95 88
70 70
64 90
83 94
35 98
68 95
23 92
76 33
36 68
14 80
15 45
8 74
6 70
2 57
8 54
0 51
60 6
24 28
0 22
0 20
10 13
33 1
26 8
42 6
40 1
48 2
68 0
54 12
26
48 2
100 52
88 59
100 78
66 93
72 88
92 76
52 99
70 85
44 98
56 90
20 93
16 80
10 94
23 36
3 89
3 86
0 20
2 32
3 48
27 23
36 44
36 8
8 16
20 4
21 0
27
47 0
87 7
58 12
3 2
37 12
93 13
32 59
79 25
100 22
84 65
75 80
73 72
92 25
40 90
56 76
86 84
56 98
56 96
36 92
27 88
30 96
4 82
44 74
5 57
6 36
18 23
0 2
14
64 0
88 0
16 80
96 20
66 68
96 48
39 92
60 63
12 89
8 40
10 22
65 24
12 12
28 0
27
74 0
97 28
60 20
70 35
48 25
28 38
28 50
48 80
75 80
96 40
68 66
97 31
97 83
98 88
78 99
55 99
7 89
0 80
4 75
36 76
10 34
6 12
1 44
6 8
68 20
60 12
10 4
13
3 13
89 19
19 20
76 40
94 41
68 42
76 94
27 62
33 34
15 93
10 76
0 94
0 60
15
35 0
90 20
96 71
55 36
11 36
26 38
86 81
36 84
65 88
38 85
13 80
24 46
0 50
2 28
48 30
12
66 4
78 15
53 59
92 41
70 94
66 94
57 82
14 79
40 44
21 60
4 7
14 12
3
53 29
59 32
81 56
35
97 2
97 32
58 34
76 38
40 36
64 27
32 8
40 50
97 53
40 53
64 84
64 66
96 63
95 79
78 100
84 68
72 92
72 86
36 99
22 97
48 65
28 46
25 58
9 82
32 11
3 52
0 73
0 14
2 52
0 0
2 50
4 22
4 24
7 3
50 0
3
80 22
37 76
19 49
15
28 0
63 5
44 58
64 32
80 24
84 25
78 50
75 76
12 40
20 60
48 84
51 100
32 100
8 71
9 25
45
0 3
0 0
94 0
97 4
75 25
78 26
98 35
95 64
88 62
95 68
65 66
64 75
70 80
35 52
38 63
24 55
32 69
68 88
54 90
62 88
49 88
69 98
26 80
60 100
16 100
20 48
76 60
90 58
58 40
32 44
17 46
0 47
0 43
0 27
20 30
14 30
56 36
85 32
16 26
36 25
20 18
56 23
22 11
0 8
77 10
27
94 1
95 1
97 56
74 93
69 96
86 50
66 98
65 98
42 90
53 78
16 90
73 68
48 62
68 32
0 74
0 65
46 40
0 63
20 39
0 35
3 32
72 30
65 24
9 25
86 20
56 2
34 0
45
84 0
93 17
96 33
97 4
100 57
100 70
100 88
92 18
92 38
76 40
77 22
70 4
48 25
28 25
72 34
80 60
72 60
24 32
64 69
85 80
39 81
60 81
76 90
60 94
60 85
41 98
40 94
32 68
0 93
0 60
18 76
12 38
13 40
16 36
20 28
25 20
22 19
10 38
0 39
24 12
0 24
0 14
2 11
60 11
40 4
29
27 0
55 7
20 14
66 26
54 10
68 28
46 29
87 43
73 8
75 2
88 28
83 0
92 28
96 58
78 55
50 80
100 69
64 96
6 91
3 84
5 80
27 44
12 88
52 49
0 28
53 47
40 40
23 30
2 2
46
17 1
89 7
54 1
92 7
53 38
92 12
84 40
76 40
56 64
50 61
64 40
35 60
52 63
8 70
90 94
73 60
70 52
94 60
88 70
98 80
100 98
43 84
64 97
84 99
29 98
8 77
8 90
0 89
4 71
10 49
64 22
70 19
55 26
45 22
15 30
15 26
3 62
4 52
1 29
5 29
2 19
20 15
50 20
64 17
8 14
5 10
28
85 2
97 8
48 22
34 42
88 20
100 29
65 57
41 70
32 73
52 75
53 72
81 46
49 80
87 60
86 90
34 99
9 96
5 56
49 48
21 43
0 58
57 14
0 48
23 28
76 2
0 10
30 0
50 0
3
72 32
75 71
30 45
21
77 4
91 11
88 56
76 7
76 54
84 78
85 86
28 95
52 90
55 87
44 90
12 90
5 90
52 80
13 52
2 72
0 40
6 20
79 72
21 13
53 2
13
89 4
96 15
99 76
24 90
38 66
5 68
0 51
68 70
6 10
72 60
6 7
54 30
75 60
47
39 4
79 5
76 5
46 12
80 8
69 33
50 40
70 24
51 30
48 40
44 45
38 26
36 21
40 44
32 10
43 68
82 35
53 47
96 15
72 60
100 14
98 81
91 52
82 70
91 73
94 75
92 85
70 60
90 84
75 80
78 91
32 72
3 96
40 58
20 66
30 44
8 88
1 92
12 62
10 49
8 45
0 38
13 19
33 45
32 40
28 0
38 0
30
98 0
100 36
95 10
60 32
70 59
78 35
84 60
72 65
56 48
47 62
25 57
7 52
97 85
96 89
20 62
39 74
46 77
50 76
80 84
93 98
10 97
0 62
0 29
4 50
20 55
48 25
54 16
24 34
24 12
62 0
19
82 0
89 29
80 48
76 4
30 63
75 64
76 38
80 78
96 5
96 62
95 36
90 92
81 88
100 98
27 90
32 76
40 74
7 79
8 13
31
88 0
100 17
54 16
96 42
96 82
94 50
60 25
88 60
70 40
85 67
80 61
90 84
88 82
56 97
20 80
68 90
61 76
74 57
40 16
32 49
20 41
12 96
3 96
2 76
32 14
0 46
4 10
13 16
5 4
40 0
14 12
0
