57
5583 102
6824 251
4254 435
3335 890
8107 459
7621 2005
8240 459
8561 808
9536 3285
6612 2072
7727 4550
9450 5616
7954 5588
5163 1770
6776 4746
2385 144
9146 7415
7888 6656
2560 1146
9585 8429
8685 8716
6371 5104
4240 8217
3035 6971
4586 8872
2712 8052
4805 9200
2825 9562
9594 8900
9862 9250
8730 9120
3771 9889
2386 9737
1806 9560
3126 4642
3022 5590
4720 6888
4368 3356
3564 3031
1546 7350
2395 4888
1676 6923
2091 2450
1145 7208
1420 7828
886 9160
600 8120
1566 2925
305 8544
1090 2588
1280 465
257 7909
161 6920
156 5238
468 533
2039 129
5008 14
22
1939 480
8925 499
9340 3072
9192 1552
9572 4188
9920 8636
9052 5843
8585 6696
6264 7586
8090 4260
7886 1088
6096 7488
1680 8780
1080 8424
450 6080
345 4383
305 8032
60 2838
522 2263
356 72
1520 642
796 1730
67
2076 0
6032 233
6727 278
9570 1200
3177 126
3204 647
7961 3576
7320 2736
3720 326
4526 384
7753 3001
7790 2536
7786 1184
9159 1377
5281 9328
8944 3580
9774 4416
9846 2570
9944 2134
9926 3290
9983 6236
7224 6903
9608 6958
7100 7396
8728 8210
7920 9500
9896 8057
9380 8605
9682 9975
7915 9913
8061 9651
5604 9736
5691 9382
3990 9670
4824 9180
598 9874
505 2816
1028 4249
1350 5176
103 1200
874 3384
56 333
1663 3601
1210 3311
770 2931
2128 4523
1560 9424
3022 5154
3718 5825
2880 5632
3959 7413
3714 7016
3396 7080
4963 9270
5280 8646
7420 3722
4902 7864
3332 4157
3270 3130
4670 4800
938 104
3760 3310
945 100
2144 1153
5336 2952
5269 4062
6688 4126
5
5539 430
8531 3343
1967 9161
2650 6280
1625 2802
3
3207 934
3834 5799
721 6576
73
2483 154
9818 218
1310 1196
272 2210
1649 3008
3029 1842
6912 953
5502 1465
3192 1914
5250 3449
7468 1176
9950 1940
7691 1400
7352 1424
9234 5820
9216 7136
8280 4972
9039 7080
9447 7734
9259 5420
8616 3041
8248 2665
8388 2738
9955 2416
9411 6582
9700 6204
9570 9590
9176 7819
9002 7728
6780 3306
7580 6544
7650 6544
8398 6640
8690 9629
7437 6596
8199 9858
7124 5493
6750 6656
7612 8606
7453 9995
5792 6520
5308 5235
4280 4334
3040 4434
5392 3545
1240 4278
4047 2686
2990 2416
1230 3448
1010 3700
208 4288
4050 8860
3812 7654
6187 7713
5972 8940
4806 9732
4876 8865
3902 9650
3440 9320
1608 7435
1262 9625
1208 9688
1498 6200
528 8072
433 9189
245 7215
405 8680
850 5840
705 5120
270 6956
52 965
101 1095
146 868
44
2182 331
8508 388
9052 2826
9181 3338
8919 9212
8524 8090
8080 1583
8288 5693
7848 969
8072 5820
8393 8996
6380 9312
1576 9315
9021 9368
9240 6318
9557 9679
6454 9857
114 9675
2604 8825
6752 6320
4657 8354
5245 9272
6846 7576
7710 1861
3697 7654
7187 1491
5766 3964
7520 700
2850 6816
424 9492
4950 2715
4914 690
3852 4142
3573 4098
1600 5185
890 3525
4240 1096
530 3596
1605 5979
312 6144
280 5800
468 542
976 93
1561 395
70
5256 31
5926 291
6464 432
8548 2504
7430 980
7216 226
8100 570
9285 1396
9944 5122
9364 2159
9858 5520
8473 2785
9790 5664
8270 5428
9664 8507
6930 8426
7646 9634
9106 9340
7961 9782
7296 9978
2648 9884
230 9762
870 9650
640 9003
642 8733
3275 9068
1800 8947
3844 9648
2328 7620
122 8726
1761 7688
554 5964
896 5745
1062 5352
1464 5668
4608 9357
5280 9508
644 3497
106 7260
659 1880
2644 156
1264 1360
1980 1120
2945 830
5968 1282
2580 2204
820 3159
2720 4672
3151 2830
3686 5000
4654 3330
3550 6730
6418 9048
5912 8565
6581 7875
5704 7624
8080 7995
7880 4568
8032 7469
6135 7678
4752 7308
6710 6390
6865 6235
3975 6232
5077 3477
5175 2624
7255 3280
5660 4092
8544 4327
8380 3963
89
8628 76
9203 468
6435 1712
4764 1696
7650 2902
4955 3081
7750 3700
6248 3562
7114 4122
4211 4893
4860 5908
4340 5719
5495 6512
4912 5719
5296 6160
6640 4900
6866 4928
6850 7168
7856 4609
6916 7290
9742 464
9818 3600
8840 4493
8630 5136
9520 5380
9648 4871
9703 7487
9768 4540
9865 6668
9932 6752
9860 7635
9843 8089
7976 4978
9292 8640
5479 6678
5106 6633
6732 7442
8015 8046
6781 8372
9245 8752
9044 9656
9059 9008
8110 9156
7175 8768
8414 9419
7609 9315
5552 7925
6961 8708
4408 6025
5531 8432
6202 9826
4958 7328
5480 9137
3343 7171
5290 9158
3938 9485
3880 9298
3370 8710
3177 9600
3500 4600
3144 6237
2276 5328
3250 6980
1918 9604
806 9000
2400 5584
1537 5910
1661 6790
1010 6520
1448 6900
932 8010
467 7701
359 2776
28 8200
155 5524
86 4992
39 4448
255 951
820 1978
1140 2120
672 2262
2275 2072
2589 297
1482 360
5877 82
3352 1344
4741 780
440 4750
6552 50
27
1461 253
9075 761
9456 990
9880 2910
9899 1218
9957 8871
7416 5872
9113 9802
4364 9706
3667 9139
9580 2850
5850 6531
2880 7574
2388 8864
1545 9474
1072 8545
8274 3107
7553 844
3367 1974
2552 948
1980 6292
351 8648
581 7760
548 3958
224 1786
1020 339
576 6173
3
9107 1924
1391 9561
904 2426
45
3410 28
6315 565
5144 700
6366 1097
7159 457
3810 5799
5568 5547
5688 3112
7396 805
8028 1984
9100 704
8387 3796
9376 4674
9914 6286
6496 2300
9248 6472
9406 6846
9082 9280
8203 9865
1925 9379
5359 9938
3017 9852
927 9585
810 9119
6824 6916
7940 9252
8589 6509
5996 6125
1462 7440
2536 7400
1564 8317
600 8752
1256 6327
275 238
940 1010
1362 2760
1984 1688
2260 5695
2876 3215
3704 1694
2210 6638
4088 5184
2849 5811
5146 3280
4360 3485
55
8861 128
9253 202
8184 2948
7093 3466
6314 6116
9712 4287
5014 7120
5116 3456
5529 6201
7172 2750
7014 2914
6960 2900
7614 2176
8566 903
8291 991
6489 1125
4040 2280
3660 5524
3457 3812
3130 4600
3628 6622
6105 7660
6900 9122
8589 8323
9516 5643
9741 5449
8946 9260
9100 9622
8750 9890
3529 9765
128 9331
28 9214
6375 9624
5756 7660
1476 9248
133 8880
1876 9040
1476 8288
312 6770
2330 8662
2761 6528
1440 5592
184 6437
720 5880
916 5086
1830 5328
1460 3020
5990 465
3490 620
3520 1395
2441 1458
1100 711
2572 1080
3174 1136
2619 535
68
954 205
4334 517
2580 1052
1026 1906
4225 785
5598 744
1045 2800
1440 3240
2403 2625
3920 3201
1776 4596
4995 2672
7200 1534
7928 1806
8160 134
9319 2581
9881 2922
7728 1974
9648 2950
4900 2928
4881 2880
2830 5822
5065 5812
3432 6481
5380 6000
6630 5445
4925 5640
4772 4224
6113 5488
6718 5084
6560 3840
7768 3166
8080 3616
8428 3648
6575 7008
7500 6035
7734 4968
8968 3151
9915 5129
8832 7015
7224 7560
2634 6408
9103 8035
8006 9432
6840 7758
3750 6850
3312 6760
2880 7322
4638 8174
3027 7450
3076 8476
6404 9416
7927 9664
7559 9981
2039 9997
452 9977
137 7535
114 3454
1356 8036
332 4048
1578 6313
3480 9940
0 2857
1632 5776
975 3965
3680 9950
177 1975
824 1740
54
2934 82
9506 329
4976 872
9700 616
9756 3684
8362 1366
8224 1647
9640 5968
9190 5251
8330 3400
5888 4845
1894 6185
2643 6488
3605 6463
3636 6628
2710 8960
6114 5784
4382 7504
3470 8645
7976 5040
8675 7184
9340 7900
6364 7900
7325 8542
9931 8381
9008 9004
8919 9495
9861 9926
1192 9988
4842 9796
3159 9827
2467 9488
5608 9287
8987 8844
1010 9597
2041 9464
132 9306
2000 8228
0 5382
155 1437
3200 2508
6670 3632
400 1908
4180 3368
1989 3960
1518 5264
6165 4200
7497 3710
4528 2476
1667 318
5944 2504
6232 1358
3520 416
3446 608
67
3028 103
9121 1525
5859 1015
5668 1272
7132 1283
8908 3874
9117 3740
8674 1510
9999 2630
9324 6559
9934 5672
9808 9775
7166 9504
8328 8044
8492 5567
7176 5662
7800 5238
8036 5012
5672 5481
7743 4940
5593 4694
5016 7635
4510 8375
7511 6976
6637 7764
3662 9987
42 9842
743 7912
544 6552
2281 6634
2239 6952
1328 7850
2840 9578
3660 7224
3886 7920
3299 6080
3667 5300
1210 5344
1774 4960
1225 3264
75 6413
32 5580
225 4132
56 224
574 192
217 4702
917 2668
2660 4428
4488 5760
4572 4048
5545 4805
1250 1288
784 1480
695 560
992 1049
3360 1896
1875 1572
2834 2166
4350 2798
4648 3440
4722 3896
5423 2954
4420 2602
4738 2509
9433 5030
8288 4020
5652 1516
41
5192 18
8913 274
6729 6252
6460 7964
6897 7994
8240 3960
9780 740
7832 6096
8993 3125
9612 7225
9000 3204
8120 7050
8848 8969
6670 8488
6650 8490
6752 8678
9540 9432
6307 9817
6755 2280
5808 7044
4858 9571
5910 5296
4176 6477
2839 9490
3550 9984
1500 9002
6292 2360
1447 8792
5690 1986
1721 5824
803 7161
3461 3016
706 5785
3040 3408
1140 5019
435 5207
34 2045
1504 2616
885 1604
3584 1032
1747 4300
86
7202 254
9157 808
8780 533
9796 452
9592 1081
5942 722
8115 1054
3973 790
2495 468
1890 2159
3295 3040
2520 3019
3130 3045
2250 5490
892 7012
3966 4002
4848 3848
4928 5274
6236 5212
7184 6380
8495 6820
4290 2049
5231 2639
4106 1282
6196 2830
6532 1347
9790 1494
9232 3051
9984 5921
9765 6315
9356 5740
9795 8360
8365 2639
8635 3219
8942 2207
7926 2290
8328 3805
7035 3684
7538 2848
6154 3712
8628 5113
9743 8374
6852 6213
6025 5427
3240 5182
2370 6084
3656 5776
9419 8262
6656 7760
6228 7559
4400 6216
4830 7482
7130 8070
8936 8664
6404 8624
9536 9020
9571 8631
9584 9117
3603 8500
1903 9961
960 9090
1114 8542
6544 8360
4188 8000
3510 7770
3090 8128
3072 5945
763 8083
784 8230
676 9740
20 4876
774 3892
320 5500
363 6323
950 6330
1458 2681
1920 1894
208 2482
163 3461
109 2261
921 1314
1408 200
1918 536
2622 184
3699 319
7957 196
41
9378 378
9508 4187
9712 960
9498 4406
8660 4548
8865 7860
7840 6038
7316 8593
9263 9001
7475 9800
7413 9683
6740 2950
5900 3740
1937 9727
265 9211
180 5736
247 5581
2120 9120
429 3071
1900 3775
557 1824
2375 20
1066 1653
2812 529
4192 0
2973 3230
4000 1836
1676 6007
1888 7900
4850 4980
2632 8071
8000 635
5780 2276
2421 4902
8160 230
7303 2528
8258 1036
7680 3560
7844 2732
7377 4544
9186 4
24
6833 624
8868 807
8255 800
9464 4020
7354 8650
9220 8552
6104 9830
5700 8810
7880 6787
8207 4320
6878 1311
7212 3562
6105 5560
4919 8979
3984 7812
2574 9324
670 9834
492 9730
451 6428
1128 5016
1920 4458
6362 2905
4254 2217
5805 2480
81
6457 41
9514 198
7100 2036
4192 2672
3156 3650
2390 4600
8842 1226
8540 2815
9934 712
8873 3391
8713 5880
7510 5768
8416 4048
8140 2207
6084 6800
6130 3800
2608 4767
4860 4406
6006 6480
5656 6998
6108 7365
3632 5810
4040 6697
3902 7223
3198 6408
1510 7718
3052 6896
1888 8151
8800 6908
9843 2101
9970 8864
8993 8266
8962 7615
7446 9290
9288 9225
7133 9330
8025 7328
2004 8282
7064 7703
5620 8150
5693 9738
5272 9612
1995 9930
3914 9722
4253 9566
2934 8684
2888 8857
1320 7844
3544 9699
2656 9239
1520 8136
2220 9095
1692 8600
2214 9777
1600 8544
1198 8574
721 6389
1825 7400
312 4698
88 4816
1499 3745
1613 3768
6120 1776
2097 2870
332 4280
2481 2352
734 3377
530 2290
644 1121
2300 962
5374 1770
1440 588
4984 1380
2831 864
2760 716
2771 505
3692 550
5648 11
8583 583
8078 393
8210 417
16
8355 546
9828 7447
8066 8011
8012 4586
4208 5129
3809 8425
3725 8460
363 8070
339 5530
572 4220
3748 7665
1190 4888
3400 2832
2120 2452
4772 1352
2224 1198
64
4406 265
7273 761
8916 923
9247 1852
9327 1824
6000 5695
9614 2185
7724 4320
7917 4128
8440 3976
8608 4324
7611 4673
4944 6500
9714 4599
8088 5520
9355 5140
9092 6831
8920 6362
8525 7040
6940 6908
8186 7657
9396 8310
9372 9760
8300 8946
5642 7433
9175 9638
2544 9993
6531 9223
4550 7090
2500 9808
3545 7542
5690 5094
3996 2212
4398 4456
5365 5120
386 9727
765 8824
2213 7508
0 9460
410 7596
750 7056
317 7699
330 2148
1143 1212
2187 1924
3517 2207
2992 4096
2192 2108
1495 5078
1000 3495
1575 7930
1875 7156
2420 2984
2660 3840
3560 6376
3715 3426
3541 1538
4011 6276
3794 1353
6913 4627
8205 1588
7950 1181
1992 722
2248 450
41
3502 331
9840 504
9840 379
9942 5973
9814 6815
7175 8072
6800 5595
6625 8427
9177 7685
7120 8426
9270 9873
4716 7502
6534 9033
3412 8640
4862 9747
2476 9964
843 9321
1897 9002
2629 8929
286 7838
1042 5180
2147 3653
101 4833
780 3938
182 2810
920 2566
992 1712
6418 4475
3900 4297
2510 5686
2240 5695
3380 7681
9540 3827
7700 3068
6544 2565
1663 843
6702 2002
2558 1030
3707 1240
5134 987
6694 559
37
575 382
6180 516
4975 2084
1693 6031
1920 5832
6972 91
7710 719
8070 1184
8004 800
9072 893
9850 450
9380 2326
1916 6740
1096 7190
1440 9438
7125 3860
8688 3187
9040 3440
9582 5450
9558 6532
6252 5098
7142 6669
4195 9205
1906 9649
8830 9032
8760 7799
9982 7744
9723 8305
9465 8848
8172 9388
8440 9140
4479 9848
932 9717
300 3461
1046 5585
2889 2770
3847 480
12
5880 1686
8298 4013
7512 6542
8090 6577
6039 8632
6690 9160
5312 9208
5290 9055
3317 9577
974 7468
192 1040
2956 4029
89
8398 30
8617 740
6988 1272
2734 1740
970 1560
1184 1210
341 2076
3500 2528
7858 2075
7728 1456
9082 741
9034 961
9241 1905
9431 4140
7676 3274
9279 3676
9195 3268
7359 2880
6428 2824
8585 2680
7688 2364
4210 2509
1900 2668
6790 2968
9356 4314
3198 3294
3385 3370
3600 4294
5472 3896
6832 4516
8814 7504
7540 4033
8265 5355
8552 5415
9548 8460
8570 6611
9255 8040
8120 8495
8656 8268
7849 7355
8218 7890
7812 7330
6850 4735
8399 9937
7060 7480
6672 9596
6705 8786
2950 9320
2048 9202
6825 7688
4990 7781
686 9524
3720 9336
7404 9832
777 9879
279 9782
392 9572
746 7428
874 6818
7198 7431
7205 6950
4834 7089
6512 5240
5070 5857
6328 5252
2771 6572
2895 6253
4760 5494
2464 5843
2976 5548
5953 4317
5350 4514
4638 4838
832 6158
2856 5213
5283 4496
2186 4200
20 4964
2796 3256
1472 4034
2236 3159
38 3487
384 1370
184 1835
400 974
280 530
3337 704
5332 500
979 143
3
8459 2893
4731 5591
5611 3974
6
7240 876
9288 1987
9223 6192
7182 6820
3285 7284
7785 3617
45
3954 12
6140 714
5150 560
6672 1315
8559 10
9412 3070
8852 3204
9408 4880
9891 4023
9918 7714
9552 8077
9627 7624
8625 5686
8504 2706
8090 6300
8328 9787
7410 6653
7452 6575
6659 6920
3901 9805
2490 9235
6182 7000
3400 7682
3502 5705
1376 7452
2832 9990
2310 9376
1809 8544
249 8189
83 7280
656 4389
7548 6268
3070 2443
4001 5298
766 3648
1360 3248
1297 961
4563 3012
6818 5398
3280 1426
4576 2226
7384 2098
4576 372
3819 1404
3507 16
65
5390 232
8721 1635
9553 3817
8732 2400
8320 4075
9150 5822
7104 5000
8768 5736
5753 4496
3244 5120
8056 3470
3192 4876
3024 5025
6476 1961
4895 2232
5323 2144
5376 1615
4044 3282
3840 3152
2636 3941
6224 699
176 6095
1326 6048
2476 6496
1354 6827
975 7720
6839 4993
6874 5772
3216 6912
8256 6204
1080 7767
2776 8055
3765 7240
4264 8064
3834 8115
3598 9040
6475 9180
8900 9561
6544 9080
6520 8890
9344 5978
9557 3880
9978 5400
8864 6924
9588 9632
3465 9832
2573 9552
164 9854
1432 9413
446 8580
6432 9708
86 8284
44 4626
0 6525
125 1087
1172 356
600 3794
2542 1675
1215 1660
3142 1482
2571 1200
4174 1588
2204 2936
84 5542
4604 2088
74
8174 380
8637 545
6495 1200
8128 852
4528 2075
5489 2089
4480 3976
4592 4462
4816 5616
3130 3424
1619 3451
765 4274
2945 5648
1174 5089
2592 6188
784 5215
3220 7180
1048 6055
4298 8025
3070 6797
2752 5846
4232 7802
2560 3612
3590 5785
6620 6244
8720 5964
9431 5750
7255 5480
8632 3520
9633 4620
9332 2430
6960 5376
8976 2232
8304 2320
6046 2510
9771 1386
9927 8998
9316 6112
9914 9033
9200 9160
7901 8302
8540 7160
5935 6700
9864 9988
9098 9494
5729 9892
6359 9520
2986 9875
1673 9897
4753 9600
1022 9646
3675 9568
4257 9032
3088 8625
2258 8596
3357 9110
500 9722
2010 8789
3296 7734
1420 8921
2825 7375
208 8095
62 1518
528 534
885 2306
278 3395
2554 1631
1432 2645
2784 3183
6244 745
4225 1346
3586 391
5429 455
5296 206
95
2349 22
4945 33
7228 160
4501 190
6880 208
7251 334
6605 360
5127 2046
4855 480
4752 2752
4440 278
2956 2131
3430 3700
2060 450
2451 4752
8245 1088
6418 735
9100 634
2808 4595
7335 2225
3718 5342
3792 5456
6748 4040
6937 2653
9555 798
9913 1846
9783 2143
9919 6284
9850 2233
9940 3000
9982 6319
9994 8733
9705 9823
9575 9472
8920 4404
8468 5975
8724 1656
8582 2792
8450 2800
8007 2114
8288 5437
7518 5235
9423 9725
6063 7897
4784 7000
6600 7585
7624 7422
7330 6776
7627 7280
7215 6468
7086 4108
7060 5817
6712 5159
4448 5304
4497 5427
4956 5995
6221 7244
4128 5450
3034 5520
1100 4232
5108 7424
6974 8644
8196 9824
728 9882
4448 9666
2662 9507
1955 9505
4520 9260
4896 9214
5360 9120
2740 8846
304 9420
232 8800
922 7970
1500 7756
2578 7742
4198 8752
14 5913
1520 6735
4174 8600
6300 9068
7900 9763
12 5868
109 4830
1875 5830
984 5916
2250 6489
3024 6660
3404 7020
5840 8232
790 5170
70 3840
245 1898
1728 1662
460 131
65
3126 8
6341 276
7096 864
6380 896
5570 3672
4800 690
3760 3420
4800 2046
5025 5980
6345 2015
6490 2068
6041 4348
7488 413
6765 2623
7830 1271
6592 2993
8658 1748
8650 1155
9062 2546
7088 3725
8488 3670
8410 5824
9812 560
9420 7293
9802 4090
9620 6648
9478 7935
7844 7793
4888 7192
4892 7121
683 6580
3098 7480
2248 7273
3667 7743
4077 7210
4562 7972
4105 8928
4880 8760
8129 8354
8047 9679
6270 9994
5685 9985
2012 7564
4352 9895
904 9476
3880 9682
2789 9264
521 7955
40 8982
20 2669
157 3261
1740 4707
1136 5185
1995 5672
3056 5360
2648 6544
3396 5126
82 2768
675 2379
5572 7220
700 1011
791 80
3350 3506
1854 923
3120 2130
43
7320 1034
8246 1051
8510 1110
7736 1156
3826 2463
8509 4988
7044 1888
8441 2040
9796 6036
8660 7488
5104 4240
3182 4612
6448 6172
6320 6427
9938 8594
6184 6514
1680 4050
6480 7810
9689 9162
6428 7994
8658 9252
6898 8640
1440 6530
8671 9512
7646 9194
8055 9734
3477 8848
2164 8560
930 7670
350 9183
4874 9694
129 9434
1152 5260
178 6903
1612 1280
2296 1450
4176 182
4880 515
2808 2690
3824 985
3689 1024
3168 2000
1554 3344
7
8237 4327
8994 5887
7156 8445
2461 8245
2885 6574
74 5220
8045 70
55
4655 456
8345 1276
5925 3800
9809 124
4770 5172
5344 3515
4096 4200
3220 7420
8416 2116
6309 4436
9153 3080
9680 4275
8770 3675
9846 8176
8488 4626
8177 5285
8759 6686
9651 8916
8318 6494
8358 9682
7268 6448
7692 9688
6170 5984
5532 7100
5530 9795
5891 8825
5776 9942
4465 9999
3960 9900
4397 8389
5197 6130
4538 6687
1599 9712
465 9208
3843 3552
79 9056
4490 2590
3150 3255
1599 6760
176 5497
1486 4958
394 4732
24 3120
90 2909
520 1162
1920 998
666 1331
1200 3442
908 4368
2688 3706
2250 883
6624 2873
6530 1136
6184 1568
3800 1456
78
1885 170
2688 196
1771 75
5103 176
7795 180
8522 60
7407 429
1744 409
9400 676
9054 2176
7352 1060
9728 3131
9244 3099
6448 932
8340 2898
8012 2488
7724 2072
9686 4208
6530 1520
5511 1200
5897 2048
8088 3378
7512 3936
7699 4258
6755 2680
5396 2243
4875 2134
4350 1433
4705 1173
1871 849
5196 3585
4138 1986
6240 2712
9849 6548
8252 3348
9886 5341
9806 336
9953 6313
9801 8187
9048 6179
7300 6360
8980 8479
5502 4431
4920 4816
9298 9857
4729 8224
3088 7670
6064 8269
1108 6112
7972 8900
5020 7386
1248 5072
461 6800
3100 9000
6662 9853
4298 9613
2265 9354
724 9127
436 8865
288 6412
339 4600
111 6769
252 4264
4864 7091
1536 4235
30 2988
6646 7710
4311 5392
2608 3712
4988 5175
1374 2402
1731 2392
8602 6052
2467 1992
5554 4164
5060 3994
3911 3392
733 1195
97
6188 51
9284 135
6952 1402
8221 452
4012 1804
3430 2672
3639 1509
2644 1632
2402 3548
4218 3120
4800 2878
7950 1845
2712 3340
4153 2750
6909 1672
9800 576
3881 2980
8860 980
8904 1593
9853 816
9888 1773
6080 2582
4239 3208
7774 2377
1793 4044
9780 2262
9917 4066
8070 5300
7712 3425
7944 5352
8940 5256
8584 5680
9485 5610
9984 5220
9916 5685
9890 7357
5763 4411
8263 6960
9150 8001
5295 4948
1353 4573
6780 7025
6080 6208
9821 8590
9879 9262
8709 8695
2756 5366
912 4850
2494 6064
2830 6482
1844 5923
3700 7160
1795 5300
3502 6134
2588 5510
9594 9642
7136 8285
9335 9760
4168 7120
6672 9360
5428 8048
8281 9358
9000 9903
8282 9922
1196 9968
3975 9596
2319 9250
2308 9225
8020 9800
4750 9244
1584 8872
1524 9906
232 8673
108 8202
42 5002
467 6520
566 5945
682 8468
5780 9063
5450 8272
5255 8944
1144 7664
2410 6535
704 7387
1024 6050
944 5463
50 2282
1162 1166
241 1093
797 866
1650 396
379 469
2244 44
1104 1619
3382 891
4918 1350
3840 160
63
4456 101
9322 488
7130 371
9497 2160
5809 865
4732 376
3687 248
5272 1740
7828 3100
9920 5525
6810 6940
4920 8080
8195 6525
8132 6856
6855 9152
8935 7494
9523 9664
8555 9590
7912 9533
5144 9825
2742 9893
9852 9784
7821 9935
1216 10000
294 9952
1312 9478
939 9926
4488 8296
727 9101
8083 6112
1965 8295
4868 7167
9376 5550
3384 6641
3000 7585
3064 7560
424 9042
4412 5225
933 8550
2806 5280
854 7700
1584 5469
175 8281
45 3904
560 3760
1776 4410
1888 5675
1848 4575
1600 2790
1012 1792
7532 3842
2431 768
2000 1161
3200 1656
1640 1689
4040 1884
3722 2363
2779 2194
190 1405
342 855
400 940
3570 64
2890 257
74
3250 43
9412 767
9684 3505
9383 2708
9737 4368
9269 5347
8992 4762
6808 3952
9100 2210
6592 2935
7832 2365
8303 1430
5564 2805
3770 1068
5205 2386
3346 664
4955 1865
6263 540
3288 128
2608 130
5168 2534
4792 2320
9910 7265
1868 296
9520 8844
9414 8628
6676 5365
9496 8176
9930 9235
6000 7040
5150 7595
6300 8278
864 8024
5838 8500
9626 9328
9810 9380
9286 9833
9756 9950
7938 9644
7995 9582
5148 8526
6659 9218
5776 9328
1595 9782
1263 9358
1629 8637
844 9697
216 7650
561 9098
620 9777
379 9250
125 6824
488 7920
398 3184
1346 7004
2163 7968
2510 6530
2190 5764
4070 7868
6055 6660
4180 4999
2552 5821
2055 4590
2288 5040
3264 4360
2396 3771
376 2715
5706 5302
150 2405
1948 3082
3680 3674
2720 2616
175 580
1092 223
26
1127 303
5087 454
9160 855
8189 782
7316 4564
9649 3967
5548 5200
5416 7863
6010 8144
9402 6049
6332 8448
8425 7451
7955 7982
4160 9675
3363 9800
3230 9253
4120 6672
3640 2278
3770 3725
2097 7200
1958 1624
1072 1534
2355 9834
268 9200
1415 8016
161 5478
77
6881 9
7757 200
8500 266
8100 272
3134 2948
7700 550
9200 90
7640 995
5037 2280
7378 1620
8560 1095
8172 821
9269 1126
9444 992
9489 1893
2352 3216
3017 7526
3614 4880
3216 5376
2504 3700
3584 4742
4306 4550
5881 2805
6010 3012
3650 6610
3718 6675
6400 2990
7529 5808
8700 8682
6455 2548
8400 3680
8696 4960
9218 4742
9660 2730
9638 2208
9920 2480
9058 5683
9416 8686
7320 9601
9806 9419
5779 9988
7086 9696
5984 8284
6532 8381
7096 7313
6234 7444
5030 8294
4480 8800
6368 7054
3936 7662
5401 6212
5410 5760
7040 5272
6356 4166
2340 8627
4606 6000
4114 6509
1200 9982
385 9594
65 8965
12 8620
900 4300
209 6269
732 3166
1690 8040
692 2708
380 725
1804 6272
2440 6700
2065 5877
2477 4640
1760 4536
2485 4531
1950 4034
1178 335
3997 1775
3648 2270
73
298 170
8858 417
9616 781
8883 1527
7600 1970
5936 1748
4668 1710
7679 496
2480 1011
1316 1528
3132 2160
209 2792
503 4158
5920 2090
5250 2580
9202 2640
9850 2500
8000 2904
3032 3864
310 4856
4588 5046
1366 4848
8404 3540
9483 4078
9901 5534
9139 5291
9770 6704
8000 3910
9779 7784
9446 8171
8775 9668
6846 7920
7165 8915
7909 9547
6290 8424
7348 9777
9544 9700
9564 9832
6115 9952
4600 9610
5698 9245
5640 8680
5984 8948
5800 8218
7616 7088
7820 6192
8016 7824
9052 6340
7831 4987
6630 6272
5015 8189
6832 5954
7809 4250
5981 4960
6575 4075
2540 9294
2720 7116
2566 7312
2380 7960
2240 7468
2131 9275
1019 6425
3444 6256
4350 6156
4736 5535
5248 5000
5062 5112
2418 6069
2168 5526
898 5706
884 6720
112 9344
117 3061
92
1275 73
9784 75
9680 8940
9688 1888
9750 1046
4660 646
9536 2280
7448 2416
7258 2464
6774 2970
6952 3228
7970 3450
7780 2828
9209 2861
8915 3248
9369 4536
8964 4616
9041 4513
7890 4372
8000 3904
7037 4020
5928 3806
4229 1002
5833 3924
9632 6855
8976 7558
8540 6856
9688 9391
9612 9632
9366 9426
4560 3592
5860 5040
8304 7069
3440 1756
2990 739
1410 500
4259 4027
5700 5400
4896 5050
7610 7792
9008 9753
7100 9886
6427 7630
6401 8140
6496 9490
6648 9911
4160 6266
5780 8764
6134 9470
4985 8043
2375 4763
3766 6250
4625 7322
2700 4774
1537 2044
2228 2581
1540 2010
891 1048
1314 982
5773 8600
3952 4544
3900 4296
5594 7911
4304 4524
5650 6450
6752 7402
8272 9136
958 416
733 1275
648 1405
3276 7716
1738 4124
625 1600
3390 8044
1092 7181
3262 9984
1526 7856
1514 9709
299 9507
1460 9464
885 7720
1385 5922
316 9285
1180 5348
1415 5690
692 3400
720 6920
579 7740
90 972
1312 5090
2097 5891
290 797
33
9704 95
9084 9295
8416 8816
8134 9845
2944 7404
4879 9769
948 9516
2098 8960
999 8609
225 6851
805 6288
254 4045
2681 2870
2528 5060
4373 6920
3520 5920
5032 6246
7600 8815
8255 4472
7769 3350
7296 157
6656 2807
6134 3515
4568 5920
6301 1068
4420 2548
3076 5272
3198 1128
281 521
7894 107
8754 400
7840 8326
9125 2050
85
3167 27
4124 83
5920 136
3850 1230
6330 48
4490 1284
9484 592
1452 5220
302 7720
5545 4668
2480 5244
6315 4412
1796 5172
8004 2320
5931 4272
9952 2305
9206 8550
9792 4718
9437 8064
9480 8471
9600 7760
9816 5192
9844 6868
9800 8085
8826 9278
9024 9874
4720 9930
5065 9666
6588 9778
7571 9000
7245 9296
9027 8135
6015 9635
9212 7952
3712 9722
7234 8382
4359 9400
6406 8129
8696 6284
7696 7000
8200 6290
8690 4042
7488 5000
7536 6400
7361 5870
3228 7986
6668 5597
6101 5710
2554 7400
1825 8010
1932 8950
3220 8152
4920 7690
4175 8750
6100 8268
3212 9252
2064 9120
1668 9175
750 8414
1174 8304
7396 4186
9737 2613
2378 7400
9647 2658
200 8052
228 4902
770 5354
1464 3670
686 3880
2771 3166
3690 3602
4286 2796
7692 1324
2700 1472
2654 2672
2122 2636
2088 2248
1380 3247
1780 2044
570 3037
875 1612
1092 629
2787 1062
4575 380
2600 304
25
1154 252
4709 397
1939 784
1993 1837
2865 3502
4669 3218
5024 2980
6741 542
8346 505
8798 1111
7472 7296
9760 2269
9870 2002
8843 8253
7436 9597
5419 7784
1343 9255
2752 8488
3180 5916
7260 720
787 8863
2820 4196
1396 4620
986 4704
374 2640
79
9136 36
9868 472
9024 1200
9646 1184
9901 768
9758 2921
9552 5572
8416 8300
8124 8176
8210 8870
8263 9040
9044 7925
9666 5876
9939 9740
9323 9450
9360 9435
9531 7222
8778 9727
5700 9440
2760 8353
2416 8462
2000 9382
4740 9876
544 9799
402 9914
2900 7296
46 9340
2427 7084
1163 4864
1560 4800
185 2877
1218 3440
1675 4950
2360 3532
2440 5978
3120 5417
2412 4440
3476 5518
5272 8971
5467 8064
3050 4136
4818 6800
3740 4920
1137 1088
5337 6585
860 180
1780 1403
2500 900
5046 4410
6698 4896
7388 5582
5918 6560
6590 9240
6380 6308
7008 8467
8506 6580
7824 5600
9037 5830
9432 4560
4874 4154
6048 4178
5276 2877
5680 3499
6072 3636
8490 3828
4061 2250
3648 1560
4300 1737
5200 1850
4753 1272
5928 772
3216 780
3590 370
5829 290
7610 2490
9224 3776
8168 923
8344 222
8814 2473
67
7029 186
8368 376
7310 2360
8260 2247
7954 1305
9074 2565
9040 3353
4328 3341
7614 3633
9000 4217
8320 4145
7177 3999
7128 3942
6116 4170
3476 5262
7120 5610
8784 7194
8160 6479
8148 5562
7639 5922
6735 5132
5612 4878
9440 5670
9332 808
9413 1805
9884 2229
9883 7672
2680 5680
2336 6208
9492 8000
5762 9056
9328 8930
9030 9069
7783 9907
4688 9947
5000 9872
5942 8630
5696 7080
4780 9130
1920 9686
2894 8275
1024 9230
1882 9152
93 9472
298 6100
80 5282
1280 2954
1861 5458
1030 5906
960 6160
728 4756
150 9015
4342 3200
3779 3390
134 2030
3788 1664
7600 1536
1616 1687
446 1725
7464 1244
5312 1089
4936 750
1004 883
944 300
7605 900
1397 267
7440 365
80
7615 47
9289 1173
3964 4108
4490 7914
4774 6288
4576 5565
5035 6600
5392 7012
4832 6096
4032 4196
7939 3440
7120 2729
9820 2012
9790 3850
9990 215
9975 5582
8550 4872
9450 5768
8710 6224
9866 6257
8199 9749
9265 6814
9216 6250
8750 7875
7748 5330
8604 4442
6238 5615
6726 4464
6841 5040
7270 4622
7979 3750
4831 4410
6440 6420
8760 7900
5496 6144
4792 5586
4886 5848
7780 8535
4800 5852
7553 9970
3816 9798
5040 9530
3608 9614
6124 8377
3101 9637
529 9052
809 8220
698 7032
360 9140
414 8688
23 8813
644 5895
849 5800
752 6880
1572 9160
2365 9447
2322 7164
363 1087
2576 5443
2762 4385
2320 1252
2766 1240
3570 9042
3760 2550
3658 2170
3125 3934
2880 1125
5225 2156
5380 2080
160 76
6205 2042
1258 329
3900 920
6704 1474
4664 472
5639 250
6905 1612
7336 1933
8048 503
7390 528
36
3324 164
9271 648
9327 675
9797 1408
7762 1531
9596 3632
9990 7540
9515 9496
8090 5601
7875 6696
5092 7184
8415 3855
6202 836
3336 4745
4032 9620
5484 8709
6176 9396
5722 9376
4176 9657
1504 9429
664 2807
1162 234
770 2275
1712 7564
1387 5171
2190 7113
2995 8400
3592 8096
1610 4992
2265 5561
3040 7100
3209 6684
3023 6416
1552 3922
886 1919
1392 1015
73
1490 3
8393 97
9200 4724
9380 3076
8496 55
9610 1001
9250 592
9987 625
9730 5290
9589 7698
8500 5314
8732 2643
7804 2751
7864 632
5800 2370
7250 1951
8719 8576
9148 8878
8507 9939
7454 9569
7412 9299
5594 8360
4904 9791
5179 7615
3632 8612
3500 8400
3370 8207
2188 8725
2327 9914
1943 9908
833 8774
136 6778
1966 8416
3365 7208
1956 6907
1168 6790
2572 6956
1924 6592
390 6101
7633 8000
6080 4310
7270 6058
7590 6025
7495 4280
7000 4566
6450 2912
4800 1984
6676 4034
5256 4635
2868 4863
1546 5294
4490 6490
6150 7100
4504 6830
266 5239
3042 4098
3810 4004
3964 4000
5612 3975
912 3461
2296 3419
488 1037
1448 1549
5330 1988
6502 1729
586 740
287 682
588 410
1960 786
6278 1496
1536 560
980 77
7730 130
31
9081 142
9015 3364
8378 9300
9505 9224
7394 9968
6026 6059
6280 6920
5428 6850
3109 8902
2132 9575
3136 8650
1660 9850
7616 3280
1186 8919
2117 7668
1023 5358
3135 5260
1340 5260
3108 3332
1058 3321
137 3200
2840 2581
1024 1468
2108 1705
6230 3715
2142 657
4950 1880
7968 1204
6756 337
6173 381
6048 308
67
7868 28
9020 4307
7239 4413
7832 4250
6396 3543
5630 3482
3837 4126
7170 2790
3400 4280
1100 4227
1292 5331
504 5221
902 6368
2384 4715
1704 6541
2000 6488
4260 6757
3794 6240
2374 5734
8080 4692
7201 6342
7872 6824
4923 5855
3788 5647
4408 7048
7466 7350
9403 6029
8896 792
9800 8579
9396 1386
9855 7611
9879 8972
9609 7838
9678 8908
9632 9718
9581 8355
9100 7345
7198 8404
8559 8835
9028 9470
6416 8246
7536 9652
6116 8874
987 6911
6968 9489
7565 9901
5680 9425
4090 9872
1702 9350
258 8764
178 7957
202 2865
1040 1931
2516 2000
1336 3440
3060 3740
2672 2840
3828 2364
5958 2710
3142 4120
7584 2340
560 1074
4889 1744
3140 1094
6700 1250
6126 466
7338 812
64
6548 173
9169 2726
9128 4880
8451 5416
8600 5841
8088 4954
8668 3830
6789 2052
6951 2610
5680 3462
6606 2450
6704 1712
6582 1360
8747 3070
6770 944
5328 4112
7844 4256
7162 4920
6160 5611
5162 3818
4053 6840
9420 5866
9660 9057
9400 9382
7390 9466
8612 9660
5050 9950
6150 9632
5450 9671
4872 9637
3266 9808
1405 9808
7240 8896
7240 9376
7914 7972
4048 8535
4890 8288
4330 7684
7540 7286
3704 7220
3200 4823
1460 6627
2890 5966
1984 9464
10 9181
2061 7332
565 6224
172 3750
2848 722
1196 2070
13 1114
138 595
3124 350
2627 2192
2941 1418
3269 922
3494 3236
3720 5385
3218 244
4960 536
4528 4546
6377 1807
5924 2322
5322 1001
3
6267 161
6597 4127
6929 9937
3
8946 6276
9724 9654
8241 9572
87
9741 152
9999 5202
9795 2778
9650 2096
9252 3840
9268 2596
9408 2227
9563 1843
4734 2246
4800 1468
4315 1450
3640 1875
3090 2892
2784 3976
4921 3320
7669 2176
4550 4912
6246 3368
6272 3230
5293 3785
4340 4944
3360 5168
5656 4716
6188 3700
7306 3392
8634 5395
7980 4275
9996 5845
9568 9374
9476 9350
9800 6984
8761 8497
9055 6036
8496 6981
8607 8048
8347 8508
8460 7224
7726 6688
7416 7211
6882 8098
8730 9819
8296 9599
5576 9672
6683 9522
856 9909
6003 9480
6111 8962
5678 7759
4480 7259
1814 8560
1320 8380
6130 6178
6743 8416
7563 5313
8053 5010
3811 6827
2080 8006
4384 6422
218 8906
304 8040
496 8225
87 6938
8 7854
166 4257
905 2385
886 4973
975 3264
1088 648
1360 4742
2527 7403
1998 1383
1938 5781
1985 1601
1584 3741
1720 2106
1361 832
7440 1880
7625 530
5888 858
2725 750
90 168
1583 318
2118 280
4928 72
1852 312
2888 277
8329 108
67
1409 151
8546 228
9063 312
4121 3792
6332 4008
6755 3490
5892 3321
5037 3158
9352 481
7610 1834
7824 1680
7782 1785
7448 2125
8374 4472
8443 5952
7440 2720
7495 6156
4637 4392
4726 4600
8140 7154
9746 2963
8482 6340
8560 7250
8796 7660
9800 4788
9078 6475
9767 3559
9971 4638
9992 6068
9484 6114
9894 9649
8704 9358
4511 9868
1972 9980
7288 8920
820 9963
7520 8598
7416 8496
2096 8548
7935 8341
2378 7158
270 9792
679 8224
532 7080
940 6738
1144 6554
6040 7300
8774 8003
2544 2960
6231 7016
497 6098
1064 6100
2697 5135
294 4392
1730 3354
1175 3421
1530 3054
2224 3726
5923 6800
1643 2235
3854 2768
343 534
4222 262
5136 512
6930 1312
5377 240
3898 204
91
1112 74
3478 101
1246 132
7075 286
4188 348
3456 516
4777 1720
5912 500
2430 5025
1936 6048
5820 1790
4670 4152
2496 5776
4820 4598
3145 6102
5210 4408
5724 2660
5442 8464
5420 9040
6336 7923
6870 6240
6300 7132
5660 4500
6668 1600
6790 1350
6160 4416
7400 2928
6752 6000
8816 3500
8952 3016
6658 324
7322 496
7662 632
9938 3342
9591 4440
9896 4307
9868 5695
9529 5152
9532 8890
9668 8876
9689 9790
8150 9612
9648 9370
9336 8667
8144 9601
7606 9971
6685 9394
8472 8792
8456 9180
8926 8164
9256 7380
8951 6500
7435 7424
7650 6290
6889 8750
8230 4222
6486 9533
5408 9968
4728 9424
4100 9350
3943 9897
3853 9757
5200 6080
3519 9906
4933 6437
2773 8591
4140 6666
1872 9288
2934 7580
3388 7424
5468 4524
2322 7248
1429 9358
231 8432
1164 8748
1216 7390
518 8460
316 8084
98 3139
956 3508
1536 5156
1358 7670
1710 3308
2524 4421
422 780
1168 840
2052 3112
2052 2824
2424 2304
2576 3070
4232 2450
94
3181 119
7833 218
7946 460
3126 840
8338 1340
9123 836
9565 2340
9113 2282
5228 1780
7918 1568
6028 1600
3280 1322
8030 2765
8757 2760
6945 6036
8570 3152
9120 4750
9843 5433
7248 7347
3301 9266
4164 9825
5472 8408
9842 5988
9984 6059
9926 8884
9504 9476
9610 8103
8395 9705
8680 8724
9082 7292
8510 8765
8526 7285
8838 6620
7371 9680
7980 9788
6273 9874
2025 9868
3270 9154
982 9944
704 9772
994 9415
3179 8760
5042 7743
5018 7712
804 9272
3504 8148
7696 6625
708 8660
640 9230
280 9095
257 8944
555 5974
112 3060
770 3432
94 1180
48 247
998 2447
832 4725
400 8273
3499 6352
3451 6887
3553 7728
6714 6400
4600 6980
5349 6479
5752 6054
3624 7215
3526 5439
5424 6160
1158 4273
2828 3550
684 932
724 907
2065 1333
3164 3520
3806 4753
6499 4094
5620 4400
5850 4428
4732 5300
6255 4368
6898 4934
7673 4124
7488 4182
7680 2961
5580 2152
6347 3545
5696 3982
5704 4030
3902 3175
5627 2925
2696 1232
3704 186
2325 1239
68
1581 106
4818 222
4090 2208
4150 1846
3120 3830
6308 422
7440 81
2660 4826
3528 1060
4146 440
3328 1248
2815 1317
1284 7750
3976 4030
3848 3822
8661 245
2825 6345
1554 7975
1628 8400
7355 1769
3522 6248
3625 6851
2978 7772
2091 8386
4581 7131
4835 8815
5522 5344
5208 4909
4700 5185
7038 2923
7072 2294
6966 4512
9802 264
9589 1368
8913 4240
9050 2745
6844 5150
7682 4988
7960 6205
9530 5979
9920 7872
9565 6960
9272 7870
8144 6238
8258 6656
5605 5769
6580 7964
9225 8171
7496 8612
9900 9472
6160 8303
6461 8870
5220 7595
4968 8406
5888 8786
7858 9854
4019 9087
882 8299
1028 3265
730 9980
66 4981
198 23
672 1106
688 2950
913 483
1410 5607
1717 5248
2291 3380
15
6906 431
9834 8429
8627 9790
6834 6030
4088 9100
5520 7069
1488 8854
982 8960
114 5032
4334 7584
2699 1409
3681 188
4400 338
2969 2025
8142 6224
64
1439 128
3364 153
3297 20
4261 118
3318 1143
4642 1472
4300 1157
5319 587
6716 440
5706 1360
8754 3237
7726 2138
6942 998
8468 1300
8800 2222
9097 3298
5899 3800
5885 3978
6019 5150
9873 4491
9112 8163
8987 8679
8430 8000
8904 6812
8170 5578
6464 5162
5522 5355
8229 8631
9480 8788
6182 9900
46 9799
2657 9650
1760 9650
1618 9524
5518 9616
3730 8944
5228 8375
5376 3206
4956 2949
5070 8132
2560 7630
1760 6065
262 8388
76 7754
120 5550
3525 6458
539 4151
2193 4900
1996 3920
259 3734
5 1900
4176 5976
4024 4640
1132 2000
984 1875
4625 4310
3880 3414
360 1305
295 1234
510 716
6830 3399
659 452
6666 2971
1080 0
34
5583 78
5762 151
4651 244
5224 873
8332 1370
6487 272
8775 1620
8033 2198
8996 3940
5462 1216
4520 6000
5116 6491
5136 6748
8154 7248
6288 7260
6356 9003
8717 8741
9925 4368
8981 9125
8187 9586
6643 9694
4157 8925
5054 7990
1300 2614
3880 7026
4080 7729
900 6160
1660 6732
3914 8455
2087 8462
282 8345
42 7344
597 4021
1548 559
85
6961 296
9916 484
8588 1140
8735 3850
9310 2455
9008 4933
9679 6558
9978 5050
9818 8686
9256 9800
9297 7920
8776 9461
9410 6539
7526 9280
7616 6910
6036 9039
5032 9220
4298 9170
3992 9942
3614 9824
3542 9376
4272 9140
1412 9868
5688 8304
4160 8494
7488 6900
2155 8080
519 8612
89 7873
762 7723
3934 7507
8964 6432
1720 6700
84 7669
1289 6604
5655 6270
3274 5544
867 6690
3298 5182
6112 5959
2342 4000
1319 4098
1235 4540
2110 5530
103 3522
1067 3295
5 2512
2092 3840
2295 3244
106 1444
244 1550
1050 630
871 685
1504 355
3776 954
5840 2690
4695 2654
4055 1952
2474 1422
3748 1491
1181 1280
788 1200
1029 1268
2080 2814
2750 2860
4440 3032
3500 4321
5640 5038
3817 3958
6281 3020
3473 156
6614 350
6115 896
4607 858
6922 1280
6392 3094
6260 3372
4730 3893
7623 4650
5179 4268
7858 4997
7726 3888
8012 6120
8075 5555
8519 6156
51
2674 267
9521 398
8941 2272
7392 7990
9500 5760
9727 3489
9801 7535
8440 8619
8220 8155
7838 8800
5984 8100
7968 5124
8416 1848
8074 4120
4971 9348
5794 6000
5326 6068
4325 5820
1660 9256
1513 9575
2327 9756
7420 9364
9360 9298
9504 9311
8970 9600
5130 9790
873 9919
4834 5184
2642 6452
2634 7120
3792 6010
1450 9103
2675 2690
140 9248
68 8720
598 7474
499 1924
1244 4167
1136 4138
1260 4975
2239 3640
2179 327
5476 4544
6088 6271
6370 5572
4617 2653
6381 4736
5540 3308
5542 1812
6764 1110
5404 321
7
7582 2320
7259 7347
6982 9514
43 9330
750 3453
4144 3315
5607 2401
59
2620 24
4870 160
6217 1264
5288 2570
4756 2605
5444 3552
6720 1630
9116 6328
6784 1116
7742 1823
8192 930
8404 662
9054 1472
9651 1718
9809 7922
7016 3908
5053 4050
6950 5520
9536 8755
8395 8288
9280 9584
5610 5211
8918 9305
5808 7326
5199 4240
5488 6455
5984 9940
4388 8360
3755 8646
4015 6336
2347 9552
2021 8037
4760 3383
5044 7992
5288 5595
4448 1813
3968 3187
2490 6685
4769 728
1114 9868
200 8328
1040 9664
1290 2395
2416 5325
2470 4877
1490 2476
1030 1628
635 2974
546 4560
8 4507
0 3160
411 545
1936 2872
3368 3990
1733 1544
1394 1310
2523 1712
1412 280
2900 1501
61
6742 104
8798 962
9010 2856
8496 4968
9249 4340
9334 595
9460 5134
9734 5372
9786 6495
9711 6907
8084 8970
8494 2504
8140 4735
8181 2772
7056 9000
7888 3732
7560 816
7375 5981
6875 441
6595 4520
7007 8012
6163 9909
4072 9979
3650 2304
3196 6474
2364 3880
2244 3110
1756 6142
1360 6196
2525 7299
2150 7820
3025 7055
2624 8002
2382 8500
3327 9543
2456 9845
838 9512
1375 7625
593 8415
475 7659
424 4111
273 4318
979 1507
270 1784
110 620
1320 780
2760 683
3105 622
935 4639
3544 320
2726 134
4543 127
5500 0
4745 6962
4335 8574
6190 1404
4848 8606
5821 5298
5039 8078
4644 9300
5537 8434
42
3390 532
9514 971
8693 280
9653 1065
3924 1441
4900 1904
9018 1200
3396 2531
8300 2866
9702 9123
8188 3584
8934 6910
8660 6160
7525 5120
9614 9463
6752 3916
9220 8938
9152 8850
2055 6690
6036 7940
3266 7592
8907 9927
4914 8404
6530 9790
4262 9907
731 9571
2028 6796
1504 6428
1471 7740
812 8704
550 7320
1488 5656
566 6421
2161 4620
518 4710
820 1177
1038 550
856 3568
6533 8032
1630 779
3966 2016
2225 508
62
9681 145
9837 5099
9731 6397
9462 7740
9572 6276
9095 8002
9000 7224
8530 9561
7485 8889
6745 8032
5499 5300
7632 8768
7327 3561
8530 6510
8980 6600
9000 4410
9225 3351
6668 2473
5414 2995
3853 2402
7605 9786
6258 8642
5980 8205
5817 8825
4950 9839
2625 9837
891 9530
1972 9480
3428 8904
473 9266
463 8435
6335 8126
4544 8175
6096 8002
2210 6428
4462 6190
5132 6770
4820 5740
2796 5254
3723 5910
2035 5620
1836 6928
1657 6239
3536 3096
2504 2586
888 3638
114 6430
80 6165
917 3200
81 2728
1836 2030
1308 2562
7088 2018
6100 1718
1407 1243
8400 1278
8261 484
4951 624
3300 1224
3582 718
1680 482
3852 532
81
3425 137
7787 143
2572 460
6892 1016
2384 616
6161 1251
1438 1025
3954 1492
5388 1492
2190 1926
984 1216
1725 4914
2985 3970
3168 5050
2804 7834
3323 5360
2976 7090
3630 5555
3508 5824
4112 3308
2428 3172
4016 1842
8558 741
6716 560
9997 224
4480 3034
6800 1930
9576 1538
8740 1910
8276 2155
8065 2081
8096 2475
9753 1954
4543 3665
4930 5064
4244 4841
3613 6836
8027 2528
8416 5022
8125 3128
8396 2765
9680 4264
8811 5342
9820 6430
9625 5969
9874 2900
9836 7704
9107 7482
7210 5319
8714 9099
7620 6752
8286 8110
7143 5376
7700 7300
7730 8124
5424 5310
7866 9957
1886 9967
3440 8900
3388 9500
5470 9186
3783 9832
6862 9210
5636 8457
3908 9374
6405 7755
6604 7848
5094 5612
6177 7603
1061 9326
438 6720
264 8318
308 4540
475 1880
622 1875
1050 4775
562 5352
1600 6611
1272 4032
895 3272
420 264
89
1184 306
6931 531
2758 430
1252 1793
3683 1855
8249 1401
4052 1324
8960 336
9290 352
9824 1436
4352 4565
7196 3220
2870 5398
6474 4316
1725 5940
7734 4015
4112 5516
7152 4315
6616 5170
7078 4468
7696 5260
9967 1876
9987 2499
9816 4385
9988 7200
9811 5239
8800 6908
8558 7866
9196 8847
9555 7845
9370 6110
9678 7411
9268 9311
8864 9546
7950 7604
4488 9085
6501 8676
7690 8725
4192 9322
8480 8825
6646 9703
3120 9967
5040 9760
3208 9576
2190 9884
3756 9230
4720 8794
3958 9384
6440 7836
8135 6445
9150 6035
7780 5774
5495 5730
6165 6429
7112 7025
3254 8243
2234 8812
3392 8720
5012 8276
862 9555
74 8599
6991 7048
3718 7666
4128 7024
5376 7349
5970 6342
2525 7377
1084 7625
3234 6424
2585 6436
3022 6224
67 7334
314 850
512 3915
1546 2332
2376 2750
704 5176
2866 3285
1600 4804
4063 2487
2603 4712
3383 4787
3850 4525
7628 1821
5314 2179
4004 2395
6080 1868
1003 2040
588 487
77
567 23
9479 246
6498 2750
7018 2018
7200 448
2941 6930
7950 1536
6164 3496
5860 4128
2465 8433
5585 4760
7996 1797
9147 1110
9451 1217
6352 3840
9758 1055
6088 4760
7602 3080
3598 7296
6110 5390
8324 4255
8424 4681
8040 5944
8733 4461
8205 5720
7541 7545
6831 8548
7808 7230
8245 6544
8600 7857
7802 7835
9299 8059
9000 3462
9819 2633
9088 3692
9889 7355
9726 8533
8375 8420
6275 9120
7671 9840
5360 9930
4688 9908
5375 9840
5756 7920
5624 8733
6275 7741
5308 6833
3195 9524
1209 9715
3576 5280
5916 530
2750 6044
688 9281
2168 6497
4610 2568
320 9468
1100 7896
3984 2968
1142 6000
1090 5895
3680 2646
5560 312
2546 3975
2590 3004
485 6559
2196 3565
96 6080
1250 4400
1145 3442
528 2040
1744 2380
2232 2854
59 271
3126 2202
3718 1775
1100 892
2875 416
37
2098 479
6690 518
2680 916
1160 2440
3240 4976
4514 2000
1964 2974
4064 1788
7608 1492
7722 108
9882 2556
9744 7758
9366 4262
9406 9244
5225 9697
2788 8416
4796 8890
4664 8176
6045 5136
6886 5560
5300 9420
8529 9314
7498 5911
8304 7728
7810 5470
9070 6962
8732 5496
7536 2344
511 9716
400 9801
985 8904
6897 2500
1624 6396
339 7206
352 4824
400 3159
864 1473
92
1606 151
7094 462
4872 2876
3976 4120
2595 6072
4646 3530
6135 1688
3278 6560
3589 6438
7302 320
7982 789
8212 1248
6623 3228
7728 1290
7000 2442
4629 5016
6249 4685
3280 6940
5215 5832
7556 5220
4950 6120
8372 5781
8384 4009
7815 5432
8232 3060
8426 3680
8519 4426
8385 5349
8897 4676
8383 3370
8263 1900
6040 3830
8787 1431
9517 3911
8959 116
9052 460
9780 354
9234 1912
9875 2832
9973 6241
7978 6437
7526 6018
6480 5995
4351 7708
4560 7680
4793 7856
3875 8651
2966 7524
2914 6424
2992 9287
4340 8991
6530 6675
8529 7491
5300 8728
5163 8976
9440 8456
7107 8932
9739 8693
9563 9352
4799 9906
4065 9974
8040 8988
5683 9525
1276 9954
2350 6262
5408 655
506 9602
270 8470
147 7420
353 8656
176 7156
129 6637
404 7050
728 6888
538 3602
243 4813
62 5325
812 1544
1172 3010
803 2061
1586 7430
2212 4593
2279 6030
2388 5628
3516 3432
3955 3252
1128 4182
1700 1730
2408 2832
3528 1356
416 442
4350 623
31
5872 109
9866 1275
8500 2651
8169 4404
9440 6048
6970 3120
5376 3104
5785 3652
9397 6900
8774 8381
6297 9624
5940 9730
4820 8433
3318 8870
5605 7832
8760 6776
7202 5520
4896 6692
2478 9994
4100 7004
1342 4800
2647 8672
427 7956
136 1995
521 3435
660 6912
1370 240
1544 1988
1126 4200
2344 1168
2250 5029
31
4799 2016
6464 2982
6645 7488
6428 7694
4964 8900
6286 8635
6725 9082
7913 3976
6060 610
6652 815
9921 7152
9132 7273
7906 8910
8654 9650
7911 8926
7024 9100
3550 8996
3763 7500
2700 5268
2264 6059
1730 7190
2117 9764
54 9040
392 5009
110 4165
688 2320
1577 2444
3168 1188
4940 2698
2522 2279
6036 7960
31
2396 218
9233 386
8865 2241
9295 564
9915 3380
9366 7308
7360 1872
8922 1612
5034 564
5565 2488
7985 5868
9480 8510
9510 9286
8837 9185
3558 5104
6193 5906
2231 1750
1714 3294
7695 9323
7235 9292
7252 9008
3980 9550
1326 4496
1560 9127
825 7332
935 2108
267 6474
833 1488
1447 2664
1104 232
453 55
83
5891 0
9932 26
8978 890
8764 1936
9210 1842
9987 4151
9460 2836
7356 184
6657 332
9933 5130
8640 5524
9932 6000
9872 6104
9008 6325
9412 7410
9670 7605
9475 9444
9172 8280
8036 4352
9335 9079
7896 5375
7870 4576
7520 2540
7690 4138
6347 6431
8082 6444
8242 6464
8175 6828
5801 9040
9181 9286
7918 9615
3815 8824
5100 8095
2660 8725
4723 9615
3222 9776
1702 9700
786 9141
2068 9514
3551 9216
1470 9020
2280 6648
3019 8462
3320 7076
4050 6339
4960 7236
4544 7598
3776 7220
4410 8122
5840 6456
5296 8976
6590 5320
6183 4558
6592 2888
6499 3160
5575 6336
5799 2860
4680 1273
5153 5803
3728 5020
2908 7902
2712 7581
4444 1772
2900 5100
1584 6750
2400 5610
3910 2465
861 6906
4161 1272
138 8046
2446 3737
514 1192
1370 2720
876 4360
192 1464
248 2327
0 640
681 449
5644 70
1940 975
4072 795
3104 1338
2986 1608
71
2634 347
4247 386
3660 310
6848 96
3675 1145
6255 701
9002 3124
9430 1472
9900 3520
9861 8522
9194 4222
8604 8384
8192 7590
8060 8264
7572 6813
8892 5144
7475 5665
8050 5445
8543 3651
7685 2452
7620 5562
5600 3850
7524 5470
5032 3020
4187 3307
7960 8352
9688 8883
9564 9932
7270 9970
8490 8976
5692 9764
6540 7700
6866 6900
6752 6924
5597 5696
5858 6307
4200 4464
6426 7786
5296 8249
5307 8084
3452 8703
4219 7709
4595 6548
3680 7374
4208 6680
4032 3952
3520 6894
1780 9196
5632 9363
360 9473
412 8504
891 8565
1238 8257
812 6160
625 4900
924 6604
2166 4618
1081 5996
800 4634
211 2089
420 1696
50 1458
648 1600
1138 655
2800 2495
3432 3506
4839 4314
2886 1374
6160 2500
1624 854
4684 680
36
3610 380
7229 614
8120 7770
8176 732
9832 884
9899 693
9851 2581
8348 7575
9671 6983
9300 7877
9102 9080
5970 6908
7364 9059
6978 9334
6549 9370
5028 8380
3242 8747
6004 7693
1069 8093
587 7849
2348 6572
1064 6510
162 3431
3794 5848
4152 7659
6151 6666
8328 8355
7180 5208
3782 4885
7233 5100
5584 4848
3224 3730
4616 3625
5350 3456
77 1897
1615 80
42
2370 337
6418 562
5350 1812
5630 1664
5312 3072
5168 725
1595 4574
1722 5200
4208 4525
3804 4528
9667 864
9576 5612
8536 2040
2120 7842
7124 3385
4169 6744
5360 5853
3412 7967
6772 6658
8892 4688
9000 5716
9863 8854
6068 9820
7936 9100
5463 9011
6261 9125
5603 9232
2138 8878
1290 9633
1016 9179
435 8903
6040 8698
292 8081
630 5702
540 5146
707 3427
1521 2411
235 120
1319 1823
1727 839
1728 3132
1060 6611
43
9599 50
9962 1889
7872 4660
7326 250
6815 4485
5385 241
5655 1200
6305 3558
6711 5666
8665 5380
7492 7948
8670 7919
9734 5815
9548 9545
8326 9729
9424 8972
7595 8464
7147 7459
5680 2006
4976 490
4624 240
7774 9918
4878 3540
4821 5239
4224 6185
4183 9963
2593 9960
998 9252
3224 7092
3605 3617
3680 7922
4486 4888
3519 3004
1839 6699
1547 6899
1392 7008
863 8135
1056 3636
922 2048
1936 1466
953 1064
2184 278
3250 88
44
3966 68
8428 511
5236 1514
2422 1524
9096 1749
6454 4516
8865 4800
5268 4770
5094 4359
6695 3584
5842 2773
5872 2093
4960 4630
8442 6851
8184 6810
7367 8843
7815 8670
8818 7800
9396 6903
9874 8085
6387 9327
7125 8506
7044 6780
5640 7410
4464 7267
1188 5056
4039 9244
2497 9846
338 8998
245 8498
240 7964
1044 6228
429 5879
424 3730
800 2990
4832 6238
1328 3000
3400 4568
4064 5065
1800 1444
2379 1680
1948 1497
1158 915
2266 570
36
8329 110
9864 479
9312 3015
9152 4832
9937 5074
9750 7924
9446 9592
8931 9125
3940 9766
6102 8944
4056 8960
4590 8458
2049 9886
3000 8950
249 9854
5564 7308
5700 6587
7528 3656
7383 2632
4792 2916
5890 3580
6930 2897
5733 5820
5614 3534
4240 4008
3159 7085
756 7346
5560 1784
3000 3290
86 2694
229 422
1996 0
6219 0
1026 2456
2758 1945
1750 3020
49
5184 43
9855 1719
9793 6863
9851 7527
7734 3410
8150 2450
6744 3940
5552 4629
6280 5500
7680 4576
8496 5576
3740 5421
3112 6242
4832 5886
2520 7225
4904 6152
5866 5492
4128 7200
8184 6569
9385 6755
8634 7432
9795 9732
8128 7940
7472 8005
7990 8510
4760 7206
5248 8528
1265 6971
3636 8656
3232 9254
5927 8966
9727 9759
7520 9939
2339 9616
8223 9700
29 9360
912 6995
5580 2650
5256 2170
432 7266
73 3559
1506 5592
2254 3157
2077 3016
3520 3240
4974 1415
998 450
8118 1688
1263 82
67
3768 34
9467 415
4536 200
4510 461
7754 3566
6967 2353
9824 1395
9862 1802
8032 4050
9166 4108
9750 7000
9770 6376
9763 7217
9416 8262
8921 5691
8596 8560
7200 8200
7625 6240
6490 8225
6340 7858
4287 6823
2738 6400
7387 6266
5709 5840
816 6256
3808 7485
7907 8987
6159 9100
2510 8830
1940 9002
7544 9154
5106 9600
5606 9930
4354 9886
1998 9736
1755 9208
2600 8208
1841 8248
4603 7800
1878 7334
1248 6688
956 8557
496 6917
346 398
505 1511
566 2208
639 509
1740 380
1232 2360
3202 1612
1187 2763
1045 3285
624 5019
1362 4420
2896 1865
1992 3399
3496 1822
2417 5066
2672 5492
3904 2108
3445 4699
4757 4945
4686 4722
8072 5864
3909 182
5800 3570
4396 2172
43
5574 31
8502 1165
6350 1371
6304 1515
9940 1902
9890 2823
7792 2208
8298 2964
7914 3390
8312 5371
8300 5788
5885 3216
3224 2032
7280 5192
8967 7159
8780 9763
8600 8980
8033 9211
7306 9836
7160 8900
5394 9338
6733 5704
5232 9351
1560 8160
4390 9345
2631 9173
1706 8854
868 8364
211 7678
16 5417
129 4325
464 2810
364 4092
1659 4102
2500 6875
1134 7705
4080 8480
3848 3346
1488 3664
864 480
1007 910
4740 64
6838 956
7
1223 205
6321 2612
7584 5160
6987 3430
9453 4637
1540 7405
979 5373
33
9243 4
9699 5516
6992 3365
6140 3205
8904 6640
9648 7920
6528 4058
2620 7183
2436 7396
2940 8327
3259 9188
3457 8689
8707 9216
3467 9140
7590 9610
8632 9573
6368 9874
966 8933
474 6921
709 5834
314 3360
708 5400
1890 375
280 438
1738 226
630 300
2898 79
2544 3245
1072 4834
928 7352
1464 5128
7328 1314
7319 1700
59
9255 102
9938 1673
7092 2954
9258 1009
7900 1708
8902 1224
5280 4105
9616 2420
6280 3752
5296 4333
6729 3700
8795 2943
8400 7204
6562 7605
6915 3940
5706 8375
5768 8390
5512 9536
9800 6799
9708 9424
7492 9213
9549 9781
8739 9857
2283 9924
1613 9067
3245 7728
4329 5284
6400 2256
1578 8880
2282 6552
1428 9278
1200 9184
795 9840
58 8192
1257 6725
1385 7592
1418 6208
5986 2720
5775 2530
312 6948
5675 2500
1488 5546
2811 3610
164 2559
4798 2012
2968 1880
414 2185
407 1760
94 953
1624 776
1887 1489
5316 1833
5475 1100
4668 1636
4148 465
7993 238
6638 1376
2496 4270
7683 831
41
347 23
2555 55
4100 175
7585 264
7912 285
3988 782
8539 897
9815 1619
7280 1908
9608 2092
9590 3840
9830 4517
1105 273
6080 4400
5649 2688
8190 6145
9941 5422
9780 8466
9628 7040
8768 6348
7747 6180
7338 6572
8245 8393
7445 6700
9288 9200
9092 7576
9266 8710
9381 9834
439 9872
4309 9649
2848 8796
381 6520
960 7520
280 8205
208 5497
3216 7630
130 847
5300 9436
5196 4564
3727 2980
1224 2524
24
1004 4
5348 206
5460 1375
7810 30
9840 2683
8366 2675
6465 2510
2328 644
3072 2492
2373 6746
3295 2280
5826 4752
4440 2330
7680 5605
8888 2800
8976 9575
8760 6780
4395 9712
3900 6450
5036 8822
4052 5894
2284 8760
1031 3517
316 7465
68
3079 188
7329 388
6848 908
3656 585
946 1176
1906 1364
1264 2230
4960 750
3570 1648
1003 2569
7008 2330
7969 1836
6976 2096
3040 2362
3454 2160
6106 970
9251 723
8946 1200
9588 1049
8956 1610
5090 4240
5324 3218
5172 2698
1444 3980
4400 3639
4530 5092
4202 4067
2835 7990
6424 7525
3960 6938
5837 6810
4234 6248
3412 6520
9767 1967
9584 5175
9888 3068
9696 7317
6507 6591
9578 6379
7794 6142
9188 4558
5832 6520
9881 7706
7480 7865
5055 8413
6577 8404
2576 8750
9859 8191
2502 8773
3111 9281
6886 9440
9687 9726
7552 9702
4456 9946
5422 9625
949 9472
3540 5300
523 9294
393 8930
36 5082
439 4797
12 1577
352 3452
1144 7580
2188 6476
378 847
607 640
2480 107
80
9402 35
9919 4569
9392 594
8930 168
9984 6558
8746 1371
8010 1192
5452 2593
7452 2362
4871 2785
6600 4232
6244 3555
8468 6211
6148 2714
9456 6640
6726 2678
9000 3720
9897 7520
9403 5640
8275 4576
9724 6869
9384 8024
9709 9458
8056 8791
8650 8120
6320 9879
7108 9000
5916 9992
9368 6850
4770 5680
8487 6862
7408 8040
7122 8023
5180 8096
7597 8162
5100 8934
6212 9614
2760 9620
3475 9340
3550 8060
1688 9116
2576 9666
961 9702
1762 8676
2718 8216
5870 6900
2686 8000
350 8830
270 8872
52 7656
41 4555
3825 6992
3828 5079
3610 4821
2743 4835
3502 4600
280 4324
364 2051
1884 4288
4440 4432
5140 5455
6544 4646
1668 3120
935 2522
1849 2648
5066 1810
1117 2092
7014 1110
8400 476
3280 1156
1008 910
3900 1252
3277 1405
672 1207
192 143
2252 160
792 880
3333 182
7396 180
5120 0
98
6346 16
9423 576
5600 246
8752 868
3368 140
9558 1000
8448 2351
8083 2098
7043 2318
7506 2154
8688 1730
6560 1740
8565 5056
9070 6026
7912 3300
8800 2270
9424 3136
9684 1168
8700 2300
9734 748
9893 924
9780 5634
9814 5419
9842 7836
9656 5432
9575 8341
8652 6660
8569 6405
8379 5000
7156 4180
6836 6960
6536 4430
6569 5420
5985 6626
6967 7187
6542 6776
9387 9343
9265 9760
8995 9419
6951 9702
7472 9244
8716 9024
7757 8324
7128 9300
2945 9310
4224 9723
1223 9931
2800 8634
2542 8796
1104 9018
4758 7628
1880 8768
5408 8104
5942 8612
5454 3600
4000 7850
3740 7252
4182 6432
3730 6081
5068 3550
4756 1600
3810 292
4496 2168
3200 2728
4120 3820
3258 4816
3525 6720
2858 4442
2260 8538
2305 5500
1766 7031
1383 6189
1504 4920
546 9693
80 9720
55 9484
308 8972
165 8283
936 4030
1694 2466
866 6868
2017 1160
1392 544
610 5804
110 8336
17 6282
458 5020
782 2742
9 5491
82 840
0 453
60 0
222 772
225 880
75 3455
500 400
963 2000
626 19
85
1912 221
9999 439
6790 1942
5796 2608
6904 3658
8432 2520
6448 4097
9800 2651
9981 5000
9254 5560
8576 5246
9915 8773
7945 6686
8240 6851
9220 7241
7937 5928
7074 5075
7570 5890
4884 3152
4240 5772
5380 4539
4348 6055
2639 7372
2760 7874
6805 5240
6475 6986
2785 8135
5185 8598
7372 6048
8972 8246
8385 8068
8032 7238
7600 7758
7666 7300
5915 7785
6464 8454
7520 8208
9576 9253
9108 9295
8520 9640
344 7993
8246 9820
2020 8384
4872 9810
7332 9928
2507 9919
2186 8890
720 9450
506 9054
2252 8552
221 8024
39 5458
358 5384
370 4272
308 3816
96 4411
16 2044
366 52
384 968
126 3888
455 1120
248 3037
886 2360
590 6136
888 3246
1333 417
1400 3720
688 5880
2402 5864
1936 7880
3689 4112
3970 3303
5824 584
3600 3800
3410 4494
3083 4830
1660 5488
3600 3289
4385 2200
2688 3286
4764 1490
3910 1208
5418 992
2680 988
2536 1280
0
