58
2334 175
9369 1557
9470 1648
9472 2140
7040 1104
9209 3460
8948 3328
7960 2288
9800 4710
9590 5470
7260 2582
5738 1400
9688 6127
9512 6680
7375 4424
9610 9211
9026 8505
6750 3625
9356 9652
6464 3448
4716 1877
6991 4826
4084 1573
7530 6368
2785 779
5880 9025
3936 3780
7440 6400
7540 7166
9232 9981
428 9998
57 7806
144 490
268 4036
964 3988
924 4848
1102 5400
3480 7160
2373 8156
918 6830
1385 8860
976 8947
1917 9371
4688 9900
4880 8524
5200 7544
5238 7520
5101 7120
3840 7720
3924 7268
3122 4532
2104 2112
2132 2184
2084 2869
1600 3000
1852 4306
718 273
3052 2398
83
3039 426
9738 662
8320 1198
9479 1100
9520 1870
7884 1236
9934 3397
8574 4023
8225 3872
7700 1790
7228 1008
6300 2093
6594 2363
7761 4716
9200 7444
9098 4577
9600 6524
9886 6504
9755 6638
9822 8896
6250 2959
9775 8835
9832 9377
4303 1484
5916 4060
4386 1660
3320 1976
3853 2665
3525 2285
1472 2271
4834 1216
138 2200
4232 2730
4618 3210
4100 4268
7375 7128
9294 9074
3892 4272
7648 7586
2654 3000
5844 6357
4204 5180
6560 7470
9440 9577
8520 9383
6798 8464
7167 9412
5910 7250
3936 9886
7060 9946
1597 9953
214 9732
944 8110
2090 8870
2004 7199
2180 7270
4049 9620
1642 4304
2582 5500
4200 8345
5038 7234
4504 7297
4200 6800
4470 6865
2730 3672
4113 7579
1800 2855
1488 3114
720 8300
800 5937
1200 4048
1170 3155
123 8677
78 7860
464 2482
32 4232
160 1743
633 1949
2240 912
87 40
1650 116
1400 448
5448 804
32
40 85
5621 435
3634 1979
8103 807
8671 1020
9560 0
9650 280
9157 2563
9608 7543
8222 2354
8167 1672
8120 1878
8019 1436
9448 8600
8983 8143
5500 9320
5698 8356
6726 6828
6956 5825
7028 4023
4863 7584
7470 1364
2264 9966
4044 5640
3890 2224
958 7472
464 5808
1908 3880
984 2865
3 125
4560 946
3145 480
99
4201 31
9674 427
8360 194
9720 300
9448 1678
8244 2464
8065 5320
6783 6221
6495 7934
7840 5900
9024 3748
8400 5250
9600 3800
9420 4253
6354 8288
7180 7530
8160 6384
8132 6927
8280 6720
9307 4612
9660 5545
9872 3918
9444 4616
9956 2160
9861 8395
9952 8896
8096 9148
9746 9766
6458 9656
7230 9460
8650 7947
6830 9090
9580 6794
9542 5932
6000 8608
7536 1584
7600 4612
8087 4446
8000 1982
8000 1408
7696 2393
8241 406
7995 700
6456 918
5173 1984
7082 3092
6133 6458
6088 8004
4648 8988
5960 8730
5737 8910
4586 9427
4006 9494
2419 9903
4949 8260
3336 8592
2440 9125
3768 7220
4952 7796
5366 6176
4298 6450
2330 7572
899 9220
2050 7708
5270 5875
5570 2400
4376 5500
3748 5788
204 9684
2068 7384
1107 8272
4096 5040
244 8788
2003 6017
3528 5276
4611 2126
907 6527
846 6522
2200 3890
1447 4888
2832 2216
694 3712
710 7016
89 5000
312 3220
3075 1564
2200 2600
3749 1228
3476 2309
2577 3900
4800 1252
4264 2480
5755 209
4197 621
3467 231
918 1928
882 2432
878 552
1705 193
10
2202 206
4065 1407
9597 5301
4080 1947
8616 5172
8873 8525
4129 9620
924 8847
4956 3450
570 906
90
8316 0
9121 115
4176 6664
6171 5880
6990 3626
6320 5732
6986 3980
6948 4724
7427 3298
9232 655
9662 657
5898 7065
5284 7440
6798 7005
5922 8001
7216 9194
8832 7744
6838 8125
9645 694
9822 1405
9500 2080
9170 3170
9429 4855
8672 5736
9300 5600
9925 2391
9844 2876
9796 8278
8774 9814
7315 9259
3747 9987
2220 8744
4504 9686
3086 8723
4836 9307
3732 8324
3471 8641
2012 7912
1592 8380
1880 9821
1344 9460
1125 8904
751 9778
116 6694
754 8876
130 5865
441 6692
6276 9440
3952 7784
430 4508
916 4497
6290 9284
3397 6088
3275 3809
3667 3020
3568 2842
2877 3616
1166 4350
3048 2408
2230 2421
358 3915
1143 1816
2480 2112
3584 2648
3959 3071
3960 3572
4160 4576
3926 2656
4656 4240
5780 4410
5047 1910
1390 1651
166 1339
6306 1890
3756 1210
388 408
1046 467
300 324
1558 8
1184 116
2870 30
2650 468
7660 30
7070 500
5576 1022
4910 438
4401 1100
7417 1950
7368 969
7230 1038
76
6059 121
9706 523
9195 482
7500 4240
8178 1861
3338 7318
4977 5592
3784 7073
2568 8936
8152 3958
7793 3780
9137 2492
9737 673
9777 2219
4052 8416
4746 7901
6240 6320
6875 6030
8961 5195
9350 5632
9004 6120
6496 7440
3248 8996
6184 8057
6660 8558
4941 9145
9814 7614
8857 8940
9178 8460
6767 9552
7399 9144
9440 7898
3120 9762
6608 8720
2097 9888
2508 9324
3336 9381
2992 8813
1260 9364
4498 5726
754 9849
7200 1720
7175 1210
2188 7964
3103 5410
2774 5780
1635 7842
386 8095
1736 4784
3148 3944
1048 4944
1765 3130
700 2129
569 7048
578 6313
319 4015
368 1898
411 1797
697 1138
2824 1664
953 1566
4385 2090
2280 3446
3640 2948
4436 2690
5661 3156
7257 952
6606 699
4480 1905
2172 635
4122 1339
4586 396
3320 1036
2908 471
1520 765
3426 339
70
2373 103
8021 353
3742 368
4800 518
8233 607
8715 716
4301 1093
7551 990
840 2064
9268 778
6712 1786
2440 2372
5314 2799
3158 4111
9599 911
9080 1826
6943 2615
7718 5040
5930 3922
7410 5148
6560 5166
6358 5755
7345 6255
9416 2080
9248 2450
9950 2065
9792 2630
9837 6696
9499 7612
9680 4016
8540 8004
8035 8320
8990 8662
8689 9287
7909 8572
4640 3650
6691 7110
8208 9573
7628 9300
8392 9900
4620 9968
5152 8779
3590 8004
4370 9881
1634 7731
934 7919
610 7428
1162 5859
204 5549
800 5664
42 5186
4382 5066
5136 5248
5160 7264
2690 5570
5750 8190
5695 8166
1384 5540
2239 7256
7122 9580
5056 4985
93 5172
303 2310
230 1153
1328 4184
589 1105
1501 1093
2480 1785
800 508
1048 518
27
2322 408
8907 1026
3514 1164
1855 4044
8532 1997
9419 1205
7056 4138
8775 5177
4448 7185
4800 6815
4118 7056
5340 5521
6678 4588
2108 7498
7280 7577
2340 8808
5445 8310
4104 8678
8541 9408
9822 4599
9284 9864
1157 9727
903 8474
1310 8250
876 4026
1594 8896
1019 1045
89
3332 102
7835 484
8200 2620
9021 1527
6159 5520
3094 9904
4350 9470
3217 9749
7337 6515
4914 8539
7030 7068
7473 7658
7643 5858
3456 9392
7247 5908
7156 4900
7816 5184
7500 7505
8475 3496
9304 6766
9189 1884
9775 2752
9818 2608
9888 6460
9501 7048
9727 7040
9788 7469
9598 8842
8908 6530
9154 9161
8536 9855
7632 9473
8240 6174
7785 8850
9015 5659
8464 5024
7152 9783
4140 9820
7452 8491
3116 9936
2718 9933
976 9861
345 8624
3838 6425
3154 8899
4797 5824
1652 7440
4360 5594
5820 4353
4976 4442
2020 6928
4314 4464
372 8460
137 8765
359 7215
8027 1802
101 6833
5013 3276
4833 1675
4400 1460
3920 1305
3856 1670
4383 2312
3904 1782
3269 4293
3715 2050
2441 4510
824 5626
1878 2508
1698 3065
2758 3649
812 367
989 1310
463 4322
742 368
506 3365
388 3900
205 1094
400 176
1681 731
778 236
887 152
2384 1083
2158 120
4270 650
5184 1034
5096 3035
5750 3175
6341 728
90
7827 117
9745 1145
9662 1792
9410 1814
9684 3292
9985 3780
7865 2022
7848 2385
6573 1728
8785 3168
9978 3793
9888 7623
9609 7594
9120 7315
9186 4352
8400 5120
9110 5376
8464 8098
7551 5716
8773 5744
6345 5309
7860 5080
5486 5088
7700 4208
6208 3250
5014 3890
4005 3706
6704 4274
4860 4285
5505 5400
8121 7772
4664 4860
9559 9186
5230 8856
8478 9391
7044 9985
3690 9884
4026 9439
2020 9380
2382 9240
2210 7114
2240 7850
787 8967
99 7600
6 7418
196 7326
128 7208
68 6205
548 6944
302 5225
53 5366
496 3959
555 4736
670 5707
676 2922
2914 6951
2810 5767
560 994
2075 4144
2584 5128
1442 1063
3614 8046
4358 7448
5398 7921
4996 8581
6176 8120
5019 5856
3287 5940
4165 4190
3792 4542
3954 3823
1873 1470
7000 2492
5462 2892
6175 2461
5012 2539
3001 2137
7020 3420
9936 4432
4775 990
2570 766
4352 1040
2888 1083
2157 526
4354 265
5488 430
6963 1905
6160 500
6929 78
9088 1276
66
5404 135
7961 860
6710 295
9250 1221
9658 2657
9386 2112
5954 444
5790 500
9381 3441
9803 4742
5152 3662
3854 1350
4304 3404
1240 3072
5514 4548
6480 5541
4722 6256
6600 5558
7106 4532
7704 4912
1928 8838
1542 9192
4360 7360
5533 7005
9934 6024
8640 7572
8308 7820
9989 6991
8400 8146
8771 9045
7680 9788
7064 9402
7720 9268
5440 8536
8478 7280
1850 9080
4839 8584
3050 9287
3828 9402
4065 9360
5917 9991
82 9913
4524 6964
1775 8705
2616 7351
780 5872
3472 6140
1181 5637
3395 5130
1372 4006
245 6650
750 2442
1024 1150
1600 1324
400 364
3792 992
2055 329
4345 672
4800 370
5809 3763
8840 4108
7780 3324
7796 3360
6168 3054
8078 2856
7292 2879
84
9046 94
9665 1454
7050 3954
4745 5320
3592 7790
6016 5760
5292 6970
6475 6976
6683 6164
7268 5304
5832 5760
7328 4240
5489 5825
8657 2788
7956 3239
9474 2174
7820 5336
7628 3935
7563 6577
9480 2414
7420 7996
9584 2231
8440 8320
4245 7892
3082 8416
3358 7398
4640 4896
1930 9100
3350 9120
5762 8994
3822 8648
5667 8682
9028 8568
9388 6187
9935 695
9818 2531
9675 8080
9878 5644
9840 9420
9780 8431
8262 9637
7755 9613
8257 8720
5007 9230
7525 9829
6806 9872
934 9620
2112 9360
1105 8320
4421 4944
3072 6008
646 6166
770 9874
230 7895
5 5955
183 6068
1360 5190
50 5010
4509 4888
215 3583
255 1625
2088 3992
4492 4618
4098 4084
341 1539
5230 4648
1729 1846
4489 3252
5769 3810
8578 2352
6540 2344
6757 781
5616 3229
3825 2334
656 696
5295 1700
1826 860
1568 240
2155 256
4163 909
6272 584
5076 342
5356 132
8800 577
73
1110 199
8297 330
5967 212
6402 0
8499 0
8650 47
8826 525
4418 532
7855 698
9862 1007
9613 1173
3220 1371
5476 1358
6856 1784
5848 2134
6772 2404
7632 1670
8558 2144
9914 1320
9978 5188
9565 3536
6200 2895
9165 3796
6107 2940
7659 3764
9816 4626
8912 6496
3738 4084
7525 6374
6738 5970
9184 8685
9195 8340
9856 6008
9434 8623
5545 9660
6090 9680
8790 9714
7308 9911
6390 9930
1980 9894
3211 6116
2663 8300
2912 7924
3407 5339
4990 5808
2616 8962
5918 6960
3850 9000
6268 7236
3776 4370
8852 8500
7782 7385
3616 4010
1384 6646
2411 4258
64 9640
10 4144
157 2907
162 8607
1548 5500
3496 2494
344 7202
189 4714
442 5177
1005 1842
499 2792
550 533
1920 1783
2559 2798
3750 2283
3943 2274
1980 800
8124 4544
50
3572 90
9108 424
2896 676
2980 1664
7474 682
9462 1582
9740 5024
9628 4776
8750 1608
9595 6992
8352 2833
5382 5303
7566 2360
5320 3440
5815 3966
5160 5498
4291 3175
5019 6775
3400 8350
4296 9594
5820 5978
5242 7940
7830 5674
6582 7765
6798 8968
8513 9346
4421 9915
2089 9266
4690 6640
1890 9360
1612 8658
2584 8416
2939 7221
2109 6492
4624 2266
869 8461
20 7088
1268 6977
2920 4800
5082 1313
3171 3958
3360 3248
1285 2660
1184 2130
1240 3806
1130 1040
591 990
668 1300
970 5760
168 884
49
8821 649
9769 2729
9552 3534
9124 2106
3427 1232
4264 2447
5436 2723
5341 2734
4284 2860
5856 4260
7800 4485
7984 6104
8130 2296
9056 4112
9835 4989
7070 7195
3936 3904
6248 6424
2205 3359
2850 2786
1838 3271
4926 6150
4681 6782
2840 6248
4415 7454
2444 7140
9603 9854
7565 9888
7591 9875
6352 9844
4100 9320
1153 9635
1280 9388
6913 8898
517 8824
80 8682
359 7960
321 6425
314 6071
272 5487
844 8549
428 440
952 956
5222 4670
744 33
4355 44
2505 1160
4460 88
4928 920
11
8947 1244
8751 3152
8311 6831
7891 9641
640 9171
1085 7167
3213 5808
1550 1582
900 880
3798 3168
5400 520
31
3096 168
8684 1806
7848 1860
6816 5210
4843 4227
3064 3244
5425 1788
1423 4252
3888 4392
6176 5120
3682 5981
3991 5968
5006 6286
8554 4778
5168 7733
1171 5472
3184 8446
3800 7104
5593 8569
6150 7219
9763 9118
6401 9359
7582 9424
2964 9960
425 9550
240 9510
38 5800
224 840
1080 815
2026 1144
465 328
76
1590 269
7773 438
7688 743
8310 775
7768 1180
9540 2877
9650 3835
9250 2624
8160 2006
9857 4868
9879 4972
7337 1145
8200 2701
7832 2020
9221 4376
9820 5628
8135 2750
6340 2060
5330 410
6670 3555
8000 2992
9408 5658
7790 4496
9140 5751
9768 6000
8683 6142
9657 6896
9475 7292
6905 4580
9964 9000
4212 4006
2832 4096
2500 2849
834 2530
4936 6140
2690 5379
3902 5468
1250 4178
2871 5120
1848 5628
9172 8442
9774 9640
9002 8965
8823 9308
7404 8994
8400 8226
600 5292
3328 7310
4336 8113
6420 8240
6416 8584
8219 9722
6210 9491
2681 7030
3733 9949
2308 7756
1948 8336
2467 9248
372 7954
1084 9005
1695 9318
1217 9560
276 9289
146 3444
507 7912
452 975
1272 1508
2640 1600
1061 1860
2383 2615
5741 4500
7770 6776
4640 3088
2802 1980
4225 926
3588 850
52
2300 274
8268 927
7864 2706
7311 3228
6320 2668
9157 5224
8915 808
9548 500
9623 5603
7856 5172
7212 5208
8844 5612
7308 6800
5706 7275
9678 7600
9483 6886
9809 7912
8922 8692
5564 7936
5340 7452
4900 3494
3112 3992
4785 5198
2160 4810
1217 5876
4048 8846
5090 9743
3855 9977
2828 9670
307 8500
175 8075
2623 7439
1630 7590
192 6268
96 5135
1066 6651
1770 7020
111 4711
588 4304
2680 3376
3198 3173
7153 3536
3013 2467
533 2001
863 1281
7185 2016
1280 1126
364 1429
1304 691
4640 1484
5424 1384
5487 1013
86
3231 93
7824 135
3462 955
7995 465
5066 1450
2478 1706
4590 2416
3730 1784
8594 3555
9375 4040
6654 1653
5829 2112
6151 1351
9533 207
7830 1230
7366 1212
9814 3376
9033 1592
9860 3070
9995 8047
8200 5448
8288 6152
9261 8425
9472 8768
8570 6132
8905 6568
9874 9306
8696 9872
8812 8618
8849 7520
8720 7280
8380 6545
6736 7056
8310 9886
6098 7686
5220 8250
6780 6831
4927 7575
5770 9771
6400 9295
5280 8336
7658 9932
4304 9924
3632 8696
3078 9757
2232 9323
2814 8584
3376 8350
3390 7705
1800 9840
2304 8615
63 8845
7669 5000
1620 8515
9364 4286
7000 5210
1246 7485
1206 8224
73 7584
7598 4322
8290 4020
2945 5919
5360 4820
4413 4866
414 6542
2548 4712
520 5875
2432 4686
5646 4412
1240 4784
3439 3728
4686 3964
4357 3636
7178 3165
3359 2704
4672 2924
831 4165
472 650
432 176
916 386
3852 630
3995 352
3759 304
2359 133
3910 50
8702 56
11
4233 1905
9557 3949
9866 9599
151 9994
4707 9430
2466 9390
2233 6803
1627 6146
1184 4595
2210 6394
3029 6766
69
58 169
6579 352
8635 1000
7450 1610
7440 764
6150 1368
4880 1218
5781 1011
3216 336
2134 2580
3510 1275
4572 2290
3517 1161
7992 2428
4320 1050
7063 2020
8384 1440
9741 1040
8890 2835
9856 2604
9915 5689
9561 5032
9450 4656
9484 4304
7024 2942
7275 3197
8978 5050
6825 4841
7366 4219
6540 4554
6488 3184
2432 2551
4594 4270
5660 4788
9520 6000
7696 7188
8236 6306
5625 7688
7911 7640
9385 7828
5776 7932
4880 9072
6138 9312
9072 8429
8268 9541
8885 9631
2040 9513
8128 9865
2460 9984
63 9835
137 7645
2285 7640
3128 7294
5158 7964
5028 6852
7120 5392
4800 5184
3019 6412
4532 7656
3120 7056
780 6292
434 6475
1450 5772
233 5710
1166 2064
691 4522
1384 3224
3792 4784
40 380
57
8094 134
9524 3890
9320 3124
9688 480
9750 3620
8848 6080
9466 6268
6972 5780
6145 4646
4855 3796
8224 7526
7168 6652
5254 4702
4156 3735
8612 8380
7267 7133
8199 8575
4674 5078
2713 6306
1985 6520
1579 6600
3830 7355
6617 9317
5410 9729
4615 9526
4355 9272
2128 9070
3304 8080
1884 7702
135 6842
140 2570
277 639
289 6016
403 3904
1060 4436
896 4340
912 6798
840 6881
1820 6150
2984 1152
1450 5925
1600 4834
1440 5220
1367 2056
1720 838
3500 1140
6060 3496
3943 854
7440 4840
3599 220
4140 423
9137 2880
5424 960
4872 536
6782 161
8065 1390
8286 2255
91
5680 14
7914 220
8200 730
8515 1328
6957 724
6560 995
6770 1268
8072 2872
8204 2572
8550 2570
8248 2476
9831 2198
9960 2589
9843 4765
9670 5140
8476 5752
8703 3368
6752 3060
9344 7605
8060 5565
8686 7650
7616 6786
7434 4375
7680 7650
8528 7908
9717 7946
8600 7970
7228 8554
9240 8103
9583 8659
8124 9855
4128 4206
3974 3845
4608 6335
4496 4778
5912 7535
4752 6718
2967 2800
3650 4518
3459 4778
2400 2312
1835 6588
2173 4104
6896 9160
6340 9925
5434 8877
5182 8185
2048 8878
36 9919
400 8915
2415 6612
2003 8465
3816 6194
141 7290
172 7150
1434 3190
708 7002
1030 5564
1712 3424
732 1900
694 5268
403 1233
1453 2614
1378 2170
1676 1170
1861 1120
224 234
1251 174
1880 586
2942 1650
1803 719
4076 2799
2575 320
4064 1170
4294 1335
4868 76
4736 2575
4515 2363
4288 2633
5968 4880
2500 2208
4408 3772
6880 7665
6205 6250
5120 4878
4677 4036
5516 4762
5946 5241
6064 5694
5822 1602
7314 7127
47
1415 8
5680 167
8240 5528
8924 5800
7884 3710
7422 1693
8052 2585
7200 624
8495 408
9308 7882
8837 1042
9900 1498
9382 1513
9717 1953
9840 2101
9558 9378
7087 3664
7080 5055
6531 7735
6626 9973
6070 984
5559 4272
3344 7139
5527 5298
3248 8309
2100 9562
490 9338
824 9328
3054 6108
185 8072
4988 2740
5520 2160
102 5746
81 5488
68 3828
242 1528
288 3404
3340 2130
576 5432
4942 2444
3888 1376
5120 2237
5306 1390
5025 1788
4894 1326
4750 1512
600 293
87
9936 26
9888 1671
9765 1441
8893 609
8880 2098
9888 2072
9302 3664
7500 3050
9872 4184
4870 2393
7604 2696
3247 1083
2695 560
4730 1392
7340 2578
7156 1321
8116 780
7637 1704
8125 976
8587 330
6077 178
6344 533
7696 680
7665 842
7485 976
5212 1124
3010 366
1851 975
2568 1760
4855 2880
7182 3243
8201 4193
3469 2910
7243 3940
6970 3975
5431 3850
9966 5522
9618 9078
9840 9710
9251 9164
9170 8066
8844 9921
1867 9946
6608 9620
4249 9514
8692 9098
2578 9552
7555 9060
7825 8752
8624 6400
7936 8080
37 9793
2734 9064
23 8590
916 2688
650 3314
896 2000
1575 1316
768 5392
1096 8370
1600 1425
1784 3460
2122 4295
5030 4578
3523 4577
4940 5421
1552 4522
2839 5920
1958 5435
1690 7794
2596 6064
2347 8000
2110 8840
4174 5994
4467 6485
7070 6808
8800 5748
7006 6100
6175 6280
5840 6150
7956 5376
9224 5430
5028 4540
584 202
2834 152
5034 957
3062 88
5
5040 2651
7040 3825
6109 5650
414 5868
3020 3230
24
3391 125
8567 3626
6220 3600
2824 4916
7940 3940
2023 5944
8912 3708
9735 1600
9085 4932
5401 5080
8896 5970
3625 7012
8197 7627
5710 9310
2825 9757
1507 8393
1565 9810
234 8225
952 9011
1111 1200
541 956
1047 225
2298 1904
3362 3204
13
1201 781
7333 1690
5260 2712
2693 4399
9480 6165
6720 7224
6547 9151
425 7960
1029 4713
626 7173
3296 2320
2287 1412
654 3786
95
2066 32
9037 705
5755 315
4240 0
4780 80
9543 320
8269 3778
8040 1872
7816 4699
7755 2225
6896 5494
7353 3755
7580 6904
9828 436
8960 3605
8000 6656
7002 8401
9015 5641
9544 1533
9656 2425
9419 2840
9810 2440
9950 1600
9968 4248
7965 7982
9920 6212
9350 9070
9936 8030
9715 8480
9079 9655
8525 9980
5455 8224
2470 5552
6000 8796
3168 6576
5900 9360
3163 9851
2880 9000
2416 9416
2480 7256
4088 9104
3645 8323
1950 5582
1440 5157
1915 8004
872 6766
1250 7230
1441 9632
248 5392
272 6340
280 7447
720 9551
140 7756
36 8586
134 5598
14 7810
42 3759
5159 7352
4486 6172
5120 6103
7346 9104
2886 3030
102 3430
448 2798
630 673
580 2104
1164 408
1624 1867
5648 4844
3065 2970
6500 5875
4095 4300
3800 4250
5180 5451
6488 7812
6500 6278
7800 1634
7820 1132
6884 2239
7262 612
6338 3444
6657 2000
5450 3396
4371 2598
3629 2727
2840 2497
3517 2995
6745 5036
2360 2364
5340 1481
5842 1006
5152 1251
5392 1022
3276 1933
2165 2243
98
3534 281
9305 294
8520 4264
9716 1530
9284 3980
9830 1761
9788 3557
9324 6490
9863 4605
9899 5427
9855 7455
9625 8480
9483 8437
8496 7358
8044 4306
8690 5056
7908 3928
8640 3315
7994 3074
7652 2000
8000 5422
5825 2500
7480 1781
6905 536
6232 319
4511 520
7910 6628
8608 7681
6940 5396
8146 8556
4104 528
4192 1362
5750 3903
8540 9544
8364 9380
8128 9200
7168 8778
8495 9810
6550 8553
6051 9828
2304 9922
3003 9776
3280 8989
4069 8800
1981 7480
3255 7822
4728 9399
6360 8876
2544 7404
5920 8676
5580 7164
6648 6370
5936 4938
4360 5920
5237 7143
4208 7984
4150 6256
3086 6820
3250 6665
2000 6910
1815 6379
2207 6357
2225 6320
3720 4514
2833 5240
3410 4248
2360 4972
3680 3730
2932 2800
958 2224
893 5238
1676 3375
2530 3472
2632 3819
1664 3464
1694 5148
1811 4951
399 9672
310 9137
196 7724
58 2542
314 7252
840 7568
680 3955
544 7364
90 2364
415 1679
583 3841
636 850
3513 2537
5480 5137
3461 1340
5406 4120
2763 313
3413 445
3341 809
4316 2000
8400 9345
27
7147 27
9329 7347
8060 4416
8824 6564
9656 9920
1164 3972
5440 8304
4750 9406
3760 9794
1280 8324
1372 6619
1304 4518
65 8319
275 3676
731 1792
2645 4528
7648 7130
5872 1880
6206 1006
3125 1589
3925 2809
6980 5335
5600 5258
484 169
5768 1020
6250 712
4916 320
87
9270 87
9550 310
4260 890
5722 843
7625 3267
8208 3461
7966 3125
9150 4736
8540 2204
7543 2440
9787 312
9701 4032
9350 5170
7372 3558
8994 6110
9690 6150
9879 1820
9999 5449
9822 7321
9960 7447
8910 6754
5066 1040
6784 3966
4128 1390
7300 5046
3585 1160
6052 4665
9706 8163
8960 8296
6750 8214
9340 8044
5665 7703
6724 7544
7215 7625
6480 7103
2236 5825
4913 7204
1025 5432
6016 8460
9066 9457
9172 9846
6154 8990
2004 6639
5482 8864
3684 8343
6588 9512
5202 9540
6980 9827
5944 9976
3950 8976
2688 7096
4149 9830
2053 8150
2637 7550
1920 7025
1740 6352
195 9490
87 7441
834 8142
770 7244
252 2353
1916 4484
4594 4944
4080 4972
1428 5480
1363 5537
2282 5502
2140 5410
4243 5712
3756 5387
5210 5692
8000 7500
5472 5404
344 1637
9027 7940
5368 4000
3283 2990
6076 5736
1174 976
3090 2492
5308 3824
1240 895
2058 978
1218 737
3358 590
8400 416
1243 106
22
6186 392
9818 4059
8170 3538
9490 7297
6680 5560
8776 8533
8000 8620
5776 9197
6180 8448
3032 7640
3869 7653
2246 7438
5936 7376
256 6179
620 1447
1454 582
2961 2728
4528 2862
5500 2565
1214 5290
5428 3452
8312 6288
90
5190 115
7002 745
6154 96
8750 1569
9298 1166
9024 1576
9052 2152
7928 2170
6992 2150
8196 3232
8015 3464
7194 2950
7833 3881
9487 1996
9920 4515
8043 4420
4897 5516
7816 4393
6750 3500
6569 3085
5770 1960
3432 2594
3436 2563
2656 3684
4925 2690
6717 3545
6328 3642
6880 3857
6780 4050
5450 5272
5308 4751
4150 6240
8624 4511
3745 6530
4280 8720
4820 8163
5066 8512
5075 7885
5572 8385
9451 5242
8507 7140
9664 7384
7092 8636
7650 7494
6480 7724
5108 8830
5872 9440
8414 8082
8396 8776
9676 9831
8215 9720
7532 9984
5216 9692
5448 9352
2540 9980
4627 2937
2376 9437
3514 4161
3836 5190
3633 3296
1480 9908
1300 8542
1856 3974
2176 7256
2364 6404
1916 4487
1785 2281
965 9672
624 8712
980 7443
668 8009
385 4908
1254 5859
552 4960
345 3360
366 6840
37 2086
419 340
492 2136
725 1482
1408 876
2332 582
1501 1304
1180 2710
1473 2416
2210 789
3311 1354
5792 1222
2051 1750
8736 2076
27
4842 498
8403 1637
9477 2583
9136 54
9961 4001
9913 796
9985 5112
4705 4840
9854 8258
5915 7067
3452 6400
8750 8999
4657 8638
3840 6736
4862 9975
2490 7731
2266 8438
600 3130
674 9991
325 7016
649 7800
141 4071
492 4280
80 925
2515 3628
868 710
1836 2408
44
7334 22
9406 397
8292 5680
9867 1615
9912 7444
9618 6862
9824 7296
9195 9782
8516 7234
9500 3634
8224 6866
8720 9908
7125 9325
8425 3620
8708 1042
4650 6590
8475 3058
3913 9794
4348 8369
4930 3680
3583 9171
4160 6600
4724 2928
3430 2538
3419 2695
3430 5615
1288 7824
2016 3750
960 6652
95 9662
96 7636
1075 1824
2864 4916
3320 1879
6552 3057
1319 1132
1130 1022
2570 722
2680 212
3500 519
3950 928
4848 2080
6320 2422
6688 2447
7
8907 3135
9622 5079
5246 9205
2970 9815
2277 8266
5776 1052
6968 748
4
7674 243
8273 5098
7582 9252
4301 6652
17
5767 69
8929 1305
5174 5144
6522 4907
9747 2645
9832 4115
9377 7578
5425 9838
4272 9996
1875 9791
570 8057
600 5155
660 3800
5596 7036
4918 4687
7762 2400
1922 117
23
2597 444
7876 2715
4459 8962
4532 8943
9157 3872
9346 5945
8716 4628
8140 8065
7510 8137
9094 8869
9005 5886
9445 9920
510 9721
96 9116
1927 9516
3870 6542
1292 8130
761 7901
1360 6394
19 1112
6692 3320
872 1330
6692 3203
61
7246 7
9723 10
9647 1604
9885 6454
9658 2909
9570 1546
9321 1600
9588 6066
9734 8124
5968 7132
8850 8171
2720 6250
3652 6716
8781 8951
5382 9960
5096 9760
7412 8880
1463 9722
6371 8852
1676 9612
1946 6830
2187 8088
5248 8344
6719 8066
3711 7225
2117 6435
279 9976
24 8537
16 5860
112 8780
92 590
97 523
754 8939
1480 4100
782 5068
649 228
3528 2518
3530 1306
5800 5000
6607 4388
7396 4016
3401 346
3584 448
5468 55
7234 1875
8176 5204
7760 4845
8752 6647
6708 6511
5404 4562
4054 4368
7050 6800
4135 4802
2804 3073
1789 4944
2143 1466
1680 5391
1248 6322
1390 6541
1775 5792
9500 7478
65
6527 44
9856 137
4540 1169
3478 2252
9750 940
4662 2544
7126 1604
1850 3608
4772 3180
7360 3875
7587 3950
6810 3211
6509 2060
9520 4622
7414 4874
9877 6238
9960 8256
9843 7896
9680 8941
9591 9285
8751 5764
9432 9280
7230 5678
9495 9595
7899 6881
6417 6105
9420 9814
5406 8902
2131 9924
2924 9548
3736 8933
3118 9333
1552 9242
3216 8399
1374 8547
2154 7731
2790 6824
2937 7610
4164 9056
5680 8190
4085 6530
3895 6440
7506 8068
5108 5376
6125 5229
6647 5752
6048 4211
4763 5408
1680 7130
4304 5020
6520 3936
2602 5704
2185 6043
1374 5904
0 5468
2900 4512
3719 3898
2091 4505
1640 4872
174 3670
126 320
216 2160
1470 2378
2900 133
2267 141
27
3261 120
8815 799
9932 3934
9868 8624
8720 1235
8240 6910
8280 8442
7644 5596
5421 7659
9222 9428
1856 9444
282 9820
7548 5340
2092 7231
440 7052
857 5838
1094 1067
3960 1536
4243 3030
1328 4240
3772 4339
6945 3082
5400 3560
6730 2204
2170 347
6249 1245
6190 1090
32
3708 399
5034 409
8968 765
9160 1871
6676 1027
9170 2719
9263 3417
7604 9024
8384 7057
8120 8282
9672 2680
9830 4056
9964 7372
9886 8880
9743 5027
9017 9330
4498 9969
3340 9522
2409 9890
1585 9653
5774 3982
1854 8798
1056 8515
2000 5934
5850 3532
7618 4808
7328 3400
7495 2520
422 4701
381 3453
293 3430
2544 858
79
4185 132
9184 1059
7510 410
7000 83
7728 150
9889 1214
9360 2285
8482 2364
7280 1250
8154 1890
7136 1076
8560 3235
6828 2125
6510 1184
6454 894
3880 496
8002 3044
9756 4000
8354 4320
6360 4180
6040 4502
6375 4605
5472 5265
9960 4700
8874 6477
6100 5188
6800 6696
9930 6439
9942 8072
9784 6672
9960 9122
8588 6708
8873 7881
8597 8880
8336 7832
6870 7152
8445 9712
2300 4576
2150 5585
2584 5055
5357 7576
3020 7040
6347 9403
3280 7568
6439 9738
5156 9850
4139 9774
2045 8595
949 7892
732 7788
1507 9292
803 8851
311 8331
1430 6848
3000 8844
266 4644
209 7308
160 8992
122 5408
153 1418
1612 1130
1688 3350
2275 1610
4135 2286
1108 4720
2329 4500
5032 6368
2872 4166
3240 3836
4149 4375
3732 2641
5853 7020
4800 4726
6229 3780
6126 3155
6924 2902
1957 304
2064 1780
1270 193
80
864 26
9960 44
1768 64
4341 1695
3960 1036
4594 176
9967 282
9109 5968
9984 1886
9470 4672
8961 6522
8565 2544
8330 2052
8864 7533
9985 7717
7994 8308
8661 8408
9730 9262
6480 7570
8520 9850
4684 8624
7948 9923
5124 9998
3003 7757
5015 9392
3710 8295
7154 9310
3160 6582
1700 7930
2377 7725
982 8348
2293 6506
2662 5509
2206 7080
2455 7070
3115 5984
7778 9430
5396 7396
1011 1812
3401 6111
928 1984
610 1347
456 1636
680 5675
756 6549
704 5730
1224 3956
1348 3168
867 9600
621 8618
220 5288
400 8984
32 2100
53 451
79 278
5984 7354
5560 6769
231 70
3552 3515
4836 4085
4050 4017
5637 6836
6032 5946
6560 6368
8680 7978
8380 5305
7987 3416
8048 3320
7858 3404
6190 650
6320 1276
5740 3128
1256 30
5308 3202
1632 400
4149 2752
5470 4024
7175 5062
5528 5830
6600 5082
3
6903 3232
7923 4795
2858 8241
75
2011 179
9506 1566
9545 1960
9871 7856
9856 7840
8900 4402
9172 6432
9244 6775
9745 9905
7165 9912
8962 9535
5068 9950
6860 9411
5520 8438
2696 9040
4080 9963
194 9616
990 9156
3367 9810
792 8763
3200 7235
1425 8248
2562 6748
189 9370
296 6772
178 4980
158 2916
538 7680
334 1267
396 972
750 7922
949 6908
744 5312
1265 2170
1368 3008
1188 1470
3392 3108
6964 6460
5495 5625
1801 4716
5390 5856
4701 5960
8000 7704
5332 6508
4359 6680
1920 4960
5639 8286
6450 8656
7253 8407
7673 8636
7482 8160
4112 6715
5280 6694
9456 9323
5770 4246
6690 5858
2000 1508
3478 2548
4540 3720
6192 4098
2631 1825
952 513
2704 975
4412 2160
3600 1970
6692 4277
9197 8924
8438 2773
9184 2544
8972 2570
6368 1648
5415 896
8016 3032
8140 5690
7288 3128
58
4700 104
9499 1558
6276 872
5658 1650
8680 2705
2392 2032
9974 3282
9200 6080
9533 6054
8233 6364
7648 5750
6262 4714
8543 4007
6055 4268
4433 4960
4540 5049
9656 7705
8800 9475
8996 8981
2752 3888
6575 8000
7715 9507
6736 8245
6784 9492
6380 9855
6480 9390
4224 8073
1945 8768
1662 9919
320 8680
384 8210
968 8400
850 5360
669 7252
720 3680
4370 6781
2006 8158
985 8896
1550 8850
4026 7576
5262 7693
4726 6672
2560 4108
2088 3967
235 3478
4210 3038
6420 3664
8352 3865
9090 3704
3843 2372
7604 3340
53 1775
4942 1952
770 1120
2334 675
2694 948
4726 1066
5218 858
67
9442 22
9750 586
9705 6990
9736 6765
9821 9277
9564 9566
8816 836
9150 7218
8468 7152
8444 7210
8104 5401
8012 8930
5880 8464
2757 9545
1236 9148
2617 9140
6408 7679
5520 6408
7048 7124
6542 5389
1504 7904
1730 8474
1050 8459
740 7290
1667 6447
351 6662
3297 5662
376 6604
1567 5838
19 5874
5212 5450
5280 5182
7820 3190
2006 5072
1742 5040
1848 4802
2727 4536
19 4755
41 1817
452 848
584 753
966 2112
2330 3656
1305 1914
2459 3021
1163 368
3532 4228
2396 1358
3024 2120
3220 2928
2840 362
5284 1727
4216 1408
4606 1409
3378 1150
3600 3200
5258 3710
4545 2800
7371 2439
5016 1109
5500 1125
5539 1139
7000 1869
7578 1281
7648 1038
5709 535
5944 200
38
1312 249
5287 1487
6070 2358
5338 856
4353 854
6640 79
7000 3532
8610 4608
7246 2970
8000 1796
9010 2551
9006 2899
8707 4914
8877 5342
9318 7187
4570 1488
9090 8442
3464 1264
8143 9830
7594 9926
6880 9519
5012 9772
2204 9405
249 7264
1024 8765
198 9441
112 6855
123 2761
477 3245
404 2713
1442 4388
3430 8177
838 1812
2493 4537
1006 2186
4854 9498
6870 8611
2750 1324
14
570 330
5930 1135
744 138
9930 30
9626 4176
7344 3553
7085 2818
6347 9764
2555 9383
2336 8672
3486 6033
6246 4350
5951 8605
6720 4310
73
5999 273
7601 463
3352 3385
8830 412
4655 2713
6983 1804
6804 2119
7894 2144
2533 3760
4812 4448
6736 3364
5718 6726
7580 4711
6876 7100
6589 6800
7264 5660
5337 7952
3172 6807
1530 6112
1815 5750
2192 5348
1189 4735
556 6300
5620 8264
6848 7552
5790 8168
6242 8288
7420 8808
8826 822
8848 2620
8238 5200
8736 4808
8844 6004
8952 4000
9976 2472
9925 9354
9855 2816
9166 5264
9811 6236
8324 6241
9634 8444
8900 7715
7853 9942
5176 8464
3755 8656
5130 9226
3916 9471
3184 7500
2631 7785
1325 6915
3796 9452
3215 9204
2556 9291
1184 8757
926 7677
35 7456
900 3168
1642 2643
4880 2304
1315 2112
189 4338
262 1824
339 1401
1448 1433
5291 2051
4358 1896
3634 1290
2345 1432
3228 1038
1535 966
4094 610
2236 400
2677 99
82
504 33
9276 213
4986 222
3100 346
4880 783
5564 487
9518 916
9771 1095
8218 1242
1846 624
940 85
2268 1340
6702 1204
4569 2492
5546 1313
3336 1524
5812 4211
6044 2810
6990 3576
6192 4146
8289 3057
6192 2366
4735 2780
8566 1660
9329 5184
9218 2592
9685 4364
9972 1834
9714 6427
9240 5662
9579 8599
9287 6341
8261 2030
8653 4979
8548 4336
7787 4550
9310 9308
8720 9070
7518 3600
8550 9859
4288 6844
6380 8644
7485 9964
5509 9826
4224 8866
4608 8455
3870 8378
3286 7248
2473 9752
1332 9512
1225 9487
2077 9432
818 9256
1 8738
184 4898
2304 8672
190 8518
2340 9170
3101 7216
4364 6773
2385 5875
1952 4935
15 4648
274 3073
54 4584
500 2000
4577 6480
3498 5200
2765 4256
4599 5914
4392 6101
7736 9200
832 1815
1144 1797
1400 2240
3272 4242
7888 8788
7047 4407
7204 7008
6245 6268
5792 5184
4562 4423
40
8907 35
9702 133
6414 7916
9186 7435
9114 4208
9836 1303
9507 7338
9082 8034
9840 7870
9640 9264
7844 8807
7573 9864
3736 9928
6984 4214
5754 6236
4732 3516
3981 8205
3747 9680
2773 9904
2295 9248
1908 7750
4246 5516
544 8922
4260 4617
172 8194
5480 2583
4095 3673
2832 4510
1665 4546
1916 4483
320 4040
448 1464
3013 1512
4800 1684
4594 1802
7948 3194
8048 575
6670 1000
2185 998
3960 4
76
4137 1
7466 181
2496 336
4204 616
4932 760
3843 916
264 3568
2096 3946
2731 5095
3170 4477
3016 5131
4828 4920
2908 9149
8392 6856
4608 7900
5218 7728
7000 5092
1571 3564
4334 3630
7563 3936
1535 2834
6200 2025
2560 2432
6808 922
2720 2305
8280 378
5500 1680
7951 1640
7350 1920
5864 2650
7994 1672
7846 2952
9078 468
8848 2526
7456 6414
7635 6458
9231 1393
7702 6250
9920 736
9735 2739
9469 7136
9360 6304
9304 7318
6400 8080
2790 9690
9790 7232
5000 9488
9646 7590
6250 9015
7451 8732
9374 7917
9380 9696
7327 9935
8120 9064
6625 9050
3771 9855
6241 9520
3055 9980
1321 9408
455 9848
3600 6340
1300 3900
3152 6325
1760 4950
2477 7050
1840 6384
1277 8400
80 8850
157 6385
10 4399
760 7360
87 3228
1400 1087
788 2067
1413 776
272 17
6
7043 526
8360 3558
2474 9596
1408 7260
468 4603
837 3780
44
914 402
8977 626
9088 116
9520 4850
9240 268
9519 2473
9825 5907
6992 2990
7448 3803
9322 6160
6771 4660
7696 5600
7360 6124
9488 8600
8524 8757
8273 9276
6112 2765
6393 784
4472 662
3260 1197
4820 1388
2792 4683
6104 6016
5129 2720
7017 7680
4399 6132
7884 9813
3153 9546
2464 9139
360 9050
360 7539
840 5272
1240 6628
2860 6875
3550 7200
5110 8384
1780 5440
6625 9196
7069 9429
289 2649
2120 3164
316 1156
2158 1775
4000 1558
35
2241 724
7398 1337
2951 1075
6856 1600
3654 1379
3256 1526
3600 2150
3045 5392
4250 6928
8548 1150
5625 6857
8960 568
9214 1600
5364 8675
7775 9494
6286 7895
8452 8484
9432 1837
9515 3687
9732 9950
812 9975
4250 9700
2908 9638
1268 7806
4798 7720
1423 6349
1031 6208
1584 4290
1319 4234
907 6837
1648 9845
361 9405
281 5688
1003 340
1140 2118
64
1484 116
9710 1290
3888 785
5714 1164
7068 2392
5350 1746
5824 1540
3577 1740
5185 2752
7964 3346
1635 2302
1960 1408
1083 3764
878 3952
1956 3404
1902 4249
3116 2630
5256 2925
2536 4516
2602 5140
4253 5322
4495 5607
4648 4156
6264 4250
6149 3050
6488 5204
6266 3485
6738 5935
4790 8265
4004 9593
9879 2514
4432 9147
9846 2798
8984 5610
7856 8080
9290 6540
9863 9344
9256 9736
5865 9930
9622 9428
8482 9200
7160 6874
6176 7428
6014 8765
6844 8740
4957 9686
5562 9888
3099 9974
2325 9633
3479 8552
1816 8837
1440 7750
1071 8136
1302 9445
258 8963
648 6658
2994 8555
4800 6426
3900 6144
5072 5736
208 6032
265 970
3452 1452
299 586
30
2875 594
8425 667
6625 2856
9090 720
6998 3072
9640 1860
8640 4546
9955 3974
7296 5808
6850 5728
7723 4912
6330 3153
4673 2442
5384 3709
8040 7480
9990 5455
9036 9531
5544 8841
1338 7308
994 9159
548 7004
7730 8560
7025 8128
2100 5460
5648 6522
9088 9287
438 1038
6608 6875
7041 6863
2159 1946
17
3615 399
7416 1661
9660 3776
2708 3968
8996 4658
9402 4928
8325 6059
1189 5060
6742 6576
6598 9546
3857 8679
711 7750
1084 5037
416 3632
2710 2880
4748 2104
1128 3248
77
1101 48
8500 829
5948 525
5301 168
5106 115
8176 318
7430 194
8073 214
9638 192
9563 1099
9825 4804
9576 9182
9664 3688
9234 5320
8684 7234
9177 4840
7420 3756
6904 4156
7990 6039
7373 5026
7514 5534
5778 3563
8516 7154
8789 6554
8324 8548
7170 7309
8640 9133
7372 7920
8180 8778
5184 7266
1550 7281
4482 9006
4072 8064
7384 9155
7328 9152
6103 9642
386 7735
2437 8902
1336 8975
1961 8956
4331 9392
5424 9699
3824 9910
909 9150
110 7260
595 6055
284 7279
2445 7227
2840 7128
2760 5208
45 5773
2200 4708
2688 4238
2974 6799
5864 7253
6808 7683
7552 6760
1108 3046
3312 2852
6264 4375
5615 3761
4329 3172
7502 2877
7720 2200
9170 1694
1696 2317
4456 2672
4604 2730
896 3028
592 1846
42 3397
363 840
2304 796
2955 932
8198 1127
7241 841
5008 524
76
9269 331
9991 992
8677 199
9870 1805
8015 208
9250 1952
9490 2430
8415 992
8518 1631
8013 2430
9116 2604
9971 5340
8352 3529
7123 1156
9885 8805
8512 9480
8792 8395
7632 9077
6513 6240
7096 5100
7344 4234
6040 4352
5789 3628
6451 3980
6844 3201
5688 3371
6380 5834
4410 3152
5905 2899
5162 1971
3856 2478
7614 9620
6025 6944
3388 1675
4143 3725
4483 4880
5035 5640
4860 6000
5870 9077
4520 5750
5690 9575
6084 9881
4942 9955
3302 2932
2691 7125
3833 9250
2482 7940
4250 9965
3145 9112
1492 9750
1637 9780
1806 9915
156 9360
816 3353
79 7594
68 1127
870 731
1854 5280
605 8576
1992 7892
2048 4288
1228 1700
2285 1777
2504 1549
2193 7595
3312 364
3300 320
4090 560
6172 2568
5728 1390
4800 520
6626 584
6598 712
6484 2852
7067 122
9420 62
27
8022 581
9524 3196
8711 161
9256 1734
9414 2614
9709 3869
9448 7567
7138 3218
9904 9124
7680 4688
9052 9406
5986 3747
7180 7188
5767 6384
7197 9394
2023 9878
4488 6948
1603 7655
4726 1493
3282 1292
338 7620
16 6161
416 4482
12 3298
368 1515
1474 646
5699 210
97
5426 21
8646 356
5986 804
4600 665
5067 980
9294 588
9641 56
8978 3121
9180 1416
8370 4450
7860 6228
6377 7168
8260 4624
6312 5220
4368 8410
5825 6104
5060 8287
8553 6484
9736 5665
9185 3866
8208 5926
8890 2902
8823 3384
9922 3010
9695 8446
9053 9814
5269 9890
6362 8992
5328 9640
3358 9880
6975 9900
2680 9964
8428 8352
8132 9548
8602 8213
2988 9837
3584 9172
4750 8938
2240 9282
1732 9528
3284 8296
3710 7637
3700 7553
1600 9360
1776 8300
2770 7629
2050 7504
3718 918
3404 2761
3100 4253
6561 2280
4366 6593
3964 7376
4174 5552
3549 8684
5488 6522
4200 7560
8647 1562
5874 4863
7131 1600
5496 2773
5412 2556
6230 1728
4976 2860
5270 2174
4980 2250
4346 935
3526 660
1384 9759
2357 5088
2490 3100
1900 7032
1480 8680
2760 924
1808 1240
1080 1626
618 2096
360 2512
1106 3419
600 2959
920 3274
560 5140
1588 3515
2071 1634
796 7284
1418 6620
1100 9567
40 5572
398 6602
1110 8690
105 4306
353 139
33 2302
228 90
450 2
1420 523
2298 1016
39
3376 211
9380 247
8400 2040
6855 2920
9535 2346
8820 3148
9191 4802
9021 7678
8046 4882
9180 8546
8322 7880
6559 9620
3240 9975
3344 8700
3783 7000
4886 9503
5728 9349
6277 7940
7156 5361
5135 7880
4416 5552
3120 8147
2478 8318
968 8550
874 7812
467 6467
3356 6667
3952 5808
4120 4802
92 6100
3325 4249
8125 5482
3696 4128
7479 4352
3160 2700
158 2011
3615 454
5812 3100
8200 4558
46
1713 140
9605 1095
4176 1164
6072 1936
9316 2414
7370 2150
9800 3200
9894 6330
9997 9376
9127 9428
9830 6048
8939 4140
6850 4424
8938 6223
8882 6538
5900 4000
6469 5191
9298 7980
8550 8347
7064 6840
5226 7788
5250 6094
5522 6016
5380 4680
4680 6027
4296 3504
4420 3067
3981 1600
4052 3704
5501 9137
3224 9038
2718 8908
3300 6444
2595 890
1678 1502
2600 4368
2945 6992
1536 7425
561 6646
10 5951
68 4100
461 5421
1640 3788
216 1820
2020 3280
161 1121
52
7008 182
9699 619
3984 717
2728 3216
4143 2121
8518 1057
4043 2720
9947 686
7476 1705
7310 1662
4150 2960
6824 2252
5225 3450
2630 4055
1537 6030
7885 1830
8872 1378
9866 1956
4310 4649
4998 7740
1711 8430
6116 7552
6448 8470
5458 4127
8736 3756
8755 3992
8393 7086
8485 4875
8251 6720
6360 9185
9845 6274
8288 8287
8631 8515
6848 9745
5470 9804
2343 9954
508 8031
2729 7299
3548 6250
5 7678
1879 6775
16 6856
3127 1144
3795 299
1634 2060
174 1725
205 1319
297 1079
2640 1170
1043 306
3504 16
4999 119
29
1295 363
8356 728
8666 816
8696 2577
8389 5044
6768 4574
7999 6237
7828 8570
2928 2288
7722 9443
2364 2113
6043 8411
3370 6717
3699 7352
2944 7652
918 9881
3038 4912
2634 5061
603 8740
2880 3996
1106 7600
66 1634
720 287
5088 2340
5995 4346
8640 876
5840 1400
6553 1740
5580 2246
44
4 142
9778 1209
9672 270
9970 2628
8226 1915
9640 8691
9645 8903
7518 1746
6527 1544
4668 920
2827 983
7394 2222
5440 3040
5550 3884
968 838
1537 1648
3445 3093
2476 3080
2592 3337
2208 3282
5030 5950
6531 4524
9642 9080
9443 9805
7750 9362
7414 6456
6891 9821
6477 9280
3208 9569
2010 9761
635 7151
540 6933
5128 9372
2880 7325
4292 6542
7090 6032
496 6000
192 9338
352 6802
164 5043
3240 5686
104 4128
1108 4303
496 2849
40
8312 193
9993 365
6514 4162
9440 3595
9818 4380
8516 5064
7015 4476
6260 5580
9681 5580
9561 7878
9000 9420
7356 9859
2898 9147
6258 9640
7584 6905
8219 9216
8052 7354
8520 6916
5496 5190
6823 7336
2556 8489
994 6602
2340 8108
507 2053
1560 2523
300 1089
2120 2926
1931 774
4807 256
3352 3383
3498 4274
2230 6480
3826 6608
5100 4044
4662 3452
6095 3176
4636 1870
8152 2343
5314 207
3056 204
59
4181 11
7801 78
4624 237
4020 557
8899 807
7108 1399
5578 2460
7122 894
5196 812
2816 2292
4460 2584
6875 2604
9323 680
7494 2480
7637 3220
9432 1612
7919 2990
7324 3804
9621 2560
9660 4026
9809 7106
9760 7439
8149 3984
8691 8084
7576 3792
7840 5272
7945 5964
7488 5715
6832 3871
6658 2940
6966 7628
4735 6264
1837 3753
1540 4747
9314 9773
8240 9724
6455 9103
6592 8854
5876 7768
3696 6145
974 4931
5904 8660
2456 6896
5588 9500
4887 9471
2575 7952
844 9151
530 6636
416 5300
260 2960
208 1928
2373 4018
1661 2308
6150 6807
6282 5701
4366 2896
4604 4984
843 943
1932 105
47
6383 190
9665 241
8532 828
6564 208
6800 1968
7171 3112
8205 1202
8791 1744
9939 1354
5565 5385
7500 5976
8880 5800
7806 5068
7470 4384
9996 5824
6000 7400
7000 8426
7753 8388
8134 6852
8571 6460
8072 8351
9168 7282
9979 6931
8776 9025
9224 8752
7870 9815
7308 9848
3338 9668
2160 7215
326 8670
0 7567
58 827
280 240
482 3440
4070 314
3056 2498
2600 1994
1625 2480
572 3710
5266 2688
3520 3440
1568 4764
4500 3165
522 7200
4142 5090
4480 8410
4257 9466
61
583 240
6333 297
5316 140
6898 342
5936 943
5916 1772
5692 2460
1949 2654
3058 4000
4628 8626
4538 7410
4800 2918
9578 793
9816 2032
9848 2544
7248 5092
9032 2353
8101 2370
5258 5046
4960 5361
4878 3150
4960 6136
6198 6460
6540 7597
7821 4780
9460 8032
9933 3864
9884 4818
9760 8784
9866 8170
9575 9947
9160 9120
9575 8968
9364 8283
8141 7760
6944 7748
5069 9828
4077 9709
3074 8695
3638 7708
2880 8400
1024 3332
2625 7877
1500 5800
1796 9682
1248 5176
770 2986
672 2128
735 8083
473 3464
543 9033
228 7729
328 7340
180 7325
328 2218
545 4080
278 1400
382 526
971 1346
4703 9545
4318 8538
69
3027 193
8013 1103
9211 1824
9590 3068
9803 80
9689 2293
9952 3232
9998 215
9953 3427
7160 9280
8440 8848
8510 7737
9360 8680
9298 5520
9761 8312
9979 9760
9600 9867
9492 9259
5500 9704
9099 9619
7119 9710
6396 9832
4145 9765
2640 9810
1760 9766
5526 9520
86 9808
206 6621
236 9670
5210 9472
6069 7216
4432 8544
4599 7448
2576 5710
866 4900
3872 9381
2632 9175
1671 6520
785 5737
1050 6793
760 6400
1220 8992
329 4648
6060 6616
7680 6312
5167 4193
3163 3634
3384 5152
2136 2952
2345 4630
976 2032
1557 4851
0 1753
5190 2534
7004 2022
2912 3178
7644 2759
6571 3432
5585 4140
6798 4580
7360 4368
8622 3392
7741 4098
9255 3416
8224 1243
4230 1824
4746 706
2272 1344
3682 596
29
2978 122
9701 2279
5540 7300
8125 8073
9640 3115
9928 3893
9970 6401
9900 6920
8774 8893
5695 8667
8352 9042
1853 9610
4644 9392
8700 9325
492 9700
72 3585
3155 8756
6290 5944
7575 3556
7248 3703
4465 6142
4910 1673
3175 1462
1224 2350
3822 6250
282 1412
1245 782
1376 224
3750 640
34
2248 548
9192 795
9920 5983
9912 6644
9696 9908
9678 9116
9818 6795
9047 8444
7657 5290
8296 9565
6485 8790
5623 9410
6452 2072
5280 5584
5385 9564
4570 3440
4890 9048
4633 8932
3632 8772
3580 9766
737 9852
782 8389
139 7708
4226 8057
3689 7844
6 2625
4658 7119
3965 3080
3122 5600
4470 770
2960 4073
2910 2757
236 1402
156 1133
21
7530 499
9700 2286
6442 4327
6368 1506
5606 1604
5522 1284
3224 6739
6450 5015
6061 7760
8668 5433
8927 8983
7328 7040
8091 9946
3755 8020
1135 6629
1875 6382
1223 6258
1236 5717
2504 363
3485 4474
4419 660
58
7181 121
8158 526
9594 800
6205 2105
6450 566
4326 1375
6089 5998
7875 7512
7188 5618
9276 6960
7160 5339
6792 5025
8480 5240
9124 5048
6000 3456
7753 1840
9500 4216
9080 2460
8325 1844
9671 2274
9159 9153
3943 5187
4773 4728
2602 3988
2451 4020
4672 2600
4464 1794
2368 2270
2288 3744
2549 6106
1643 4848
4036 8527
4005 9707
4248 5700
3376 4852
7331 8568
5250 9718
4459 9778
2167 9946
2360 8759
553 9574
3216 7626
77 7734
833 7460
1784 2882
1290 3942
99 5869
138 4165
154 3795
146 660
1160 211
1040 1972
2500 1325
534 3042
6044 587
4408 1216
2287 647
2989 556
38
7847 30
9730 2653
9728 7386
9636 9277
9252 9951
5949 9529
2008 9000
7946 8750
4588 9085
8528 9290
7521 6636
8846 9120
9203 5821
7632 4190
9024 1866
6902 4981
5104 8132
7626 2745
4695 5555
3816 4827
4052 6806
7050 3344
4257 8712
3462 8599
4195 7073
548 9811
1886 6877
1480 3270
280 4508
330 7650
32 4766
2250 2264
2000 288
3319 7445
4015 2097
2867 1163
5916 290
4934 5005
59
281 47
1781 79
1480 134
540 2298
2530 2663
5783 2788
4725 2130
5677 1206
6289 3280
6219 1904
8109 1296
2424 94
5607 273
9239 1092
9688 2224
9522 2618
8202 2016
7567 4440
4362 2740
9086 5514
7840 5983
7126 5919
4144 3170
8073 5504
4580 2918
417 2684
5862 5169
4904 4200
9851 8164
7956 7800
7559 8400
6048 7932
8924 9118
8199 9712
6380 9189
4180 7474
6114 9674
3230 8168
2719 7776
7507 6482
6570 6036
2458 4400
4381 6097
2072 5036
2458 6330
4722 6130
2403 6544
1784 4321
2950 8690
1355 5780
2623 9458
1571 6448
801 9989
680 9939
32 6822
1070 8213
275 2082
201 6650
96 5036
16
2966 455
3542 700
2294 2736
1584 4650
3456 1414
5430 796
3800 1502
6664 3662
8210 3831
9892 5252
2995 4912
6642 5500
7594 9633
1142 9807
213 5898
1151 5808
36
2372 668
4933 841
5922 386
5928 1105
6270 592
9787 600
6366 4161
9129 1384
9203 2115
9640 4284
9967 5283
9445 8912
4404 9035
5081 9617
2500 9094
4046 8247
6293 6018
3335 9104
3904 8928
7328 8735
8048 8562
9845 6060
9428 3518
6605 6796
6920 3920
351 9222
7292 3094
200 7005
1574 3390
1264 2780
2578 2995
4180 4373
3974 3893
4562 4142
1000 1885
6750 2103
3
4410 498
8890 4393
1534 3941
74
9801 259
9856 9300
4754 7579
4278 8528
9847 9337
4112 8505
8642 9649
3480 9600
7532 9813
2649 9896
140 9885
4640 9273
2534 9500
4698 7131
4669 6244
2988 8247
2428 6435
2400 7750
1232 9164
464 8812
340 8140
198 8320
155 7850
598 4464
772 3725
15 1335
384 0
1452 3342
2765 1200
2677 3860
1245 4100
1107 8078
1698 6130
2404 5975
2775 4152
3740 3830
3838 1160
3998 1472
3846 775
4267 1897
4375 38
4510 968
5983 426
4322 3918
6924 947
3423 5164
8495 8454
9354 8270
9100 6372
8460 5842
8958 5910
7656 5694
6390 6740
5932 5514
7752 5654
9472 5488
6062 3937
5612 4946
5268 4590
5460 4928
6810 5222
5745 5116
3905 4752
5176 3750
7970 4156
6750 359
7422 2217
8617 1072
8479 838
9035 47
9016 2705
9089 2864
9195 168
9728 7476
62
1556 30
3879 69
7284 0
5648 630
7560 391
7336 1016
8826 446
7282 2480
9117 1011
9418 920
9800 1174
9832 4928
9825 4159
4700 2298
7662 3432
6052 3210
8960 4454
3610 5216
7000 3898
5875 4325
3604 4887
4280 4594
2000 3322
811 4264
2634 5376
1106 6268
4675 5136
2008 7088
2730 7318
6322 4885
9336 6211
7182 8352
9797 7435
7317 9285
9471 9193
3281 9706
6206 8946
7875 8198
5770 8930
7824 6000
1380 9727
3649 7581
3018 7792
6610 5094
452 9293
80 8820
171 5282
235 6846
616 3984
394 4248
1285 1793
1860 2507
4608 2892
1530 3100
5914 4251
5076 3500
4118 1860
3699 1718
6461 2387
7016 636
1414 1195
450 2570
64
3876 202
8538 744
6824 839
3202 550
4660 924
4474 1290
8957 1506
8307 1302
9248 224
9877 928
9841 3224
9758 2494
9490 1700
9527 2834
8938 4086
7672 4622
6324 1450
7610 5922
9160 4920
9846 3809
9569 4551
8758 5810
5732 7720
7100 6928
7175 7465
4815 9293
7424 7538
4402 9598
9097 7480
5672 8880
7974 7496
5010 9236
9840 6100
9888 6632
8688 9420
8705 8834
9127 7974
8030 9584
8298 8850
7196 9770
2099 9907
1049 9668
3514 8308
5540 6827
296 5505
1676 8464
3108 7316
880 9280
1144 8875
354 8880
226 8116
35 3584
3578 4622
591 4224
4829 5640
5328 6072
5458 4241
2619 2913
781 950
470 808
6933 3701
6515 3312
2176 1152
800 399
21
3553 95
5588 446
5510 351
8132 1975
5745 3751
5259 6046
5860 5026
8564 2748
7782 5911
8966 3661
7817 7233
9314 7685
5671 9976
7648 4700
5080 8328
4112 4784
4930 3018
252 8576
26 7521
821 429
2085 4892
95
7527 145
9674 232
7525 1590
8620 1060
9168 1775
6060 4462
4980 4673
6018 4442
6640 2624
6976 1936
7352 336
5065 3510
4438 5063
4292 5900
3600 7970
4412 6214
4571 5326
5279 5305
3875 9499
4266 8520
6052 5676
6956 4510
4559 8983
8100 2768
9763 4276
8998 3030
8550 2964
9928 1584
9774 3856
9795 7636
9961 4159
9992 2752
9935 8603
9248 3912
9606 8553
8607 5920
9640 9922
7726 7154
8784 5081
9300 5248
8762 4010
7410 7304
8105 9136
7825 7792
8314 9868
7034 6447
5968 7294
4754 9060
6702 8040
6400 9176
7465 8864
7490 8509
7762 8856
8224 9660
7512 9056
6537 9977
2882 9513
2550 9993
4920 1685
5261 2712
4948 1464
4382 1500
3080 1500
2052 6966
3876 4752
2536 6400
3460 5820
3148 6784
1647 9633
1214 9882
145 7086
26 3400
346 6446
66 2477
490 5208
648 5200
140 1615
1229 8280
445 1000
535 638
1612 2781
1254 5524
2030 4312
1964 2241
2205 1816
2790 2768
2798 431
1344 1079
629 563
916 464
870 122
4022 112
2900 160
1693 399
3400 290
98
5250 0
8262 15
5106 394
5120 750
6745 468
9724 260
5252 780
8725 721
9270 2990
9468 840
9898 1425
9568 3174
8783 4369
9065 5600
8600 5705
8600 1673
8066 2516
8404 6304
8750 7305
9518 3581
9960 3171
9989 4051
9998 7970
9705 7620
9530 6706
9067 9689
7904 4951
8714 8413
8624 8944
7762 9896
7339 9458
7687 5240
8430 7754
7922 5236
6853 4332
5820 5125
5660 4575
5857 6118
6034 6020
6821 5128
6296 6287
4474 5847
6975 7216
7207 6884
5938 9856
1854 9750
699 9648
2885 9176
1066 9600
5184 9427
6288 8479
2586 8524
2000 7328
1306 4240
1055 3568
1720 6506
1300 8864
1324 8536
917 9352
543 7920
969 9128
704 7644
824 5925
63 5755
224 1776
1039 3408
974 2579
1608 3995
3185 7739
3692 6831
3968 5368
3831 7790
3436 8055
3820 8176
4204 5833
7513 2005
5884 3006
6456 1660
4750 3682
2276 2654
5200 4255
4640 4468
4540 4177
2111 3680
293 442
678 145
1304 344
1566 1324
1743 1880
3676 1500
4248 1918
5128 2150
2316 506
7571 1855
2333 26
5503 1000
8450 1644
4543 596
69
2404 31
4475 47
7494 203
7716 277
3948 1280
5680 1416
7845 1477
9091 1138
9375 6602
9618 9523
8930 6566
9116 5871
8862 6400
8743 9835
6003 8982
6372 9560
6584 9608
5588 9478
6302 9892
4465 9310
7520 5312
5632 7420
7256 4805
4006 8438
3566 6080
3360 3626
3229 9862
2670 9387
3050 8712
2532 7280
2393 9460
1308 6390
2409 9635
1200 9920
800 9420
352 9051
1750 9158
776 8293
550 8000
156 7155
1656 7708
1 6662
1020 5768
1049 3943
190 1336
520 1720
2392 3088
2664 4392
2000 5440
1064 5766
1635 6780
3063 3794
2344 1900
3300 2675
6500 5474
4209 3400
3493 2677
6489 4654
8065 4640
5092 8808
5088 8960
6994 6165
7983 7324
9230 4196
8978 4097
6318 3824
42 567
5300 1904
504 440
29
9425 676
9832 5492
4660 3686
8322 1912
7446 1600
3309 3050
3661 3459
8224 5221
9927 7385
9776 9993
6411 9979
6408 8352
6240 9070
6130 8449
5281 4928
5280 5284
3686 8975
2611 9515
2040 7350
1660 5661
1370 3294
2700 5400
1236 1786
3888 5102
2776 2236
4081 2504
2473 1372
656 1941
2148 240
81
624 52
9004 94
6640 383
8840 350
8416 727
6283 760
6688 302
4936 952
5610 1085
5035 1285
9683 1295
8052 1576
7719 2736
4350 2102
7139 1412
4944 1890
3850 1704
3121 1320
1024 2598
9881 2792
8771 2896
6688 3112
6668 3313
8145 3116
7669 3475
9076 3418
9840 2942
9854 4272
6670 3547
9266 4704
8079 5390
9998 5132
9709 7702
9075 7680
8480 6787
9280 6344
7422 6947
5672 2800
5680 3636
6254 5333
5640 4172
7792 8816
5025 3030
3113 2860
5632 5053
5446 5378
5204 7136
5040 5600
3680 4582
2112 6059
2248 4288
1378 5400
908 8380
1944 8533
1750 6040
3618 7521
5852 7222
2160 7765
5262 7536
2954 8228
4710 8590
8293 9469
7287 9340
840 8702
1264 9009
3372 9368
2022 9041
6448 9799
952 9814
4573 9772
474 9598
276 5726
226 7956
122 1825
492 1859
864 3860
814 3744
634 6061
452 6648
507 7000
1151 6531
28
8643 367
9012 9807
7924 9939
2928 7979
2670 7920
6138 9572
4357 9725
1596 9143
189 6806
3948 8032
6992 8853
2400 5717
1370 4673
8208 9583
5394 7002
8016 9270
8491 9554
8118 6764
8748 6724
6941 4982
7920 7440
1750 4716
3824 5110
3128 2180
2935 240
5232 835
6120 462
3772 376
45
9984 264
9881 9713
8785 8608
7293 8740
3200 9348
3044 8480
8901 7895
576 8209
1020 9436
147 8200
104 7798
76 7078
414 6564
560 4920
175 2016
226 2056
1472 4796
394 7368
3166 7920
3402 7844
3626 7500
3789 6285
5360 6520
4325 5950
619 1529
2818 1006
3109 478
4286 580
7375 1245
1328 1453
4312 2170
2590 1808
1352 1640
2200 3122
7330 2970
8697 3440
8195 4244
6020 5018
3954 4492
9310 6918
9796 2140
8932 4920
8250 5770
9780 1590
8772 4103
38
8423 333
9489 2763
8396 2800
9825 3927
7850 2480
9508 5550
8712 4870
5050 604
4194 360
7300 5840
9750 5942
9680 9995
7591 9584
6204 6728
6398 5388
4971 9886
6304 4364
4988 4736
5088 6712
3964 375
4080 9840
3438 400
3522 2722
3232 4290
3556 9683
2646 8510
574 4474
1160 8391
584 8660
495 5924
34 3590
1920 6015
3140 6111
854 2923
1624 1220
1149 436
3173 344
3159 120
7
3552 3267
4898 3811
7911 5064
7091 6409
7378 7420
2878 9600
712 7947
0
