43
6132 347
9981 1615
7500 3425
5976 5438
8260 4336
8166 3434
9224 7100
8992 3096
9258 6380
9766 6415
9864 5478
9573 8982
9270 8472
7112 6448
6566 5874
7270 8087
1897 3736
6568 7680
7008 8400
1731 3980
7936 9781
6233 9977
3764 6556
3416 9692
3380 6060
6470 9318
390 2470
2807 6948
3400 9953
1646 9096
540 8385
20 4762
462 1129
952 1020
5376 4554
6202 4955
6196 3352
6711 4052
9092 1614
4670 2585
3775 1727
4642 580
750 296
58
3396 197
9673 1304
9520 3610
9784 2896
9930 8738
9780 5112
9169 1904
9098 1926
7680 1320
8929 3780
6244 816
6137 2060
8640 5566
7004 3524
8440 5545
6992 6864
6038 4534
6035 4800
4961 8022
7600 7784
5320 7600
9710 6130
9624 8213
8640 6592
7960 7517
8012 7048
7489 7601
8694 9065
6115 9913
3912 9830
5239 9152
2545 9806
4688 9049
2394 9168
1232 9654
236 9855
229 9961
113 9862
496 5030
804 8676
5294 9000
7055 9020
2287 8606
6651 8360
3256 8400
210 3214
3864 6980
4466 5650
4529 7150
4848 7215
4925 5130
6120 1501
4454 798
5240 1272
5344 3698
3750 4408
2000 3226
1720 2018
7
3681 422
6665 1211
8308 1810
3053 8570
841 3914
6546 3464
209 1440
93
1311 45
5146 97
6390 500
4672 362
9387 1519
6610 874
5016 6315
6675 1212
6875 1095
8262 3712
8590 3506
7565 1130
9607 1608
9880 2304
9500 4385
7362 6341
8844 4356
9375 4240
9452 2519
9302 3008
7288 6280
7566 5052
6268 2840
7117 4438
6772 6816
5280 5800
6212 8139
7200 8000
9964 4583
8750 9680
8512 6420
8392 7300
8240 7164
8370 9321
7284 9729
4007 5209
3531 5169
4470 6332
2125 4400
2249 5130
4545 7831
5697 9104
3068 6586
1132 4290
600 4135
2175 6094
1496 6225
2411 6843
770 5810
340 6062
921 6710
5300 9596
9984 9984
5520 9696
5467 9805
1778 8469
4568 9646
422 8536
3083 9370
1007 8844
4654 9794
7522 9920
729 9765
384 8500
93 9532
7 5560
117 9420
63 6986
181 3663
4433 5200
4946 4347
4365 4828
5520 3398
4416 4020
3556 4302
2500 3998
2724 3689
872 2781
3186 3575
471 2404
452 2360
1310 1748
4112 2702
3264 4132
4424 3472
4720 3539
6240 1764
5470 960
4400 1901
1385 775
959 548
1246 432
3098 990
20
9611 5
9887 2008
8965 7951
5502 5864
3740 8170
5122 9850
2099 8092
4112 9258
334 6368
4879 1648
1730 3428
1666 4612
1142 1518
4827 1491
7312 3762
7652 6270
8103 4308
8240 4512
9504 2275
3615 482
71
9263 53
9774 3549
3955 2790
6029 2600
4242 148
4233 2000
3038 1072
4372 2540
1932 1682
1489 2256
2179 3976
4654 3733
5256 3575
4936 3770
5870 4949
7194 3920
6600 3174
9415 4071
7489 4248
7150 4744
9846 6345
9486 9199
9080 6960
5584 7440
8180 6080
5612 7133
5336 6852
7656 6000
3736 6144
3171 6768
2944 5832
7296 5365
2709 5040
2457 5054
594 3328
1392 4720
2100 5162
108 5813
7082 8450
9708 9600
7190 9738
5770 9958
8504 9184
5407 9976
3797 9562
2605 8896
3056 8467
5110 9348
1415 7558
2268 7984
2024 9600
590 9825
1916 9584
170 9355
116 8590
970 6968
50 7193
87 453
2165 102
4450 47
7612 855
6776 689
7563 952
8436 1096
7462 2160
7992 1885
8786 871
8830 971
8428 1750
8715 2880
9500 2794
94
6090 7
8887 312
9825 625
8718 309
6990 2720
6012 4105
7475 1760
7919 1020
6600 2237
7120 1448
6996 300
6564 411
5642 3968
5781 3780
6864 2300
5788 4464
2500 5076
5880 4664
4907 6274
8360 1190
9178 726
8952 640
9751 857
6186 5224
5223 6056
7344 4952
7284 5872
5274 6152
4640 7510
8037 6192
7824 4664
8406 5385
9090 4170
7884 6757
8178 6895
9731 3358
7822 7724
8452 6400
8232 6887
9182 6851
9130 6891
6075 9038
8000 8103
8769 7744
9626 7289
8425 8012
7392 8544
9439 8518
8704 9625
7365 9928
4086 9901
477 9671
8144 9198
4300 9420
2420 9306
1952 9000
590 9068
188 8592
6188 9137
6192 9118
5386 8786
1237 6883
4497 7486
4412 5280
4385 5950
2121 6020
1413 6008
27 5220
0 7424
27 3321
148 1220
447 2000
1582 604
950 2530
1257 1492
280 4168
1494 3091
1114 2228
2366 925
2824 960
1707 3176
750 4366
2328 4056
3072 4709
2950 387
3754 32
5120 415
5150 1160
3510 3548
3280 4679
5312 1664
4242 3568
4627 4673
4783 3895
3
1988 940
1601 3711
931 1825
96
1220 249
5459 280
2600 307
5008 914
6710 514
6376 979
4884 2244
1910 3620
2764 3720
2384 4830
4470 2626
1374 6090
1620 6434
4009 3332
3532 7320
4800 3170
7728 355
5270 3783
7973 900
7860 3000
7200 1767
7410 2736
5700 3780
6412 4332
4292 6240
7700 3656
9305 2125
9000 1124
8780 160
9641 1500
9788 7408
9817 5571
9764 3230
9848 3488
9894 9720
9234 6016
9004 6024
9353 9860
9144 7868
8288 6148
8208 7712
8000 8936
8112 6360
6950 9040
8010 9484
7210 9400
7211 9985
6600 8380
6838 8640
5885 7010
5860 9097
4563 8855
6765 9353
6956 9575
1856 9472
1518 9916
2003 9095
1114 9120
938 9879
901 8655
1202 8355
2752 8100
3200 8087
8250 3790
7104 5072
7712 4420
8800 3206
8762 4402
6320 7720
8725 5416
8480 5256
7037 7021
9287 3720
9158 2730
3661 7488
2897 6600
3008 8018
701 6590
383 7370
640 9504
282 7012
500 4680
40 6774
134 5302
98 2854
730 5280
808 3978
160 1053
569 563
740 3476
2400 4716
628 1225
4320 1800
2294 1587
3610 1920
5096 1900
88
712 220
5348 346
2438 360
4040 940
3816 1707
5005 921
6107 5715
5472 236
7600 0
7032 852
5673 1700
6241 3274
7340 724
7100 1511
8184 1062
7490 1700
6250 4100
7678 3744
8512 1492
9142 3264
9361 827
9626 1370
9392 609
9846 1016
9192 3072
9919 3196
8538 4277
8400 3854
8064 4250
7125 3906
7471 6026
8665 4842
7626 6060
9272 6827
9834 5625
9384 6977
9824 6330
8970 9877
8226 7695
7740 6440
7907 8781
7460 8260
6175 4418
6818 7608
5484 5200
5040 6392
4192 2012
4280 3156
4263 6337
6956 7716
7123 9544
4775 6934
6105 9098
5568 9088
4450 6628
3395 9744
4112 5648
3251 9856
3072 900
3115 4089
2869 5416
2896 1864
2798 1264
2170 2225
2570 6806
3066 5752
3182 9450
3080 6926
3063 7000
1705 9669
1146 7521
907 5270
1002 7648
700 4920
744 3700
448 5980
624 6088
1326 9657
425 7785
448 5268
148 8924
240 6560
356 4699
295 2740
986 2124
1888 3353
2046 760
1344 1608
44
5055 6
9921 1525
9940 2052
9457 6728
9808 9136
8906 9537
9531 5984
8000 7390
8844 4601
8026 4640
7338 3848
4728 3018
5572 3651
6371 6416
2450 1184
7720 9968
6204 9234
5130 6311
4420 8570
5368 9300
6077 9879
1549 9868
3190 8580
3379 7001
1560 9314
499 9605
3708 6084
3320 3180
192 7813
391 1774
393 7225
544 2934
1820 3640
142 306
1256 690
3182 3258
3014 2630
1969 1080
749 306
2768 1140
8893 4605
4132 614
6300 2390
9425 4220
70
516 159
2954 246
3392 434
3780 1104
2919 3744
2142 3980
2688 448
1843 5895
1276 3018
848 1296
1200 2845
348 5760
464 5741
1304 7235
2200 6340
4575 1160
3248 73
6943 370
4360 287
8365 692
7853 810
8908 1134
9305 2570
9665 3586
9973 6385
9890 8134
9787 8624
9786 7846
8560 7008
9654 8840
7624 6390
9772 7406
6330 3728
7180 4953
9208 6806
6240 4144
7744 9600
5753 9691
1488 9401
3500 9232
7559 9280
2220 9170
3981 8600
5616 7150
6843 8797
7196 8520
5704 5356
5494 2272
8833 6378
8440 5300
9160 5320
8890 4577
8222 2471
7492 1998
5274 502
8000 4248
5364 1840
4390 7878
3342 8672
3152 7968
3284 8325
3504 8448
3832 3724
3218 5307
1786 8610
269 9855
237 9430
372 8632
96 7040
334 5234
51
9283 262
9430 1761
9408 1140
9831 1080
9829 5980
9870 6566
8196 2504
9706 8020
9080 8159
6960 7070
3744 6885
8909 8497
7188 8652
2145 8210
3520 8900
3160 8707
7723 9027
8789 9889
2728 9048
5874 9608
4050 9520
1900 8946
1139 8000
520 4686
6369 6880
8159 6106
5312 5968
3650 4899
5024 3712
8095 5308
7039 4152
7566 2596
2590 3115
7300 2222
4660 2036
4020 2503
2384 1648
2880 5564
2309 3714
1737 2574
2112 1484
1402 1735
980 3595
292 4897
1335 1722
2756 208
4486 438
4344 592
8526 1400
5452 2
6595 282
97
4840 22
8260 472
8483 2688
6695 2336
7044 1848
6496 1803
7260 851
7709 500
6608 770
6276 1044
6432 1531
5827 432
6180 3146
5438 1091
4625 3127
5122 6900
5336 7483
5480 4288
5558 1627
7090 6868
6656 4360
7580 4312
7605 4048
7722 6837
9024 982
9427 870
8720 2723
9849 3266
8957 3995
9640 5048
8820 4178
8704 4148
8138 5957
8894 6036
9210 6024
8586 6232
9887 6418
6010 7660
6432 7960
5568 8305
9957 7120
7822 7928
5860 8878
8560 8498
9852 9047
8945 8796
9692 9760
8408 9960
8107 9269
7316 9445
5400 9768
1895 9962
4836 9530
5430 9544
5490 8160
3423 7512
3578 7248
4976 1376
4520 192
2485 1060
3287 1070
3203 1489
4496 2112
3796 3887
3022 8632
5270 8104
2030 9700
5176 9388
1750 9784
769 9374
865 9691
280 7990
344 8965
253 8954
147 6576
250 4983
778 7296
2086 4660
2139 3612
1120 2880
2252 3476
3346 2975
2640 4524
1870 5402
998 7059
1206 7828
1296 9328
2191 6180
1908 8250
3172 4464
2736 6604
2290 7955
4289 2030
3759 3100
57 1652
55 298
128 99
85
6533 35
9848 1005
7644 734
7105 652
3608 1216
9200 1184
4011 2018
1927 2000
5895 2358
7852 1840
9720 2861
8058 2572
8418 2496
3703 2400
6766 3266
8948 3750
8325 3434
7000 2763
9323 3500
7916 5544
9810 6182
9555 7681
6120 3746
6144 3992
9360 7504
6020 3931
7540 5836
5424 3265
7304 6940
7778 7153
8713 7826
8208 8340
8634 8816
9356 9192
8384 9864
8192 9724
3580 4690
8585 9715
4067 4696
3556 4456
3475 3825
5495 4222
992 1842
1408 3408
2358 4408
1524 2813
7767 9911
6484 9104
4616 9884
58 9681
48 3441
126 7160
1270 7860
1698 7612
1380 7585
1236 7043
1424 7246
943 6630
3068 8142
3520 8872
3671 9468
3247 6194
4065 9659
4416 8936
4268 8321
3264 5875
3034 5398
1448 6709
227 5956
394 4760
3712 5401
73 4307
516 3800
1199 4560
1279 4330
120 2855
280 2900
298 2492
1570 4208
979 2944
361 2008
830 860
3123 836
564 280
1048 234
5
1659 2872
9305 5011
9150 6072
2704 9199
2140 8890
94
8931 79
9862 1075
7650 782
6524 1652
6222 831
5812 2829
7600 1823
6168 2725
7987 1965
9510 1116
9990 4760
9084 1956
8857 2668
8660 3140
8873 3455
7596 2216
5979 2995
4888 2684
3139 1725
8925 5450
9843 4425
9741 5902
8639 6400
7678 4661
7516 6764
3023 2165
5250 4571
7560 7020
7562 6364
9614 7603
8466 7427
9304 7650
9306 8425
8752 8088
7880 7325
9560 9937
3695 3185
7456 6960
2485 1658
2230 2900
4280 4280
5322 5160
7590 7869
3500 3793
9321 9819
7924 9434
5844 7175
4082 6212
5861 7418
5568 8760
8436 9909
7671 9893
5291 9600
4296 9112
2500 9436
7262 9920
5263 9844
2885 9770
890 9600
79 9910
205 7528
296 8155
347 9303
4574 9048
1534 8320
1632 7440
1550 7704
212 5402
2033 7576
673 3200
2738 7903
2680 6860
3668 8696
65 1524
2455 6256
1179 3115
1807 4064
241 1563
5144 8797
788 959
964 899
2342 660
2808 904
1755 1949
1876 1934
3696 352
4872 656
5600 864
5094 1180
5069 2320
6028 122
489 416
5208 90
1003 18
69
6441 72
9337 665
9750 3500
9962 7263
9944 9616
7716 8488
9825 9316
9255 8326
7912 5222
6560 3840
5552 2820
5892 3652
5468 3728
7574 6586
5079 3915
5331 9700
6424 6104
6507 7250
7070 7364
6403 9425
9089 9873
2473 9981
5198 8732
3163 8252
1935 9962
2080 8312
3717 7184
3120 7076
1211 9185
2986 5887
597 8029
588 7817
413 7684
3123 5702
1283 6804
792 5251
2156 4480
1064 4729
2207 3040
911 4299
121 1752
576 3208
1428 320
1323 1814
1757 1260
1318 2684
2064 989
1184 3520
2672 2472
3975 8130
2170 213
3845 6636
4025 6880
4780 6852
3910 5681
2892 90
6254 1574
3300 576
8644 5821
7707 3592
6294 2429
9390 4184
9575 4036
5363 227
7551 935
6090 796
7098 1040
9056 2456
8336 1320
49
9592 157
9969 2133
9225 1808
9021 710
7748 976
6625 1784
5496 1198
6248 2891
7160 5085
8530 5320
9948 9327
8538 8459
5129 2648
3456 1150
3184 1589
4410 2530
7624 7726
6410 6410
3994 3172
7152 9828
6881 9998
5169 6016
3000 1536
2868 5576
3334 3760
2848 5750
4934 5977
4255 9467
2961 9259
1096 9372
470 9120
38 5885
592 5928
898 8714
760 4963
180 200
367 1568
651 1253
575 2120
1376 4512
2080 5218
2508 2164
2016 2972
2712 658
1854 914
1417 594
4736 106
7408 256
1928 555
95
3510 111
8012 325
4540 260
4205 541
8554 300
6244 680
7028 492
6051 592
6170 932
6575 832
8930 2266
9500 2617
9365 759
9852 2984
9864 4065
6260 1172
6781 1980
3688 404
9890 4413
9290 5346
8484 3986
6710 4040
8798 5112
7756 5088
6575 4000
6656 3658
5680 3989
6950 5150
8858 7887
5577 4240
7625 7360
7404 6380
9941 9461
7016 7840
8360 8758
7155 9927
6895 8175
6234 7218
5882 6318
5296 5025
6316 6594
4320 3440
5408 4144
5760 2868
2928 873
4080 3112
4984 5332
6216 8189
3242 3840
2932 3440
1685 3084
4210 5371
1245 3168
1365 4080
3544 6054
3205 5310
4692 6660
3705 6260
3988 6900
3221 6910
4016 7148
5541 8980
5595 9066
5100 9428
4435 8042
3554 7486
4975 9256
4650 9714
4792 9481
980 5883
1080 7573
1068 6694
2020 8944
4028 9704
2805 9799
91 7616
1325 8656
1692 9094
1910 9647
1304 9610
30 9143
17 3561
58 4489
320 3120
3376 7912
120 2744
198 322
2646 1634
259 1060
4504 4716
2692 1380
4289 3740
2109 123
7802 3397
3350 583
24
7410 212
9622 2318
9689 6315
9970 5904
9686 9620
9175 6380
9210 9240
5450 3290
5909 9445
5262 4704
1177 4214
2105 4540
1940 8918
540 8446
1780 8408
1376 7500
157 5869
61 1260
3288 319
631 253
3394 126
8750 7960
6011 2083
7227 4072
13
6047 1033
8981 3974
6374 4375
9636 4863
8302 7079
8408 8139
6611 8388
920 9072
4608 9293
6470 9934
204 9217
3916 5926
1116 1765
30
2356 6
9904 1835
7619 4745
7101 6944
9891 3460
9622 7402
8584 5200
9184 8280
8034 7110
7444 9204
1924 9742
5938 8155
1432 9538
9679 1980
3324 2640
3124 2762
7486 2736
8192 3308
2008 8323
1418 9384
687 8256
247 9784
620 7659
4149 4912
2016 5408
713 5893
3956 992
760 3232
614 3417
912 1404
86
9961 52
9895 7564
9943 1608
9739 5100
9835 2989
9376 4490
8616 4566
9142 4546
9408 5618
7545 4120
8570 6750
9420 9326
9283 9700
7189 4602
7974 6564
8448 7820
8283 8813
7650 6061
6320 4225
6455 5250
6076 4714
6468 5457
4984 3470
4430 2324
4231 2224
2879 3360
2805 3687
4169 3066
4787 4220
6460 5848
6688 6856
4772 6035
6254 5921
4431 6010
1668 2747
5319 7693
5315 6290
6589 8900
6480 7904
7109 7812
7472 9798
6458 8832
6705 9885
1698 3000
6300 9488
4701 7644
5524 9200
4651 9990
2648 9816
2620 7364
2744 8496
2896 7040
4564 9020
5290 9226
4016 7625
4062 8236
3132 5423
2038 9450
2161 8120
2139 6105
1630 7058
931 4816
1982 9596
834 4887
1220 7745
260 4975
450 2200
544 1878
1298 3978
1726 6855
1806 4806
2340 4930
228 677
3856 970
2562 1036
5238 1582
6621 1760
4534 2172
1086 1212
8228 3395
5702 2400
8920 1220
1816 764
2840 112
2738 247
7172 606
36
2374 8
9988 1130
6019 6336
7905 2790
4520 6384
8698 9488
5892 7014
6350 6048
9690 5126
8092 6066
9690 7789
9019 9703
8569 9420
8500 9694
7434 9940
4294 9880
2840 6152
2655 5993
1863 8447
125 6036
157 8152
0 3580
640 3738
6466 8546
292 2485
4084 2200
3670 5116
5152 3616
5000 4528
5280 3288
5680 4278
7908 2375
9117 1660
8550 1961
747 1512
6773 1323
29
3287 991
8436 1850
8614 2717
8478 3535
8737 3801
8140 5525
6498 5228
6486 4176
5601 7026
5260 4916
5439 7040
7954 8414
4308 7310
6879 8120
3248 7088
4560 1618
2614 9623
5672 9482
1941 9935
176 9284
152 8160
864 7009
305 2818
80 8047
338 1205
3120 560
3530 514
742 4440
1021 9411
33
3271 241
4550 406
8362 4160
8385 350
8665 5707
8640 1414
9001 2913
9432 2125
9152 544
9808 918
9400 3824
9574 5687
7915 5918
8364 6088
9088 7974
5184 4256
5319 3454
7200 5040
4240 1767
3496 6068
3744 4762
6082 6657
8626 8842
8692 8334
9005 9440
6878 7957
4920 7572
7568 9891
3792 8287
2545 7120
2470 8895
404 500
2574 248
27
7797 65
9983 4273
8400 2394
8811 9409
3224 9780
5952 9542
1720 9615
644 4734
1848 9100
4500 7506
4990 8024
3453 6338
6234 9090
7385 5530
7420 5336
6886 6410
8200 3520
5550 7330
8080 2990
5263 2192
5274 3851
709 3140
783 1867
7402 336
3440 753
3136 746
2198 553
13
2304 11
7419 65
566 5121
5312 2072
8786 7882
6454 7220
6544 7567
6368 8160
4262 8628
78 9968
6100 4575
98 5973
1004 981
27
5087 855
9512 922
5544 2011
9422 4490
8690 4160
5037 3005
5290 5400
9782 9278
8504 8547
4534 6871
6445 7984
9631 9522
2153 9989
570 8545
608 8417
686 5166
931 5213
861 2636
3664 8868
2186 7104
4243 9736
1206 2296
1691 510
1339 2546
8744 1130
1747 1671
3110 480
65
2343 662
8334 794
7532 984
9580 2198
9161 4286
9600 4775
8276 3600
9275 3368
7432 3070
4624 906
4036 1200
4200 1554
7208 5699
8114 4110
7252 5378
7475 4735
5830 2108
5440 1775
8540 3970
9982 5145
6384 7619
4902 7599
6339 6825
4110 5584
3200 7035
4722 7464
4107 7961
7824 7428
9656 7144
8469 7536
7072 7983
4991 9776
7216 9688
9835 9609
9957 9742
3098 9986
2152 8620
1001 8474
824 9949
376 8206
351 7670
4674 8949
400 5450
4012 7982
254 4990
2317 4231
2696 6914
2416 4720
4680 5588
2775 4104
120 4046
1440 3160
496 3133
31 3299
64 2356
200 2060
6103 6520
5705 5488
463 1709
3076 3592
3765 3864
5036 4535
6967 5923
7252 6175
3700 2520
38
4528 112
7649 1233
9082 2259
8875 2542
7924 2600
8535 2865
7604 2720
8262 2912
9923 6681
8218 4464
4289 3560
6010 4440
2034 2593
9822 7941
1678 2400
9717 8455
6576 8892
9125 9040
7223 9162
7783 9580
6975 9345
6008 9866
3241 9759
7104 7480
1878 8604
490 8771
252 7683
258 6756
2920 5860
4918 6833
6470 6877
4272 5185
401 4448
107 4234
748 2178
1702 741
1782 2123
3089 411
16
64 71
9993 3931
8120 3354
2950 5317
9437 8177
9672 9450
8839 8938
8646 8192
6091 6842
1832 9459
441 6323
2304 7625
580 4194
712 4405
2270 4214
3808 1903
53
4364 115
9919 497
6401 1512
2580 1648
1336 2160
9921 1370
9624 2095
8344 2808
9552 4621
7184 2891
9904 7344
9989 4377
9935 9305
7942 7494
9410 9436
8012 9713
4436 9875
6982 9732
6768 4886
7324 2000
1120 2324
2790 2989
6304 2907
6272 4840
4661 3600
6175 8064
3800 7088
5435 6400
3191 5302
2628 7895
3842 7172
4448 9456
140 8684
2984 8891
730 7045
362 5900
640 6405
2468 5347
780 4396
338 4215
5504 6130
1672 3433
1700 4010
784 2688
1038 2329
2116 1648
1876 1206
0 3072
2043 1016
1695 511
2960 1210
3420 728
2200 660
91
9154 200
9582 1388
9374 969
8864 316
9688 1825
5042 403
4620 266
4646 1022
5305 1608
4710 1175
3282 330
4336 1116
5504 2176
7796 2373
8076 1492
8352 1773
7688 3787
8566 2524
8932 1744
9412 3502
9700 2888
9350 2640
9664 2525
9976 4937
4265 4190
3296 2137
2652 2592
1360 1488
320 3320
1213 2248
5124 6240
5362 6384
9210 7138
7180 6540
4240 4793
8680 4866
7790 5800
9524 6560
9256 7380
9998 6175
9746 7805
9168 7725
9553 8162
7912 7307
8044 8166
7894 8228
6934 8140
5266 7847
4580 7124
3871 6952
3120 7065
1004 5940
1633 6348
3457 7335
9350 9723
1264 6533
6865 8850
6978 8941
5854 9596
6672 9381
6988 9525
3652 9806
5625 9209
1664 9179
5002 9248
3630 9360
1112 9238
3287 9492
40 9632
2630 7150
1336 6596
400 6720
242 5741
5660 6940
1742 6040
5615 6884
4947 6636
3404 5730
238 4177
7838 7810
2530 4976
1472 3742
40 3655
451 612
1642 990
4780 2260
244 44
4082 1455
4548 1769
6098 3186
2930 272
31
1851 191
7767 949
8825 1776
7520 1202
6884 1204
5884 2416
6595 1992
9244 5298
9234 2096
9716 4415
9363 9984
7704 7692
6837 5668
5600 2750
5753 9440
5022 7000
4990 7000
4246 8541
5538 1415
1680 9750
1014 9040
930 6380
5032 1468
455 6276
3285 2485
4540 1015
1552 3965
1556 3390
682 4627
1296 3337
1096 272
73
8779 66
9718 67
9717 848
8450 1113
8740 1774
9968 4504
9474 7511
7622 5020
8710 5410
6511 98
7306 2156
4118 1380
6105 2339
6484 2913
2929 692
7600 4231
6200 3570
8532 6336
6732 6025
8325 6572
6976 6442
8168 7934
9300 9128
7006 7008
9199 9062
3440 8800
3668 8473
4101 7050
2704 9439
6577 9735
1760 9520
5267 4512
1948 9320
5380 4565
4055 6686
4918 5608
5604 7418
5445 8400
5608 7534
6056 6020
6464 8710
5916 3100
3433 6660
4732 4372
3574 1418
3063 1456
2800 4176
1792 3940
3228 6678
1311 9887
1635 8796
1636 9138
1864 8758
2716 6490
2208 6790
928 9567
824 9424
2640 5654
595 8764
972 6521
1160 6719
486 4389
1400 3042
478 3262
900 3047
2942 2299
935 2409
1097 1707
2908 0
2675 440
4461 67
5453 354
4992 72
50
6500 77
8831 1285
8456 1445
8880 6012
9228 5824
9150 2480
9636 6962
9162 2492
8999 968
9928 5840
9870 7745
9789 7504
9752 8485
6382 9233
8467 9687
4320 9952
2259 9804
2451 9355
4522 7750
7526 8144
7205 7651
7035 7600
6160 7706
8602 5032
1410 9658
3484 7391
7741 2880
7100 3490
5214 4550
960 5200
1458 3441
75 7016
98 3024
1875 3012
267 1632
3948 2875
1109 2320
3700 3160
4124 4193
4432 4150
7172 1250
5780 2362
3810 958
5083 3264
1037 1418
3752 1422
2880 860
697 1202
5015 323
808 874
73
1971 48
5219 141
2390 400
4657 328
4754 1474
7741 959
8947 1764
9255 2076
9624 2478
9616 2680
3208 1250
3906 2048
5676 3393
9656 2854
9792 6556
9764 6755
9656 5000
7913 4900
9375 3578
7132 3325
4456 3761
5140 4168
4960 3803
8432 5624
5716 4804
8984 6496
7709 6106
7920 6800
9980 6890
8311 7372
3963 8160
5011 8300
9396 8439
3372 8306
5104 8360
7238 9445
9108 8873
8938 9680
7650 9696
3978 8496
6500 9920
2016 8765
4242 9558
2681 9680
2482 9435
2835 9980
470 8712
3552 8484
227 6733
478 4040
2295 4261
2000 6150
5340 7620
5170 7332
5790 7022
3541 4608
624 1180
880 1968
2295 3991
1392 3200
261 4212
384 940
421 526
4450 5070
6125 7160
2055 2056
2372 1160
4152 4632
3720 3755
5880 6664
4920 5116
5693 6305
6584 7384
83
9327 80
9726 3837
9680 2139
9885 2365
9880 4975
9820 5420
9586 4880
9774 4537
8925 1357
7980 544
9318 5600
8590 3004
8918 6656
8895 6438
7664 2016
8565 5995
7530 4622
8706 6496
7382 5875
9141 9047
9069 9400
7188 5664
7716 2830
6068 2616
7484 2480
7385 2425
5212 1735
5176 3297
8298 8160
4793 5622
5258 6832
7000 8223
8696 9400
7680 9484
1549 4036
2448 5113
2030 4536
5800 8000
5500 9010
6532 9341
6026 9237
8447 9975
3280 8460
5202 9440
3968 9385
3551 9948
20 9607
1110 8316
530 3217
1160 5534
2928 8308
1472 7870
3099 8379
772 3332
3350 5592
3535 4889
570 2775
6316 6642
4198 3191
5165 4470
6878 6888
7120 7136
5100 3432
4839 3060
5721 4592
6078 5625
5055 3832
1864 1351
3283 2906
3020 2848
3493 3925
3408 3872
2714 2602
2950 2615
843 1426
1392 211
1392 620
1624 680
2804 1324
3664 504
2563 204
4964 382
2782 1752
21
2869 192
7225 394
1616 5768
5485 3008
8146 951
9914 5430
9905 5696
9433 5797
7730 8250
3402 7808
8673 6605
4929 4630
3990 6298
1994 9210
286 8589
1560 2761
416 6334
1037 2457
4505 2830
4550 1111
1528 1100
69
7532 602
8224 776
8680 1092
7514 796
6939 1024
8496 1700
9812 1543
8565 5285
8010 4039
7720 6764
8207 5442
7442 7595
9991 3422
9470 5073
9700 4900
7388 7872
8181 8404
9374 6264
8980 7187
7530 9532
9150 9856
9935 9959
7081 9829
2526 9793
6973 9782
6704 9264
1000 9220
735 9404
590 8694
1341 8512
624 7550
4400 3108
3980 7151
4599 5592
5214 4896
5454 6411
4851 8155
2666 8022
2486 6075
2630 8897
3763 8196
7259 9344
5860 3745
7422 2604
8086 2870
7069 4940
8298 2989
6280 824
4466 2962
749 7376
2872 4629
1922 5707
381 5618
699 4708
2500 4564
2985 2728
112 3473
327 1427
800 500
346 2352
625 1329
1504 1869
4150 2318
3264 1424
1184 867
1124 624
7861 9
1594 828
8240 470
83
3182 2
5723 39
7170 340
7342 447
5858 272
4320 173
2769 152
7518 1376
6400 1632
6665 3395
5827 2466
4274 3832
4765 3145
6370 1520
3664 2965
4942 2872
3665 3956
3262 2131
4500 8156
4231 7660
4199 8268
4476 8476
4700 5632
5660 7483
6518 6160
6495 4890
8788 2880
7316 4112
7632 3510
8984 700
7472 2058
8496 123
8940 249
9734 2182
9301 4349
9344 5290
8972 5080
8432 4312
8890 5770
7996 7306
6042 8250
4724 8548
5680 9114
7240 9377
7975 8878
6609 9092
7928 8060
8139 7961
9148 9894
4332 9981
3054 9659
4136 7168
3745 7812
4014 6728
3188 5225
2560 7596
2968 4995
2950 2008
2775 3148
2280 7986
2028 6667
2065 9560
1303 4795
1219 9515
220 9355
362 9784
6 9052
225 6003
1215 3660
640 3331
1650 3785
490 2354
2040 1843
5000 1821
4108 1226
6288 1536
3640 484
2008 740
1960 420
126 2080
200 1546
1391 540
16 198
67
5881 46
8213 712
8259 2160
7380 2300
7300 1067
6045 2359
1105 2608
6490 2471
2000 2755
1895 2964
5388 5400
3230 5044
4815 5930
3950 5992
4118 6187
8024 9108
6194 6725
6808 7264
8087 6245
8000 5570
8094 4403
6254 5280
7464 4525
7360 4432
6200 4873
6420 4710
6284 3707
5250 3380
2664 3440
9517 2157
7901 240
7971 204
9300 1651
9444 80
9905 3430
9888 3056
9976 4926
9868 7911
9397 8989
9858 7052
9407 4960
9392 2332
8984 9774
9000 8140
8733 6960
8192 9908
6336 8478
2457 4871
5306 9275
2576 8465
3608 7302
1363 3736
2230 9644
125 9734
166 7863
89 4581
637 4445
466 2627
7140 879
2042 1920
560 1648
368 1592
5125 1043
5244 723
1379 1058
5315 620
4060 413
15
5836 1380
7907 6150
6936 2390
8902 1415
9451 3861
9821 7087
8558 8486
3196 4574
3720 7506
3453 9860
3029 9543
1809 7672
246 5063
552 616
1708 1804
57
2705 17
8075 174
4117 1138
785 1354
3920 3435
3916 2096
4056 2483
4032 3313
6000 2000
7050 4562
4244 6242
6412 6170
6062 6167
6810 5936
6680 6603
8054 2952
8863 2470
9828 7433
9335 7052
8605 7216
7602 7675
6775 7630
6300 6896
6438 7942
4073 6449
4839 4617
4420 4640
4044 4920
5436 2970
1518 4236
3169 6301
5628 8840
8500 7450
8015 8125
7502 8995
9561 9299
8800 9188
3428 8840
6480 9750
6448 9076
6572 9780
8720 9812
4940 9946
1484 8933
1449 8710
4787 8064
3130 7336
2523 6204
2376 7552
904 6025
447 8428
32 1850
1424 552
586 128
4868 750
556 21
5340 268
37
5411 200
7980 839
7764 4713
7631 4150
7320 1108
5516 422
3640 984
9638 6532
6316 4280
9910 7960
8142 7518
8610 6928
3176 1046
4875 3375
8407 8763
8750 8902
7138 8960
6556 9400
9400 9256
8798 9887
7247 9468
6195 9880
4967 9705
5968 8083
2800 4272
2826 7816
3371 5940
3160 8024
3400 8889
2343 9882
2331 5662
1990 7350
1916 8883
1884 6880
1536 9958
392 3247
2541 233
95
4489 519
7507 640
9136 1390
5192 592
1932 1854
4436 1272
4720 1288
7142 1568
8206 1468
8140 5120
5920 3246
8176 2720
6420 1770
5163 2704
5383 2973
5278 3564
7400 6494
8504 6226
9710 1196
9904 4896
9800 7824
9720 8886
9419 3500
9450 8969
8425 8276
9688 9219
8600 9926
8654 9726
6907 9921
4843 9988
2142 9855
6388 8770
4358 8200
3368 6410
3645 7362
2085 8875
3158 7768
2884 6848
2532 7954
1444 6002
1400 7704
1794 8300
905 7112
825 7840
520 9651
175 4940
59 8858
64 3343
924 1740
2111 2940
2059 3516
2229 3424
2532 2944
2940 4460
944 2520
976 4164
726 6254
655 7442
1029 4624
3464 7456
1887 3960
4492 7054
7400 9552
7208 8840
5956 6425
8116 8950
9138 5840
7976 7170
7344 7780
4880 3828
5600 5388
4383 3000
5120 5840
6400 7518
5740 6726
4776 6272
4126 3578
4245 3724
3600 2245
3350 4343
3457 3128
2202 2830
1695 1959
1489 785
1240 1860
160 754
1423 796
1052 580
456 286
358 112
840 56
1640 48
4816 224
7434 224
6350 272
74
5798 124
7696 340
3491 1176
5831 1616
7222 1358
8306 1010
8584 445
9320 242
8776 1341
9023 700
7528 2181
2688 1025
1487 1797
1252 1815
6095 3024
2100 2800
2384 4083
1980 3425
832 1254
2696 5164
4992 8208
2540 4242
3180 4960
5200 7276
5406 6312
4520 4420
4160 3724
6200 4681
7004 8037
7135 8131
5872 3048
9757 4099
8960 4372
9997 6626
8654 4880
7258 4203
10000 9540
7888 9292
7424 9102
6662 8879
6504 8748
4536 9256
4416 9525
7407 9328
7200 9552
8653 9941
3644 9866
1867 9894
3724 8051
3144 8082
3194 7950
1311 9248
3312 7522
2230 7504
1760 8400
1236 9372
2560 6436
1036 8744
346 5274
637 6647
1235 4850
1248 4372
2048 5490
5120 9078
182 1560
1326 3082
1227 2090
1162 2536
1074 1805
218 851
1411 372
1230 450
1480 960
3945 127
27
6486 74
7604 262
7144 3083
9189 686
8370 2943
4368 3625
7872 4800
7622 4110
9524 5533
4895 5490
8591 5630
7562 6432
9256 7564
6215 7484
9265 7626
9064 8854
3731 9048
307 6829
2722 7056
1270 7392
3860 8368
3876 8240
5037 8580
1645 4832
6400 1702
1241 1289
7147 1108
64
7492 553
9508 1158
9518 2452
7609 1000
9698 3909
7372 3561
7327 3884
7808 3912
6760 4119
8564 5120
7268 4848
9319 5432
7062 5222
6150 4981
5810 4590
2688 6133
3754 6216
4858 6319
5984 6384
6205 5074
8266 6734
3811 6252
9751 7987
3916 7120
4478 7280
9120 8824
7865 9650
1738 6730
5726 9394
4674 8570
8246 9928
5774 9936
1184 9585
644 9125
385 8023
160 5136
1342 5449
411 7816
3108 8144
2920 7616
1803 7172
1203 7086
3090 5642
7808 3084
1890 5965
1125 4825
561 3832
3115 4404
325 2696
447 2580
352 418
1387 893
1443 965
1294 1073
1234 1312
3967 716
688 1596
1725 2032
1154 1816
4966 3550
4773 3280
3863 2750
5565 3280
4800 2155
88
802 84
8209 187
7717 599
5072 1608
2415 4620
4171 3527
1960 5415
2608 4979
7881 656
2255 5520
6042 2944
8908 192
9700 397
5164 4108
8640 1840
9576 594
9968 952
9192 1630
3192 5580
9819 2133
6808 4289
7223 3638
5104 5176
3424 5552
2700 7104
9906 2515
7427 5598
6736 5401
3040 9184
4604 9445
6582 6900
7740 5570
7588 5452
9990 3339
7189 6560
5755 9284
7860 7744
8700 6587
8848 6744
9970 3481
9994 4432
9850 5900
8600 8232
9424 6954
9852 7609
9604 8168
8898 8962
6853 9796
2759 9750
5310 9944
1418 9876
4404 7525
4550 7040
3340 7310
1315 9882
1661 8705
2056 8048
593 8942
440 7560
300 6168
616 6971
391 6083
1376 8424
30 1606
1128 4029
460 2893
1250 5400
1418 3317
1034 3176
719 2632
1449 1626
816 2076
780 828
1870 578
2096 980
1474 4470
1966 2918
2536 978
1830 3428
2888 3664
3044 2416
4026 2452
4867 1352
2752 2375
3570 1827
3298 546
318 388
930 167
70
874 291
9830 548
3506 510
756 870
1394 1072
8503 1092
7056 2196
8467 1592
9100 953
9560 1026
8775 3324
8500 4680
8490 4161
8575 1656
8318 4316
8322 3536
8296 3000
8155 4596
7000 2560
8340 5708
9976 1173
9991 1929
9924 6880
9811 8809
9032 5660
9490 9542
3568 5325
4425 8068
4366 8930
3224 5425
3460 7418
2202 3374
3812 8965
3040 6542
1402 3508
556 5050
1618 6949
4032 9543
3805 9468
472 9332
244 6155
1219 7788
83 3276
786 4617
249 2566
0 756
3526 3312
4440 5684
7692 8050
4017 4120
5809 5584
2566 2256
5960 5150
6284 5434
8480 8518
6730 5960
7200 5950
8636 6958
8320 6673
7895 6242
5805 4452
7248 5420
8530 6200
6051 3522
4831 3336
532 941
2118 1749
4902 3340
344 640
337 596
63
769 42
9156 438
6520 1297
4464 2465
4130 1047
4072 4302
9556 921
9976 2278
9500 2896
6100 4507
7346 4292
9973 2768
8864 4358
5229 4648
7066 5676
5944 5224
5170 5386
1520 1932
5424 6400
9751 4666
8928 7512
9696 7240
8496 8960
8044 8880
8092 8575
7155 6970
7799 8829
6320 7120
5695 6720
5200 7115
6430 8836
3048 9022
4974 9562
3720 9698
1208 9622
5768 6545
4067 6668
4350 6165
1635 8824
2283 7250
1640 5630
2240 6656
1235 3995
2332 4117
2449 6301
3449 6080
1718 2168
1622 3816
310 657
820 7090
548 9023
331 9712
272 9230
179 5922
40 882
167 209
2646 2860
3308 1944
2449 1040
2713 873
7541 778
4996 412
2500 550
85
4030 122
4835 231
6433 106
8412 648
7462 716
9442 2013
7817 1363
7590 1236
6272 928
3464 1024
7031 1752
4965 1524
6680 1945
9825 2775
7984 2471
4732 1480
4720 1511
9876 3511
9835 4328
9971 8976
9040 4362
9028 8646
5904 6500
9006 8400
8512 3408
6999 4943
5637 5024
7980 5400
3668 7403
3781 8052
3224 8950
3848 8744
3555 8608
5444 6970
6366 7500
9845 9562
8452 9200
7284 8213
6576 7845
3960 8884
5986 8148
8862 9608
9044 9924
5248 9242
4792 9600
1432 9890
2498 8193
2048 9493
3644 7097
365 8680
1748 5986
672 8255
3426 6050
4135 5060
1384 5358
79 8793
1207 5069
2182 5070
2992 4210
7108 4830
7160 4704
3044 4170
1440 4414
8074 3308
8023 3088
6774 2321
4496 3566
2908 3604
1164 2698
1378 1056
120 6920
1025 1434
148 6475
54 3337
637 3243
84 2995
1351 648
2256 2592
2066 1856
1868 780
1664 477
3452 2376
3344 2240
2420 968
3182 206
90
8752 212
9902 4358
6480 5516
6354 2735
6510 3094
7311 5136
8590 3784
6517 3022
9430 3009
8584 2902
4880 2484
9176 2936
8262 1272
8856 2716
7125 2440
7141 2351
7277 2271
4375 2200
746 9680
1920 7900
3100 5382
1676 8537
1955 8516
1632 9820
2728 6540
3512 4336
4074 5280
4973 4705
4361 4126
4838 2500
5574 2900
6000 4396
5626 4338
5964 4556
4536 7520
3044 8922
6822 8980
3696 9398
3230 8930
3903 9835
8120 8768
7964 8202
8544 6790
7264 7135
9140 6383
7693 5606
6546 6690
6700 8945
6002 7905
6060 7520
4720 7420
5190 6170
5632 5625
8375 5350
9064 5629
9873 6205
9975 5575
9920 7365
9000 8535
9902 8102
9222 9896
675 9951
767 9468
635 9763
18 6228
1895 4924
1250 6905
3040 3330
5066 1003
1373 3865
2792 2200
229 2363
370 3184
1150 3087
1337 3768
440 3675
14 2109
2696 956
2200 812
2562 411
3130 566
3581 848
2460 1988
5232 22
5392 13
8637 172
8384 184
5770 280
7808 1740
7200 367
73
6240 94
9926 652
9985 6108
9925 7534
9916 5096
9638 2278
9710 2305
9650 1744
9686 1685
9213 1047
9512 8007
8944 7560
9085 6280
7834 6353
7560 6305
8380 7777
9241 9025
7097 6650
6854 5714
4870 6050
4760 6196
9248 9375
3000 7502
8940 2865
4584 5952
3614 6464
592 6336
1681 7170
4950 8440
3516 8340
6865 9190
6970 9168
5638 9694
8336 9177
6704 9810
8622 9875
3940 9920
910 6640
1673 8650
3438 9940
1203 9909
229 8205
104 5463
567 8548
394 3154
184 1550
822 576
665 840
485 1140
1859 557
3366 234
3866 2092
1680 723
2076 2544
593 5544
1550 3736
3337 2240
975 6065
3250 3050
2760 4596
3022 4523
4863 5200
3836 4070
5035 5050
3804 2416
5376 2480
3818 534
4863 724
4342 1001
5580 2568
4880 1582
7300 2909
5053 504
93
9542 500
9702 2306
9684 2098
9780 1986
9961 5864
9725 3683
9825 5168
9180 4378
9088 6560
9932 7803
9868 8487
9315 9442
8230 8854
9120 8462
7824 3512
8223 9774
7280 9060
7990 8410
7388 6232
6526 5717
4402 7690
3355 8674
6223 6700
5956 9165
8280 9799
6617 9829
5893 9930
5015 9964
5700 9166
4516 9190
3458 9413
4393 9674
3723 9862
1823 9158
4848 6164
3941 6604
4767 5850
1106 8688
4134 6316
3024 6984
2700 7348
1738 7886
2928 6700
1467 7050
276 8042
2472 5408
6255 5254
5200 6608
3340 8200
5772 6376
6475 5270
2980 4886
2450 3456
3388 3379
4002 4940
4054 4136
7109 4945
7720 3571
6468 4065
6272 4544
5437 2879
1544 3600
2480 3224
336 4016
1506 3820
1344 6629
76 3813
1120 3115
27 2603
24 455
1449 3240
2420 2584
1900 3323
2640 3169
3785 2770
4173 2747
2385 2368
505 863
1524 1408
1890 1310
1402 696
1335 1204
554 824
2824 0
5240 618
5326 538
7682 1744
2584 320
9536 4230
7258 396
8045 1705
9312 2480
9616 2562
95
5224 73
9089 103
6855 409
5120 1600
5144 1721
5946 2160
9526 448
8944 4599
8872 3280
9120 654
8228 2458
7097 1867
9539 5645
9865 4736
9851 7348
9456 6148
7290 4272
9772 8388
8001 6160
6744 4032
8475 4576
8295 4394
8963 4920
6380 2021
6784 2708
7598 3498
6944 3470
6432 3084
5980 3146
8824 8525
6672 4430
8900 8280
8951 9865
5496 9897
4128 6660
5616 8825
5645 9500
6430 8384
6983 8000
8685 9266
5676 3360
4208 2983
6539 5202
7032 6200
4935 4936
2160 4765
5104 4702
5192 4380
2190 3271
1574 3924
1047 6435
2060 8126
1575 4293
2786 7974
2985 6128
3560 8598
4098 8960
2736 5324
3397 6764
4385 8232
4868 9921
3984 9375
2412 8041
2308 7969
3558 9594
4084 9652
3700 9912
1742 8273
1110 7288
2062 9553
946 9792
478 8778
674 8390
1184 8349
620 2314
347 6399
252 4820
149 1862
375 3442
159 1400
515 91
1938 148
492 1326
1428 1970
2479 1700
812 2739
1185 2700
3684 3207
2033 1024
5179 3080
3222 1674
3545 1875
2982 600
5070 252
4234 2097
94
5177 38
7497 117
6480 220
7120 1250
3590 242
7232 4682
4176 872
6560 3241
4296 454
6160 1624
6252 2021
6204 1174
8825 8640
8458 7454
8850 8406
8888 8468
6820 2704
7862 5150
7017 2653
8138 163
8504 50
7948 1671
8500 3209
8133 5988
9530 284
9905 612
9122 3877
8466 6690
8640 6090
9888 9704
5600 5904
7178 7848
7888 8683
7200 8115
5177 5740
3220 5236
3928 6150
3146 6329
5848 7887
4240 7120
7630 9126
6655 8243
9477 9885
5960 8644
3052 7554
5106 8480
8799 9913
9192 9949
6031 9800
5082 9466
4560 8765
3010 8797
4755 9232
4584 9925
2172 9394
1560 8559
3486 6671
1900 7854
3486 5782
1440 8415
3276 5888
2110 6927
583 7991
608 9170
233 7602
1840 5227
3014 5828
3366 5509
1740 4736
2432 4960
7090 6030
4900 4664
7120 6048
6807 5470
6304 4200
5179 3680
2760 850
3750 3032
3772 3068
4658 4520
400 3604
351 1168
716 3451
1025 1792
843 1028
1580 1180
2051 2190
3525 3996
2036 765
2325 1182
1746 261
4316 1624
3334 119
1 46
85
5320 352
8989 536
5700 3448
6080 1200
6500 864
4405 2186
5904 1515
4048 4205
4030 4764
7624 2404
6255 3848
3462 7460
3278 8560
7298 3051
8313 2208
9460 1464
5508 5797
6279 6175
9260 4551
9938 4600
3876 8200
4366 9046
3600 9450
5905 8734
5358 8480
5996 8640
6442 7518
5242 7571
9955 5946
9112 7275
9650 6875
9402 9933
7779 8840
8560 7036
9100 8236
8920 7272
8705 6450
7256 9748
7128 9692
7336 7466
7313 7027
7141 8200
6113 8474
7182 9972
1074 9888
790 9114
1474 8632
2200 8934
1208 9831
4229 9784
2234 9632
2003 9150
2268 9460
3000 6888
1518 8640
1580 7516
4152 3248
284 8826
688 6371
1478 5275
2343 5820
1030 4812
214 5448
274 4818
3936 3459
350 3160
2958 3168
550 2772
3540 2980
2270 2010
3268 2345
3920 2302
4160 1852
2 1720
1176 512
1230 832
5302 800
3080 1421
6747 820
2269 405
1960 546
1075 432
2400 296
4409 216
8650 140
19
7680 1921
9382 8431
5652 8592
1708 9399
4145 3500
1985 6593
2776 4880
1737 6892
325 8864
20 8442
743 7680
192 6106
12 6132
488 4544
1255 5565
640 2318
1071 1477
9700 750
2019 4372
69
6815 325
9398 1096
5583 4000
7970 2160
7348 2156
8600 1599
2880 3555
3312 3281
3397 1120
719 2652
1059 2320
470 2576
2688 6425
3537 5021
3635 6428
5327 4710
4649 5169
2231 4552
2944 4270
4368 3536
3645 3476
5353 3088
5787 3096
4782 4397
7304 3230
5422 4640
9200 2480
2384 7700
9822 2105
4823 5905
6682 4703
2576 7808
8284 3536
4442 7044
3760 9564
8164 6424
9482 2802
9156 5046
9106 6140
9907 7076
5110 9000
6226 8710
9766 8765
4750 9542
9373 9087
9448 9983
8666 9484
7518 9914
4107 9876
2625 9612
980 9702
475 8794
1171 8134
1403 8658
9 4019
1696 7485
1928 9617
1720 6212
1680 5408
18 2639
90 1216
721 355
6572 1744
6425 1549
4384 1084
2214 128
6004 496
7300 656
5150 16
61
5562 25
9533 446
3042 3085
5800 2400
8732 2480
2016 3214
3148 5821
4100 3436
4697 3694
6512 2728
7218 4000
6584 4840
8253 4147
9018 4825
9863 5769
9948 7917
9706 8224
8542 5552
8395 6643
5440 7652
8990 5206
6540 5667
6656 5690
4890 7988
844 4876
4039 8744
8659 7248
9209 8268
8299 9231
8504 9870
7300 9321
7631 9856
5482 9901
2960 7910
1084 5320
3561 9272
1030 6633
875 6504
3990 9963
530 7780
1540 9997
610 8412
478 8228
342 8773
490 5983
202 8030
859 1522
505 2537
71 6209
450 1990
0 3395
602 896
1132 194
1980 304
1806 172
2979 89
3600 480
752 3858
3840 1968
6419 380
4036 1052
31
3440 734
6476 985
3668 1240
1475 2420
7390 1562
8883 1540
2863 2960
9270 2660
6670 3040
9642 3837
8068 4304
5955 3008
9959 7148
8947 8330
6312 9824
1299 9746
295 9967
1293 9392
3957 7860
475 7896
238 6468
5527 7328
2739 6475
912 5462
1069 3000
6000 6040
110 2250
906 2604
1725 1605
416 1520
192 1407
93
9952 290
9985 6097
9887 4662
9415 2578
7507 2784
7912 4296
7192 3000
6447 4237
7407 4856
6770 4723
7440 5440
8238 5295
9356 6880
5312 3925
4255 4002
3780 5438
5853 4518
6880 5495
9937 7489
8995 8330
8154 8795
6522 8347
9141 7640
7665 7970
6402 7435
8608 7672
6682 7050
6808 6513
5680 5986
4446 6140
7046 7912
2432 4994
6590 8128
3999 6960
1830 4979
746 5194
2934 6533
497 5200
511 5390
9019 9778
5729 8672
5056 9509
7740 9923
552 9762
4586 9852
740 9501
4124 9623
5040 7793
3309 9456
2524 8880
3570 9146
3550 8581
3400 7216
302 9179
85 8352
271 6807
1250 6706
2110 7984
1620 6284
1297 6369
467 5832
65 5370
8950 1415
740 4110
3270 2172
2026 2556
334 2670
290 2488
1120 804
2103 921
1878 1064
2576 908
1185 1950
4335 2060
4340 2800
8948 1320
7432 1182
8915 1219
6144 815
9216 464
5828 770
5900 1760
6793 1915
2948 1388
5495 1191
3436 708
185 698
6394 311
4951 288
8890 100
5402 454
8064 328
9991 275
30
3011 790
9227 932
5477 2800
9467 3662
9417 2073
9866 5236
5952 3280
3560 2510
3640 2189
3410 2928
9947 6144
9206 8036
7210 5283
7813 8850
7128 8250
4955 9231
3652 8210
6660 5286
3572 8120
18 6593
420 5854
208 5270
281 3889
125 500
420 1168
362 2632
5919 1100
1129 2071
279 400
2872 736
63
2701 147
7400 641
1672 1370
2840 1378
1824 1864
1075 4541
3109 2823
5268 2602
2365 5444
600 7725
4592 4500
4828 3954
6760 2179
5248 3802
8146 830
5990 1075
8489 474
3820 1406
9082 344
7908 3960
8023 3456
4588 7770
3817 8728
4540 8975
6872 5726
9609 1875
6168 6893
6056 8642
7269 7954
6230 7250
8135 7690
8512 6650
8492 5008
7369 6580
9701 2712
9664 4696
9192 4048
9940 6112
9688 9016
8716 9584
8630 6900
8452 9552
7180 9996
2866 9682
8182 3073
7360 2060
4176 5680
6420 4200
2835 6835
5904 4704
0 9246
27 2427
418 2232
120 1872
494 1486
352 4129
1188 179
73 8215
800 6032
1070 6198
961 2202
1743 211
6309 737
17
4492 815
8473 914
9537 5689
4484 3800
1888 5284
9840 9370
9531 9413
6733 9823
5575 9518
1753 7098
2400 9833
1647 7820
980 5958
346 9531
715 4793
1290 6185
3479 1307
53
9803 95
9850 1748
8532 1550
8363 172
6480 872
7968 1334
8958 3820
9844 9518
8831 4766
9176 7680
6880 5800
7712 4816
6184 3144
6134 2939
5638 2403
4203 4359
4027 2400
2636 6000
2408 6295
5646 3595
5443 4360
6410 6589
3756 5375
9251 8227
7252 9046
6163 9994
4462 9490
4897 9290
6730 8895
1976 9830
600 9580
3632 7424
3696 6609
3712 7308
4754 8991
4040 5525
1290 7954
3387 2268
3310 2273
1984 2658
761 7992
357 6800
255 4350
44 5750
116 4118
422 3084
788 2862
363 2427
1009 515
8142 2742
1492 517
5354 212
1302 318
60
4696 59
7359 133
6058 1510
8208 544
9584 3250
9103 1290
8690 228
9256 1281
9590 2681
9515 1870
9850 3951
8240 2066
8416 3760
7695 2400
8027 2012
5048 3479
6612 3857
9546 3920
8897 5136
9520 6850
8817 5314
7368 3977
8640 6420
9885 9045
8209 7340
6832 6817
4450 5705
5940 5355
1640 3294
3788 5256
3909 6284
2184 4760
2214 5116
8907 9919
3704 9709
7876 9948
542 9984
1650 9810
6525 9363
4200 9033
2896 9360
411 9998
6676 8384
3517 7426
2997 7255
3560 6618
3417 6302
1200 8272
96 8525
70 7757
834 6810
2489 5480
172 6292
8 2105
90 2106
2845 2590
8018 6520
880 301
4052 1480
2504 264
96
870 64
2532 86
6190 80
3856 141
1864 710
4089 1065
7846 128
9155 614
8232 346
8084 991
6555 786
6310 2296
5164 3273
6256 3650
6840 5841
6912 854
7549 4064
7960 5563
8975 4108
8695 4088
8570 880
9024 2370
9505 2406
9999 776
9825 4112
9920 6196
9410 6284
9275 6798
8105 7050
7127 6864
8696 5994
4952 7445
6208 6671
6181 6876
9786 5375
5780 6567
9635 4986
5648 6600
5334 6640
5768 4000
4270 2911
5157 2382
3725 2794
4003 4688
5280 4460
5290 6842
4645 6312
4032 5849
2886 4440
2606 5012
2301 6560
1906 6480
3560 6850
1260 7906
6962 7800
6373 7599
9970 8154
9800 8814
9891 9571
9592 9290
9720 8222
8738 8920
7050 9976
7063 9810
7187 9776
5194 9832
7460 9255
2515 9746
3000 9784
155 9676
2827 9656
2528 9630
5448 8640
5022 8718
3510 7875
1260 9546
2112 8308
614 9516
58 9078
190 6371
160 7165
199 6320
793 9293
1492 4736
2625 3150
4015 5570
3274 2385
1371 4055
1610 2895
164 4978
464 4000
389 2070
3816 2270
6289 2312
360 446
400 206
64
879 96
9299 264
8816 179
9984 84
5749 1525
8393 1949
8296 1536
9617 3099
9408 4288
9569 5885
9097 7556
9154 5130
8550 3756
8920 3840
8256 3675
7555 2320
5681 2476
6064 3838
5880 2578
6372 4720
9031 5685
7612 7912
8087 8995
6080 9236
2160 6976
6530 8996
2264 6700
3810 6229
2447 6267
1080 7432
3964 8122
5776 9874
2744 8304
2185 8669
4090 9480
1747 8825
35 9830
221 8830
1250 7972
59 8499
148 7940
2274 4640
2860 4566
2935 4995
3484 5902
4494 2776
2136 4534
4634 2411
4344 5746
5161 2656
6515 7456
6816 7630
6124 5604
7606 8631
5160 1594
6046 865
5404 1262
3527 2487
50 5760
790 4031
1766 3922
287 2504
16 2841
56 1722
66
9891 575
9879 5994
9512 5094
8720 5930
8654 9273
6128 9337
7285 8592
5180 9824
7250 8612
4706 9904
5145 8607
3125 9444
1025 9636
3448 8975
2880 8928
7480 7999
5883 8253
98 9190
1704 6528
2816 6420
2188 6096
2112 6238
75 7404
1626 6290
1511 6178
2845 3926
1310 3450
269 3797
460 3448
1169 2960
1527 2561
1356 1790
3648 4560
4349 7060
3854 4868
3854 3836
2132 1156
1898 1526
2538 2750
1856 2016
320 372
1024 815
4078 108
3744 684
4505 4570
4256 4537
3594 2306
3943 3565
5038 7785
2699 8172
6726 8093
5852 5458
5803 4115
5480 2680
7066 7272
8245 7560
4834 621
7052 4450
7568 5614
7318 4326
7152 2468
8293 4776
8712 104
9040 5178
9754 4080
9421 1136
71
1636 64
9974 343
9969 3258
9688 2944
9635 1364
9688 5162
9634 5376
8972 7502
8956 7894
8980 8857
7938 9502
8160 8660
9552 5027
9135 5651
8375 5500
8560 5557
7204 5840
5808 8000
5839 7092
5138 8025
3072 8496
4227 9254
6640 8284
5113 8304
5390 8155
7848 8169
7808 8560
7555 9808
5569 9664
7252 9190
2404 9560
1265 9720
3216 9162
1630 9396
9225 4348
840 9462
6197 5482
6408 5352
4736 5150
3656 6000
2640 7043
4520 5750
2800 7258
5389 5645
215 9471
402 6850
208 4882
1190 7725
508 4968
1050 4681
2240 4250
46 1748
1698 3290
975 455
68 1594
1052 127
3672 1450
5541 1958
1203 1295
4540 2180
1504 6300
4368 4038
8592 3736
4368 3174
6360 2192
6960 2488
8176 2796
5138 1150
8673 2396
7850 676
5080 770
99
8248 85
8532 130
9336 950
7856 2629
9346 2275
9430 561
9772 1440
9936 2874
9635 1974
9872 6633
8832 2629
9401 5001
9088 3960
8800 3719
8612 5235
8732 5812
9498 5325
9770 7710
9298 6841
9248 7560
9959 9729
9376 9940
2960 9871
4802 8634
3891 9502
5800 8025
1360 9833
2442 7116
1802 8952
3280 5240
3728 7330
3616 5144
2600 3740
815 5177
2472 5377
1950 7066
2240 6356
1676 8030
1032 6717
920 8320
600 5686
912 4506
1135 3420
560 5140
838 9996
59 8199
722 9526
687 9280
321 604
688 1560
2033 3075
1785 2000
1935 2090
2500 2454
640 300
1506 790
4110 3188
799 104
3804 2341
5438 2006
6340 2160
7180 2032
6790 2784
6720 3248
5145 3400
1667 3168
5504 4052
7874 3600
6120 4984
7308 5033
7850 6761
5282 4684
3792 3873
3190 4430
4377 6102
5053 6767
5696 6903
5326 7120
6322 7518
3824 4912
3776 4752
8586 8215
8560 7899
7144 4414
7720 4668
9199 7902
8112 5116
7337 4178
7960 4230
7766 1640
7552 3472
7529 1104
7180 1819
7136 992
5256 641
3682 2200
1141 50
8207 44
7846 576
58
6741 119
8166 917
3729 2120
6240 328
4933 782
1790 2832
9494 570
5640 2776
3664 4510
2205 4776
4904 5456
1910 6082
1944 7106
5161 6248
1531 8093
6980 5440
7543 3420
8912 2616
6820 2661
8471 1176
9437 3320
7756 3993
6592 6861
9822 4188
8213 6030
6280 7024
4292 9210
4134 9805
5878 7884
9145 6917
9150 7600
9222 7576
9850 9031
8461 8276
7135 7560
9173 8931
8326 9670
5280 8570
6329 9150
7237 9782
7145 9944
3798 9940
5128 7321
3504 9886
3800 8808
2400 8708
6100 6000
184 9633
168 7316
339 7280
1524 7475
194 5163
921 922
1253 1438
2398 346
1601 1110
1396 1888
3037 243
3
4667 220
4634 486
300 3456
97
2859 250
6712 546
4096 1790
4516 1816
6130 1270
2851 2580
5971 1800
4088 3578
1911 4736
2170 3400
3538 3395
1122 2619
1728 1828
1244 1606
320 3277
652 4510
700 5736
1260 5076
1315 5350
1150 5386
896 6748
7744 740
3873 4481
6360 2280
3820 5333
5700 4968
6197 4225
5300 4556
6696 3959
6840 2849
7017 3629
7592 1489
7554 4143
8280 4047
8432 3095
7801 802
8648 3320
7976 839
8430 992
8328 198
9328 2490
9914 3675
3280 5792
976 7382
8340 4300
7454 4718
8864 4614
6956 5238
8240 6448
6690 9567
9558 4152
7832 9200
8384 7758
8340 9121
9816 6575
9976 6469
9996 8493
6336 9907
8302 9516
8194 9880
8309 9722
8687 9904
5171 9956
9040 9992
2538 9960
6713 9276
2146 9949
6120 9336
5838 8239
5000 8220
7156 7969
6604 7610
7842 6076
6252 7743
6265 6826
5040 8012
6200 6971
3596 9349
3952 7486
5428 6290
4210 6980
3232 8200
3597 6555
1992 9100
2542 6736
2256 7918
1724 8320
1595 8428
287 9885
178 9740
626 9306
65 3920
672 901
244 843
3371 55
4308 136
3096 150
91
5542 3
9693 637
9092 1360
8314 934
2710 496
2749 826
8520 1308
4344 1394
4360 1992
7252 1699
7590 1644
6440 1852
4168 2412
9672 1312
8016 1800
9609 2010
8210 2618
6888 2413
3036 2634
2423 1316
2050 4128
1812 3824
2717 5648
4225 8450
2832 5632
2779 3856
5360 2747
2946 4564
3836 5413
5328 6001
4548 6609
4519 6679
7078 5906
3960 5108
5810 5468
5037 4610
6955 5146
6830 5040
5343 3096
9976 2560
9848 3205
8410 4996
6260 5311
8143 5082
7613 5408
9964 4431
9740 8768
9542 9898
9640 8918
9676 7503
9555 9391
9250 9664
9614 7701
8812 5576
9154 8709
6812 6508
6336 6362
8173 8262
8225 8040
8472 8662
7154 7752
6840 8414
6040 6276
7355 9821
5683 9936
6586 9716
4553 9952
6445 7930
4144 9398
4491 9505
2558 9429
2298 6971
1456 5728
268 2301
2419 9964
1488 7020
583 8093
706 9858
104 9558
86 8200
185 1713
3040 8672
878 2660
2096 5580
3950 8748
2789 6704
286 394
3008 95
3434 56
9080 564
7647 344
73
1241 13
5652 26
3646 1424
6670 1142
8888 762
6704 2235
8420 3152
5728 3032
5382 1836
5215 3106
8600 5350
8644 3980
8313 2750
9674 1129
8668 4320
9504 5683
9765 3042
9764 1389
9883 1843
9887 3288
9477 8303
9945 8247
9848 9000
5720 5845
8042 7148
3764 4564
9872 9318
3298 4241
6450 6836
7180 8576
8434 9187
8560 9681
5004 9852
5104 9770
4960 9405
4915 8430
3100 7660
1520 8214
1596 8252
4578 8688
1731 9789
1761 9120
428 9731
912 8627
712 8881
212 7360
5564 7725
480 6954
0 6772
656 5436
2070 7031
168 4836
1417 4180
1224 4860
1908 5090
3478 6262
1147 3632
1874 2399
4813 7005
7217 9060
6485 7970
5426 7240
384 227
3430 3330
5580 5258
2434 2310
629 100
2580 1056
2416 1222
6060 5099
6627 5514
6336 4456
2166 560
20
8 1329
9049 2840
5000 200
9816 161
9350 3852
9854 5499
8122 8312
7306 9900
6382 9512
6572 9600
4167 9600
3878 9592
3744 3497
354 8257
1598 9543
239 8276
2400 4460
2788 2838
213 7531
750 2724
28
637 274
8364 689
1355 1382
1620 3775
6781 1557
8288 4576
4708 4068
2177 3880
1505 4902
2464 8020
8271 4904
9810 2028
9835 2709
7200 7506
8500 9236
9608 5614
9247 8351
8960 9238
8340 9522
4226 9404
6752 9457
2692 8559
6928 7040
1367 8438
569 7110
150 6155
52 7360
392 1262
14
7829 1157
9384 2815
8976 3932
9897 6925
9026 8327
5178 9126
3647 9688
4860 3960
4875 3880
6424 6910
5082 3384
425 9093
3213 3425
3945 2270
99
531 126
6483 659
4163 3552
4815 3180
3137 5693
3206 6460
3303 5957
4913 4448
5540 4896
6048 5524
8680 4096
5475 4528
7214 3104
7192 1952
6160 1938
5822 2500
6870 60
7920 714
8650 2561
9311 1021
9896 1709
9817 5442
9576 7000
9132 5195
8544 5550
9571 8845
8808 8351
8624 6627
8253 7950
7764 7489
6910 6550
8405 6740
7290 6170
9064 4800
9808 3830
5200 7421
6860 6642
6848 8062
9612 9272
6736 8266
8283 8912
6724 8416
8289 9805
8234 9844
7144 9959
6950 9488
5296 9140
5364 9904
2945 8396
1628 9742
894 9675
717 9491
1290 8308
1104 9524
4400 7292
9397 3800
9508 1944
7836 3466
8968 3904
7425 5040
7728 4678
6261 5456
3550 7625
2350 6374
3895 3124
5031 1626
5284 1775
4131 972
3231 1464
3087 2348
3888 1606
524 7678
660 8344
76 7844
42 7577
3499 2286
3005 2810
3072 2218
3128 886
2869 780
2320 3393
2060 2720
2270 2896
2381 1842
1055 5353
680 5316
423 2868
360 3878
72 4650
600 600
480 1934
772 3440
860 3571
928 1040
970 3305
2162 2052
1984 1415
1624 383
1799 1632
49
7380 606
9149 1095
4981 1182
1250 1732
4144 1702
9848 1458
8744 2255
479 3138
672 6215
1940 8086
2137 5707
2640 4720
3575 7714
4256 8520
6670 7858
2586 3104
6088 3100
5676 4960
2842 3340
6518 6702
6882 6365
8765 3600
6689 6930
9374 8315
8844 5307
8944 3716
9104 6228
9772 5617
9213 9543
6020 6972
9022 9567
6027 9860
7768 9135
3096 9086
1192 8890
5370 9920
1052 9689
400 7058
253 5241
460 4692
104 703
1854 126
232 143
5013 53
8094 40
5093 162
4224 241
2065 674
7109 582
69
793 44
7896 948
3592 15
7792 657
9210 1676
6533 1048
9866 3626
6225 4725
8432 4414
7032 5610
6810 7085
6212 5884
3841 5907
4328 9300
5070 9780
8693 4707
9920 4677
7417 7420
8956 4753
6059 8761
8689 6240
6004 8912
8666 7316
8484 7170
9956 6122
9797 9029
7786 8130
7563 8732
9400 9696
8751 9662
3588 9940
1027 9780
2320 7562
1067 7883
2500 7362
2208 8950
2660 7376
185 6939
207 6463
1852 5944
351 6192
4769 5388
2560 6110
6456 4896
5628 4676
882 5695
2288 4450
3958 3120
4715 4676
3767 4864
8674 3956
2378 1688
1450 3680
2355 2583
292 5724
600 3912
886 2564
1712 1764
2320 1480
5060 926
6817 2850
6800 3050
7288 2649
5100 725
32 1968
1790 940
44 643
2520 640
2062 520
94
8321 29
9480 1550
9580 761
9795 2267
9277 2060
9120 1815
6606 124
9772 3844
9841 5637
9097 6406
9290 6442
7315 6200
8665 4922
7489 3276
8933 4772
8224 3667
9772 4099
4920 1150
7298 4792
6880 4971
6980 5568
5224 3031
8236 7660
9710 8984
8717 9409
8265 8684
5312 3240
5098 5322
4860 5400
2941 4741
2992 5528
2749 2082
2140 2033
1640 4960
2028 5225
1141 4896
898 2618
680 4992
7216 7881
3650 6264
6945 6408
6342 6432
7360 7905
7648 7889
8544 9400
8465 9544
4502 7552
6160 7754
3105 6560
1912 6456
1537 6886
3412 7466
7600 9362
2788 7424
8372 9782
6705 9906
4042 9809
3760 9584
4371 9641
6108 9101
6890 9628
5888 8824
5050 9328
4600 8264
4624 9030
2648 10000
2688 9360
996 9780
3498 9124
1432 9325
208 9912
51 7373
2297 8721
532 7364
88 3818
594 4124
109 1813
0 120
1596 2621
1225 468
2365 1130
2783 2055
5514 3086
1565 566
5208 2852
3772 190
4526 117
4150 508
5550 979
9733 4040
8560 2680
7816 2372
6039 48
3255 43
7
5883 1426
9926 2789
3880 4850
7265 8857
5265 9199
2160 4704
2630 1240
18
7841 997
9747 2044
6734 2462
9002 6029
6771 9726
6227 8880
2543 8783
3135 9600
1239 8191
858 7086
5634 8145
5545 7093
2900 4054
2649 4190
977 2572
152 1550
3689 1110
2314 312
17
6708 78
8033 708
9591 4422
4656 2403
3410 2324
5766 8247
8435 7701
7991 8049
4639 8893
2756 6548
715 9718
501 8064
821 5282
1684 2114
5065 1700
4806 596
4460 30
91
2966 57
9185 96
7167 250
9473 224
8100 3564
9260 1049
8026 3944
7876 3980
8178 2144
6926 4203
9624 5760
8976 2176
9884 2002
9913 6519
8060 4910
9492 7760
7385 5650
5104 1904
5531 3488
7948 6402
9158 7618
7560 7609
7928 7175
6666 5210
7306 7820
5340 3900
6339 5656
4000 1498
4540 5198
4448 4116
4556 4464
4600 2600
5456 4156
5987 5375
5410 5660
4378 5312
4700 5530
6560 6560
6440 7506
6690 7955
6062 7682
6720 8125
9036 8096
8632 8873
7918 9520
8988 8671
9104 9015
8351 9952
7676 9848
6695 8777
5408 6999
6068 9875
3288 9727
1486 8866
1939 9320
1117 9407
364 6552
414 6318
1285 8202
4022 8829
2570 7120
5280 8480
5104 9295
5768 9200
5264 6500
2084 6230
1248 7111
1810 6032
932 6110
1260 5176
4924 6252
3204 3540
2200 3191
2080 4203
300 1584
135 7440
62 1715
468 207
1468 424
6895 2110
5723 1949
5900 2506
6445 3127
6962 2944
7090 3129
7600 2206
9130 691
3705 851
4380 1119
3220 818
2152 274
87
7390 119
9157 254
5898 1230
6068 1355
6840 1674
9368 520
6738 1750
8287 2011
6250 2878
5604 2064
7450 1946
4640 1816
6400 3720
9817 7410
7000 4024
8390 4400
7728 3510
8144 4050
8992 3216
7516 2694
9055 2924
9344 3423
9092 4950
9800 754
9977 2544
9910 8761
9728 9409
9725 9414
6338 8014
9544 9755
9175 9806
6340 9759
1625 9623
2513 9510
6631 9412
3368 9110
3150 9020
3500 8463
1546 9407
3804 5668
2750 7300
1848 7800
947 9263
770 9127
510 9160
120 8616
28 6830
146 8439
706 5730
200 5178
0 6234
482 3135
1315 6888
2018 4241
451 1243
1492 1659
1340 1460
822 700
2148 698
3412 60
2083 1008
7890 6068
4355 3272
5140 4915
3690 4064
2272 3585
805 8824
2861 5696
3400 5224
1960 4720
5784 5407
5132 5713
4880 5588
5118 7376
4539 7992
5916 8887
6143 4754
9419 7365
9840 7760
6720 4802
6818 4708
3388 435
5176 1490
6624 852
6623 397
4806 244
6682 31
4
4456 2259
9415 7322
3883 9993
3644 9196
66
9714 190
9628 9943
9184 957
7714 2535
9052 3475
7414 2750
4435 4623
5850 3788
4608 6000
8524 3510
8380 6414
8291 6585
9116 5352
9036 6300
9353 6368
8339 8280
8154 9449
8479 7120
7840 9814
7630 8850
8320 5440
3753 9894
4475 7223
5366 6484
5520 6414
3279 6744
2712 5687
2204 5819
3000 9007
3752 8900
3184 9394
1853 9374
377 7510
1100 9440
56 8508
734 6187
6159 3376
4345 3418
9188 510
4584 2810
3617 4349
3264 2666
3388 4215
1943 4300
3148 2572
3250 1625
624 6299
483 5425
289 4482
40 3409
432 1872
500 3384
595 1578
1544 862
1312 678
250 488
2283 613
2073 842
717 1540
4280 172
2575 1491
1750 2525
3580 1415
6075 225
8772 185
3168 2532
57
9374 219
9713 5269
9320 1424
9634 5620
9392 7538
8298 8028
9010 9087
5674 6475
5670 3486
4776 1566
8839 7579
9601 5360
8945 288
7728 3828
5525 1800
4184 1197
5570 6672
6216 7988
6598 8990
1166 5952
3422 7330
2896 7086
5766 8930
7213 9930
3675 8650
5975 9618
6298 9911
2724 8240
3230 9047
2058 9520
2195 8968
1558 9135
2288 7392
1133 8085
1328 6846
340 4298
782 6302
364 8530
372 6382
146 1176
1983 5800
1498 5296
1767 6227
5353 7570
3320 4792
2031 4676
2612 3483
1720 4870
1070 3328
1800 1094
1805 1472
1215 3330
2178 594
7500 2136
3323 524
6708 307
6160 362
7
8672 239
9391 2800
2470 5072
9179 7610
7334 9134
771 5966
4053 478
79
8631 113
9212 206
5436 1909
4745 1756
4565 4440
7482 2167
4170 4875
3256 4055
3570 5280
2408 6200
7186 7072
5196 7354
9629 8430
7730 7705
8480 7280
4054 5760
6983 6454
8550 6124
7440 6114
4150 5100
4730 4960
9890 1330
9155 3050
9056 2501
8140 2880
9366 5168
7691 4245
7250 4368
7520 4166
5199 4768
5870 5362
9774 5264
8140 5584
9982 6587
9810 9818
9458 9445
3028 6882
8176 9768
4229 8316
1459 5906
2785 7120
4008 8944
3933 8662
4708 9204
3776 9500
2304 8778
1305 8250
962 6436
380 7952
352 8016
835 9160
402 9125
3090 9556
7865 9899
4955 9835
5994 9952
819 9850
161 9332
124 3818
1804 8452
196 2960
356 2007
861 4612
400 1793
168 1012
716 925
1222 160
3732 1470
1288 2360
3546 1696
3210 2168
692 2982
1112 4848
3984 1560
2828 4088
4600 3060
3692 520
7740 537
5440 314
50
1821 230
7636 1041
4500 2242
7882 1034
6534 2781
9149 2032
9920 1900
4880 5482
7640 3546
9461 3377
3600 6252
6732 5813
2234 7900
7024 6250
3198 7756
3094 8255
5684 7870
9770 7928
6955 8380
3705 9060
8030 8268
9867 9684
9773 9855
3741 9725
3540 9710
1558 9511
1370 8930
4271 5440
4235 2866
2244 4170
2064 7380
1728 7662
1328 7135
1280 9024
868 8237
1010 9001
293 9135
255 9046
50 7732
1860 3370
2469 3259
3300 2664
5796 2168
1832 2724
270 2741
2270 1508
4690 2135
272 747
6278 1440
1645 241
19
5717 959
9984 1656
7253 1912
9799 5250
9158 6320
6836 2795
4890 5692
4280 2400
2540 2000
640 5426
3024 4716
7513 7380
3348 5278
7500 9082
3095 9645
2888 5015
185 8167
926 1986
5486 185
0
