13
2099 2138
9584 2647
3012 5760
4380 7304
9912 5112
9625 6011
7021 8653
5077 9991
192 7016
3376 8236
410 3236
2220 1558
4480 0
7
8616 1550
8568 5346
2588 3899
2481 8223
494 5056
2040 656
2800 2848
47
9006 606
9328 1310
9542 2566
9764 2555
9426 89
9901 3100
4138 1386
7523 2394
7979 2912
8884 3151
7054 4369
8291 3968
9356 4604
7500 5048
4999 4625
8126 6134
9567 6277
9540 4879
9895 8560
8304 8147
5240 5004
8100 8695
3250 3451
6492 8240
7436 9911
4153 9920
6468 8280
4640 9070
4256 9846
2666 7248
2018 5800
394 1606
2276 8480
2080 9345
1812 8286
708 9364
471 8943
285 9720
290 9050
219 8009
104 3990
333 1085
5670 2023
2416 913
6160 732
3773 635
7400 404
20
3006 34
8975 2174
3262 605
5155 3720
9916 6077
1818 2848
9812 7432
4251 4300
1820 3520
9593 7479
4239 7950
9200 8057
9544 8000
8094 8874
4812 9989
3120 4311
1669 4652
1712 7158
37 7190
807 588
9
3303 1484
8077 1808
9497 6873
8863 7694
5882 9201
4146 7581
3714 8264
256 8337
363 6438
17
9768 771
9534 6024
9524 5456
7510 2000
8064 3568
7936 8352
9712 9360
9245 9708
3420 5884
2029 9043
406 3291
4944 4782
2371 1269
5988 690
5546 1301
3619 1112
7892 1836
19
607 203
8979 1634
7730 4336
8076 4830
8800 4040
9359 8137
7024 5042
4838 2760
4876 4016
7529 8108
3984 5110
3594 6757
671 4932
534 5366
4087 7072
5289 9979
3750 9250
297 9454
304 5943
55
2581 211
9954 336
8574 2529
8360 3050
8150 4702
7136 4380
8112 2000
7473 2215
6290 1276
5429 1330
6989 5256
6380 5685
8502 7982
3107 2884
4915 1840
3264 2650
4422 1440
1946 2395
3598 6172
3840 4808
5890 5596
6476 7990
9364 8820
6492 5660
9886 4405
8081 5409
9651 8478
8914 9796
5505 9862
5005 9810
9050 8983
3695 9125
5004 7577
5340 7598
5728 6412
3664 8362
3173 7760
1820 8750
1280 9240
2110 3641
1888 3586
1758 3893
1437 5028
506 8731
1561 3948
2003 2128
703 3395
304 4168
12 5685
688 1839
52 1564
6525 1056
4562 1200
4255 476
7084 895
18
9441 476
9959 9218
8135 9908
7080 925
5640 6369
1842 8834
2620 9600
2062 9060
1022 8342
211 6240
2032 6020
4776 5917
682 4882
2358 2364
2974 1617
500 11
5047 15
5728 1000
68
3658 38
8990 953
9784 1249
5125 2844
3636 3530
9220 1464
9568 1638
9736 6106
8230 2016
6664 2646
3072 4341
4400 4575
7816 2337
6701 3774
6800 3797
4460 4759
2885 5220
3436 5720
7000 5920
7065 6180
8936 5660
5336 5028
9147 5373
8906 9443
8908 7196
6718 9998
6692 9616
4787 9775
6340 8400
9058 5700
3946 8439
5492 8000
5200 8496
4658 8547
700 9529
1026 9386
2280 8592
2162 7820
1839 7952
1582 7179
93 9975
355 8208
1225 6031
0 9054
46 2830
77 2566
459 1438
166 7285
392 4030
796 321
1203 88
562 3646
1440 3297
2650 9035
2788 8665
5345 7655
2824 5310
3964 6368
2125 4478
3624 2510
2552 3664
3595 2132
4356 2038
4420 2701
4791 1975
2990 288
5534 1568
4472 480
59
1865 66
9438 231
2162 1180
2032 2501
2612 1885
7594 708
4961 1696
1955 2894
6102 1294
4193 2808
2250 3368
8772 1540
3750 4760
3408 3142
2236 8490
4325 4800
4964 4656
7584 5570
5220 4784
5620 6067
6064 6189
4936 6432
5986 7630
4064 5440
6025 8464
6496 6715
6652 8688
8080 5442
9104 6048
8066 6350
8920 6642
9296 7024
9482 5324
9839 4977
9915 7605
9877 8140
9541 8110
9185 7665
9977 9753
7856 9375
7828 8284
7530 8418
5340 9118
4936 9879
3935 9762
3022 9746
1178 9454
240 6828
455 8602
304 8118
240 9640
0 5414
35 5439
305 3196
1041 1170
1552 5330
1817 5923
1875 6867
1458 77
55
9372 23
9714 946
7720 1259
7500 171
7408 1824
9469 1375
7048 2252
6357 8010
6816 6638
6640 6080
8581 2396
9764 1662
9840 5424
9612 8780
7880 5855
8528 9658
7840 9600
7817 8928
4850 7147
1024 6060
2112 6966
3948 7637
5364 8096
4983 9704
80 9403
1120 2889
220 4072
8 3546
294 2666
720 1169
1920 4600
2672 3393
2672 3645
3536 4685
4259 4930
2228 4641
2040 4710
2528 5346
6064 6896
2864 2704
3959 4212
183 171
1100 4
3772 72
4125 542
6198 1507
3685 2642
3162 1087
1864 839
5776 5130
2753 1832
6404 5963
6106 2850
6242 2640
6196 67
28
1240 71
8064 1460
7722 483
9399 2055
9539 3279
6208 3002
9607 4627
2988 1751
8520 7071
6252 4468
7955 4186
9178 8464
4293 8884
8975 9989
4806 9888
5828 9569
835 9510
1486 8710
2174 8592
5820 8340
6334 6346
6205 6096
516 7686
3112 5700
4058 3500
588 7447
2788 4018
608 2232
27
8848 81
9365 2166
6608 3296
8277 6144
9722 4507
8031 7670
5950 7516
7798 8866
9568 9055
7333 9568
7573 9365
5492 9331
1255 8988
2028 8264
1332 7802
2400 8178
1714 6210
738 6652
542 3994
4370 8956
603 3144
2245 2850
3658 4556
6534 6060
1320 1927
2990 799
7247 109
59
6380 0
8003 827
4312 2116
7305 1310
9353 374
9875 2306
8974 1603
8681 1560
3182 2550
5688 3738
9292 1935
8018 3800
6985 3564
7258 4784
5855 3888
6555 6264
7117 5302
9967 4230
9900 5442
9332 5780
9884 6280
8767 8833
4850 6215
6474 8416
6200 8302
7841 9650
7200 9616
6475 9988
5262 7097
4345 6816
3000 9160
4730 9876
500 9907
415 9868
5 9075
4 4274
664 1940
642 1235
1145 1072
1336 606
2920 104
1266 1416
2134 1656
451 3290
100 6624
1898 2666
176 8342
2079 2177
456 9272
2680 8462
6000 4954
5840 4430
4316 3984
3219 3970
2950 3105
2995 2212
6830 745
6253 280
2292 716
45
9205 194
9493 502
9312 1336
9616 7816
9936 6315
9516 9443
3375 9902
4129 9572
5944 7964
7730 9395
6613 8151
6000 6752
2390 6200
2605 8602
4256 7250
1664 9608
656 4960
1400 9535
380 5664
403 2762
301 8327
212 8060
413 1031
1748 1571
950 960
1700 280
2968 592
2134 237
8296 615
742 1955
3919 2200
2650 3403
7490 1192
8741 1083
2665 4029
6991 6078
6804 8250
7869 8153
7684 6789
8352 8418
7012 5111
4397 4732
8650 5245
4128 3700
9207 4720
87
3404 162
4696 210
5736 76
9900 160
3610 640
8413 488
8890 480
9729 1947
9978 3240
8640 1040
8240 745
7680 1960
5664 2168
7206 1761
4488 753
6880 6560
6384 4260
5520 3032
9411 5749
8780 4496
7724 3649
6536 3342
8246 2000
8376 1804
9510 2677
8520 2200
8366 3780
9156 4740
9920 6104
7986 5362
8647 6110
9636 6248
7328 7300
8301 7713
9673 6902
9565 8860
9492 9425
9181 9600
3773 9916
1712 9509
6040 9473
7706 9387
4988 9467
6974 9281
8772 9012
33 8999
1750 5320
960 5995
17 8663
91 6464
85 4657
424 6568
379 1581
1076 1768
1866 2414
436 5926
2376 2034
3760 3118
2630 3232
2050 4228
2888 4948
1219 7567
3188 6545
2260 7296
1184 8078
3275 6655
2150 7630
5432 7850
4400 7293
7025 8512
544 8428
819 8499
5720 8900
7284 8579
7150 4772
6770 7557
5938 6085
4473 6520
5820 5769
2234 4143
6532 6011
5586 3842
4627 4448
4148 2380
3045 1445
4172 1624
2821 421
77
6840 24
7518 86
5744 2182
5216 530
4312 232
4448 3400
4770 3578
2823 3260
3358 4519
1772 4741
1272 3043
1768 3118
3132 2608
3920 255
2200 394
2680 953
2356 1177
1494 2631
528 2310
2085 9188
1856 5520
4965 5017
5750 5264
2245 7212
3142 8064
3530 8300
4682 7250
4368 8016
5684 7058
5900 5492
6804 2920
7351 2575
7548 1990
7304 1136
6566 1387
8984 191
8747 576
7568 2620
4850 9388
8208 2840
8370 1998
9300 1055
6484 7200
8098 3492
6120 7632
5800 8240
8592 5854
9728 4852
9718 355
9742 6560
9052 6708
9574 8756
9380 8410
8397 8171
9194 7769
8340 6384
8890 7525
7105 7830
9807 8940
8760 8608
8772 9484
9548 9572
9204 9810
7748 9950
6560 9976
8024 8776
3445 9787
3399 9710
3805 9348
463 9864
245 9054
1242 7562
239 4595
264 2515
653 329
1932 164
1523 2
42
195 547
5035 1022
6411 5158
4124 1475
1140 746
4880 2719
1900 1954
6250 5284
7343 8544
8648 7185
8980 7750
4900 600
7394 4652
5124 53
7268 416
7850 1030
5358 160
7970 1524
8522 12
9600 1776
8102 2168
8156 2383
8903 2216
7146 2627
8048 2768
9367 6330
9397 8515
9086 9372
4162 8815
7836 9122
3116 6892
6375 7762
4983 5566
3840 4620
4624 4620
777 1545
1772 8432
4132 9721
1628 9671
198 8839
686 8200
1145 5228
39
8563 66
9936 4001
9027 5000
9476 2714
5210 8730
5455 6714
4735 6426
4952 6421
4336 5780
4342 3520
4120 3356
3819 6020
4725 9140
9994 5378
6370 9460
9472 9800
6817 9859
5230 9849
1094 9564
701 6675
240 5720
523 4673
3880 8196
3667 4434
2674 6246
2128 5240
2210 2132
1800 1592
2700 1164
7085 4971
4050 1640
7464 3585
7416 2283
4184 912
357 345
2890 83
6384 1600
6648 415
6660 35
85
7756 19
9228 1795
9300 2296
7496 630
2924 1881
6458 1128
6807 1220
4746 2646
7660 1209
3937 3360
5584 5150
6804 6016
7035 7026
7090 8495
8440 6691
4900 4150
8916 6928
5285 4152
6890 5124
8555 5808
5604 3216
9340 5897
9200 5722
7700 3386
8950 4694
9066 2950
9854 3111
9836 2445
9980 5774
9660 9616
8982 9770
9380 6077
8850 8066
8875 8403
6948 9973
274 9844
400 5396
82 9688
0 5785
350 4750
200 4410
2000 7764
31 1651
2 221
708 3638
695 2452
1102 3016
2167 5432
335 816
2400 5780
3376 6360
3342 6019
4182 8096
3600 6855
3478 6828
1648 5761
3560 7196
2140 6700
2826 7552
3107 8144
2916 7881
2084 7867
1876 8739
4379 8156
4363 8512
2721 9408
2585 9284
576 8609
1850 9356
2884 9886
6169 9275
3155 2000
4291 5617
2999 4262
4104 5604
3950 6220
2962 4900
1074 743
2992 452
5455 120
1680 1415
3388 3544
2452 1250
4075 628
6340 241
65
3906 30
8939 401
7028 1168
3801 1991
6960 1344
2904 4692
8584 1067
4888 4640
3190 6238
7360 2406
7395 2420
7109 4665
9468 2411
9907 2180
9994 8570
9237 9248
9401 9558
7200 9847
3398 9855
2606 9793
5010 9176
9715 8780
8935 7160
9340 8705
4827 9037
5900 8768
3200 9040
2940 8920
4996 8561
9280 6720
958 9600
8800 6820
8566 6755
8502 5824
1409 9081
7680 6094
6186 6544
5264 5984
7984 5050
7240 4960
9384 4925
5248 4775
3416 6376
5404 6108
6105 6764
3648 7586
1006 7018
320 7277
1665 6108
677 4747
2148 4890
745 2614
2136 3858
187 2058
420 623
620 608
1228 2376
400 1091
1320 2658
2132 444
1895 2730
2592 1048
3048 634
2161 5525
1952 6670
84
5746 211
7556 312
7524 1288
6248 465
6560 1056
3256 1746
9418 1137
1061 2369
1200 2872
3338 4008
2928 3430
3242 3400
6539 2230
2610 2426
6000 2120
8025 2136
5393 1930
7321 1479
9381 2195
5145 2877
5034 4254
9524 2454
9596 2826
8811 4582
8600 3713
6992 4576
1216 3963
6650 6456
6736 5856
8122 4800
4196 4688
8859 4645
6326 6824
6913 6516
8544 5619
8952 4856
9878 3439
9678 4238
7430 7040
8568 5626
9954 3958
9911 4350
8944 7424
9030 8319
6950 7480
2512 5550
8913 8380
8433 8202
5600 7106
1640 5401
1740 4920
610 4942
6260 7494
885 5200
9960 9297
7225 8297
9792 9270
2697 6732
9078 9466
3403 7290
2880 7140
2930 7510
8288 9296
8768 9403
9574 9661
5170 8880
3260 9120
8965 9808
4406 9803
449 9582
543 8367
996 7596
0 8298
22 657
20 3192
332 7192
256 286
1065 1668
370 1844
2530 1478
5892 840
1581 1400
2832 752
3287 7
7
3637 1832
8605 7402
5206 9785
3552 4616
2410 8378
444 6345
298 5536
27
568 218
8020 847
7385 1630
7280 3120
2375 652
3253 2357
7110 4792
3795 3470
7330 6684
7400 8324
8394 9206
7885 7340
7336 6647
9989 3436
9949 9133
9522 5290
9812 9532
775 9937
1160 8708
1974 7800
1537 7713
4646 7904
7737 8958
2704 2270
1207 5163
781 5140
1040 1886
81
7829 163
9160 1533
8960 511
9322 2016
9500 1602
9750 2329
5534 2183
7009 2645
5130 2352
6620 3086
6175 3061
5164 3703
6500 3592
7284 2285
6970 4254
7616 2732
7929 3280
7448 4631
7668 3441
7000 6316
7140 6640
8192 3750
7674 7442
8352 5076
8548 6480
9745 5791
9991 7680
9450 5990
9385 7835
9496 9912
9370 9525
9117 9789
4054 2172
6908 8451
4176 2656
4162 2595
3944 2540
6804 9164
7594 7724
7865 7990
6630 9500
8469 9930
5060 9268
4974 8581
4785 7955
4598 5265
5525 6651
4406 4636
4074 5185
3324 8604
4446 4860
3204 9623
2954 7792
3108 7450
3446 3439
2975 6537
3068 4608
3114 3680
1304 6160
3000 4475
600 7225
2608 9959
2224 9887
1384 8952
304 7204
556 6373
1317 5747
68 5535
907 1397
253 1108
1097 528
1107 55
1138 492
2600 1447
2000 2115
1260 3465
5284 586
2130 184
2818 237
8546 1024
4045 296
79
1391 112
5886 439
2731 336
6302 508
4750 808
2605 2084
9211 850
7833 590
5960 947
8560 252
9398 904
6652 1566
9742 2666
8867 2730
7300 2322
5961 3100
9420 2897
9580 3727
8776 4634
9303 4354
8815 5357
8589 3741
7723 3725
7289 3295
4862 5984
5656 4714
4790 3788
2360 9010
4368 8270
8588 5808
6000 6360
9622 5171
6937 7986
4759 8479
6051 8445
6875 8286
8723 7771
6293 8465
6250 9097
8110 8286
8655 8650
8760 9072
8769 7144
9325 9950
7424 9992
5928 9770
8594 9226
1755 9586
2900 7210
5444 1607
1952 8392
2136 6726
1830 8052
1909 7316
936 9674
1643 7860
1328 8116
3135 4661
3774 3698
4000 2680
2797 4021
3080 4256
2245 5440
474 7525
759 5839
340 5320
278 6456
376 4405
896 6196
92 2770
208 8628
52 1952
96 2487
1763 4933
92 778
1346 2876
1250 1608
2800 4359
2564 3910
90
8196 227
9611 2161
8780 1455
8128 908
7965 2190
6624 2079
4689 2853
8220 2225
3866 3314
6115 2842
4132 3665
9671 4173
9712 2118
9782 4775
9632 4340
9071 4373
9718 7101
6796 8438
7148 9000
6654 9434
9432 8712
7440 8578
9581 7706
9477 9216
9415 9358
9065 9465
3328 9470
8290 9724
7077 9771
3304 9684
1876 7916
2205 9850
1944 9827
1077 9128
1963 6576
1512 6049
818 8685
522 8386
376 5485
1750 5275
2902 5520
4032 6595
1817 7873
4748 9352
4844 9100
4800 8208
5445 7028
4868 5596
7420 6224
5182 5799
6240 7349
6080 7214
5355 9203
5596 8730
7028 8266
8396 5912
8448 7360
9510 7133
8450 5456
8808 4593
8207 5006
8983 6748
7430 4200
7995 5884
6206 5510
2620 2924
1409 3264
3210 4612
1980 4162
2966 4920
1357 4076
1952 5140
1318 4739
310 3330
374 4518
14 3498
727 570
3456 1711
682 1908
996 2400
1351 3960
1419 1858
4119 2736
3423 1434
7533 1778
3378 1416
1661 370
7794 938
2488 124
7678 154
71
5286 98
6792 136
5754 142
5696 1800
6222 3256
8110 1324
9776 1136
9737 2970
9540 4950
8272 5180
9323 7193
7494 3884
8276 7775
8420 6623
8744 7606
9698 8841
9813 1315
9946 3972
9832 4332
9947 4100
9872 6316
9746 9830
4900 9680
6160 8856
8850 9445
6593 8452
6364 6460
5070 7027
6250 7749
2600 9911
1872 9870
3984 8336
5823 4362
1872 9103
3160 7641
3177 8495
832 9604
1014 8521
567 8249
1298 8497
1212 6869
2283 7964
4844 4970
3368 5329
488 6964
1846 5242
570 5116
1360 4200
800 4824
466 3650
1460 3515
3248 5351
1406 3061
690 2552
720 2140
4759 4840
3046 1542
3916 2328
2680 646
2068 2407
664 511
1068 64
1601 832
2440 40
4910 870
3351 495
4904 1676
5022 3297
5066 2786
5008 1675
6480 6484
88
5213 6
9102 42
8616 796
8020 1589
8296 2284
6939 817
1916 3065
4495 2400
6865 1582
2984 3136
3920 4050
4082 4202
4456 2562
5500 3084
5460 3023
9694 3160
8392 3409
4700 3584
4798 4200
8029 3561
2348 4692
5280 5465
7852 5793
5998 5239
9705 3560
9872 6254
9220 7208
9660 6304
2346 5121
2154 5448
4255 5820
6435 7084
7836 7200
6318 6330
8460 6836
9412 6756
8645 7340
8333 7405
6480 7759
7866 7619
4717 8680
6212 8660
7330 9122
6056 8370
9748 7569
8822 9100
7767 8450
8060 9654
6850 8990
4919 9052
5564 9855
1346 9896
596 9580
644 9477
814 9526
3117 9563
3672 8676
5336 6742
5274 6640
2792 9288
1560 9343
2955 8964
1875 7920
1108 7424
251 9317
155 8494
6 9858
50 3608
83 1704
653 2505
312 5750
2712 8580
3798 7630
2794 5848
3515 7255
2024 6314
1402 2720
1890 5820
1580 5907
1301 5184
960 655
1518 959
2764 1478
2055 1162
846 0
1095 57
4740 1270
4272 240
59
9328 0
9152 8487
7850 9174
6792 7664
7146 9125
3990 8838
9984 9810
4088 8874
8598 9943
5055 9576
3625 9139
2810 9890
307 9706
1846 9148
3103 9516
8456 5212
4219 5880
2685 5656
1488 6600
6856 6035
5056 6875
3274 7584
3386 8916
12 8762
219 7728
136 7632
129 7339
440 7250
480 6374
855 6036
2630 5462
877 4748
7440 5080
7215 4718
6665 4528
1440 3827
796 3505
2352 3906
2829 2455
4412 3650
5884 3168
5660 3728
5394 4256
9154 4815
4550 2432
1749 866
311 1408
325 337
799 216
3668 1750
2840 1100
4112 1608
1799 87
2008 168
7776 2562
3915 1656
8122 2844
8054 3576
8920 2428
79
6185 33
9963 470
8317 884
5272 1033
4452 1870
4805 789
3133 1948
2840 2585
4210 2717
7752 1966
7775 1760
9908 920
9519 4018
5400 7914
6908 5674
6535 5005
7467 5792
6716 4664
7993 4523
8112 4360
8084 3881
6029 4350
4768 8146
3360 8226
5085 8240
9224 5535
9977 4880
8450 6548
6604 7875
4416 9423
9951 5837
6975 7992
8836 6960
9900 6680
9607 9003
8100 8498
7050 8435
8191 8828
6145 8328
6048 8696
5742 8699
8100 9967
7184 9901
5243 9045
5819 9502
6409 9903
3270 9492
2112 3750
3222 9852
161 9261
2222 8993
1440 9043
950 6032
1540 6836
844 5248
1076 5190
169 2565
512 1626
720 3888
1636 4136
2750 8652
929 1187
2199 4250
1659 2232
2561 4870
3358 4918
3544 5709
9103 2640
7040 3776
8813 2630
9389 2232
7496 2809
2619 2992
2226 1860
2680 4364
1830 288
2475 775
3176 1626
3139 45
50
9520 520
9808 1185
6272 5539
4097 5396
6818 6524
7976 6784
8260 6372
9506 2648
9440 3612
9919 2420
8192 7036
9884 5173
9774 7724
9455 6916
9226 9917
6211 7624
1948 6208
4616 8495
6200 8800
3322 7333
8480 9739
3808 9877
2880 9280
1724 8181
1584 8478
530 9650
668 7902
258 6368
3243 5400
7248 4050
7224 2960
9520 1414
4390 3072
3980 4080
3892 4379
5002 4606
1318 3900
292 3986
528 1631
536 975
3226 960
800 2015
1287 2792
5095 776
2616 2456
2185 3942
5260 2504
5886 716
9020 448
6468 1100
12
4966 2515
8181 4427
9827 7322
6432 3709
5651 9160
3165 9582
2387 9423
2271 9264
2860 4084
868 7081
636 7401
3072 3345
45
9978 11
9929 4119
9835 4224
9842 2680
9717 2322
9565 2572
8792 1770
9176 5776
8857 9494
6991 7422
8400 9378
7828 9530
5300 8660
3376 7707
3560 7530
6562 6020
6246 5235
7704 5404
7606 2436
5686 4642
2569 6160
2608 5000
3390 3596
2596 3575
2321 9763
514 9553
61 6141
78 1200
656 6258
948 6788
1150 1610
908 8296
1097 7468
1592 9394
1344 2000
2264 436
3080 412
7040 318
6544 954
6598 1512
5520 2336
4980 3740
5265 4118
7700 2264
8621 1826
75
682 19
5487 37
4180 562
7090 371
6363 308
7970 181
7280 312
3975 1370
6832 670
6660 2400
7435 2724
2606 2079
7716 2823
6089 3538
5316 3840
4149 2600
6052 4772
8539 7330
8852 6512
8698 4260
9272 2419
8702 3848
8396 4196
7890 2304
8300 6700
7684 593
8014 220
8740 496
8270 888
9410 785
9961 771
8648 1833
9710 1551
9746 1870
9162 2996
9996 6095
9636 5280
9004 4765
9348 8402
9272 9324
7152 8336
8826 9224
7116 9991
7880 8986
5815 8847
8630 7440
6300 7386
4418 8798
3354 9821
2826 9504
5802 6888
6118 4917
4140 5476
5398 6968
4964 7360
3364 4148
4151 2474
2818 2855
3375 3024
2658 6308
2298 6482
2393 5564
1875 8991
2320 1069
1550 9450
1122 9858
981 8166
932 9055
334 5028
553 1186
50 9041
296 2689
149 1354
516 74
1460 6250
41
6497 6
9512 61
7714 2128
8228 1150
8788 544
7038 384
5497 124
5080 1840
6268 1660
7840 1744
4616 4235
7597 3984
9049 711
8432 2618
9221 1375
8353 6018
9480 3050
9600 3380
8378 7460
8541 8322
8758 9856
7069 4635
6536 5575
3152 4557
6149 6348
3450 7472
4408 8732
7803 7146
4285 9080
3448 9977
3777 9045
2343 9465
2460 9625
1296 9010
2160 3461
108 9546
224 3818
453 1879
4093 3060
1738 718
2651 14
24
8833 760
10000 6502
7018 2286
8082 4006
7082 3570
8491 6160
8320 8500
8469 9000
8185 9450
7508 9684
7000 9662
6389 9263
6693 3745
6665 4165
4089 9866
1606 9918
54 8687
230 6286
392 3805
1164 1311
1320 7640
2834 7230
3074 4770
3368 3476
15
3086 16
7671 1384
8494 3029
4379 6311
7744 8288
9096 8705
5926 9864
1510 8025
2288 5360
528 6150
2072 2255
2429 830
2273 5057
5657 3968
7464 2636
16
9708 21
9990 1395
9597 7108
9804 2777
8080 6120
7147 8661
8672 1828
7846 4636
3890 8420
2000 7640
902 3371
1380 1948
2674 1434
1858 5968
4769 612
9787 1751
44
9753 383
9992 463
6804 746
9856 5350
6896 1168
6336 3043
9977 6224
4390 2005
6958 4379
7424 5056
3601 1452
9025 6860
7719 5732
9723 8226
2869 1250
6070 5342
8070 8137
8772 9941
8080 8401
2496 1710
8438 9546
2356 2823
3536 6470
7728 9762
2631 9392
192 9065
886 8992
222 8305
242 8480
60 9800
152 8051
143 3114
244 1728
220 3920
992 6184
360 7860
495 7918
7301 9616
2127 7932
529 1062
1656 1482
3229 700
5956 520
6650 216
80
7033 98
9668 182
4464 265
9658 200
5360 788
8265 1120
7302 867
7355 560
9755 269
9868 2850
9859 7008
9772 2985
9440 3150
8538 808
8020 1644
8010 2752
9196 4234
8656 1688
9352 4642
8608 4528
7293 2090
7271 3518
7216 2288
6828 2482
6952 1242
6672 1480
1968 830
4430 1985
5100 1748
7768 4804
7424 4571
9741 8726
8332 6881
9680 9102
9627 9272
6244 5594
7494 6292
2500 1490
5812 4696
4130 4964
6172 5088
6268 5586
5440 5620
6112 5684
5904 7231
8048 7774
8451 9392
8240 9060
7373 8672
7170 8869
3856 7455
7660 9100
6440 8747
4060 8152
8859 9510
9374 9856
5539 9897
3000 9980
4950 9492
6368 9428
3950 8130
3280 6660
3470 5415
2999 3782
3227 6383
2945 7668
72 9942
636 5196
894 3894
2096 5336
719 2155
1312 3312
2282 4942
2326 6973
2912 3040
1199 447
6036 29
5447 80
7990 170
8795 158
72
9885 50
9668 3571
7040 3254
5543 3113
9616 4752
9678 5004
4944 3025
5350 2500
2212 1878
2544 2112
9876 5984
8928 6319
7776 5232
9060 6672
7690 6760
6380 5735
5988 4080
4535 3324
5594 6397
5994 6106
7035 8969
6940 7904
9449 6957
9156 9300
9168 8811
8440 8400
6987 9427
5774 8115
4616 5045
5558 9080
4224 3508
4528 6611
4083 5395
5167 8595
3847 4972
4760 9220
1268 3786
2616 8386
2788 9175
3301 8272
5550 9779
2064 9922
788 8750
438 9757
104 6736
398 8240
660 9022
1516 7012
284 5970
1235 6720
37 1509
9083 2850
9672 2494
9614 1582
8803 788
9515 856
8087 590
8002 840
7652 2341
7532 1663
6587 170
5965 1460
7372 1850
6810 1912
5744 1525
4270 1500
5894 1370
4382 1360
4158 1132
2385 444
2048 101
2386 108
8
5648 1578
9658 9177
2490 9494
7058 9806
899 9988
90 9986
1140 7665
7186 4818
82
4301 15
7519 714
9418 242
9160 852
8061 751
9625 1000
7120 830
9230 2843
7226 1274
7646 1662
7896 2125
6192 1780
3026 768
5242 2446
5008 1550
9869 3422
9964 4354
5854 3055
3534 1250
4210 2020
4583 2294
7535 4244
8160 4320
9883 6061
8915 6017
9184 6651
6225 4252
8231 6344
9657 7928
9466 9480
6226 9661
7626 7848
5840 8292
5635 8619
762 9190
1934 8535
309 8087
4207 8106
4600 8264
5644 8080
6552 7538
6732 7250
6176 6375
2060 2937
4540 7488
4112 7404
3094 7696
1295 6346
2553 7128
2434 4340
216 7843
100 7994
288 6324
366 6880
439 7167
2125 3532
700 6216
302 6300
2450 2000
305 2339
836 1872
400 640
594 440
932 143
3736 3270
3105 2449
2545 998
2740 1438
5436 5144
4195 3310
7420 7806
5550 4864
6187 5405
6972 6096
4680 3011
8598 8032
7592 6500
7684 6230
9022 7651
3603 1400
5828 4225
2248 24
25
9466 454
9991 7713
8967 7795
7960 5857
8770 2076
1400 7624
3959 8008
3452 9042
9606 8051
6144 9856
5471 9330
1096 9537
269 8188
549 5844
1172 8472
1588 2349
1778 3784
3124 4370
4826 2049
3089 5884
1945 7030
9240 1468
7053 2332
2042 1367
2064 916
61
3597 207
9501 854
7367 371
6700 390
8874 230
9489 423
9925 1224
9740 1980
7312 1615
4190 1786
5287 2838
8908 2216
3505 3680
5924 5107
8495 2696
6650 5460
5011 5840
4580 5960
5048 4756
3508 7758
4248 8311
5917 7666
6052 5740
6628 6994
5853 8242
7163 6232
9390 3606
9600 5120
9952 1050
9989 8187
9839 8643
8600 9847
7448 8472
8390 5096
6373 9948
3775 9140
4468 8750
2930 7675
3760 7106
4602 5570
982 3136
4264 5935
732 3475
1632 4288
1386 5369
1864 4684
2110 4554
2354 9541
1220 5472
2076 9211
699 7360
1336 6750
180 4629
23 3626
71 1648
1620 7742
111 1370
9525 1085
1103 1188
1178 424
4620 366
87
4304 110
9384 113
9104 2448
6139 1387
3264 180
6724 3692
5964 3010
4668 1948
4964 3198
4530 4832
5632 3378
4099 6085
4480 2836
3120 5180
3548 2760
2470 7768
8360 2905
7400 5094
6071 5304
7992 5600
5644 5952
1514 8632
6095 7066
5094 6525
9788 7283
5968 5920
9191 7035
9400 7000
7748 6356
8424 6594
8497 6500
7410 6063
9572 5260
8480 3630
9775 1578
9702 3452
9949 6144
9859 8520
9048 8160
8554 8220
9051 7810
9088 7528
7686 8013
9448 8929
9146 8949
8150 9774
5422 9750
8878 9823
3871 9919
2832 9764
3496 9626
8304 9564
8378 9412
8264 8648
5644 8116
5235 9157
4878 9077
5436 7670
6561 6854
1510 9371
1050 5965
426 1886
1078 9244
384 8960
358 5908
350 8851
136 8080
73 2158
596 1124
590 1781
1170 5220
1155 1760
1364 396
2805 671
2107 2160
2150 1540
1446 1353
1488 7744
2085 1884
2064 5910
2168 5696
2142 6565
2688 4717
2830 4698
2288 7814
3680 632
2400 220
9
4035 550
6147 1127
7854 990
9723 2258
9079 2110
9817 4282
7803 9330
4079 8922
776 4223
55
1816 17
9018 28
3390 301
2224 4800
3818 1128
5184 2696
6053 2342
5690 520
8022 3780
9414 1387
8722 5094
9498 3713
8584 5677
9903 4862
9131 6523
7410 8792
9869 5809
9638 9106
9826 8631
9719 9603
7515 9640
8944 9546
400 9517
2086 9522
7310 9393
6170 8490
6362 8872
5340 8158
3769 9179
285 8935
1785 8516
1510 8640
3540 8928
4280 8800
5698 7855
7600 7115
8487 7288
9180 5540
8550 6590
4664 7312
5019 6716
5308 6701
8792 4240
5380 3724
1150 5200
750 8300
5832 5600
152 8633
211 5275
302 4615
425 7030
422 3451
1726 880
1086 1271
8 2434
85
1743 56
9016 92
4224 96
5099 790
7498 172
5474 3280
5493 5016
5228 1427
5000 2876
4651 3065
5110 4356
3490 720
1501 136
3175 912
2916 3604
2538 3402
4064 5004
5609 5166
5896 6682
5742 4830
6591 7704
6500 8307
1160 3220
846 4072
4885 7600
2902 5760
6330 8928
3620 7680
3586 7208
1000 5724
1757 5416
567 5840
2720 8296
1815 6810
6786 9664
8280 8292
8510 8850
8740 7304
8132 7900
6344 9144
6869 6819
8358 7541
6560 5272
8498 7200
7066 4299
6974 4113
6470 2136
8444 2212
6984 1616
8148 393
9772 374
9088 4624
8942 2667
8714 1725
8925 6072
9750 2752
9792 9985
9768 7738
8396 5775
9532 9859
3424 9790
4875 9840
8326 9902
2276 9880
1918 9936
5340 9380
3049 9450
4919 9099
236 9334
3726 8963
5824 9200
4366 8595
581 8539
2060 8392
1324 6704
480 6740
336 7758
618 4545
375 1520
3744 5664
958 1744
44 987
2752 2790
2528 2493
256 470
95
8904 0
9837 1469
7228 2512
7682 2715
7050 2828
9720 2980
9890 4654
8360 3002
9075 7325
8978 4998
9776 7850
9889 8961
9592 7200
9939 9958
7490 7650
5582 6138
6164 6450
4917 5025
6140 6172
7233 6864
8550 8070
8264 7610
5500 4220
4888 1882
3788 3298
4425 2979
4178 4224
8354 9997
4664 9982
7205 9584
6635 8694
5475 8794
6795 9271
4104 9020
2160 8980
5968 9568
4848 9614
2882 9967
1248 9022
4868 8736
6027 8654
5196 8341
1994 8888
4434 8276
5826 8288
4568 8225
692 8225
1165 9275
380 7712
301 7369
1120 6360
1640 8160
2730 4746
3304 4255
3220 4068
4174 5152
3600 6328
2574 5250
2212 8180
3932 7264
4228 6060
5647 7466
3438 3020
1360 6335
288 5688
3182 2580
5140 1336
5778 1440
5580 1560
6614 3366
5714 2880
6208 3468
8940 7976
7990 5108
7145 3420
6959 4069
5822 1379
5850 860
182 4460
1678 3104
737 2687
1646 1979
3575 1540
3520 1200
171 640
437 158
1175 799
1559 398
4456 503
6388 457
4592 322
5980 448
2125 289
8546 240
4854 80
5
5881 489
8611 6870
8287 7718
4927 8033
1881 5810
5
2894 2692
9340 4682
8499 9219
6380 6377
2638 6260
25
9873 32
8887 8324
8820 8112
6662 9024
5130 8375
7033 8176
6672 7104
5694 5992
7200 7240
7342 7406
7860 4256
9136 5814
5923 1727
5188 4992
3896 6002
5216 8979
1230 9042
4104 4480
930 6433
826 5566
2270 1796
5744 2240
1104 1566
5640 96
8010 57
27
5904 544
8366 1371
2670 4255
5632 5923
6620 8652
8522 3381
6024 6144
8192 3320
8109 3500
8736 2685
8979 1882
7900 5460
7329 8798
9778 7632
6288 9407
5428 6695
5248 6248
3020 7232
4998 9654
4400 9651
377 9032
20 8112
368 4300
1771 655
1015 6120
3309 136
8323 234
28
7872 1594
9900 2286
9909 5176
8788 3600
5511 4050
9812 5763
7428 6944
9388 8768
6220 9292
5136 7520
6283 9723
4010 7619
3869 9360
1312 8634
1100 8320
5374 6656
4160 2672
5040 2500
5234 1808
1706 2628
3336 2590
1536 7092
600 2680
378 7786
480 4348
316 1994
4800 1200
8216 650
77
5033 12
6630 365
4626 386
3860 124
6150 2368
4106 2840
6117 5200
1474 720
6480 5594
7333 6312
7900 6114
6194 4128
4530 2750
5768 2521
7563 5598
6422 2065
8320 2425
7569 2144
5736 880
8088 1009
9356 1888
9590 1416
8924 1220
9846 200
9536 2162
9817 3373
9606 3855
9216 2276
9532 4980
9203 2360
9184 5000
8320 5729
9822 8787
6212 7180
8500 9520
7396 8433
5158 9447
9237 9554
9281 9914
1295 9904
6216 7714
1416 9724
1579 9463
4160 8160
353 8140
1300 7695
100 6068
2085 8000
2370 7444
4113 8138
3648 7576
1608 7312
364 5520
4370 7986
5642 7423
4300 6672
3780 7096
1808 5440
4776 6860
764 3635
200 5150
119 4469
947 3364
8926 8090
3936 5010
5191 5552
8880 7909
118 1545
7794 6900
8632 7472
2236 2625
3120 3400
1367 2364
1085 571
516 281
4510 1609
971 67
74
1540 177
6505 210
7392 288
8996 528
7416 370
7267 2552
9077 701
9403 2201
9222 5244
9580 3375
9700 4596
9990 6308
9412 9696
9164 9450
8800 1150
8336 2986
8450 3500
8066 2382
7750 4736
5016 808
9236 9780
8096 8000
4800 378
2790 6700
5196 7416
4235 9379
5401 9560
5736 9723
5360 7456
3946 7031
5432 7203
3903 6840
3450 5010
4182 3683
6147 8624
6479 9120
6544 7126
5620 5141
6667 6540
6703 5545
4460 3328
4906 3127
4873 1554
6065 3930
5760 3096
5952 3300
8524 9896
7302 8225
7272 9375
6528 9958
153 9889
1360 8176
2283 7313
170 9264
600 5002
857 6930
1155 4628
434 3488
46 6204
0 3771
230 2088
1154 4096
1300 4186
663 658
2391 7594
2675 6125
2179 4332
3376 4707
2556 3931
1608 3711
2528 1414
1900 3140
3904 2777
4456 808
59
7641 407
8350 555
5070 1310
6538 1440
5580 1449
8920 2368
7352 3670
4350 2327
5050 2205
7323 3392
3672 1267
5420 552
2268 1200
9008 5476
9436 4075
9834 1853
9530 7375
6680 5066
5550 3884
8820 8650
9294 9156
2810 2330
7290 6760
4420 2685
2416 1875
4217 5466
4213 6031
3941 5000
3492 5000
4554 7190
4664 6794
9041 8960
8556 9688
4624 7258
8239 9736
7080 9513
292 8469
7097 9784
323 8728
4245 9892
3440 9820
2070 9652
1821 9568
972 9233
679 9188
32 8611
976 4525
1150 4774
715 4126
376 1217
2060 5832
6400 8992
3124 5936
2940 5750
3880 6400
2128 2429
1898 1585
2037 762
5481 452
43
5635 155
7588 437
700 2298
2534 2502
7848 400
2288 3638
9255 1020
4304 7634
7297 4005
9610 1073
7963 282
9875 1025
4530 7631
9977 2263
9920 3021
8004 5344
8453 4416
8358 4148
7008 6848
6872 6814
3280 8732
6250 7334
6249 8799
9703 7415
9935 5701
9728 8225
9044 8690
8217 8995
6520 9204
569 9948
3226 6019
7258 2638
4784 3230
5306 3430
1374 7173
91 8664
2540 4960
1968 5035
480 5184
31 6962
713 493
1940 240
2391 748
96
8284 75
9144 1190
8869 120
9536 186
9695 254
9758 4096
9392 3056
9462 4271
8920 4212
8800 3546
9269 1443
8056 509
8012 2318
7605 929
7390 696
7110 1720
7296 1519
8800 4893
8026 4216
6166 560
9214 7100
7230 3440
6096 1090
6153 2185
4832 1012
7130 4150
6830 3364
9367 8352
6120 3730
9775 9400
8450 9543
5559 8575
1500 7296
9078 9790
6869 9929
5820 9743
6410 9892
3195 9919
2632 9232
543 9248
1734 8990
2584 9130
1400 8656
5249 9232
1966 8800
5944 9512
7220 9785
4410 8960
3374 8695
1560 8316
3055 8008
91 6859
119 4927
544 6406
2040 7024
478 2964
96 3774
120 2535
650 478
656 2600
2450 6512
1462 3764
2284 4499
1824 4252
3526 5848
2298 3960
4788 7050
1924 4901
5964 8680
7728 8202
8436 7725
5580 7750
5430 5613
5772 7344
5632 6352
6980 6363
6182 5575
6488 5720
3005 2464
4037 5016
4880 4306
5550 7600
1136 1746
1689 995
2465 1911
1285 163
3238 2462
3850 460
5529 4358
3965 3286
8512 7597
5091 2678
6040 3872
3680 120
3063 3
8426 344
3
6803 933
8565 4363
1774 8629
39
9337 27
9708 4485
8838 5879
9362 7400
7255 1908
8590 6899
6090 2526
6624 1980
5137 2098
1842 3840
3576 7794
3754 6233
3308 3570
6497 6480
9399 8307
9920 7124
9600 8960
958 9856
9298 9549
5616 9908
7804 9656
5480 9815
767 9877
1528 7572
656 8128
348 9085
161 4592
2530 8944
1424 3893
7675 808
2920 2349
3908 1289
792 3205
424 2176
58 1149
1186 580
3346 1600
5542 126
5420 1420
11
1399 1002
9235 1580
8992 2560
9615 9850
6580 7625
5500 6653
2041 9968
1232 8902
61 8513
345 6580
323 793
77
1966 75
8782 672
9540 160
9503 1841
7248 2875
6370 2367
7781 2045
8516 1364
3680 1158
6289 1559
2448 3400
100 5552
4580 2880
6109 3148
5628 4230
8728 2896
8164 3284
5006 4464
4262 3700
3025 4176
3778 3514
2376 4472
80 6206
1344 6360
1396 5754
4752 6645
9100 6052
9098 5716
9000 5747
8488 3900
7875 5632
6910 5824
5470 5680
5652 4880
3928 5804
9750 2382
9252 4704
9998 5331
8710 4269
9943 6465
9720 6732
9175 6736
3915 7037
742 7040
5700 7160
7000 7308
8209 8000
7162 7752
5517 7200
5220 7208
2874 8093
5866 8234
536 8268
6772 8320
6301 8835
9400 8279
9130 9040
7923 9125
1652 8869
8988 9306
7905 9244
2932 9692
6561 9435
8772 9477
3306 9806
896 9970
390 9448
140 7305
204 9188
0 5398
1335 3875
756 2115
1640 2186
2003 2330
4630 2264
850 1240
3864 1652
3
6120 1874
1492 9705
2135 3434
9
4276 1089
6012 3164
8227 8720
8976 8772
4636 8966
1492 5291
4 2724
4160 2445
5814 6017
58
4210 165
7519 259
6152 3872
6376 3440
7600 3176
9867 583
7508 6385
9072 3533
8564 5240
9703 1555
9344 3473
9704 9208
9470 8871
6010 7788
8316 6546
5721 6680
6029 5160
8319 3269
2624 5357
5814 6951
4304 6684
3125 6173
4463 7518
4804 8536
8258 9400
9394 9630
6666 9904
4407 9784
7168 9331
3503 8818
3730 9098
1727 9697
781 8983
3848 7163
2628 6742
1192 6440
2599 7787
693 8598
208 7208
2604 4970
5700 3820
6572 1840
7154 1200
3825 3904
1144 5818
154 6106
1613 4546
690 4960
112 2970
404 1345
900 4735
6430 1170
4714 2114
1840 3523
805 3526
2304 3092
1578 722
2973 1132
49
5956 95
7605 1430
9044 1860
9018 3257
5345 2023
6530 3184
9277 3846
9734 4840
472 6658
5250 6900
9015 5539
7986 7411
9011 6250
9320 5288
9450 5990
9700 6180
9610 9309
9392 9321
6172 9288
7506 9886
5057 9937
5624 8843
8390 6096
3932 8090
2578 8496
5680 8208
4308 8500
2021 9265
742 9535
850 6798
608 9905
333 6545
3096 5556
141 5142
8392 4720
6765 4550
1144 3758
177 2845
7533 4263
2336 3720
8840 4590
3792 1784
730 1791
6933 3966
195 1685
4078 112
2288 355
164 471
3040 25
3
8379 1861
8706 8762
3971 8283
5
3447 521
8754 7405
5196 8352
721 9367
1208 2127
87
6968 133
8351 494
4744 1700
4748 2016
6577 4314
6450 2118
6473 1680
7003 4071
7160 2334
7168 2720
8093 1549
8782 116
7536 3880
7616 4225
9587 1816
8500 4264
7154 5680
8291 5692
9795 2396
9913 2888
9620 4337
9983 3742
9965 5415
9050 9395
9112 8642
8350 9220
9206 7811
7645 9005
8192 9620
7315 9088
7178 9655
5625 9848
5250 9240
5344 9845
3968 9713
6635 8205
8205 7417
6992 7854
2473 9465
8820 6634
6564 7496
6200 7218
1323 9040
1651 8578
9617 5554
6377 5920
6600 6046
2964 7587
2020 8055
7789 5927
360 8750
2514 7260
212 7120
2752 7152
2930 6352
1285 5867
936 5468
160 6560
167 5634
476 4725
225 4422
1368 4488
1052 4836
5182 4160
243 3765
690 1760
3188 3976
424 1380
840 1495
5530 4190
4248 4368
1284 4801
3684 4806
6619 4848
4384 3425
523 863
7416 5329
610 444
1403 502
2912 1499
5618 3685
1296 936
6525 4318
1600 278
2193 382
3376 725
4304 1424
90
5875 46
9673 396
8429 1200
9148 1638
8695 2200
8268 2614
7762 2508
8025 386
7732 2160
7462 1744
7810 2770
4991 2976
8052 2955
7806 3166
5976 3152
6770 4560
7405 3682
9832 1040
5440 6529
9352 2653
8650 4565
9908 2254
9822 7516
9960 404
9849 9086
9434 4908
9652 9728
9362 7757
9323 4873
6629 5956
9252 5505
8835 7167
6863 6592
9100 9536
6520 7402
3398 5812
5646 4998
6363 4624
4080 3656
2283 5960
2558 6959
2894 6504
4112 6505
7312 8550
5436 8258
3520 8986
8758 9625
8202 9766
8363 9874
5955 9328
5152 9412
7496 9844
3352 9552
2860 8376
2876 7735
2730 9149
578 9345
4134 2220
2896 1138
2496 3867
2368 5672
2100 4513
1713 5319
1216 6509
527 9297
1520 3298
1514 1920
1220 2083
919 2720
316 8322
704 2835
48 9471
187 7273
104 6464
88 4400
26 1971
198 1696
296 2723
1567 310
1690 4924
1836 200
2105 1100
3060 574
3964 945
5196 2844
4504 1288
4188 1010
2894 137
3370 172
6654 1647
57
1730 7
4906 66
1405 704
2525 1963
3392 3696
5420 4161
5562 3904
5830 3722
4270 1618
5824 1120
6140 2393
6550 1798
6047 274
7120 50
9958 760
6489 399
7780 1704
8574 991
8342 1764
8208 6467
8620 1330
9840 2500
9984 3884
9387 5456
6737 9296
9845 5757
9632 7735
9699 8985
7894 9395
6844 9825
3792 9648
5264 8660
6337 9766
7480 1545
4676 6375
5424 5492
5664 8210
4486 9085
231 9988
1200 5394
1820 6096
2680 4857
38 5292
0 781
94 1583
275 3548
560 906
1362 3910
686 760
2810 4880
1472 6982
2995 6136
4577 8374
3619 5171
3721 5515
3114 4740
1300 750
85
7971 56
9695 677
9922 2312
9417 1552
7850 305
8897 498
7550 101
6129 608
6017 1900
7900 3431
8092 4660
4344 636
4888 2644
4504 2327
8746 7923
6896 3384
9120 8774
8202 2994
7372 848
7767 640
9320 8007
7954 838
8948 3488
8975 2229
9550 7004
9939 9660
9010 7595
9374 8768
8890 8988
7450 8080
7940 8216
6396 6830
7980 8211
6080 5120
6320 6817
5437 4930
3921 3048
3469 1896
3600 1760
832 1240
8564 9270
9336 9834
6055 8656
1902 7320
7440 9605
8336 9772
4706 9865
5765 9144
3300 8680
2162 8808
1656 7572
1702 6355
840 6170
1482 9335
4968 9450
1740 9538
108 9968
649 8957
1020 8300
468 6390
936 4304
1210 5376
1602 4692
1524 5780
3820 7444
5812 8371
7056 8232
5988 7764
325 3657
800 3901
4980 6424
4738 6200
1744 3876
1396 1962
1533 4070
720 1984
143 899
75 520
3536 1368
387 587
5705 443
1644 431
664 250
5092 65
1660 9
20
7675 1319
9999 2815
7611 6244
8135 7550
6587 6660
9629 8992
8504 9302
155 9615
4276 8514
636 8667
3584 7704
5297 6269
5989 4760
4216 6134
319 6128
8339 2775
1969 3930
4758 1850
1272 2114
3253 249
97
9459 56
9959 2930
9732 5806
9481 4684
9483 3316
9150 1990
8870 6134
9818 8903
8864 6920
8047 6555
8398 6186
8652 5317
8880 4729
8636 3955
7520 5428
8840 1153
7900 3453
7207 3100
7359 8578
7168 6908
6711 5550
7358 8696
7926 9074
8492 8967
7665 9662
5549 4868
6960 8324
6580 7900
5716 7000
7370 9478
5890 8395
5918 9364
5780 8396
3833 9977
5600 6704
2078 9310
1825 9942
1408 9400
4854 5994
4640 6867
4809 6455
5675 6283
5718 6196
4886 4952
454 9961
720 7264
440 8659
325 8896
0 7490
160 1610
409 7783
210 2500
284 790
725 6920
840 5272
880 5447
768 3700
1256 7056
1520 5895
1504 4717
1069 4391
1096 3936
2002 3688
2416 2825
2671 897
1961 1335
951 3800
1408 2320
915 3304
1841 512
274 150
2200 383
5968 2555
6109 1376
7136 1220
4582 692
6060 71
6368 11
8168 1048
6844 62
8976 66
7276 2152
5832 3215
3525 1610
3017 3132
1912 6802
2828 4048
2260 6260
1696 7211
2745 5540
3890 3156
4092 3784
1476 8382
4640 4954
7120 2630
6399 3865
8511 1450
42
8565 468
8915 2509
7920 3032
7189 952
6560 3652
6082 3640
6797 6320
9277 5022
8884 1172
9930 1833
9366 6551
5452 6725
5496 7460
9102 6929
7008 9029
6690 9184
7970 7920
6480 9109
4910 9866
497 9909
352 4872
576 2343
692 4836
1552 7392
1050 3616
930 2760
2976 9433
4355 7072
3236 9102
6004 5229
2354 6860
5470 1830
3500 4914
3878 2362
4130 3542
4076 1520
1753 1683
3757 1075
6070 1000
3364 1048
994 395
8399 744
3
8767 158
6523 5331
2878 3368
57
8001 248
9939 385
6654 911
8480 596
412 1048
3214 1625
3424 1280
9164 1592
5130 1597
9284 2402
8712 2694
9945 4948
9350 4024
6900 4122
6392 3617
4552 5760
8344 5448
9161 7989
9480 9166
9435 9168
8015 6960
9550 9990
8869 9905
7833 9262
127 9880
1512 9518
1338 9243
3889 9231
2364 8777
6238 8178
8176 6842
878 8683
135 8115
698 8544
4065 6720
5280 6400
3435 6336
4460 5916
4728 5266
6650 2562
232 7912
3674 4676
12 6761
5465 3163
1954 5088
6800 2226
5707 2840
2592 4480
67 6626
850 4920
920 5500
3440 2934
3822 1598
512 4549
49 615
6856 110
8447 154
94
8656 4
9508 318
7316 4420
8696 1313
7404 2952
4380 4440
5424 3852
3610 4688
5760 2851
5931 2978
7266 384
4000 3696
5728 1233
3439 2436
3922 1970
1842 3824
5018 2054
3312 4728
3684 5212
3840 5920
3920 5735
4057 6066
3851 5472
8902 5339
5983 5212
8647 4676
6062 5081
5280 4902
7396 4694
9922 2542
9978 5295
9864 6606
9620 5140
9311 4970
9518 7228
9554 8062
9255 5260
9035 5697
7558 5984
5192 5864
5908 6448
5395 6345
4676 6320
8494 6744
8086 7800
6090 6857
9143 8700
9690 9035
4572 6484
2736 5442
3040 9560
3177 7871
4864 6964
9064 9912
8357 9842
5496 8760
3600 9180
3276 9546
2380 9652
4825 9886
1360 9722
1302 9572
388 9196
175 8866
284 8111
37 6609
960 5225
2068 5304
1280 5338
100 6708
2692 5388
4359 2995
3554 4039
2600 3770
1009 4300
768 4116
4305 934
4170 1665
5336 112
5292 160
2040 2578
2848 1906
2427 1438
68 1421
0 2790
85 263
224 752
820 1380
454 682
2016 341
1260 718
1741 1176
2928 496
4612 86
5
1180 519
6804 5783
7252 7981
7159 9464
4055 8100
94
148 331
9585 482
4606 1307
9136 808
8105 960
8752 2358
8770 2620
9286 1350
9836 2360
9398 2880
7584 3500
8762 3949
7744 4941
7810 3975
5878 3091
5944 3126
5670 3112
7186 2170
3372 1044
3661 2253
3560 2976
2254 390
1873 1184
1802 2080
2160 1502
2020 3016
2630 4121
4668 2218
5900 5541
6075 5824
4384 3180
5464 5696
3795 3248
3514 4134
2963 4395
4899 7770
6440 5362
7314 5108
5333 7142
6461 7720
6625 7666
8296 4434
6608 8452
9981 2241
9965 4040
9696 5129
9544 5586
9820 3295
7960 6166
6125 9588
9526 4240
9188 8741
9341 8622
9488 6940
9840 6558
9596 9742
9450 9685
8805 9348
6155 9707
1496 3044
4022 6658
1873 4143
4131 9392
3793 8545
3814 7738
4621 9600
4200 9576
3694 9723
3040 7651
1720 4065
1207 2450
2424 6606
3430 8912
1704 6204
1624 6985
2872 9122
2075 7775
2344 9797
693 9246
1442 8512
800 8896
125 3690
350 6005
482 8925
135 5000
83 6124
160 8096
60 6596
28 5856
2 3650
58 2949
1161 5828
1518 9108
1424 5609
87
2390 199
4135 292
1716 1209
4864 16
7380 1080
4804 1160
3440 941
8766 1960
8544 344
9325 688
9660 224
5420 67
9712 85
9496 1041
9584 1698
9016 2044
5850 1530
9119 2250
3090 976
9788 2482
8950 6787
9668 4400
9866 5279
9984 4211
9958 7046
9665 9438
7528 7856
8110 6080
6400 6050
7308 6340
5880 7612
6525 7476
6008 7598
8769 9862
6852 9620
4852 9700
752 9604
208 9376
3654 9610
1253 9325
650 6742
0 8907
5 1690
82 6874
1612 6100
1293 6010
2189 6055
958 5305
2355 5108
2880 6284
2697 6277
1980 8050
3500 8376
3554 6750
3750 8672
2899 8636
1390 8736
2112 9328
5650 9184
5799 9016
6615 9582
2926 5392
3512 5410
6157 7261
3842 4448
1501 4573
3100 3540
4220 4368
4765 5315
8491 5800
3818 3979
6968 5062
8036 5232
6875 4722
5527 4150
4600 3075
4619 3716
189 2464
7169 3256
2782 2582
9412 3186
2494 2340
7968 2808
634 1666
1327 689
933 832
1344 480
65
6299 284
9064 633
6384 320
6448 1388
4128 4758
5988 1934
4480 4035
3178 4824
4840 2732
3011 4828
3754 5287
7080 2280
9516 1136
8516 2992
3649 6459
4892 6800
3882 6455
6668 6122
7721 6716
7510 7850
7893 7069
7536 3852
8528 6335
7927 3802
9723 1576
9524 1898
9629 2317
9957 3025
8631 4131
8823 5600
9200 5101
9825 9166
9123 9547
9136 9796
7467 9152
9254 8409
5776 7400
7400 9100
4820 9652
4885 7870
3600 7244
3182 5444
3667 9946
2818 7407
2350 4400
2760 9000
1435 1744
1564 5969
2090 8652
1909 8764
2256 9672
578 8964
1256 7039
1151 3695
802 7256
1 9737
0 2189
3147 382
32 494
5189 285
2349 2255
2866 3354
5888 544
4231 2324
2595 5336
23
7981 63
8853 106
8024 3377
9583 1218
9573 3750
9821 3520
9556 3879
7092 9587
5590 8628
6778 8468
5416 6975
4233 7636
3708 9373
1120 9184
575 5394
3101 8378
399 595
758 1237
1538 1488
3152 8565
5629 6352
7208 8600
5673 399
29
573 48
3907 214
6242 1948
5135 930
5870 1174
7859 1804
7620 2277
9490 5473
9696 7297
9608 9000
6524 1744
6160 4900
7640 5786
8514 7120
3888 7594
8108 8797
7281 9646
1128 6052
140 7740
2678 8604
303 9775
172 8798
9 5273
3348 5632
4436 5760
220 3164
970 3584
832 2044
151 3226
79
8692 5
9864 3126
8252 4745
9244 1650
7956 1630
8310 2482
6464 2868
8018 1535
6724 747
6258 3300
6825 6285
6826 6296
7568 8252
7160 5907
9745 3962
9865 4456
7732 7008
8190 6896
9840 7310
9371 8054
9277 7499
7850 9200
7352 9036
6815 9900
6774 9235
5057 9960
6358 8676
4263 7252
7084 9045
5940 7335
6900 8380
1698 1728
3574 5822
2772 4511
2702 5260
4486 7200
3550 7264
3553 7585
3392 7641
5022 9230
3418 9456
2704 6810
1392 7278
1232 8074
2787 9070
2162 9108
4199 9962
144 9643
133 9701
526 3828
1203 6224
1023 1904
624 2284
81 7332
50 5140
23 2878
578 543
754 354
3372 8496
3470 8030
1050 262
5079 411
3845 584
1710 624
4376 1211
4849 976
4760 1904
3173 1840
3940 3597
5152 2112
5416 560
4867 5696
5524 5876
6936 7840
5105 4286
6086 3690
5772 2136
6900 7180
5568 118
73
5676 234
6538 264
8260 340
6555 380
7812 400
8350 992
8558 548
9750 542
8839 1282
8662 1296
8840 2573
8644 2300
8940 3246
9222 2698
9875 5135
9871 8170
9999 6319
9967 8977
9160 7869
6828 8440
8948 7212
7960 7400
8064 6931
8913 5735
7058 7860
8880 5680
7056 3472
6096 3333
6910 5200
6458 6122
6777 5804
5248 8365
5476 8832
9153 9460
3073 9956
584 9280
6837 9310
3376 9139
4392 9103
3040 8390
2680 7568
1250 7850
3496 9280
2944 9165
10 9023
87 4482
244 8364
1024 6947
3901 7811
1866 6953
976 6675
5288 7920
1436 5416
3180 5307
2944 5190
5282 4696
250 4688
5098 4662
2422 4464
592 4018
277 3002
5804 4216
626 2080
680 2090
1152 1559
2526 350
8473 4254
3970 655
3500 388
4335 542
5408 228
6224 1140
9252 4540
16
1361 246
4449 321
9790 1314
9568 7392
3584 1445
5744 6093
7859 8177
7505 7987
6620 8367
3180 5588
5218 8563
1250 8820
2811 8582
1500 8272
3117 1808
832 7355
50
8559 111
9740 222
9927 2976
765 8110
125 8722
9564 5212
9653 4711
6192 5938
5800 5508
9139 4068
9984 3752
9935 4347
9283 7684
7088 7915
8196 7436
5932 8314
7876 8328
7090 8344
7645 8814
9632 8990
9409 7325
9912 9105
8765 9320
5919 9506
6236 9680
3192 9732
4620 9840
152 9727
22 6091
1242 3078
1258 3119
3112 5406
1094 2690
3510 5360
6687 4248
3335 4520
6675 4160
9520 1700
8274 2102
5164 2745
2086 3523
7536 1660
2505 3360
4038 1233
973 1814
2497 168
3230 121
4234 50
7964 1060
9442 1564
22
367 68
6185 1841
7270 1593
8185 2304
5416 3350
9935 3206
9699 5781
9184 8021
8789 9513
7448 9957
7424 5670
7608 3742
4086 3888
7014 9577
4964 9137
3820 7512
3168 6412
4196 5120
1207 7129
510 6039
86 1682
97 882
74
8085 39
9199 1082
9120 1960
7452 2602
9931 3553
7306 3220
7747 3535
6502 3618
8035 1656
6744 2260
4750 6482
6334 3763
7134 3840
7519 3844
8139 3642
8160 3815
7978 4080
7210 5106
9833 4080
8482 4903
9584 4817
8780 4898
2656 7536
6506 6084
8600 5502
9897 5113
4940 7016
4296 7043
3456 7307
4157 7656
7350 7341
9609 6679
7920 8544
6524 7675
5040 8664
8591 9493
9366 8939
9628 8676
9167 9844
7253 9880
1890 7180
6440 9776
6375 9895
3219 8852
1092 8200
1724 9631
492 8900
616 8372
424 8010
4650 5150
4900 4703
3382 5742
4368 3295
2864 3696
3284 3670
1620 4980
920 6984
362 7451
1289 6860
272 7672
186 9974
164 1910
95 3966
52 1266
1010 726
252 2370
1220 897
240 6120
3888 954
2910 1940
604 36
5235 620
3830 1522
5456 4126
22
4305 249
8608 2056
6378 6064
9535 2530
9250 4998
9840 7135
4184 5929
4943 5556
2979 6480
3400 7350
9042 7888
7643 8632
7151 9217
2904 9811
156 5729
1453 2325
6700 4899
4150 3358
6971 3840
1096 1934
39 2026
2368 112
83
5135 62
7398 154
7247 606
3454 316
5054 586
6579 689
5461 1040
8304 1029
8000 4362
6991 5117
6300 2584
6880 3151
6100 1388
6089 2248
3518 1174
3200 576
2792 2363
2588 3176
2277 237
2252 374
2240 3843
1935 719
1800 1800
1680 3200
2004 5510
3400 2806
3580 1593
3348 3352
3936 4870
3800 2513
4701 6614
3938 7920
5092 8560
5544 6576
5906 6083
4400 5179
5228 3848
7304 8738
6830 6240
7319 6425
6360 5958
6286 5520
8560 5591
8325 5000
8369 2952
9639 974
9859 2519
9981 7457
9872 8944
9581 7576
9585 6020
9590 5072
9570 4446
9266 5056
9308 3211
8892 9926
6871 9616
5790 9528
8513 9967
5452 9702
4102 9735
6292 9332
5298 9261
6309 9059
2040 9876
299 9440
1048 9028
70 7912
1712 9516
175 4140
2448 9430
3408 9580
711 4125
2584 7472
4311 8428
176 3380
1361 2309
175 1996
400 1480
725 775
782 1218
1084 114
3108 39
25
4539 641
8250 690
6526 930
4836 1869
2134 6767
5836 5601
5192 8218
9064 1394
5788 7268
5584 9078
7113 9112
9840 1019
9834 6296
9125 4817
9172 9168
6623 9988
3207 9387
1425 7148
3432 1634
278 7172
105 5456
764 788
2220 1112
2224 1167
654 2263
34
2648 130
5940 210
8536 1140
3386 3243
3106 4713
9913 549
9870 1897
8032 1774
9552 3640
9839 4300
6432 3564
9500 4397
6742 5480
9666 5058
2696 7138
3200 5801
2598 5924
1175 6978
3584 7572
9470 7590
2376 7790
9140 8553
6148 9355
2051 9967
3398 9488
1304 8500
6385 8567
3650 8060
4336 8408
1170 8451
320 7216
984 4448
3984 1768
1138 1022
73
1862 221
5144 241
5032 900
6186 64
4929 1627
7319 625
8321 383
9778 441
9742 2457
9983 1379
9191 7806
9862 6471
9626 7994
7055 9748
9922 8368
9825 9375
8555 9688
8980 9826
5056 9837
4328 9561
6896 9744
9460 7840
7077 8916
4647 9359
5255 9158
5750 8662
2647 9691
4688 8562
2324 9239
3847 8768
4376 7962
4762 7795
7530 7580
9224 7241
3408 7888
5040 6280
5108 5270
6384 6010
9408 5232
8078 4853
8560 3835
8604 1384
8107 1528
7200 1395
7220 3800
5980 1584
5404 2688
4000 3200
6098 1214
3360 3220
2930 5156
6016 3308
1800 9521
2368 4715
3787 1520
800 7602
86 9763
32 8940
204 7568
340 8214
241 762
366 1126
464 1875
646 4598
1449 3062
616 4908
1922 2346
1742 4540
2268 2640
1474 5876
3472 1360
1960 2765
2755 1655
36
1492 213
5023 225
8333 655
7780 223
8720 735
9855 3711
8541 790
9788 6698
1768 2688
6057 4374
5162 1900
1358 1941
668 2212
5000 4852
4810 5567
8508 7496
7728 7962
6536 6762
6870 7260
3492 5000
5460 6692
4492 7449
8690 9064
4372 7424
4625 9774
4488 9957
3552 7552
2983 6769
2433 9679
853 8515
593 6364
2383 6705
2305 6160
274 5266
3696 4525
129 2493
0
