33
7921 440
9037 2605
8326 3982
7560 1858
2620 4562
1800 6004
3744 5032
2122 6063
5355 5212
4600 6152
2472 7978
7904 5397
9220 3665
7268 7128
7662 6832
8560 5256
9854 4336
9809 8887
9006 9994
6236 6393
4626 9978
1560 9752
382 2278
713 7562
108 1004
723 380
946 492
480 1858
840 2320
3008 2427
3500 486
4773 2275
1360 4890
73
4127 140
8549 206
9961 2670
8780 815
9204 4131
6355 5050
9012 2642
6823 4133
6376 4038
6770 3370
7961 616
7590 3231
8309 398
4181 1060
5258 4650
5714 1466
5632 2504
6094 5184
7600 6852
9464 4430
9760 8979
7968 9489
7270 8904
3794 5600
7453 9571
5508 8154
5513 9774
9090 9820
5301 9864
6880 9794
2678 9946
2614 9638
763 9276
4582 9208
3370 9064
2272 8118
5200 8439
2869 7056
4390 7256
4764 7050
4909 7062
4060 6071
294 8089
200 4948
531 3329
484 3156
694 2143
962 4560
760 1707
1165 1593
1340 7232
2458 6209
2132 3619
5867 6977
2878 3195
5800 6460
1008 1007
5731 6136
6934 6704
6273 7680
9376 8794
7732 7714
8524 7940
6890 6626
3872 4075
3250 2200
1315 1152
4294 1887
3196 420
3440 170
3624 272
4958 706
6522 188
21
5804 604
7026 741
2120 2176
9477 2971
8130 1374
9152 208
9915 2886
8435 3885
4710 5249
8957 3247
2548 5702
3488 7437
9947 6383
8093 9179
4976 9353
1909 8721
728 3760
296 1893
3809 985
1936 640
1280 480
63
8194 23
9787 365
9907 100
9710 1174
9585 1373
9988 1793
9344 2430
7750 3290
9756 5936
8297 5076
5486 5686
9792 6485
9916 5969
9755 7362
9832 9470
9330 9650
8368 7825
7416 7840
7661 8520
8555 8720
8984 9159
9305 9988
8187 9508
8235 8902
5784 9813
6120 8245
9172 6840
3216 9276
1114 9750
6690 3917
6504 4808
7664 2780
9050 1600
7176 2411
5230 4362
2720 7356
976 8675
1434 7986
2181 5680
612 7382
332 5000
455 5119
2220 5519
2860 3472
1450 2554
2021 3864
2272 4000
1072 4194
1052 4542
184 3970
584 2065
625 1606
1135 786
1988 1540
3528 4721
2504 188
3516 3526
4522 4980
3580 3166
3764 3279
4384 241
5360 638
6280 2626
67
1138 0
7636 119
8250 192
7970 114
9313 382
9854 1754
6188 354
6160 751
8064 3090
8088 1201
8240 3896
8984 3236
9289 2188
9569 3965
9151 4760
9365 6742
9802 7314
5568 2679
4600 1828
6992 4616
3376 2160
7500 5016
5469 5990
8371 7840
6112 6010
9976 7976
8185 9917
4077 9998
8132 9692
4528 9614
6816 9237
8498 8588
6830 8104
2168 8144
4350 9396
3868 9438
1022 9929
1118 9575
335 8825
82 5185
90 3580
88 2310
190 3755
136 3824
3584 3988
800 5205
3616 6905
756 7208
976 5900
512 8350
6744 6937
2610 7825
5770 6989
2650 7526
5034 7100
5282 6518
5255 6404
5309 5154
4792 4256
1890 2330
2924 2905
2512 1313
1156 2756
196 982
2688 736
8160 3746
5601 929
3
9574 366
8637 6286
1263 1158
45
7693 0
9875 487
9432 7728
9640 498
9165 9793
9028 6768
8520 5300
8080 7273
9122 9795
4491 9617
755 9287
2180 9106
4000 8900
81 8733
4710 6736
5584 7628
5300 1720
4010 3967
3000 3480
3332 6776
2188 4435
1118 3392
2024 6800
1329 4194
381 6569
190 6386
1060 3125
1270 1296
1503 851
2542 2496
5120 1360
4400 1248
4566 209
5525 792
5676 4075
5950 213
6484 3026
5948 2693
7075 5106
7432 7036
6904 2636
7467 6537
7321 3205
7765 9132
7653 3952
3
4874 1489
5255 4543
4559 2774
81
6731 92
8236 741
8875 336
8720 1998
7440 6248
8760 3662
9120 8840
8910 4263
8994 4920
9440 8869
9856 8380
9214 3143
8981 1235
9558 5860
9525 4100
9569 3395
9732 5200
9862 1944
9933 9455
9187 9763
3280 9530
7418 9248
6704 8588
6659 8072
7700 7835
7756 7719
8216 7300
2011 9824
3228 9040
6512 7453
5999 7080
6432 6685
6234 6496
3928 7290
4052 8400
3613 7920
4120 6725
2099 8464
1150 8460
3661 6281
2088 6992
974 7554
786 8130
800 7407
748 8600
316 9690
300 9344
680 5134
3022 4960
1544 4782
628 4620
240 3695
2570 4129
4770 4930
2650 5538
3947 6008
5460 5168
4883 4004
1630 3380
1560 3567
1200 3168
3389 3655
540 1250
3470 3548
3036 3030
1849 2102
4070 750
494 959
2176 0
3425 264
4386 216
6896 7348
6608 5626
6236 4147
5904 3406
5044 1988
7712 4573
6544 1165
6170 2420
5659 1140
4700 1049
88
5163 297
9316 750
5453 1180
4218 770
6072 785
7956 616
3532 430
3118 498
5064 1930
1980 450
2150 896
3790 2149
3205 2540
6430 1754
7506 1940
9990 776
9193 2102
9848 2662
9899 4330
9940 5732
9534 3275
6938 2650
9586 4006
8176 3412
8708 4680
9729 4484
9761 5155
8981 5986
8152 5568
8500 4538
8100 4169
7010 3008
8061 5187
6656 2592
4460 2717
6008 4208
7253 5292
4794 3705
9951 7688
7763 7036
4254 5096
9990 8339
5436 6001
6257 6863
5965 7063
9848 8821
5048 7480
8360 8928
9852 9579
9469 9930
1856 9900
5130 9856
6863 9877
8050 9151
6111 8992
3896 5939
5570 9470
4410 9680
4416 7068
3925 8806
3556 7690
2506 6400
3926 9370
1517 7325
1077 7937
3312 9666
1904 8820
275 9208
308 9120
1500 5976
15 9150
170 5632
12 8110
42 6940
163 3728
1604 4288
90 3228
3510 4532
5648 6770
312 917
4907 4655
3550 3209
665 646
1608 320
337 320
2324 102
1785 60
8034 443
13
8848 686
9840 8058
3265 2437
8869 9534
3710 9866
3072 9525
454 7339
2235 5172
2296 2503
3942 3752
2496 1862
848 940
6224 3202
65
3488 217
8228 884
8612 1080
5162 2480
7152 2374
9250 1375
8484 3005
6032 2880
6026 2540
5640 2888
7500 3472
6760 3375
5951 3360
6213 4996
8052 5809
6510 4300
9776 3880
9364 1696
9772 560
9879 918
9962 8177
9750 7175
8408 6725
9354 6317
7790 5988
8070 8989
8040 9603
4770 9914
3664 9701
7722 8978
3620 8696
2915 8315
1374 7157
908 8680
166 5815
11 2816
608 6002
305 3348
584 5428
370 2610
2100 5625
168 1200
1137 2200
1910 3832
1177 460
1748 1354
2612 6880
2834 4450
3808 7294
3191 3000
3916 5714
4967 6480
6017 7820
5484 7925
7199 8700
7700 7045
6192 5073
6744 6944
5066 3856
5640 7297
2184 400
3923 3649
5224 5592
5000 4212
3596 2264
11
9458 579
9990 6401
7820 4192
7226 9061
4212 3702
3840 2680
2989 9148
59 9078
810 4057
4127 1840
5149 1378
13
8974 83
9549 1360
9948 6258
9597 7629
9300 2000
6304 5848
9204 8465
2735 8474
5058 7289
757 5668
618 4839
2731 1175
1767 4950
17
8023 329
9748 9678
4504 7885
936 9433
1325 7161
815 3325
712 2436
3770 280
8900 114
2407 1446
2368 3547
1520 5697
5169 2280
4340 3816
5120 7232
6547 4490
7992 4210
44
472 256
8834 331
885 590
2605 1659
7630 2132
8450 700
9446 1112
9840 1605
9396 2912
9917 3884
9623 7150
8352 1524
9421 8457
6150 8259
9103 8538
6070 8470
8600 8686
8708 9441
8121 9781
6501 9902
7267 9716
7050 9320
8190 9322
2571 9224
1390 8568
2690 9049
1216 8419
140 6652
489 6553
257 4735
28 78
303 703
560 5751
752 4839
2380 2196
440 6880
2420 4132
3690 5102
5208 6544
1798 6240
9259 8345
5705 6490
6307 6599
7037 6160
82
9222 19
9507 1490
7400 682
7080 780
6474 1110
8650 3364
8966 2020
9866 4366
9637 8521
9660 6250
8386 5616
8350 8954
8940 8740
9567 9746
9700 8180
9795 8472
9883 9900
6639 9911
7296 4588
7032 6239
6532 5625
4752 8536
5704 7480
5791 8280
5280 8718
2514 9868
2500 9769
3243 8823
2072 9907
5452 6635
4450 7432
2553 8726
5910 6134
5488 6125
6810 5104
6000 5143
3478 7890
3006 7768
3344 7690
6661 4252
5255 5190
2380 4228
4147 4267
2182 4116
2152 4848
1290 6092
3952 5790
2667 6100
1674 6860
336 6980
2413 6875
1818 9100
1228 9150
1228 9240
1 7038
1088 5200
2449 3438
458 4625
550 4272
268 4144
610 3686
1450 3390
79 624
7632 3664
5981 3820
4208 2300
2052 4089
9089 3880
7800 3522
3728 1552
3086 1396
6990 1730
1442 533
1294 960
283 498
3216 550
3024 400
4408 152
7881 30
5376 205
3688 984
8542 536
62
9734 174
9772 697
8678 4776
8760 3610
9232 2009
6255 1844
8720 1408
7436 1496
5815 1442
5532 2262
4516 1000
5436 3700
8152 1958
8068 6680
8138 4670
8736 6764
9971 5953
9990 6909
9910 9044
8779 9826
7898 9739
8005 9040
7653 7864
7580 7296
7245 6070
7302 3353
6025 7176
6154 8725
6056 9851
5574 6207
4854 3302
4353 760
5344 7600
4340 3168
4265 3100
4365 3670
4550 4871
3920 2274
2835 2520
3223 8626
3264 5650
3200 5120
4150 4043
4090 4553
4300 9756
3105 8808
1908 2020
2644 6693
2680 7985
681 8892
900 5940
646 9145
84 3918
98 5070
60 3802
1360 6342
3 684
2247 6577
1240 3440
716 1440
272 1093
1010 408
71
4038 189
9724 592
9373 1131
9658 1197
5016 394
888 2320
3700 1715
4894 1298
3384 2906
4590 2353
7499 1140
5594 3176
4318 4336
5538 3791
9928 1870
7991 3523
7445 3846
9148 3408
6044 4306
8636 3713
8828 3638
6708 5203
8578 4652
7527 6262
9485 6056
9263 4978
9531 4508
9613 7543
2510 3588
2040 2146
2691 4900
1838 2888
2340 7288
2590 7300
3060 7550
3300 7130
3929 5810
6214 5950
6864 6523
9107 9279
8404 8900
6135 9039
8901 9370
8106 9932
6900 9922
2211 9669
6592 8580
4650 8865
6680 8508
3200 8840
3880 7872
6864 6856
4056 6883
1520 8772
2936 8531
1386 9366
1820 2635
1364 5100
528 9352
489 9374
470 9130
672 5660
724 4204
466 8958
551 2796
80 5596
162 2687
1968 1600
154 205
353 306
440 156
36
2357 135
9897 788
2138 1695
1386 1496
3054 3560
2489 2408
2840 1658
8690 1072
8746 3334
8656 1410
7585 3420
4512 2188
3638 2072
9744 6444
3712 2529
5914 4624
9727 8070
705 2246
2162 4796
5783 6400
4898 7148
9380 8566
7424 8279
6896 8111
7212 9739
1910 9878
1676 9647
860 5464
743 8668
425 8370
234 2664
2288 9650
68 270
2440 884
2450 710
3670 1234
79
4481 69
9978 590
9166 1189
6905 335
6900 1645
7952 2570
8884 5040
7681 3580
8917 5658
6042 7737
3896 9572
6406 8242
4910 9810
8100 8850
8646 7800
7072 9102
9325 5064
9501 6185
9901 3949
9712 6987
9471 9757
9564 8256
9323 9867
3328 9853
6128 7280
2179 9780
2980 7454
6032 2576
5320 6320
6311 4832
7267 4920
5382 7008
5944 7362
8152 4384
7655 4401
7808 4192
5954 1926
6172 2388
5535 3058
4508 5007
5404 3092
1600 9216
3290 4904
1210 9780
757 8335
3348 4076
2675 5430
3890 3518
3213 5180
3578 5097
4724 2240
2677 7392
5375 1657
3132 6320
5023 1916
3384 2456
2590 5187
2168 4736
1040 6144
414 4537
482 4308
472 2568
960 2280
1340 2768
1398 3424
3080 2586
2424 2520
3736 1581
283 1237
1777 182
2220 139
1929 14
3423 180
2539 595
5969 927
900 840
6922 1740
6624 541
6615 1227
87
6038 72
9312 663
8506 1667
8169 1779
8332 1104
8960 636
2696 2049
5000 2236
4950 2737
5080 2509
7144 1135
3520 4084
2808 5126
3312 4719
6556 2400
9647 1344
7605 2592
8620 2112
9388 1570
9743 2253
9947 2254
9786 5110
9567 3561
9504 3290
9896 7152
8597 6875
9953 9199
8272 7451
7127 3872
6784 6010
6584 6456
8045 8534
8560 9836
8290 9637
5760 9374
5382 9321
6560 8860
5906 6700
3968 8408
4795 7056
6689 5653
5860 5695
2161 9927
5040 6610
6160 4834
2496 9096
4951 6090
1544 9650
7040 3473
1308 9868
2100 8562
2740 7806
3480 6592
7324 2512
5111 4356
3620 5699
3890 5856
1396 9258
2568 7548
688 9755
4076 4620
2092 7237
123 8869
32 8228
391 5488
816 6710
892 7040
4123 3140
4132 2632
0 5718
262 4056
194 2260
531 1695
315 1375
715 216
878 2187
485 3487
1503 1062
634 3450
750 3500
1837 1472
4732 1156
2794 814
7430 724
5204 761
3060 538
4140 128
54
1319 63
6239 137
7925 1289
7920 800
8357 1824
7983 1923
9550 2470
9900 2872
8460 2143
7366 3896
7269 3899
2500 6681
2536 6680
9328 3608
9259 4200
8220 6000
4083 6262
9284 5984
6314 6434
4637 6599
9954 6731
7290 7020
7795 9092
3205 7780
720 7725
2286 9226
824 9382
9760 9504
5080 9628
796 9440
713 9433
373 7459
50 6000
872 6504
1208 7279
560 5701
1324 5000
3000 4233
446 3168
4215 4208
7468 1422
5403 3115
3472 3300
3699 1878
2968 1904
3537 1268
5780 2007
6240 172
1701 1300
1488 2204
945 1696
63 287
2052 775
2360 368
48
752 296
6857 938
1216 3335
3600 1040
984 635
360 5225
404 6122
1820 4053
3699 2630
5030 4584
6125 2793
5332 3440
7067 628
6528 4641
7232 3032
7840 3862
7812 3947
9248 1258
9928 1932
9913 3699
9846 5968
9880 3352
9737 9832
9864 3528
9504 8487
9761 4505
7686 4211
4730 7685
6071 6550
8141 6430
9304 6018
9003 8077
6928 7940
9288 8551
6969 8896
7510 8775
6568 8822
3981 9238
4610 9665
8397 9694
2432 9735
5077 9919
137 9752
5856 8719
1888 6750
1508 4514
666 6425
69 8230
89
2491 153
6892 321
3088 1132
3502 211
3245 316
736 1900
5625 2205
6625 3738
6280 2680
8032 2518
8568 1844
1718 1915
4386 991
5509 985
5039 1280
7928 546
7730 800
7050 990
8848 596
9316 949
7568 3200
9394 2240
9584 1422
9947 3282
9937 3639
9868 9456
9602 6414
9590 9842
9131 8261
8733 9719
8150 9962
6645 9998
8732 9148
8492 6675
6868 8392
8872 4464
8292 6170
9680 3670
7840 3612
6381 3812
1811 2070
5774 2778
1118 1941
1146 3416
1493 3390
6763 4940
1736 3198
7914 4150
8584 3805
8017 4270
6720 5448
7675 6498
4952 5198
7200 6313
1568 3945
5037 7336
4720 6722
3408 5166
5961 6653
6077 6836
7325 7272
950 7762
119 8376
3760 8064
6985 7472
4519 7962
5208 8098
6682 8936
5072 9666
4500 9465
5764 8986
4420 8976
3928 9580
19 9879
34 6396
63 7744
160 8150
3052 6653
1488 6466
3696 6245
2077 4898
3093 6090
2166 6220
1212 6294
1000 3400
660 2408
257 2194
1004 1000
2040 106
59
4006 48
9088 104
9990 4672
9757 8272
8828 6612
8385 9984
7108 9798
7880 7310
7186 7701
5944 9922
2156 9750
1682 9697
5728 8520
2640 8492
5775 8503
6153 6432
7714 6325
7024 6484
7250 6458
5077 9518
5850 9280
7575 6610
9821 5882
5992 5220
3964 6800
4950 5670
8176 2124
7519 2984
7300 5420
8455 3200
8014 4625
9034 2612
7536 1703
8880 1599
9085 1274
7680 1217
8224 668
5204 1880
6068 2168
5780 4500
5307 2934
3204 6410
1045 9803
1820 8452
1184 9545
1520 8056
154 4438
736 5956
1150 5975
2247 4782
2608 3870
4670 2996
1621 3553
3755 3002
3380 2276
566 1009
2146 750
4205 2397
5518 1498
15
9187 676
8171 5399
8616 2988
1926 5244
7292 8220
4112 7985
7568 8804
2922 9330
4272 8996
3121 7813
870 3175
5961 1586
640 1877
5046 1184
7647 864
89
6092 200
9153 510
6692 270
4378 196
7064 924
9584 1106
5062 900
4800 2043
4800 387
3368 840
4251 995
3802 3844
5243 3670
6980 3605
6388 4722
9304 2750
9508 2456
4786 3584
5088 1896
5592 932
7236 1460
7776 1758
9496 1264
9709 2896
9437 4240
9984 3384
9925 5174
8556 3519
9266 5896
9750 5801
9525 6300
775 3575
606 4130
2472 4288
3452 4803
2588 4496
3536 6508
9267 6353
968 6788
8056 7256
9296 6608
9620 6864
9636 8491
9644 9584
9615 7906
8336 8516
9476 9600
8831 9615
6716 9025
3816 7583
5551 7725
8456 7968
8910 7940
2237 7134
5936 8895
8418 9813
4224 9173
6654 9972
4432 9784
4109 9751
3505 9562
412 8412
1190 8452
2201 8768
1475 8288
1903 8415
3728 8580
1179 7470
1568 7600
149 5905
1034 5092
96 3596
2170 2671
3100 2833
2272 2212
3890 1400
3206 3031
3604 3824
4060 1360
2716 856
2520 1562
1040 2544
2532 1260
500 2258
272 2660
1390 238
3984 74
5575 11
7659 316
30
2104 394
8092 1106
9428 1376
9881 4706
8140 5632
9398 6867
5240 3162
8268 5964
9104 7074
5692 6220
6590 5380
4336 5760
8718 9662
6609 9760
742 9736
105 8785
6790 9716
6121 8630
13 8113
134 7156
608 4248
240 5600
1184 1814
1680 6517
2790 7536
3850 8376
2168 3766
2526 3080
8312 1870
3402 2433
97
1710 5
7506 73
5876 3388
4888 440
5169 1907
4412 3064
3704 3865
5324 4058
4260 4704
4692 4466
6454 3381
4792 5114
2823 5412
2800 5330
3300 4361
2792 5316
4608 1376
1630 7147
2824 2888
1553 7306
5560 4828
8562 1696
6612 2817
7736 948
6607 2580
8095 401
9725 74
9800 752
8904 1428
8592 1652
9096 1681
9375 1265
9806 2250
9038 2110
9762 4008
9720 7177
9875 8510
9256 4626
9665 9768
7965 9632
8832 9381
6634 9921
3928 9180
4447 9090
6218 9472
4244 8920
7568 7900
5408 6938
6382 7371
7749 4784
5980 6118
7953 3525
8600 3075
7580 4136
8220 3874
8340 6210
8432 9000
9216 5320
8990 4248
8555 7257
8680 1762
4117 8962
6387 4879
7016 4066
6868 4000
5109 5900
8064 2576
2760 8483
4718 9744
3795 9510
1994 9525
573 7832
1017 9222
40 9280
244 7639
365 8938
218 3905
131 8318
128 8300
28 5984
23 2338
378 3930
850 5470
341 4960
1030 7840
1657 6808
1935 5652
1512 5812
1596 784
816 3510
422 1536
554 3032
324 3296
80 1457
32 174
3648 1145
3308 393
97
9178 63
9725 3416
9490 4110
8577 2118
6480 2928
6820 1501
5282 1725
4926 1508
4768 2596
8568 7879
4952 2414
5216 2322
6084 3847
5013 1577
6800 4881
7117 4251
7000 2745
8605 7730
9184 9500
8288 6424
8228 3708
9344 6377
9168 5184
9949 8415
9295 8896
9345 8882
9264 9957
6129 9942
6260 9848
5856 9630
1006 9882
993 9524
20 9280
400 8384
73 5675
230 158
430 901
256 2500
2080 8228
532 6951
2259 8496
801 9175
4000 9407
3672 8570
1820 4437
1744 5416
1396 4584
1586 4480
1496 3538
732 3610
452 422
931 1836
592 701
2836 6271
4486 9305
3168 6384
4004 7980
3594 6800
5500 8585
3465 6632
6176 8422
5472 9475
6533 8392
6400 7953
7168 8694
5934 7308
5689 7663
6036 6312
5610 7040
4679 4800
3771 4208
4200 6609
3384 3824
3116 5309
1420 2289
810 502
3235 3572
4010 3558
3500 3570
2837 4000
3846 3576
8322 7895
732 200
2317 985
7822 7152
5991 4480
4001 2458
6218 5295
2038 395
8832 1887
2856 199
5228 480
6424 694
8506 226
7341 1010
8568 993
8352 914
67
8693 151
9966 797
7057 1694
7491 2110
8600 2962
9975 3720
9255 3799
8718 3180
9905 5548
9376 6000
9273 7080
9680 6243
8936 7848
8785 8135
6686 9242
9118 5640
9558 5268
9024 4620
7584 2529
4988 360
5291 756
3952 1256
3320 1060
661 2174
4780 1544
5180 875
5220 1897
6885 3040
6096 4409
4050 2423
4244 1892
2335 2740
3910 4015
5250 5830
7256 2801
5060 6838
3490 7430
7196 7097
6795 5798
7200 6398
8002 5592
8345 6592
7922 6869
7820 7024
7818 7404
4674 8942
7172 9793
201 9901
2588 8040
4215 5643
94 8925
3680 5914
74 8735
826 5498
526 5760
43 6710
425 2528
114 6190
966 3931
2234 6413
2260 5869
266 1395
3831 928
3209 281
350 502
4609 32
9864 151
97
7323 10
9247 735
7364 208
7300 152
7200 1320
7194 2481
7271 3265
8640 1166
9178 2788
8204 3830
8026 3800
8016 4114
9179 4896
9088 5780
9700 3608
8926 1115
9305 840
9516 1450
9935 3183
9856 3400
9950 5447
9328 8109
9043 8344
8084 8312
8752 6976
7677 7740
7898 7050
6080 2345
6031 1616
6780 2924
7398 4420
8570 6608
6150 646
4554 2025
3680 960
6641 5470
4956 1720
7550 6256
7490 7505
7458 6992
6664 5697
5810 4442
7044 6812
5852 4709
3506 2206
7852 8651
7536 8233
6320 6898
5976 7452
8148 9742
4972 6561
4894 6621
4378 8720
5667 7740
7295 9172
4417 8740
4641 10000
366 9644
130 6314
588 7497
63 5754
16 2615
700 5000
995 6032
87 5091
1272 8305
1386 8508
137 579
944 5438
1295 3938
1984 8935
4253 9523
1682 3454
3699 8860
1202 2512
2652 7600
2399 8368
976 1604
3425 7535
1975 3671
3616 4029
3140 5610
4052 5488
3608 7424
3785 7570
3789 8182
4016 8270
5192 5956
4028 3442
2443 3280
3532 3140
80 34
1740 1137
2050 1432
2679 48
4860 621
5407 98
29
9270 6
9745 3981
9757 4375
6205 2502
8413 3675
6200 2636
4950 4204
8010 5421
9328 5415
6993 5472
7400 6128
6600 5304
4482 5000
6561 8908
6296 9232
4333 7498
3525 9906
3600 8624
1962 7625
6750 624
1915 5725
3624 2885
5676 663
1136 3052
2 8214
150 752
288 1504
936 43
2192 432
96
961 450
6722 470
5133 294
4155 136
4726 174
5088 202
5854 114
6000 160
9552 1136
8801 720
9902 1020
9800 1936
9130 2432
9923 2744
7750 2520
8868 3642
9068 3280
9710 6078
9255 6276
8952 5684
9432 5840
9314 5796
6946 1364
9490 7274
8300 5072
7172 2068
6892 2076
6726 2465
5026 2272
4190 580
3750 1260
3943 2001
7527 3531
8260 8312
9215 8540
8644 7184
8137 5945
7850 5396
7892 4700
9862 8321
9672 8890
9684 8708
9042 9587
8051 8675
5645 6190
8092 9264
5853 6480
5280 5817
7422 6871
6977 5316
6888 6186
6545 6305
4878 2428
4740 5705
4456 5848
5775 6870
2889 4711
5900 7450
4073 6300
5100 7728
3600 5856
2460 6441
6770 8688
842 5820
2943 6916
2080 6501
7493 9842
4750 9208
2464 8685
6735 9960
3020 9361
499 6590
2663 9218
3284 9913
153 9000
1592 7990
381 7257
246 6400
3500 8300
695 6395
92 5980
1910 6867
6356 9360
3225 7430
88 5410
4233 4256
96 3832
4639 3576
4028 3375
276 2009
1300 614
1620 504
2264 2113
3184 1044
2914 664
2730 592
80
4785 67
9804 463
3744 104
3132 500
6770 424
4640 657
7205 784
5164 1352
4040 512
6562 3467
7500 3535
8210 4930
8023 7317
8834 6760
9166 6350
8180 5450
8404 2594
8128 2729
7940 2786
6764 2448
6960 1310
8836 676
9271 755
9680 2050
9212 4025
9627 7651
9884 9305
9197 8114
9368 8560
8576 8505
6360 7893
4976 8219
2848 8350
9428 9589
7976 9896
4418 9833
3999 9743
7107 9691
3792 9212
736 8894
2010 9512
1212 9540
132 8090
5078 7536
8768 7780
6935 7584
2176 7055
9549 7752
3356 6792
6603 7462
0 6208
5204 6052
5521 5740
6540 5550
3515 5035
1432 2304
1291 3149
3088 4640
845 2813
2367 4800
828 3648
2452 5958
945 4808
256 1466
151 574
2048 108
4820 2723
4840 2665
5880 4498
2462 688
3150 2580
2180 2669
1939 1553
1738 2576
4041 4212
7334 4889
5540 2644
2415 8
7194 125
9013 320
49
5208 128
8987 354
7760 4576
9456 37
9180 840
9303 5174
9492 9404
9124 4432
8590 9676
3784 7501
3915 9705
2780 6396
7628 8496
5059 5412
5320 3204
4128 5022
4976 5912
1425 4735
2392 4973
1308 3283
1085 4287
1284 6579
1600 5910
2140 9086
1369 9351
1220 9475
550 9204
1853 9017
410 7462
490 3141
0 4544
1227 164
4197 4000
3850 2234
3639 1280
5294 1592
8042 8800
8376 8144
8770 5536
8380 4846
7350 6514
6628 3850
5684 1214
7925 3961
7620 1963
7224 684
6604 1302
5632 694
6676 2235
12
9520 794
5231 6302
3096 7461
8344 7820
7576 9268
789 8201
2408 6848
323 4941
2756 5760
11 1943
3368 1868
2860 5365
46
7110 334
9831 2418
9225 6112
8536 3580
6668 2238
7474 2865
7008 3400
8350 4794
7414 4262
6076 2142
7264 4204
9416 7030
9235 9707
8048 5480
7508 4616
4064 3525
4988 4260
8660 7861
4205 9333
2873 9656
2248 9780
6991 7997
5199 6905
3118 8982
4516 7400
3469 8318
3172 7756
3080 2840
1576 8841
2013 6120
1054 7270
1472 7707
1022 9242
816 3996
47 3076
6813 1356
3894 1388
5502 1100
6624 1147
2812 896
1940 1958
411 1689
2088 1104
408 604
1250 6
7855 97
81
5821 12
9962 706
9648 8086
9626 7787
9518 8356
8619 9444
7852 9658
4208 9536
6532 9296
7369 9434
9104 8410
2452 9498
3594 8470
2656 8717
6185 7415
7370 6912
4935 7503
8422 6136
4516 9137
6975 7968
9174 8308
8651 5200
7256 5062
8669 4009
3190 3664
2712 3650
2600 3679
2090 4185
2600 4949
1510 4696
3456 5296
5454 4800
3146 4203
7616 4496
6625 5783
6684 4740
5914 6640
4998 5395
4520 6440
2060 9423
1144 9423
518 9149
407 6912
1264 6386
1356 6260
1050 6824
2064 8947
4765 5070
3778 6056
832 4298
151 5686
476 2144
272 1360
624 1100
1255 1094
1149 2191
3800 3472
5808 3598
6264 3820
8198 3193
9360 2946
8288 2312
4720 1965
6800 2259
5514 2367
7750 2580
3504 2314
3460 2855
2350 2161
4484 1324
1526 1395
2130 2183
1416 1646
1840 206
2856 658
2360 274
3720 1216
6236 275
4068 1761
4282 1647
8668 697
24
6088 577
6579 669
7530 990
9548 4201
9298 6386
9848 9248
9290 6879
8366 9134
6788 9541
3576 9152
5896 6575
4576 7419
1592 8256
884 8448
2158 5378
4470 5277
3770 7320
6685 2120
2110 5255
160 5851
121 5136
546 1379
363 3567
1404 2151
33
3791 324
6483 807
8612 1231
7176 1028
7546 2080
3204 2200
8100 3566
3297 2676
8336 4880
8544 4770
8212 3106
8704 3596
9929 5417
9647 9378
9124 9884
2982 4294
4782 7455
8628 9810
5809 9701
3912 9952
1144 9773
832 9263
84 4725
1008 8820
27 3814
956 7376
6239 9104
2360 7424
3104 6545
1763 1380
3573 1405
1281 1044
1372 214
37
4205 67
9201 2239
6810 666
9080 1464
9648 2256
9804 2770
9546 3896
9648 4307
9136 7410
9561 9840
9194 7776
7648 3924
8047 2971
6302 1500
9131 9035
6776 4578
8335 7968
8767 9678
7033 8980
7792 9590
7180 9748
650 9960
2320 9084
4650 8364
2565 9531
3662 9599
6139 9408
6930 8640
3210 7760
2560 4080
2728 8700
548 8374
63 1876
2170 7024
1207 1040
6904 6292
1593 826
3
9120 664
127 9301
910 2748
51
2551 139
7197 293
8305 137
5920 1075
8265 1430
8800 1111
9358 511
6424 4832
6960 5350
4660 7000
6650 6044
5790 6688
8034 5552
8040 4744
8745 4986
7967 6256
7079 6973
9256 5300
7402 7202
9350 6672
8343 6793
9698 6572
8325 9741
9046 7840
8747 8367
6285 8400
8618 8646
7425 9291
5856 9648
5656 9080
6050 7128
3183 9887
4300 6789
2760 9112
2980 8730
6172 2986
4167 4796
3280 4336
1748 9177
2640 1904
1902 7112
607 9986
106 6123
2220 2414
728 4336
61 1699
4234 1520
400 1300
75 1585
681 1024
8298 1924
3
5977 5531
7091 6524
9810 9443
92
5558 125
9407 552
7440 1004
6368 414
6617 1566
2600 2071
5986 2214
6853 2249
6854 1305
8784 2420
9820 1210
9888 1525
9094 3210
8847 5900
6426 6773
9124 3048
5889 6689
5727 8168
5855 5222
6265 6078
6240 5096
7480 4448
8304 2498
7585 2920
7000 3620
7062 3677
5926 5330
6112 4400
6659 2406
4591 8642
8110 8152
9748 6344
9847 7310
9843 7796
8540 9399
8260 9919
6950 9990
5440 9732
3084 6870
3776 7836
5340 9744
4400 9252
3220 8485
5033 9865
3384 9808
1768 8844
3436 8960
2600 7654
2556 8612
2580 7390
2887 6386
4057 4916
5190 6737
6400 3173
5228 4316
5200 2660
5232 5776
5110 6568
4513 4374
3389 5014
3152 4935
2301 7006
3350 4184
3574 4384
2836 2844
3240 2896
2004 1501
2013 1592
2320 5490
2410 2548
2858 3480
1970 7910
1606 2428
1868 798
1103 1648
1353 3514
1149 2665
761 7090
949 9702
570 9216
566 8350
700 7632
400 8164
216 8764
141 2550
452 6292
704 5350
788 5350
240 2964
497 899
2512 352
4390 1180
69
3448 151
9292 862
7560 896
6560 784
4404 360
9412 1462
5579 1005
9004 2193
5630 1611
5180 1046
3425 460
3212 674
7386 2716
9574 3064
9422 716
9947 1260
9735 7313
9808 3755
9636 4978
9545 6782
9616 6760
9572 7160
9386 7685
9468 4928
9384 7093
8124 3428
9590 8788
7970 3280
7848 2944
7056 2564
9032 9759
4850 9518
5840 8701
7925 5808
7264 3956
7184 6815
5365 6320
6190 4941
4440 5322
2182 9155
7579 9963
2864 9562
3570 9850
867 9814
3350 5791
298 9810
2400 6056
40 9246
796 3958
120 7221
90 4132
387 5070
0 3504
540 1968
2670 3968
2200 3560
1520 3625
645 8422
1492 5068
5287 4904
5216 4407
4222 3960
5640 3460
2734 2052
3919 3266
137 1785
1934 1473
4938 1530
1586 919
85
2832 118
9755 136
9621 354
9872 3726
7776 707
8225 204
6408 600
3829 1000
3162 1800
6076 1134
4068 1884
7927 1636
2640 2300
2496 2544
4455 2740
5300 2636
6417 2132
421 5762
3052 4298
7543 2688
3919 4112
7592 2982
7646 3728
2854 4780
4024 4730
1260 5460
3199 6474
3320 6236
7172 4003
3600 5868
2412 5940
7730 3698
3921 6048
4423 5715
5138 5190
2275 7136
1525 7140
2016 6408
916 7160
648 8320
2228 7672
1024 8164
8988 3120
7468 4348
6743 8054
8712 4552
7972 6008
9258 4724
5851 9510
9932 6185
9888 9484
9102 9760
9704 6956
9608 6751
8726 7869
8981 8296
7046 8545
8206 9466
7133 9920
5683 9989
4612 9743
4955 9620
4192 7764
2466 9997
3280 8452
4640 6654
1791 9439
1988 9782
814 9582
4864 6331
1663 8385
3096 7095
1816 8041
467 9750
330 4394
280 8107
266 1292
33 560
1576 928
952 3182
1184 2682
2374 618
862 4810
2137 1912
1125 5316
45
8818 227
9741 4384
8497 1168
9806 5195
9456 9710
8800 3308
8558 2496
7090 2930
1588 1083
8640 4435
3828 4215
3715 2435
746 2545
3720 3719
640 3392
992 4744
1576 4257
2307 5408
6316 6568
4060 5914
4124 5345
6644 6589
6048 4723
8300 7346
7944 6840
8552 4450
9267 8058
8429 8132
8350 7690
1228 5185
3695 7168
4156 7615
6216 7144
8842 9561
8168 9484
2622 6985
2381 7900
5831 8843
5422 9914
3299 8187
263 9163
114 981
2176 740
2424 133
6140 998
70
6682 140
9931 421
8816 1330
8696 634
7120 1200
9952 1815
9895 4831
9321 1753
9540 3299
8370 2238
5404 2232
9664 4308
9883 5248
8280 4246
3580 2370
2548 2092
5412 5253
6816 5055
7108 4498
9336 5812
8928 7544
4967 5044
4636 5253
9599 8709
9687 9019
9066 8515
9088 8964
6400 9669
7412 9331
5008 9602
7700 8186
8644 8054
7202 8026
4210 9386
2447 9424
670 9018
1385 9350
290 8928
6145 8220
7756 7648
6151 7020
4180 8290
4061 6839
3360 6790
162 8260
1366 6250
1645 6532
880 7760
3796 4206
2060 4558
4 8305
0 7300
201 7375
272 2474
1188 4135
1094 3560
450 2568
520 1929
6700 1960
7506 1996
4430 2192
8950 1906
4480 1883
4576 1060
1444 1724
346 1358
1820 790
5669 799
1340 143
7150 40
21
6419 33
8458 1830
3600 1300
8638 3230
9381 6716
6286 6946
8978 8414
7903 8571
7068 7724
3928 8592
4269 9445
2336 9260
5436 5700
3231 6479
4927 1884
2640 2798
2432 1713
1826 8986
161 2775
44 2100
4224 18
32
5685 591
6777 668
7670 160
6556 854
8222 320
8280 620
8972 253
7736 1576
6316 2645
5712 9720
8328 7656
6100 5280
6802 4434
9863 1707
9956 5857
7440 6481
9479 6874
5758 9907
5200 8376
2724 9546
908 5190
312 9583
1150 3352
29 8668
640 604
2451 984
1154 2114
2755 1319
2484 1590
1424 3614
3087 7338
4760 3722
80
8828 75
9187 125
7450 540
8166 1600
7685 3336
9244 500
6479 6190
7692 4010
9544 707
7143 8080
8551 4300
9749 1984
9784 2240
7320 7832
9324 3373
9489 3632
8646 7332
9728 2593
9803 6258
9362 7740
9603 9559
869 4634
1041 4826
2662 6215
4381 7120
3272 6092
5961 7868
5320 7846
5998 8185
2034 6461
5484 8224
8158 9421
8076 9420
569 7270
4360 8754
3590 8354
8677 9582
7446 9782
2055 9960
3267 9120
1213 9486
814 9643
925 8744
450 8762
333 9122
202 6676
130 4512
384 6250
181 4654
595 6344
1194 6767
217 3221
1890 4925
2497 5286
4343 6260
5183 6048
2840 4490
4750 5890
2981 4658
2392 4716
338 650
996 1921
2969 2332
2873 1350
4581 1665
5882 2455
4122 2511
1856 3348
3414 3900
3884 3475
4583 3910
4172 3376
7660 2869
5355 1712
6521 1255
6650 2025
7444 2257
7988 1908
6744 580
853 780
57
8123 59
9259 800
7238 304
3050 1200
6979 1744
7250 6497
8844 4085
8300 6344
9280 4880
7545 1453
9009 4190
9528 2440
9128 2075
9757 2429
9336 4083
9160 7192
9544 6704
9944 5160
9972 5135
9829 8438
7924 6404
7157 7479
6996 7416
7024 7634
7515 9453
6441 8909
4412 9980
2103 7600
1385 7844
330 9491
20 3444
275 2758
678 4140
3019 4888
1345 4553
6480 6724
297 4873
2769 5775
1080 7700
2747 6336
2739 7325
4994 8012
3895 7710
5295 9328
5366 7320
7259 7088
6445 5138
5228 4685
3498 3180
6920 4444
4792 1644
2205 3180
4006 4480
5616 5646
2960 4443
2212 4180
1173 425
80
5824 176
9615 574
8096 1725
8800 2645
8286 3520
5810 1574
6774 288
4250 1682
2965 4768
770 4240
1274 5167
970 5342
3210 4780
2224 5912
2078 6315
3081 4997
4256 3703
4626 5633
6290 8172
7657 8928
5625 5418
4856 3600
6412 2500
7184 2828
9974 4895
8789 7940
9410 5000
7614 6168
5924 4118
7257 5985
7673 7536
7125 6884
6515 6837
7220 7675
9477 9073
8140 8869
8384 8792
7296 9073
8176 8924
7460 9484
6825 9741
9408 9614
9069 9790
7924 9704
8840 9863
6222 9904
5591 9913
5488 7010
4183 5665
4344 4956
3924 4812
4696 9266
2908 8644
2871 9120
2812 9665
2012 7994
1984 6638
3777 8424
4469 8111
383 5124
2004 9086
1892 8856
1140 7600
2327 9868
935 7488
1149 8384
63 9705
410 2963
82 4219
504 1426
1823 3994
1808 2880
1820 3445
3379 1758
4535 912
5536 305
837 1188
2100 380
1674 961
2310 647
80
9245 389
9657 416
9362 4476
9488 5056
9964 7138
9545 6926
9302 9243
6526 8784
6996 9448
8223 9510
4288 9887
3954 9757
5006 9125
5632 7934
3890 9758
4676 8820
6336 6950
3664 9731
5680 6883
5162 6185
3433 9358
5236 5732
6592 7220
4542 4189
8754 9075
9436 7225
9274 4498
9206 6448
9173 7632
9116 3884
7008 2410
8484 3340
6552 1832
7966 1402
5104 1824
6437 3240
7992 4080
7624 4032
5680 2752
9125 5027
8272 6696
4223 2090
6482 5100
7816 7670
4166 2640
3190 6524
3506 6160
2668 8656
2404 9383
704 8312
398 8241
352 8012
232 9424
8 4202
80 3720
310 5551
1580 2858
1792 2728
1929 4453
2668 3932
2815 5952
2327 4485
1434 7416
1000 8200
3392 5320
3380 2470
3230 1375
3190 3016
1988 2216
36 3305
4 1759
211 400
1216 1424
4060 100
3149 592
2332 948
6375 5
9603 318
2834 1274
4363 1614
95
7319 22
8654 158
5712 86
5885 477
7072 160
9627 362
9500 7760
9687 2953
9815 9670
9102 6561
8518 9774
4669 9984
7695 9779
7100 9604
6732 9740
8611 8724
4853 9870
7947 8157
4261 9150
8692 7668
2956 9552
680 9665
4864 8832
7729 7697
5756 8027
7400 7392
8012 7024
8059 6840
8100 6220
7510 6894
7318 6050
6512 6118
4980 6910
1568 8628
3175 8156
277 9043
1206 7236
486 6880
784 7184
124 7432
68 6360
2900 7499
1900 6943
958 5028
1573 5306
672 3492
904 3677
740 3200
2272 6696
3164 7636
6288 4826
5600 6256
6616 4273
7795 2047
6288 5215
6050 5735
8486 4400
8900 6080
9385 4585
9152 2670
8722 3128
7788 3120
8464 2110
7693 295
5244 4980
5244 3920
6324 1677
4200 4284
4330 3440
6800 924
3732 3609
6806 900
2813 3104
5048 5136
4650 5180
2745 6714
2752 4865
3062 5346
2640 1872
1487 1270
2863 4904
975 1630
400 706
2256 4517
1448 3632
2416 5420
645 2683
500 4666
47 423
1358 247
4510 1467
6152 995
6389 560
3118 81
6357 0
13
5915 186
9798 4039
5230 5438
9255 7197
5211 9811
6200 9170
1800 9798
1039 9298
5948 2712
488 7440
864 4592
2815 3369
1601 543
85
6225 6
8995 258
9728 648
9956 1293
9930 3085
8539 5872
5176 6160
7953 5898
4445 4704
7920 4056
4823 4422
4932 4222
4783 4064
7328 2649
8352 2144
6318 3106
7199 2688
6909 2600
4350 3860
8684 1332
3411 4156
2732 4190
6125 1242
6516 669
5940 968
2785 3968
4365 2375
2242 2623
2000 3450
1824 4548
5378 5160
1254 5489
4131 5396
3960 5476
4648 6067
6085 6792
8592 7260
9759 8079
4164 6234
7700 7440
6772 7144
9230 8063
4094 6456
4612 6784
1866 5660
1448 6958
2648 7248
4242 7237
2780 7135
2800 6413
7072 7464
7165 7642
6688 7415
6616 7616
6194 7546
6914 7818
8858 9152
8334 9200
5743 9816
4899 9904
7830 9140
5760 7845
3500 7885
2140 7500
3523 8785
3928 9314
3096 9005
3957 9862
2096 8436
3152 9942
1241 9403
360 9244
96 8928
1305 1183
656 412
130 7431
272 236
1653 502
2313 2350
2440 1285
2185 422
3026 1920
4622 2103
4158 1224
3392 137
3
4770 917
8487 3525
7274 6010
86
1658 53
4777 137
6612 366
2535 419
7758 460
6175 1188
6334 736
3959 632
8240 1838
9203 2260
8940 1381
9771 3425
3467 4465
4568 3309
6006 3960
7238 3152
4760 2200
6019 3655
4352 3061
4223 3483
4637 1931
7750 3256
5664 1536
9172 3088
4894 1185
6211 2206
2205 920
2852 3524
1653 1875
3984 6932
5128 5367
4936 6542
4565 7920
4761 8986
6136 6864
5093 6460
5854 4892
6190 6320
6736 7900
7084 7950
7416 5552
6950 4112
8104 6630
7839 5855
8576 4160
9316 5915
9155 5390
9548 5278
9920 6872
8601 8393
8672 6948
8460 9040
8284 8392
8538 7268
7779 6486
8240 7344
8171 7926
8315 8050
7312 9532
7235 8967
4713 9902
4392 8520
3094 6952
2474 8610
1395 8985
3184 8761
1190 9056
4080 9492
3212 9663
2373 9392
3655 9816
929 9351
2872 4584
751 9122
394 6504
666 8722
220 7226
425 1402
320 6377
762 1141
606 6060
1145 655
640 6260
1072 8040
1357 5450
1183 5014
92
8773 75
9889 1845
9599 128
9992 1891
8742 1905
9195 1328
8895 980
8290 875
7946 2584
8816 3036
9037 4832
7430 3333
8896 4992
7722 5172
8936 5104
8650 5523
8456 8132
9676 3720
9896 5278
8965 6629
9896 8400
9976 8761
9472 7952
9938 9887
4930 9880
4400 9950
7560 9360
2309 9660
1643 8192
476 9750
457 9800
1400 7100
322 9150
426 6583
3046 7375
761 3830
340 4267
480 1874
40 8124
360 1200
1282 3358
3600 8080
2140 5078
976 1657
1976 3840
1825 3346
3386 6600
1189 1483
1990 3215
940 372
2125 796
2272 1400
2556 855
3622 1580
2055 134
137 46
1240 45
5408 185
3306 215
3936 1048
6644 1756
3600 1492
6490 3542
2676 1704
1542 1200
4498 3091
5310 3838
5989 4480
3070 3204
5500 4638
3136 4261
4032 6940
4463 7115
3756 5100
6000 4901
6894 3101
6398 4992
3066 9403
6185 5457
3664 8772
4525 8800
6170 8432
4185 8638
6458 6096
7392 6025
7895 8570
6832 2160
5728 2630
8057 1540
7600 640
8000 1452
6710 692
19
8554 211
8847 1053
9042 3664
8444 7670
5200 9696
4480 9920
3887 8957
8700 4215
7472 928
3828 9034
1280 8000
2818 7774
604 6167
234 7577
45 1676
6800 805
1148 1106
5235 499
6897 8
76
8654 230
9125 618
9222 1606
9141 2615
8947 1005
8156 4036
8320 3492
7773 8036
9580 1244
7761 8116
9492 1600
9681 1413
9714 2704
9854 4174
9972 2216
9993 6562
9120 6124
8960 4700
8902 6960
8500 6565
9017 8070
9901 9741
7274 9450
7168 8368
6058 8852
4176 7980
4033 8675
5220 8582
6236 9956
6062 9954
4126 9850
3608 6432
3180 5044
2092 4012
2477 5189
2876 7300
3591 8109
2818 8776
2217 6532
1444 7124
1778 8192
1298 7700
1022 3367
308 5500
1146 9490
587 9390
153 8909
225 7811
233 5542
70 3680
393 751
538 2713
813 1000
1600 5168
2090 2796
1051 76
4794 6640
3992 4375
4436 3809
5560 6334
5632 7325
7200 7115
6137 5680
4459 2649
3612 2834
2384 1119
4064 345
7398 3936
5240 0
7676 432
7656 746
7452 3124
7696 8750
8258 598
8361 714
8548 2048
45
5428 239
9663 378
9723 815
8288 1420
9158 2524
9378 3704
9237 7200
8550 2656
8380 2760
8496 7448
9848 9632
6202 9930
8952 8452
2860 9960
1712 9910
2076 9830
1337 9585
7890 7467
8059 6584
6896 6360
5064 6942
2008 4465
2048 7171
7960 7014
2951 7928
1063 8856
1920 5367
1116 3605
644 3649
414 2225
3398 4374
864 1282
1120 1080
3488 2112
2445 641
3440 198
5289 1822
7566 4718
3796 1150
3385 2802
6432 4855
3153 5179
3744 5263
5200 6358
7850 4966
87
6919 185
8999 928
5740 3149
7500 3264
7624 2800
8697 1937
9779 1384
7914 3502
8893 1954
6978 3817
4088 7637
1820 9652
4380 7760
5942 6080
8474 3590
6967 5350
8700 3668
9384 3034
3965 8448
7011 5592
3136 9640
7775 6423
8040 5783
9400 7516
7314 9544
9673 7425
9616 9259
9328 8138
8726 9333
6937 9999
5042 9710
3330 9698
6772 9226
7272 6886
6644 7320
3052 9777
3737 9790
5561 9963
1718 9724
1340 9757
566 9741
2705 8672
368 8878
550 8695
360 7928
756 7600
1025 5094
484 6576
229 7110
380 4884
52 5166
40 5140
115 1072
140 1800
431 3071
1196 4414
1235 8295
2013 7187
1192 3492
613 2327
320 667
1196 195
1168 826
2360 6475
1920 2460
2584 4248
2266 3328
1758 1096
3640 1216
3350 324
4500 164
6000 59
4706 428
5112 2880
4772 1740
3952 665
2908 4891
3184 5136
4960 2572
2804 6855
2436 8200
5510 2664
4293 4990
4732 4569
3298 7690
4208 5990
6574 1330
78
7401 404
9740 810
9860 982
8201 2960
7156 3196
6194 2759
8832 1258
6516 769
6376 916
5025 394
6113 1063
6008 4158
4800 2768
4233 2335
3261 3320
3224 3440
2432 4839
9956 3837
9632 4338
8844 4112
8256 4092
3211 5681
3700 5937
7200 5240
8210 4632
9950 4415
9880 8992
9800 6780
7120 5290
8370 6263
7340 6422
7718 6959
2044 6135
7728 7026
4600 8900
6976 7723
9017 7280
9495 7223
9545 8040
6296 8524
8870 8888
7926 9396
6425 9518
7862 9192
6303 9526
5418 8900
3701 9533
1377 9680
303 9512
6240 7771
238 7605
5380 7743
6220 7120
4997 6818
1556 6744
982 6427
1276 7080
625 7276
692 5800
1346 6480
1688 5888
339 3294
199 9061
115 1800
1042 640
268 2189
366 3145
1865 5224
1114 1895
1063 1002
2688 3365
1283 1177
1299 860
3205 1412
4270 562
6204 92
9450 90
9900 452
89
5100 172
8201 599
3508 1071
3750 1880
9553 260
6248 1865
8836 722
9316 2283
8256 2164
7008 3472
8588 3726
7056 4130
9262 8416
8814 4386
9936 5766
9982 9895
7337 9935
8248 9347
8285 9270
1550 9952
3468 9696
7283 9320
6316 8845
1136 9746
3770 9248
5150 8625
3100 9112
1512 9076
2366 9274
1120 9475
4150 5734
4774 5400
3026 7575
7282 8939
4760 7720
4637 7908
4590 7290
5370 7800
9710 9250
9250 8784
6136 6224
5338 7427
5500 6371
4056 4345
3778 5560
1500 8044
1496 6500
1443 7020
240 8186
1360 6422
176 7255
3128 5088
1038 5520
2820 4542
3722 4473
1524 2133
1871 3996
544 3660
240 4104
1376 2150
1262 1984
22 3364
112 1691
396 2525
111 3063
1742 373
4924 4648
4090 3832
6146 5960
7536 6300
9047 8168
6105 3001
7521 2080
5380 2562
6640 2570
6052 2776
5466 3687
5700 3638
5973 5521
4730 3667
1887 270
1950 20
2776 72
2245 144
3572 440
6035 552
3780 8
9694 62
7636 320
13
7850 1011
8851 5877
9140 8468
3317 9888
2700 9870
3076 9858
2860 9530
6206 7904
7914 6893
2291 4500
5648 2208
2312 3781
3347 1281
6
9698 409
9386 7509
3236 8076
440 7940
2107 5534
7838 825
27
6139 196
7064 977
2196 864
5564 3125
7836 2377
6288 3500
1280 3634
2512 8955
5588 4906
1992 5248
5672 4400
8515 2283
8776 2890
7280 4315
7512 6280
9798 1856
9417 7204
6629 8620
5720 9360
1415 9952
1233 9547
1973 8425
1440 6997
740 7269
538 8872
321 807
2408 419
48
6536 460
9111 654
2376 482
5222 940
8196 5597
4198 6500
7708 6098
9996 5695
9810 7708
9632 9608
8562 9823
6451 9995
8686 8160
8894 6700
4761 6504
3000 8567
6822 8180
7428 8378
2600 9459
1021 9176
2466 6822
7446 4895
6080 4936
1700 3558
4480 3226
2183 2878
1372 1515
405 2928
1841 4721
480 6032
4280 4402
864 7720
1730 7915
554 8506
160 5520
285 5886
380 2190
326 920
1760 1107
1104 820
5790 1984
752 693
26 596
1089 616
746 359
4470 71
5617 272
6680 48
66
1237 70
7946 227
6396 450
1008 2244
7494 597
845 2679
8200 425
1692 2734
8700 324
6822 2580
5532 2984
4512 3089
4160 3418
7767 4550
8311 7092
9071 2853
8730 4952
9350 7525
9724 2575
9611 8283
8188 9000
7864 9145
7840 5260
5500 4690
7425 7625
6375 6958
2323 2688
7950 9441
7283 9985
2325 9701
2967 9996
482 9746
1686 9272
1347 9733
5010 9572
4855 8208
7165 9239
6000 8144
4470 6958
881 6066
4649 8624
3204 7927
1076 8625
624 9190
1598 7638
1104 7732
338 5734
2598 6231
4668 6528
968 5740
111 5133
1520 5856
3592 5905
3426 5260
3336 5280
3438 5098
3020 4132
2630 3116
2165 2805
2000 2990
1530 4660
102 2460
178 1563
2533 1328
519 728
532 371
98
6627 171
8514 882
5809 610
8472 1200
8896 865
9446 1299
8940 112
9224 355
9838 2361
9840 1098
9889 2740
5925 3878
7592 3480
5200 4560
8570 7521
9504 6095
7894 6920
5883 4395
9045 3168
9615 2999
7280 4033
8592 3733
9641 5900
9701 3825
9836 3254
9872 8580
9796 8047
5605 7850
9566 8210
8956 8240
8434 8300
6455 8928
9482 8688
9213 9053
7024 9422
7385 9482
6514 9560
5800 8116
5225 9480
7842 9655
6080 9912
2666 9928
945 9840
5242 9668
2826 9063
5326 6828
4623 7428
5212 5399
4335 2832
2736 8792
3748 5000
2403 7585
2339 7456
2080 5685
2375 5862
2568 1936
2575 1744
1927 2775
2066 2904
1547 9586
0 6652
252 4900
872 6235
454 4111
174 2252
350 3697
42 1577
775 4548
713 4752
1484 5476
1595 6012
1155 3618
1661 5599
1936 3256
1110 1770
780 463
3206 1434
2480 5630
4172 3214
4260 2940
4152 1798
6520 2580
8400 3120
1230 412
8545 2584
7550 2112
6059 1470
8704 2039
5552 1280
5521 1250
2753 611
8621 1344
9061 1396
2246 276
9016 1377
3024 190
5964 565
7069 486
39
8915 281
9915 2990
6320 2175
5387 4384
2875 3280
2338 3124
3526 3616
4473 4520
3184 5014
5820 5000
6467 4946
670 5960
2128 8408
3872 5582
1963 8815
7511 5452
8086 5532
4748 8979
8675 5824
9454 5908
9967 8415
9958 9301
276 9905
3610 9443
3920 8390
2910 8434
1745 9465
230 5598
476 2174
667 1278
2845 4595
683 1237
1784 2502
1498 1570
1940 839
7737 2249
5912 1181
8441 327
3220 80
49
4913 288
7648 452
5504 1040
9123 597
6682 1222
9252 696
9860 2928
9975 4648
9821 7950
8905 9141
8010 7230
8168 9415
7115 7666
7248 7380
6776 6228
7116 5898
9820 7360
9098 3076
5184 5940
632 7037
4570 8956
8281 9768
5293 9496
5665 9200
908 8950
4501 9799
2000 9415
1960 9791
838 9531
341 8285
608 6466
123 3488
640 1664
320 2900
1214 4830
4515 5252
1435 3056
1620 1872
2600 3156
1482 1018
5880 3000
2293 1180
1935 1000
4322 1910
1600 688
3502 1032
3854 17
4880 1016
7568 3970
93
8288 191
9970 394
9520 784
8450 2920
9041 2464
9639 1232
9196 4107
9782 4744
9800 5248
9587 4973
9536 4740
7592 3462
9320 5498
8220 6444
7960 4518
7590 3916
8410 7933
7898 6258
5825 1944
5792 1894
8293 8645
6566 5408
8590 9250
9965 7170
9575 8122
9718 9425
9374 9560
8750 9375
6375 9544
8695 9911
6080 9694
8120 9872
7134 9912
5619 9953
7216 7200
5636 7988
6200 7253
5538 7444
5970 6160
6626 4699
3424 8823
5167 9627
3262 9877
3140 8706
2285 8736
228 9516
127 8659
265 6736
532 7996
1439 7158
1664 7394
1291 8178
1162 8325
2355 7280
2504 7692
3872 7346
670 6776
2643 6233
4085 6908
28 3442
1250 3491
3623 5476
1137 4316
3625 6048
4590 6174
3888 4600
629 2944
560 2832
586 205
1576 2962
2200 465
1331 254
2155 310
3228 112
1994 1300
3911 18
6913 4
7875 132
3845 100
1968 2160
4142 664
6994 603
3680 1330
5155 2500
5121 3178
4640 2412
3300 2413
3145 4155
4135 3962
3520 2620
5279 4040
5360 2102
5824 1403
69
1724 101
9531 242
2176 240
3880 552
4466 460
1730 3440
2220 3747
4057 1789
1472 5497
2205 5252
4495 1050
8270 3575
7261 5602
8294 5494
7590 5092
8712 4033
8940 4214
9068 5954
9818 1760
9816 1561
9878 593
9945 5600
6370 7116
5655 8224
7171 7848
8855 7912
7859 9338
9838 7444
8100 9152
9387 8538
7350 9933
7306 9252
8220 8730
6995 9329
4943 7878
4237 8434
7176 9768
3597 9942
1781 9608
6726 6800
4616 3169
5957 4920
4405 2616
4184 5600
5784 7332
3447 7910
1313 9250
2896 7484
2345 7705
4342 1440
2100 6625
1388 6610
2484 6750
2205 7326
2400 7879
1800 7668
1447 8260
2198 6780
640 7618
1373 4258
176 8551
67 4184
1099 2689
2205 1398
140 3692
2975 488
214 1990
627 196
1850 60
31
1383 99
6526 511
6507 4992
4932 3219
5360 4744
7794 6949
8049 1680
8890 2934
9218 2035
9537 164
9586 9039
2400 4200
3550 6044
5896 7946
8373 9683
5026 7505
6200 8516
3396 9838
3185 9248
2722 7380
2092 5677
1450 6656
391 9546
814 1109
1898 968
1288 649
2300 909
4796 4231
3120 1692
4976 1543
4392 480
43
2854 0
7777 168
9267 256
7089 1400
8684 3900
3238 5011
5016 5450
6256 4752
5808 6653
4860 8400
6512 6608
9460 3714
9896 2759
9935 2889
9876 7055
9422 8930
9296 8080
8000 7152
8400 5408
7511 9072
7010 9103
7178 8300
7049 8132
6272 9634
2796 9456
2699 9517
1496 9350
1645 9184
222 7916
3422 9372
3744 8176
2687 7170
3720 2574
3375 2165
2216 4162
72 4749
304 225
624 3192
2330 168
4950 2352
6226 1775
6672 1156
4608 1041
53
8767 247
9608 3725
5533 2812
3856 2210
9668 4922
5920 5990
2816 3574
6690 6768
6702 6296
9037 8680
9505 8033
9700 8300
9696 8782
9422 8905
4822 9526
7558 9807
3101 9734
2867 9682
3420 9439
4090 8960
2335 9700
2010 9630
4 7862
0 952
254 3625
555 3331
661 3584
1640 4440
380 4044
2608 6352
4275 7696
5200 8496
464 5662
896 8385
7904 8642
6399 8342
7425 7762
5299 8516
1852 3200
555 1944
1696 2884
1561 1788
6136 5825
4952 3524
740 1363
856 0
7081 96
5345 941
5217 1898
4656 2298
7976 824
8188 361
9111 8
13
9662 650
9763 7843
4280 8388
5854 8206
2268 8123
5600 9384
1858 8666
3600 3396
4661 2940
296 1669
6056 1612
2532 1273
2043 1068
35
5324 206
8972 385
9652 6099
9775 7388
9495 5968
9328 6576
8545 1758
9140 2130
8406 405
7793 431
4196 2510
6129 4575
7154 5248
9044 7336
5680 6004
9519 7658
5146 6176
8538 8463
5601 9877
4826 9084
2560 9014
6250 8779
46 9043
1795 6968
2949 2349
720 5069
450 6007
51 508
140 502
1138 3501
980 4497
1712 2686
2364 2245
4298 474
1152 8650
65
6100 65
9158 93
9476 460
6965 6322
8401 4452
9864 212
9410 4822
9400 5782
8506 5392
9080 8144
8930 8528
8935 9004
9850 4435
9531 8383
9243 8718
9223 8952
8247 9853
7643 9951
8250 5434
7056 7304
5150 6235
7794 7924
6185 7303
5160 6376
2014 5192
6272 7934
6128 7940
2533 5836
7336 8742
6542 8570
3930 8085
5764 9751
5006 9406
1559 9150
2763 9014
1680 7472
2004 6064
1008 9038
822 9966
538 9755
1120 8423
1008 5905
219 2981
232 1407
994 1840
1416 3325
2134 2710
1097 4006
1720 6410
2877 606
5441 6288
5192 4496
4676 1500
1920 78
4300 672
5344 2672
5751 675
6808 6946
6584 5292
7533 4048
6842 3355
8303 1920
6385 1624
7568 500
4360 400
82
6944 107
9571 1034
9921 1544
8150 1004
9500 2380
6672 1594
4636 1802
8092 2960
3564 1799
6493 1592
3402 1796
2160 1931
6545 6725
3590 2785
5568 5354
6600 6660
5228 3211
4288 2965
5272 2570
7876 3851
6520 3224
6913 3624
7570 7262
7573 6858
8080 5104
8864 4384
7872 7760
9893 3350
9200 7180
9980 5343
9984 6066
9948 6448
9617 8250
9470 8498
9636 9840
9464 9149
8420 9150
9104 7125
8992 5600
8650 6515
7570 8370
7172 5894
6740 5000
6800 5240
7160 8032
2764 2946
3245 3864
8852 9901
2521 8905
2984 9756
1122 9188
2624 9896
119 9289
2000 8984
3000 8582
613 8352
72 7815
872 6720
1910 6648
3216 8684
3082 6586
4224 7477
119 3974
307 2708
5276 8208
3415 7841
5057 8369
6158 9288
6980 9568
3708 5246
5614 7932
1238 1927
3849 5033
4028 4888
7950 9590
1454 1694
4680 1312
1156 1380
5878 288
1000 533
4674 172
5554 140
11
7047 1595
9054 4667
7624 9931
857 9970
76 2601
1412 3068
2960 3400
712 4048
5635 3406
2364 2605
3872 0
77
5082 3
8503 23
3128 480
4772 408
9740 535
9237 586
8328 2341
9874 3087
6772 1695
7490 1288
4084 2054
9556 3587
8798 5197
9200 6559
9624 5717
9984 6854
8372 8236
9972 7194
8564 8580
9520 8104
9472 9003
8112 8932
8111 3696
7874 8906
6532 6741
6424 8985
7805 9314
5977 9277
5792 9264
9685 9992
2070 9831
4224 9408
5743 8217
1789 9823
5973 6363
6472 6085
4073 8332
4420 8734
7240 5312
3285 8540
4180 6870
3433 8368
3969 7941
3898 7913
5628 4891
5574 5746
7760 4873
6312 4740
7400 4330
4830 4052
1959 9414
620 7814
720 7083
2092 7184
4132 3317
4064 4600
4871 2576
302 6713
1701 4552
2299 3991
2924 2581
192 6229
1899 1536
785 4218
200 3544
544 3658
968 3237
1000 2464
47 2973
400 1554
520 1296
2141 1239
5456 1454
3921 752
3721 1040
327 290
463 203
29
2256 68
7873 287
8400 344
9875 633
3672 133
1680 2733
8576 784
1424 3041
5673 5706
7362 5360
7436 1440
9034 3764
9056 2822
9417 5646
8800 7388
7090 7658
4386 8440
5488 9520
9088 8547
7840 9600
7116 9701
1533 9453
801 8824
5554 7935
4020 5240
945 2723
1042 2728
1028 1286
1048 2325
3
9636 1872
7030 8489
3341 2774
87
7462 13
8929 117
5462 841
2900 1490
6406 2190
5103 3488
6010 5061
4445 3424
2956 1620
6744 6625
6844 6734
6217 5780
7308 5674
7608 5981
8106 4208
6355 2785
9888 872
7730 2230
7175 2822
9760 2124
9202 2729
9458 6415
9647 7440
9528 2406
9883 2582
9880 8813
9176 7485
9768 9136
7285 7050
8972 9757
8804 9524
6700 6780
8840 9990
5825 5672
4880 4250
6950 7560
5642 8416
5814 7418
4353 3775
4804 4900
3389 2643
3058 1985
5442 6896
3277 9008
4480 8008
4080 8834
1975 9600
3883 9963
584 9778
2322 7910
4720 7508
5161 6518
4902 6602
3736 5916
4240 4921
438 9468
670 8460
710 8144
900 7901
634 8152
2878 6000
731 7123
61 6412
3268 5927
3400 5920
588 4198
2992 5920
1222 5375
253 3746
1843 4916
83 1269
2411 5259
1725 3385
2387 2659
3390 5008
2560 2716
1910 1930
2260 2128
600 1000
741 31
3960 20
6710 71
1590 294
794 270
2298 1442
6300 310
1839 1738
89
667 20
2942 110
2240 1705
3002 662
6050 1080
6852 32
7603 1051
6975 403
6560 3000
8736 619
7984 375
9160 425
9377 1449
8944 1094
9936 4576
9944 4790
9406 4279
8658 4612
6703 3392
3771 2042
6823 4458
7121 3892
9948 6347
5780 4256
9373 6839
6962 5130
9744 7648
9325 8559
6625 6144
5610 4789
7320 5680
2820 1850
4352 3352
4616 4312
4660 4406
5217 4792
9690 9384
5879 5975
6899 7984
9554 9344
6135 9688
7726 9439
6702 8702
6637 8785
5667 7402
6800 7850
5184 6580
6372 7028
3740 5729
4074 7160
5110 7186
5411 7662
6275 8629
5995 9104
5311 9479
3668 9170
3699 8380
3415 7580
3799 4800
3094 7726
2594 9842
2665 6414
3424 4896
2320 5845
2516 8780
1970 8072
2206 5609
3425 4840
2778 4925
1600 4020
1135 5740
1943 5042
1421 9892
995 7632
17 9625
82 7878
992 5321
273 4580
326 3731
1624 3510
426 2521
48 1297
605 697
945 500
3250 3626
2138 2370
2174 3870
6396 6147
4181 4522
92
6413 20
7977 69
6684 34
8410 215
4185 1610
8868 272
9248 8710
9271 1127
9696 4549
9640 6936
9925 6231
9762 7642
9101 9393
7930 9384
7645 9460
7750 9875
6496 9504
8864 8658
6220 7410
7622 8781
4340 7976
4708 8974
4300 9250
4750 9298
7900 8940
3600 9693
3800 8900
2439 9460
5046 6946
8455 7308
7344 6736
8679 6684
9056 7767
8982 6671
6980 2725
8502 5911
7792 5565
7607 5540
6792 3814
5520 5272
7103 5834
5648 6980
4050 5890
3300 7605
3530 6845
1207 7544
1458 9786
5149 9705
1013 9923
30 6200
494 7900
218 5020
2195 6041
2192 5724
1952 5150
1744 4064
952 3527
63 3639
1082 3281
2328 3801
2267 6056
2632 4721
3784 4268
878 2390
2812 3082
4566 3477
2195 6569
2758 5552
2060 6670
944 7219
2045 6711
3915 5464
4887 5411
5787 2334
3526 2981
3221 2560
3225 2284
5289 2250
7764 1802
1092 2260
225 2439
340 1189
533 794
811 131
5852 32
2400 115
1644 412
3408 1040
7331 340
2850 770
7300 281
5568 144
13
3806 348
9500 2310
5032 2225
3920 997
7454 9789
2362 9889
1405 9662
731 9352
1444 8520
520 8748
3767 7928
240 2120
254 1384
14
1842 126
7408 1024
4576 2836
5242 3057
9416 602
9617 1454
4592 6706
1888 7350
2828 7744
9715 7105
9405 9990
8552 9278
1395 8439
323 2774
42
4945 136
8477 211
6234 1433
6624 404
4097 4400
3460 5440
7235 3361
7156 2152
7700 3116
8460 4820
9590 5583
7591 4417
6448 4095
5646 5686
9216 5720
3994 5734
2924 6416
9244 5943
9023 6907
9654 7548
8680 8555
9313 8762
5853 9405
7654 8754
8040 7760
4828 9328
6848 7588
6330 6436
4695 7941
445 9446
182 4009
992 1098
8 3875
167 1274
348 304
2899 430
1786 1620
1428 897
1120 2113
1880 5513
2469 7163
2220 5365
64
7918 398
9116 1174
8638 1033
6416 1980
8680 2524
6194 2428
5922 4832
7435 6540
7092 5792
9216 2164
9310 5000
9784 5412
9414 6406
9120 3940
7289 8344
7135 8865
5368 3336
5150 6339
5268 3864
5020 3911
4128 6665
6770 9780
6866 9264
7556 9890
8631 5233
8969 8996
9620 8131
8477 9988
5457 9895
5715 9640
6060 9540
1451 9774
3916 8168
2512 8080
2612 7603
6340 1584
1912 8640
1480 8845
2084 8168
2930 6125
1860 8050
225 9396
2336 6734
6990 678
3746 3104
5852 914
5576 1032
3413 3200
3360 2516
3042 2301
2600 5471
3105 2608
3050 4930
2316 6292
1408 7451
2648 4014
614 8800
888 6249
3360 1172
470 3369
128 8860
175 5586
64 3021
717 1604
73
7252 23
7704 30
8843 374
2096 400
9026 560
2344 806
5780 1176
4440 1404
6484 1606
7595 1500
6552 2244
4054 1462
2130 2644
2145 2894
7916 2047
7792 1620
9664 879
9860 2220
9933 5655
7437 6227
9566 4580
5121 5628
5810 4949
7846 2802
6467 4012
6690 2976
4960 5416
3414 5840
6080 5975
6079 6596
9610 5952
8985 7256
9944 8240
6568 6730
8740 8240
9397 8568
9972 9105
8159 9890
5604 8300
5667 7260
5632 7299
4062 6865
5300 9156
5425 7932
5445 9024
6548 9220
5614 9418
4844 9530
4214 9425
2618 3972
1240 895
1941 2655
4034 9530
3716 9296
3614 8800
317 8178
1368 8280
772 2317
1241 7898
499 2132
956 6178
996 8000
417 4129
408 2635
150 4468
306 2800
595 203
1091 2464
971 3156
2365 7320
3120 7536
2104 3740
646 86
3
3430 217
6404 4217
6982 7909
49
9271 105
9812 1106
9045 750
9919 6196
8897 9432
9576 9513
7140 9729
8596 5989
6634 7982
6160 8608
5047 9806
1723 9832
3848 9670
389 9305
1636 8282
3080 7196
2975 8328
3120 7351
8083 6080
4654 6261
9488 3688
8433 3888
7392 3725
123 8172
7886 3328
5376 4700
1020 5520
1905 4695
7352 3062
4361 3424
176 4772
404 3985
3703 2307
3314 2939
2122 3370
5500 3026
4325 1995
9 3725
363 2364
1900 1736
6276 1945
7184 646
3050 1244
527 804
6083 712
6816 568
3519 611
6052 195
6844 140
0
