98
1561 16
9260 469
8426 1970
7135 1885
8196 2380
8486 3890
7916 2282
8577 4373
9076 4608
8962 1828
9570 2740
9140 3674
9248 4236
8880 6787
8404 5340
9070 5168
8284 4277
7076 3824
8704 6904
8812 7650
8770 7940
7457 8650
8679 8627
9071 6111
9230 8433
9550 3983
9662 1816
9768 5848
9768 5876
9471 5440
9294 8858
8975 9628
8973 9605
5998 8112
4282 8239
7048 8990
4600 8554
8381 9847
8157 9868
7472 9750
4700 9040
1444 9711
3125 8532
1216 9623
401 9678
1044 8850
3506 8223
3200 8930
4941 7098
210 8588
974 7650
304 7569
2845 7122
1939 6765
684 7036
3040 6301
1456 6104
2135 5711
3936 6128
4954 6524
5144 7814
8480 7581
5700 7252
7330 7146
8562 7481
4016 6040
5455 5552
5908 6480
6680 5679
7046 4445
6896 4344
2980 4954
4208 5131
0 6038
7960 2904
3301 1768
4704 2360
5867 3444
840 5587
3384 4270
3349 1864
228 5835
332 2212
324 2760
666 3586
1424 3810
362 1576
1317 2934
917 1238
1912 1760
2457 2575
3160 1930
1025 1066
8629 1021
7692 906
8490 590
6272 868
2080 656
83
6875 0
8997 571
6042 1897
3914 624
6720 1030
5900 680
5135 550
3401 583
7434 2920
7929 2268
7367 2363
8832 968
9336 264
5880 5768
7821 3075
9722 3518
9010 3180
9267 402
9960 840
9900 4545
9238 8233
8960 7702
8770 9416
8544 8380
8630 5895
9287 4730
8656 6584
9584 4206
8730 5392
8198 5550
7590 3652
6560 5506
6600 6280
7086 7740
7640 5693
7585 9520
3002 9720
9393 9990
708 9980
300 8020
80 9811
99 4526
804 8276
1006 9245
416 2740
1649 9116
2312 8176
3100 9205
1353 6376
3745 8722
3095 7310
5686 8841
2816 6881
1788 6720
1666 1792
1436 2690
1163 659
2314 1662
1808 1348
2800 2886
2953 5416
6098 8672
4717 6865
4500 5578
4820 6600
6396 7896
5830 6875
2342 1599
6497 7744
7504 9350
6279 5900
6814 7688
1726 453
4205 3753
6150 6662
1980 184
3672 1168
5970 4704
6053 4712
7150 2836
6764 3002
2620 448
3850 280
61
1203 241
7136 372
3524 16
5555 32
9654 172
5839 1174
7661 796
8905 771
5700 1300
6023 2220
7677 1518
7398 1136
9128 808
6816 1949
3328 4880
9570 634
6160 3599
3851 4963
4860 4890
8792 2004
6186 4775
9242 2625
5710 5239
3952 5522
1730 7633
2422 7896
891 8896
5992 6696
6429 6092
4400 7135
8352 3600
8857 3522
9020 3252
9408 6198
9592 2500
9470 8936
8396 8560
7526 6542
8848 6972
7062 5580
6883 7740
5744 7001
5146 8225
5618 8868
2333 8617
2400 8690
4712 9041
9607 9385
5518 9762
568 9928
506 9647
427 6168
1826 6258
4355 1898
45 3466
6310 749
1300 2496
410 1528
605 734
2452 1050
5388 853
41
6443 40
8686 1144
4040 1530
9860 1385
7656 2353
5350 3520
9390 1639
7056 3244
5374 3616
2962 3968
8792 3545
1664 8968
6837 8272
5326 6291
6998 7066
5435 6180
6220 6618
9494 4779
9560 1943
9726 8243
8168 8329
9388 9946
4936 9891
4155 9300
240 9420
245 9184
5872 4860
2165 7688
6284 4030
126 7974
579 724
1340 5541
1776 6352
804 897
2080 5379
1375 1750
1217 687
2760 4322
2456 2280
3710 1275
146 216
58
6855 159
9741 548
8185 2000
8316 984
6942 1969
9222 3506
9787 1260
9876 4823
9411 7458
9060 8714
6400 1740
7333 4800
5768 440
5383 464
3700 1253
3338 1782
5596 2391
8818 8970
8120 8652
9000 9478
8316 9709
7630 7261
5856 5382
5429 5714
5828 8912
7710 7772
7396 9468
7086 9080
7000 8910
5728 9848
2328 8161
1176 8424
1955 6640
3020 4535
4413 7680
3275 7390
5800 9715
5297 5224
5407 2666
4397 2264
3704 3200
477 9015
980 3992
834 1909
42 6471
32 7044
126 1516
84 754
1806 238
950 4640
827 5669
1592 5413
2750 2368
2720 1593
2844 896
2924 2838
3017 741
5850 247
23
6046 1094
7568 2302
4536 3568
3480 785
4250 4492
8058 3360
8436 3374
9474 7201
8041 9994
2757 6496
1488 7825
1761 9397
385 7744
500 8728
213 6652
52 4225
1080 3280
394 3984
4285 6852
982 2208
576 1120
6384 381
5501 1119
60
6187 63
9361 154
9184 3856
9010 940
8738 2652
8656 429
8000 432
7855 3108
7880 3720
8322 2775
8880 4242
5536 5809
7316 3040
3904 8239
7760 6300
4850 7200
7235 5595
9297 7193
7971 9192
9718 9156
7654 9243
6300 8020
6980 9184
4980 8120
7061 9514
4692 8504
6328 9909
504 7688
5700 9800
70 9650
4372 9536
256 9357
332 7068
3138 7379
293 6928
130 4324
280 6617
1770 5112
5448 5850
7516 2640
5054 4258
7620 2335
4940 3536
560 4312
478 4056
379 1846
1448 2564
1720 1092
2176 3848
2665 766
2599 1430
2825 3646
3380 704
2960 340
4422 327
5165 71
4883 2064
7168 2096
6589 280
5832 270
85
8936 121
9281 421
9670 4210
9984 4967
5366 4332
9024 5512
9841 6697
9972 7568
6216 6988
9275 6794
8495 5975
6996 5558
6096 5998
6048 6445
5976 4795
5986 6220
5425 7582
4818 7056
3798 7776
6000 4750
4800 6064
2376 7530
1900 7410
1120 8018
8810 7536
7955 7800
6992 7810
2788 7944
4138 8056
9400 7846
9624 7868
1648 8239
6110 8350
5184 8593
4292 8612
2588 8711
7109 8707
6924 8544
9428 8477
8646 8715
6612 9000
8528 8652
3882 9105
9137 9125
9515 8934
8565 9976
6878 9270
5243 9987
1664 9105
438 8308
5558 4803
1379 6186
1940 7066
0 6816
296 5056
164 5967
3644 3997
7954 4640
6494 4410
9372 1924
7406 3479
5912 3792
5542 3376
420 2793
5062 2875
3584 2965
7541 3136
5860 1595
5922 2162
903 1160
4728 1840
5640 1562
2216 1312
7365 1560
8247 1328
1317 1095
1359 430
2028 808
4354 208
7424 125
6775 160
4352 342
7400 219
5630 1040
8132 757
82
3858 70
8952 129
8276 1244
6608 600
8752 2085
8340 3539
6600 988
7944 4474
7646 4940
7478 5752
8688 3998
8015 5501
8320 6606
9762 2091
9895 2637
8944 6352
9967 6992
9236 8734
1604 7962
7360 8800
903 9014
6140 9620
4920 8978
8238 9458
5800 9397
7512 9773
2930 9997
3001 9777
760 9092
231 9787
240 4568
333 9061
388 7614
2270 7607
4529 8098
320 6965
848 6180
1160 5956
2815 7490
6300 8310
2928 6220
6702 8011
5170 6738
3256 5084
6872 6696
6140 6339
5299 4734
4540 3812
4075 3910
5000 4389
5471 5709
389 4132
160 3761
692 2322
2183 2592
2500 2310
1345 1565
78 2008
1049 1000
1545 1600
2120 1000
3772 1908
4064 2622
6200 5908
3040 528
806 488
3055 252
4220 2472
4281 2536
7820 8046
9110 7556
8200 7899
6208 3650
7978 7968
4160 1796
7332 6866
5520 3018
7220 3428
5820 1740
5671 2018
5134 2663
4219 1033
22
8444 368
9904 794
9536 5760
8874 5798
6196 3525
2671 1386
2865 2296
8312 6618
4247 9030
4520 5210
4220 4751
2287 9800
634 8911
64 8156
433 4406
1004 2009
2306 8336
1347 1590
2950 4708
2127 576
2964 1054
9020 55
83
2584 0
4935 127
9182 90
9496 304
7099 362
5319 360
5888 930
9810 727
9230 1219
9714 2110
3950 1836
1321 1080
1376 1713
1255 2830
3420 1981
6170 2160
8660 2100
4535 3994
8988 2240
9790 3608
6160 4278
4998 3817
4345 4398
3648 4341
3313 2668
3790 5533
3772 5174
9869 3656
4058 5505
7968 4490
6544 5746
8513 6008
8860 5788
8400 4243
8997 4624
9604 5072
9648 5384
9827 9540
8960 7564
9706 9384
9807 9861
9768 9776
8377 9900
6625 7188
6676 7280
7653 9928
6036 6121
5418 7545
4588 8277
4488 7675
5315 6576
4756 7314
4312 5865
2512 5920
3924 5852
2240 3812
1800 5400
1995 5424
3144 7369
3744 6804
1950 9330
7116 9076
4772 9532
1393 9668
1004 9840
2068 8950
1965 8542
2312 7936
1821 8282
1148 6040
737 5147
308 5315
1069 7305
484 9863
88 3157
345 7151
112 3109
314 2048
1930 6200
2540 7075
1420 4784
1403 3225
585 1605
42
7992 365
9652 2429
9781 3792
8388 1862
9764 4705
8753 5972
9307 6210
8633 8701
7772 7985
4933 9992
6900 8029
3840 9425
7184 7778
3087 9751
2170 9577
6294 6189
6856 5800
8433 6824
7769 5399
9200 4210
8674 2650
7670 2468
5854 3556
6822 4784
7152 4691
4392 6544
1225 9884
4960 5160
886 8819
1688 5325
40 9113
568 6048
532 4068
824 7266
1780 3820
1034 959
2786 5060
2740 4640
4736 5260
2910 3380
6099 3155
5222 2450
78
201 37
7998 155
5045 144
7562 654
8514 450
8868 521
9246 1305
8746 1404
4228 342
6710 2849
8450 2472
9518 2570
9712 3775
8390 2692
9904 5456
9932 7234
8264 4898
7148 2815
7826 4540
4212 1108
8554 5723
8776 6080
3016 480
2224 178
6590 4384
6750 4980
5952 3910
6816 6194
8439 6052
5808 8034
6130 8732
7740 8674
8090 7626
8288 8480
7980 8592
7648 8878
5538 9548
4646 9877
6759 6180
6056 4520
4928 6121
5312 4640
4616 7080
4200 8960
3300 7620
3998 4913
3269 7603
2718 3808
3420 4420
4648 3760
2168 1015
2571 2925
3116 9987
2290 7195
2368 7860
1174 8637
1424 9520
1312 9228
1068 8802
2294 5232
328 9810
1639 5610
171 9288
1830 4418
2289 2716
612 7550
966 5780
2048 3259
1760 1650
1348 1933
257 8778
90 5888
290 7880
1044 2720
72 3476
122 2111
360 1920
1489 826
19
9152 51
9472 5148
9640 9026
4998 9017
630 9520
7730 2672
491 8235
1486 6114
1768 5947
2140 6809
6072 2860
2320 5980
652 3152
1475 1680
2328 2664
4188 1585
1804 3864
4402 1620
5176 918
44
292 174
9677 542
9947 961
6288 440
7152 936
8116 3539
3016 4790
3438 6088
4424 7516
6550 4400
8038 3848
9460 1440
9166 4798
9642 9424
9488 8652
8854 4638
9465 9649
6219 6221
6490 9753
3593 9039
5995 7986
1860 7175
2400 7255
1575 5328
774 5180
1949 8416
2835 8232
1849 9875
1350 7750
1105 7539
1430 9941
1000 9408
385 6375
374 2404
2156 3005
508 1752
3125 2640
625 1250
2316 620
1952 926
3706 2445
2603 4555
6288 2397
7136 1440
94
824 30
8080 211
3002 162
3224 872
3095 1250
6296 836
9552 2195
9225 2270
7114 1335
6478 1327
8892 2352
8655 2640
5203 1324
7784 2278
4746 1065
9648 4010
9867 1620
9892 1894
9832 2820
9785 3280
9908 3894
9932 7625
8536 6128
9893 8145
8300 6163
7290 7920
8375 6800
7424 8056
7960 8192
8664 8596
8732 9166
2984 7832
9188 9318
7808 9132
2607 7756
3188 7148
5040 8026
4352 6483
2014 5415
976 7049
1999 6929
2180 6796
1480 7340
3285 9240
8926 9764
3932 8264
5155 8855
4324 9004
2283 7712
9196 9845
8155 9860
6152 9845
877 9500
5619 9761
2203 9267
2526 8500
1532 7570
1946 9358
740 8848
179 8532
189 8131
1200 8360
576 5772
584 6848
344 7632
123 5006
437 1174
465 4660
1082 4368
6422 6344
4586 5028
3678 5208
3966 4450
6636 5208
6512 7104
6930 5344
9834 5872
8740 5024
9230 4434
6165 4324
6400 3086
6337 2872
6640 2228
2576 4450
3505 2875
2222 3815
2300 4532
1416 1200
3168 2563
52 127
4395 3388
5184 3019
3968 2166
4017 2120
52
1307 97
8641 438
8958 1200
5852 3292
7088 4068
4324 3930
4908 5088
3378 5112
3840 4366
2172 3064
2582 3756
3250 5938
5520 5170
3716 6149
7960 3868
9000 4378
1522 8842
8840 5450
8392 7227
8725 8075
9272 3834
9870 2134
9760 5744
9836 5383
9131 9743
9780 2596
8559 8986
6904 9690
6036 9603
7143 9024
4032 9630
8228 8380
4860 8346
1261 9339
1088 8949
4058 7031
784 8516
127 8120
4890 6100
222 6524
197 500
495 2195
580 448
720 798
600 1631
1640 1612
3400 1532
3795 2750
4050 2098
5078 3336
6820 2064
896 0
34
8426 931
8525 949
8006 1146
8910 1142
9966 2386
7853 7291
8496 6925
9390 8364
6480 7692
7367 8338
5298 9294
8545 9258
4628 9582
2038 9470
717 9953
415 6814
200 6899
1132 3168
2140 2175
4129 1921
6032 6340
5316 8380
2907 2720
2535 7462
6077 8790
6370 5620
5800 2230
6875 6794
7020 4568
7456 3012
8783 3122
5114 933
6974 528
8189 856
17
7650 292
9365 1545
7472 1607
9276 9627
8255 7630
8120 5727
3488 9293
5367 6206
2046 9208
4980 6002
375 8153
92 7004
540 2568
3328 6056
955 1679
6125 4300
5700 1252
91
2545 156
9750 256
9111 5481
9915 2179
9900 5434
9910 9014
7120 8236
5006 7644
8289 8810
8690 9460
6480 8616
8444 9472
6372 8798
2368 7237
2567 6748
2984 6399
3520 5812
4025 7413
6625 7925
7508 7092
8010 6490
8044 8475
8984 6972
9200 3767
5460 6372
7960 5680
7120 6679
7350 6312
4664 6984
8500 2840
9296 1548
9568 1340
5890 4016
9095 1840
5260 6013
5058 4965
4885 5088
6788 3678
2840 5740
1396 7404
9434 9903
6150 8930
9520 9986
7475 9784
6780 9158
6583 9675
6920 9885
5016 9252
4342 9890
4139 9829
3280 9999
2774 8670
4290 9553
3580 8456
1912 8724
2448 9507
973 9809
1048 9744
1639 4649
2962 4556
4225 3680
4072 3913
3403 4616
1745 5820
5416 3300
7100 2659
7888 1800
1480 1049
3270 1504
2784 1250
7105 1762
4392 1640
2210 2736
2138 2677
1480 1206
672 6684
1793 3220
428 7722
1310 2234
0 8826
89 5048
830 4240
250 1870
880 2486
982 274
5725 664
4905 919
7544 1747
8750 816
1962 182
9464 601
7
1701 487
6835 5173
5186 337
6768 3430
9610 9846
183 9467
362 3651
86
9662 270
9311 9601
9426 5680
8338 2400
9110 3201
9414 1740
9137 695
8430 1266
7860 352
5008 2376
6893 1136
5111 3529
4420 3666
5952 3475
4311 5984
4600 4908
3160 6436
3528 6874
3784 6606
4808 6718
6540 1950
7888 2458
9304 7538
8932 9400
9186 7887
7895 3100
8300 6430
8850 8148
7296 3363
7215 3396
8400 8460
7432 5302
6404 2780
6416 6475
4893 6680
6000 7365
7256 7520
7236 7355
7980 7328
8032 8160
8075 8746
7180 8175
2545 6955
2601 7952
2986 7800
6000 8400
2875 8260
2341 8236
5600 8580
7800 9108
5146 9868
4970 9194
1051 8986
800 9528
1357 9623
1200 9465
4222 9776
1250 9750
3109 9990
105 9772
3692 5370
3984 4400
3513 5424
4545 2314
6484 1155
4960 1417
3000 372
3012 2400
2496 4575
3584 3612
3973 2480
3092 5044
1150 7156
36 7793
400 6353
19 4258
446 3622
1053 6018
242 1890
788 201
942 950
1290 5630
1365 550
1500 4190
2962 278
7720 11
54
2045 91
7724 466
684 690
1420 2070
4720 2712
2088 2174
5176 1360
7160 698
6918 8816
9363 8434
6956 8318
7838 970
8361 552
7794 4433
8388 3335
7476 6168
7984 4977
9586 3705
9278 3794
9606 3264
9804 1011
9976 2820
9858 6053
8785 6664
9843 8564
9653 8863
7580 9264
8160 9918
4831 7600
6475 9322
5926 9555
4070 7600
6544 5339
6940 4786
6680 4040
2980 7980
3360 7330
5456 2888
4963 3121
1639 9023
905 8890
598 7941
1850 8000
26 4930
70 3575
2004 7940
335 2970
1880 3820
2384 7136
3479 4102
2720 2347
2594 3110
41 2851
320 499
20
3580 1327
8454 1808
7820 2072
1654 8166
8292 2339
9441 3427
7300 5724
5728 6628
9092 4953
7483 6800
9566 8757
7697 8823
9376 9839
7197 8714
5595 7969
1667 9625
588 9142
7078 6875
124 8925
1728 4256
25
3952 17
9919 1340
9238 6528
8100 6868
9905 1404
3100 6710
6866 7264
8456 7563
6202 7216
2072 8250
4788 9175
4751 9008
5472 9874
784 9636
1328 9132
809 8135
965 9360
192 4116
792 5367
1010 6720
1184 5430
2000 1748
2471 7800
3662 3548
2834 393
7
3782 1187
9278 1507
9257 5287
8056 8409
5271 6439
5040 8516
652 2310
37
1382 169
7628 663
8011 1424
8660 6365
7965 1764
7742 5768
9601 7573
9456 7779
5004 4080
8640 8272
6005 6434
9358 8807
4534 9814
1454 9928
6663 9136
4396 8721
7013 9045
5832 7059
2340 8224
3347 9457
2269 9088
549 9306
164 5987
425 6904
2178 8480
1658 4388
1475 3300
1424 5600
510 3756
90 1299
1184 223
1586 2310
1875 5136
3218 5802
3350 7380
5684 1624
6736 1730
57
364 135
8030 194
1200 320
5928 1600
6510 1710
8520 2128
4310 1444
9220 2382
5976 6327
6341 6224
9231 8804
6327 5944
8347 3805
9233 4308
7924 5541
9472 4429
9590 5123
7261 5802
8575 6640
8716 6980
9764 8006
9711 9690
8764 9030
8724 9688
6760 9996
5600 9820
1924 9928
2671 9560
73 9404
216 8981
452 8757
6600 9858
8874 8934
6560 8779
4388 9053
7500 8148
3226 7931
5409 7420
7232 7650
4710 6600
5137 7368
1495 8344
388 6285
1990 6261
1570 6244
7164 3862
2723 5074
2130 4504
298 5871
309 1702
2285 2938
1184 1536
2338 1104
5788 2940
4772 3232
7840 3588
4116 1757
43
8303 54
9477 458
9792 5192
9577 2098
9818 6431
9420 4344
8900 6626
8901 7456
8480 3390
7008 4180
7290 6096
7125 5573
7272 6184
8098 4416
8402 6398
2250 7999
4990 8102
5995 7100
5872 9120
4045 9695
1314 7990
172 7398
1765 8175
8185 2543
6430 3470
4745 4626
4837 2630
7785 1896
4005 2504
2720 2303
1080 6515
1024 3756
520 7464
330 3546
1220 1584
261 1333
2790 64
2030 1590
3193 752
4475 800
3817 533
5614 272
5742 63
77
4201 10
5199 158
8789 1039
6744 175
8070 256
9024 922
8993 1702
7094 756
9500 2325
7468 1856
9460 3004
9775 2908
8950 4580
9695 5960
9997 4910
9984 5997
9474 8488
8760 8395
8954 6836
7352 7808
6890 6766
7280 7620
8504 5996
7680 6409
7575 7000
7000 6364
7830 6329
9040 4180
6368 5956
6285 7877
6120 7493
199 6478
2299 6860
2553 8072
8600 8478
7856 9348
8468 9286
6950 9954
6963 8992
7440 8828
6975 8913
3658 9052
4678 9056
3820 9436
1120 9684
2328 9488
48 9815
1275 8320
86 7975
103 1435
288 3940
1584 670
3300 11
2311 473
3207 236
2361 1354
767 3000
5642 4422
3385 2368
4787 1902
5252 1958
5609 3577
6080 4402
5570 5456
3096 4555
3570 5156
3182 5110
820 5498
1280 6390
2247 6586
4884 6821
9115 4064
7924 4241
5108 1158
2352 2915
3429 128
7968 1662
67
8797 11
9842 745
9730 4802
9331 2025
9690 1078
6272 820
4704 1680
7848 1020
7975 5778
8535 7645
9047 7587
7470 8014
8703 8540
8279 9556
6430 9939
4948 9621
6208 9438
3404 9600
2250 9680
5193 9352
3580 8709
5928 7274
7560 7125
6248 6000
6701 6534
4554 7330
3682 7300
1947 9102
1361 7925
1440 8640
1313 7548
2120 7161
5191 6994
4472 6552
1760 6816
1335 7124
150 8384
124 8200
89 4185
1145 2892
2550 2452
2690 5840
158 7735
2006 6444
4032 5693
4935 4432
2945 2640
7619 2792
4274 2115
6987 2068
7430 2072
139 1988
1406 1000
345 764
48 344
455 250
1579 73
6342 140
2975 200
1808 556
2165 766
2404 1077
4352 1971
2768 856
4546 1200
7286 192
3116 624
9
9183 1698
9649 3693
9850 8254
6980 3107
9148 8497
1515 9874
1634 9037
2543 3756
8545 1709
57
9821 47
9898 9588
8934 7760
7410 8619
4571 7575
5040 7940
6754 8940
5616 9072
3965 8272
803 8112
1898 9997
569 9186
470 7200
888 3452
550 4736
570 2642
564 1459
2521 7584
2216 6331
1845 3633
1562 2804
746 611
1520 790
2640 6456
3395 7332
3988 7804
1508 416
3817 7241
5427 7673
7760 7150
6792 6140
3532 6334
5433 6176
6971 5826
3528 6272
7769 2770
8022 3000
7790 6304
8440 6128
8159 2138
7644 2768
7358 2070
5830 3750
4272 4566
4828 5100
3965 4399
3254 1212
4595 3358
3924 1622
4376 1260
3162 1182
4204 5370
2510 1624
2944 2072
3214 840
3584 19
6391 2588
99
8939 19
9631 1495
9278 1328
9042 475
8103 1220
9582 3245
9256 4910
9026 3366
8360 3990
9526 5658
8706 4776
9760 7476
9745 8167
9508 8214
9072 7591
9302 7624
8512 7425
7568 6579
9835 8620
9736 8900
8808 8830
8020 9834
9444 8960
9874 9230
8860 9320
9719 9625
9352 9886
7441 9939
7500 9160
6055 9232
5781 9826
6200 8678
4800 9810
3536 9805
5030 9106
3516 9236
3100 9383
200 9680
1044 8979
1815 8650
2960 8160
4170 8012
5458 7872
4632 8906
3662 8656
2320 9062
5380 9016
8380 4728
7064 4633
6500 2825
6992 4485
7325 5970
15 8567
1890 7730
6342 6242
6940 4896
5442 6471
4200 6070
1710 7656
2987 6170
5372 5504
3000 3604
3167 4364
2421 6705
2134 6672
2290 3840
1849 6715
780 5601
664 6044
630 4867
560 6046
452 6616
127 6520
270 4959
712 4636
1138 3100
350 3397
208 2872
4080 2700
3464 3870
4144 4192
5724 4416
4684 4196
6284 2447
250 2680
8011 2205
4400 2216
3668 1280
3536 2237
368 858
5109 1296
8000 1487
6944 1410
2856 258
4700 450
5037 196
4759 234
2820 243
8960 8
78
7180 133
9949 942
9120 4023
9622 3498
9387 4483
7666 5470
9302 5200
7762 6340
7533 5888
7472 4082
7573 3816
8067 3344
9320 2720
5401 3500
6227 3895
8250 3185
5280 4725
5260 2017
4396 1889
2366 2304
2600 3150
2536 2640
3216 3375
4693 3412
4467 4660
6848 6080
9683 7477
1799 3710
8780 7550
1776 3831
3850 5528
5895 6232
4520 6813
9497 8302
9504 8122
8805 7333
9820 8374
5563 7827
2276 6132
696 4620
3666 7925
4035 8157
7380 8070
3732 8380
5328 8591
8924 8610
6764 8640
5148 9118
7384 9696
6298 9462
5482 9211
6744 9976
3632 8752
6064 9700
1602 7904
5060 9536
1476 8675
5053 9576
1190 8844
1910 9708
185 8765
48 9984
554 4904
129 6899
540 3542
788 4528
2615 5590
135 2069
586 798
44 30
3792 237
852 1816
3531 642
3452 1780
9575 2192
9732 1064
9352 1184
5564 702
95
267 116
5029 149
5708 116
6189 224
816 464
490 722
8228 253
5456 800
1679 904
2520 887
3224 2582
3125 2465
3340 2898
4448 1128
8207 1392
6848 974
9698 1618
8000 2250
4980 2440
7452 3300
5344 3720
5910 4960
5984 5068
8290 3480
9366 2695
6346 5000
7188 5350
8892 4223
9903 2875
9960 3992
9253 4255
9692 7245
9782 9156
8410 5112
8047 5742
7156 6560
8885 7870
5752 5788
5994 5936
5335 4690
5536 6599
5336 7200
7650 8170
9734 9667
6878 9472
6634 8039
5864 8000
5308 8712
3640 2783
3100 6480
3162 6740
3825 5573
3569 5944
3530 5190
4184 4952
3630 8100
3920 8357
1025 7696
1808 7912
1200 8118
2710 8200
1920 8192
5626 9930
2420 9854
2250 9836
3386 9836
600 9345
3797 9690
930 9296
3706 9234
342 8234
976 7360
1036 7100
3306 7600
1882 4504
2158 4017
1370 4304
1800 5430
1416 6888
710 4342
3102 3228
2083 3488
1115 3870
1530 2484
2714 2769
1964 900
1034 1040
212 7790
82 9016
240 7387
596 1377
320 2308
116 5428
96 5985
15 8677
32
4589 424
9468 607
9508 5252
8914 9802
9175 7025
8222 9657
8122 1054
7941 8354
7300 8840
6012 9760
2380 9954
4614 6432
2462 9698
269 8024
620 7452
3253 8024
1280 7364
4424 5860
5632 5630
4419 4852
3820 5720
1708 7004
18 7425
144 6031
1610 599
1820 5330
7352 3040
6648 2998
6488 3083
3164 3946
3766 1534
1715 320
95
8103 86
9974 3086
9844 5740
8408 5047
7792 4144
7410 2881
7952 940
7905 488
7276 1323
5970 1122
3835 2040
5390 2583
5758 2818
7899 6569
7056 5050
7075 3590
8300 7931
7850 5412
7796 5806
7320 4160
9227 6875
9496 7620
9525 9340
8794 6666
9057 9852
8912 8381
6496 7672
8518 8705
5662 7670
5975 8248
5792 8239
7330 9468
7232 8741
7666 9491
1533 9412
7209 9821
1866 9910
359 9456
2624 9105
2488 9384
4760 7915
2983 8589
1082 9032
440 9183
1611 8720
3354 8150
6086 7530
5196 7600
7679 7379
7580 6970
7720 6820
4844 7640
1460 8500
4920 7440
5450 6936
2938 6718
4509 7214
2288 7624
2845 6928
52 8022
1061 6630
1059 6620
435 6675
364 5924
2894 6440
4705 6800
1881 5989
5806 6490
3018 5268
2349 5616
2320 6027
14 5511
1536 4236
4068 4672
53 1654
1174 120
1622 126
860 880
1185 1295
2962 2880
5213 5280
3064 2888
1049 1036
1920 1101
3073 98
3800 464
3481 947
1713 1387
2745 1453
3545 1668
1860 1591
5248 4224
5873 3622
3530 2390
4633 219
86
7199 11
8468 400
6052 1525
5300 1600
5350 2010
8701 1200
7352 1573
4064 4464
2728 5070
5208 3991
4937 5066
5216 4280
5284 5096
4707 5698
5960 4968
7374 3164
5772 5672
4471 6257
5725 5900
9540 8650
8544 7200
8123 5413
7120 6416
7548 5984
7332 5432
8156 4185
8607 6768
8120 2418
9475 3889
8835 3047
9425 1309
9744 4762
9876 86
9858 4228
9844 2768
9581 8783
6760 8030
3097 6352
2057 5027
966 6848
1648 8475
3053 8841
6376 9177
4356 8562
3546 8158
2236 7625
2322 5826
3952 7228
3076 7680
3315 7632
6920 8226
5168 8548
9085 8984
9249 9269
5242 9990
7325 9260
7375 9088
3149 9472
3707 9694
630 9450
4830 9084
3465 9144
1435 9170
496 6458
5200 560
2800 3275
2920 2050
1026 5488
1920 2564
2360 1664
2180 1536
828 6032
360 5531
1032 5320
1004 5125
1775 2292
1400 1902
1574 2252
238 3740
382 9106
238 5406
160 7800
41 50
6474 1
1078 780
1480 1520
29
8332 671
8696 1422
3708 3544
9758 1942
4868 3880
9202 4920
9904 5283
9888 6960
8265 7988
4120 4204
1567 4813
3472 5590
9878 9408
3376 5582
3939 7357
8200 9699
2073 9882
7230 9350
4798 9260
1099 9438
320 4410
1200 7145
1267 7626
1141 2256
600 1800
3305 2454
7600 857
5496 350
4399 30
87
4361 9
8563 200
8160 752
6563 275
6465 450
7894 1126
4485 610
4952 2490
5980 2400
7690 1582
8908 2117
8896 3410
8808 2642
6790 2487
8229 1830
6136 2686
8624 2849
6280 2869
8816 3850
9470 6728
4459 2537
4808 5680
4139 4458
3914 840
4051 5836
3030 6288
3000 7886
5824 7630
3184 6461
6296 7684
5058 5184
5222 4240
5796 5902
6176 5126
9529 7648
9712 6530
9037 3604
9695 6192
8880 890
9212 1504
9820 4094
9412 3519
9993 6970
9585 8215
3752 9264
9480 8382
8220 9280
5875 9996
1656 9898
6500 7998
5110 8947
5476 8812
7864 7466
2691 8980
7701 7335
3340 8480
2169 8194
2628 6479
3172 5135
1626 8242
2374 6382
3032 4676
3260 3638
2616 5744
2804 3470
2804 3944
3321 1332
796 9381
2100 4659
2125 1830
1821 3094
1074 7940
1684 3464
1330 2040
1200 2124
732 9354
77 8834
143 4976
273 3997
310 5936
344 8079
407 8000
990 3598
532 5157
660 1686
5120 70
1219 596
12
8976 1068
6868 7893
1737 3295
4482 9813
3452 7777
1142 8548
192 2586
1215 1834
1342 3037
4557 3744
2633 1234
3805 1820
40
7788 112
9161 308
7500 1165
7520 2450
7908 992
9230 7120
9910 3894
9263 8958
9201 9868
7082 9640
7256 9456
7953 6596
6201 8343
5850 8444
4528 9195
7010 5996
6000 7014
6424 6244
5776 6924
7516 3890
7046 4536
6078 5694
3420 8456
5595 4796
2300 9882
2270 7539
1362 7820
1567 9742
820 6838
772 8680
381 8937
204 2783
425 3322
2380 5100
3484 7324
2832 1666
3612 96
3006 1966
4643 1620
3556 5040
92
5424 45
7599 517
8590 642
9304 1200
9131 1210
6462 698
4625 380
4016 708
9510 1300
9859 2888
9769 8082
9108 2940
8772 3616
8017 4362
7480 3332
8650 3304
7678 2850
7155 2525
8969 2392
6365 2368
6885 1740
6280 1552
5703 1529
9374 6640
8620 7920
9308 7105
9894 9351
7740 7480
8320 7872
8732 6926
8220 7196
8925 6390
7963 6462
8046 6420
5800 2780
4845 3891
4828 4388
6516 4106
6040 6665
5516 6048
4976 4820
2000 2581
4747 5288
5070 7704
5200 6690
9734 9388
5662 7330
7956 8587
5808 7620
6260 8416
8115 9540
5979 9100
5431 8790
2594 3810
2154 2736
1607 2714
3756 6394
2530 6280
3040 7888
675 1904
1440 5480
1550 6555
1964 7944
1261 4325
949 2956
3704 9725
4060 9600
3820 8072
3342 7596
6302 9853
5368 9977
843 9937
675 7396
850 5090
243 6276
512 7755
132 6765
31 9165
59 2400
544 2908
959 4656
1545 7638
210 87
920 290
3648 2622
2794 2100
2745 3072
4951 3140
4256 3084
5458 2924
1946 55
4412 380
55
3905 12
9479 837
6560 4917
5840 5112
4568 6712
3018 7552
2684 4807
5420 5420
3942 4200
3056 1693
3446 3676
2788 2036
1690 1328
1820 3022
2247 6672
624 6875
4199 8012
5184 9140
7138 5346
5162 9632
8440 5621
8194 5173
6752 6428
8040 3543
9369 1016
8999 4632
9685 5512
9844 5310
9046 7944
9281 6834
9106 7568
8064 9678
2383 9824
4576 9412
925 9945
4600 9045
2960 7744
1348 9514
191 9300
428 6383
576 3251
1660 4406
1747 4712
810 1362
1286 2760
1026 471
2063 200
5265 1480
6520 2616
5728 3020
5648 3217
6273 3096
7064 2235
4099 292
5595 375
57
8817 38
9611 1117
8880 1850
6094 396
6292 730
8828 4400
7650 2693
9940 2130
9250 5704
9850 7047
6688 1600
6088 1440
8410 5351
9996 8302
9795 9794
7011 9504
8000 8986
7461 7010
6402 6743
5886 8000
7110 6961
4795 9980
737 9988
234 9407
533 6000
198 6114
14 4061
180 3046
920 4526
2640 6250
3072 5516
3680 8698
260 3820
1524 7088
3685 9345
4414 8936
5755 7810
5213 6499
2201 4392
176 2262
3840 4250
1138 951
5398 5234
4196 4070
5482 5832
2084 3590
4569 5556
4000 5440
9200 7632
8714 6456
467 342
6560 3648
6475 3313
7520 4400
4443 424
6378 960
5241 113
42
213 781
5491 1139
9845 685
2352 1488
8320 2272
6812 2444
4758 2200
4432 2006
492 1856
2516 2934
8449 2758
2708 3297
8906 4080
7798 3344
8795 3440
9709 6194
8000 4016
7390 5754
9617 6774
6910 7460
7736 8968
4000 7564
6128 5912
4530 6720
2308 8981
8382 9137
6999 9254
9326 9436
7920 9702
1061 9760
581 9468
688 9210
92 3455
851 9348
2100 8142
1080 8784
935 4420
3254 5964
7926 4030
3703 4644
3178 3422
372 4246
3
4049 5681
6963 8067
3366 8722
36
8692 18
9924 1009
9440 6752
8752 8381
6988 8171
7248 3520
7576 1100
6144 2026
5018 8495
3298 8041
4745 4272
5568 3650
5976 1509
5480 912
5715 1717
3322 7895
1132 8812
7453 8774
6405 9099
2968 9789
7687 8912
9960 7840
7260 9773
7346 9880
3321 9968
2100 9825
1012 9573
593 6187
2812 7594
3558 4866
727 2080
1379 286
4166 380
4718 1208
4828 1560
4820 44
35
8744 66
8894 172
9893 926
9714 4190
6503 3785
7604 4959
7292 4924
4946 2400
8312 6396
9404 7205
6860 6964
9022 8979
8974 9952
3575 4359
3250 4012
8000 9928
2340 5370
5994 9908
1074 9482
72 9302
849 8089
839 7500
2217 8425
517 3536
625 3051
1786 2290
6400 1808
8272 1730
8910 2015
8967 2388
8971 2980
9494 1646
1754 1874
4909 381
2800 1401
78
6145 70
9210 84
9636 5108
9520 1031
9764 212
9852 464
9768 5498
9949 1725
9910 5405
9540 6800
9952 6233
9817 8214
8875 8910
9466 5000
9400 3396
6716 554
8335 3250
7829 2634
7802 5968
4910 6040
4936 6160
7494 6448
8310 6978
7712 6623
6280 8144
8130 9076
6880 8000
8959 6940
8195 9806
6593 9949
3750 9311
4736 8948
5709 8412
4580 5398
5992 5250
2492 2970
3157 5364
2783 3900
4430 6116
4432 8798
3795 9291
1392 8549
524 8192
2304 8286
3406 7845
1610 8032
2582 7200
3392 6900
1433 5380
2685 5262
1138 3324
2736 2845
1208 1850
920 1385
1476 6817
24 4160
96 4029
33 1115
104 3000
337 827
2036 336
5030 252
3190 1447
3495 2236
4116 3709
5125 258
5080 1422
4374 3545
4236 3736
5090 4584
7770 5295
4606 3860
4326 3758
5168 1472
5824 3376
7118 2729
5335 330
7088 2285
95
7947 78
9019 269
7940 1408
7366 408
7402 1616
6295 2357
7211 2725
7760 1328
8150 3310
9956 2139
9845 5674
8539 4004
7816 3920
9850 6030
7168 3360
6062 3146
9344 7482
9254 6894
9745 6318
9796 6350
9850 7662
9328 7603
6724 5184
8096 6304
7603 5204
6195 3592
4384 3103
8028 6400
5408 4370
1376 1534
2376 2880
7256 6736
4064 3604
3614 3200
6805 5904
6656 5797
9331 8465
1992 2700
4320 5343
6976 7584
6774 6650
6919 6907
8898 8456
8336 8108
8764 9417
8742 9724
8193 9850
2900 4135
5698 8280
6080 8246
6202 9050
6153 8788
6167 9261
4616 9696
5411 7999
3580 9800
1632 9939
1824 9901
2861 9839
2048 8760
2270 7403
4704 8662
1168 3997
3928 8256
370 2830
1426 9605
523 8160
52 6478
1000 7548
250 5495
72 4064
304 6350
16 3540
0 1987
620 3074
165 2220
1339 3015
4000 6852
2050 3644
1716 3145
200 929
2480 980
7612 3140
2423 1056
3312 2258
8864 3676
1438 310
1620 176
4864 631
5295 1048
7000 821
6080 215
8120 241
5096 142
2974 97
73
2524 2
9140 79
7350 804
7497 1164
5740 944
6360 2024
7600 1904
8939 878
8140 5020
8126 3380
8672 2045
6635 3475
5365 2320
7252 6144
7744 7132
8849 6190
9224 2733
7872 6418
9502 1536
9798 2580
8708 8907
9145 7040
9736 4014
9683 7852
8992 9520
8969 8645
8603 9936
5040 5264
7052 7448
8670 8279
7470 7400
5346 5352
8522 8076
5916 5188
4327 116
4543 3963
4356 496
4700 1500
5156 8985
6130 9701
5642 9484
3342 8905
3665 9991
620 9872
2735 9902
587 9688
3438 8208
4500 6700
1880 7086
400 9607
210 7294
848 6034
806 6474
1250 5952
1514 4956
1392 6875
2603 5810
3316 6052
2190 4170
71 6550
551 2301
911 3436
1060 4548
1092 3374
1510 4172
1501 4199
1832 3446
3776 6410
4255 5760
2530 3426
58 487
1664 2099
350 588
32
2711 876
8317 1353
6080 1248
8600 6130
9503 4702
9583 5453
8695 8201
8078 9040
7155 6830
7630 5316
4850 4180
4666 2270
4325 3211
2301 1615
2967 2497
4150 4639
7428 9196
6210 5430
7810 9571
742 9714
254 7482
5267 7954
3980 7708
2284 6212
2235 4362
2533 5726
3822 7031
4270 5670
5488 7000
1279 2245
2150 846
3660 1120
17
639 814
2788 925
2300 803
7792 1663
6736 6305
7340 6108
9982 5017
9822 9435
7476 9564
3400 1868
2000 2362
1479 9323
348 2754
315 3476
936 7280
292 7948
311 2984
58
2146 344
7463 591
3394 500
8924 2275
3540 3260
4550 4984
5344 3031
6752 3350
8768 3632
6239 5000
4408 7064
4840 8100
7015 5040
8668 4860
9513 3248
8354 440
9680 2860
9750 375
9946 4047
6344 6750
7500 7630
9339 7096
9997 6870
9472 9858
8640 9173
8886 8290
8368 9403
7528 9426
7380 9792
7323 9064
4052 9510
2677 9486
9456 8164
1752 9625
920 9490
7660 8458
698 9156
424 8612
5004 8404
1780 8062
278 7978
63 4389
104 316
186 3600
204 706
383 1762
476 391
1250 3952
1494 3214
1738 2438
443 6680
2064 2105
2110 3912
1815 4702
1200 4980
1020 7216
1471 6400
3528 8218
97
5165 75
8807 170
9042 529
8570 755
8150 646
9525 1436
8260 893
7623 327
8412 1918
7120 1040
1600 350
4906 1176
3700 1268
4718 2020
3835 3840
6660 2651
4096 4051
7760 2600
5613 3842
6384 3476
8820 2825
7624 3442
9720 3275
7746 4662
6993 4753
7618 4190
6120 3850
6235 4824
2359 5086
4032 4955
2887 3498
3340 1264
780 4820
590 6200
2095 5301
8013 4988
8056 4966
9934 3550
9960 8730
9906 8893
9039 7053
8192 8160
5305 8850
7840 8028
4046 8390
8706 7214
8912 6588
3039 8551
4966 8918
6008 9200
7010 9080
7224 8768
9918 9600
8536 9272
9134 9490
9847 9932
8275 9752
3718 9290
4781 9530
6760 9680
5856 9670
4350 9622
8002 9974
276 9731
3964 7844
6814 6875
2975 8156
304 9008
9806 5615
3606 7815
1360 8553
628 8780
5535 6656
1612 8135
1488 8116
6512 6144
9422 4518
8279 4962
3550 5530
3336 7125
2725 7297
57 8789
2140 5880
153 7275
49 2721
1264 1796
828 3576
2568 1370
1541 1519
1645 1063
4 356
2768 930
758 152
6485 695
4712 470
2972 112
5520 16
63
35 562
3758 610
1700 1005
4591 600
980 340
2910 260
4524 582
5666 615
4433 1330
5610 3184
7231 3200
6380 3056
8050 2116
6131 785
8995 650
7946 1710
9650 3150
8911 2948
9264 4902
8692 3390
7556 4185
6565 3532
5486 3680
3458 1898
3548 2333
4896 3610
9852 6589
6346 4777
4320 3712
1424 1188
7306 6636
4426 4358
1995 2320
7544 8204
7993 7496
8525 9943
5736 7952
7167 9549
6708 9652
4840 8046
4375 8176
3798 4576
3880 5492
438 4689
1686 5216
3096 8314
3772 8600
5050 9341
3710 9898
1526 9980
1304 9422
1144 9510
98 9312
1563 9168
1914 9495
2603 9147
2410 6814
54 7965
108 3312
303 3233
88 2654
1040 4580
608 3210
92
9722 192
9778 1413
9510 2455
9108 2423
8735 5182
9756 3505
9092 7280
9616 9085
9587 9576
8208 9948
9095 8696
8495 6504
8118 9912
7668 5465
7302 5920
8022 9711
7318 6528
7246 5901
5600 5427
6560 8157
6792 8760
7095 7700
6819 9346
6444 7874
5600 7340
768 4354
2032 6250
3339 7414
2988 6735
3518 7475
3604 6740
6622 9827
4722 9525
3528 8000
3240 9918
3089 8134
1636 7560
3360 7752
351 6431
2720 9887
500 6684
681 7609
1188 7978
644 6953
2544 9786
1804 8861
1410 8425
979 9957
187 5544
450 9041
392 8580
52 7241
88 2854
582 5200
105 3001
415 6268
284 4600
866 6134
136 1774
1764 4696
1990 5015
370 379
2270 330
9104 280
880 450
2608 597
3391 405
2486 1340
2746 1496
1222 2004
4506 1912
3570 2481
3440 3400
4649 1958
5244 3257
2634 4774
5936 3660
3919 464
5952 2740
6237 3664
3624 5030
3198 5759
3872 5650
8520 4342
4940 5095
8318 4050
5052 4434
7177 3245
8853 3574
9200 794
5900 1778
6560 1359
74
775 478
5421 544
3605 805
4089 1203
3475 2576
7452 188
3776 2624
4060 2624
3750 3250
6123 1627
7417 1216
9995 1044
8044 2498
8114 4905
6942 4045
5425 2724
6996 4169
9033 6100
5280 4832
6527 3900
4410 4092
1386 2854
3580 6397
2325 3400
9498 7174
9060 3936
9894 7500
7142 6100
8976 7999
7689 7233
7040 6987
6160 5776
3684 4570
6661 6720
4310 5976
3356 4812
3588 5254
5536 8586
6813 7294
8440 8360
7213 9271
8250 9833
8208 9854
6453 9640
5385 9990
6356 9529
3124 6194
3916 8856
4334 9848
1731 4640
2325 5872
3500 9416
2396 9872
2141 6976
1505 9961
1425 9966
220 8940
76 8794
379 7392
34 4092
520 5929
584 7420
1120 8312
732 5990
600 3815
2075 7075
1888 6200
960 2320
2058 6712
840 836
279 4576
8 1622
466 750
4433 618
95
903 1
9704 58
7881 2626
8000 416
7980 227
6848 230
5791 1832
5520 1272
4810 2600
5852 4110
6784 566
6064 3437
6428 3072
6440 5643
7207 4919
6810 4892
6720 2280
6926 3308
8000 2662
8640 3239
8938 3305
8805 4019
9000 3768
9800 4584
6432 6168
6903 7312
4762 3273
5269 5816
7252 8244
4995 5689
4630 3584
4820 5400
5092 6508
5050 5778
5237 6910
6424 9496
9980 5819
8936 7430
7768 8464
9840 7776
6815 9699
9095 9261
9886 7796
9696 9460
7780 9648
9436 9475
8604 9368
6863 9864
6025 9956
4553 9888
7038 9500
1222 9608
4012 9212
2796 9072
4572 6630
3126 8420
4308 6556
1301 9575
1500 9313
2750 6783
4430 3549
5290 1250
5260 1114
5148 1208
3353 3856
2728 5088
4376 300
949 9524
3945 196
3472 123
3082 2604
3448 123
1520 1850
3101 1594
2296 3233
2894 2620
1911 4086
2546 3672
1884 6481
836 8244
948 7210
1402 5602
2520 2080
115 8961
0 5700
22 2350
69 3514
425 2540
550 3940
536 3196
703 5131
1187 4410
563 490
1526 2268
1690 2582
47
9359 390
9485 414
9796 4330
9953 6804
9736 6530
9742 7348
7615 9408
8078 8479
7456 5660
6966 9912
6144 9520
6493 6650
4400 6353
4243 5536
7604 4054
7814 6770
9124 6798
9194 5709
8569 5040
9494 4288
6240 3824
7345 1962
5931 3639
4396 4496
3460 4452
2004 1779
1872 1640
5767 9967
904 3092
2188 5642
3498 9730
1209 8860
85 9502
211 5040
259 4114
396 3683
632 6507
796 822
2777 4784
3261 5980
1023 1671
2688 5453
4695 8188
748 712
2566 510
1008 535
3906 356
76
953 191
8525 682
6248 1791
3896 3209
2304 4313
3532 4040
8998 454
7086 1870
7152 1800
1275 5618
2128 5135
8080 1400
3425 4640
8950 1336
6000 3195
4363 4135
9076 1768
9790 1513
5765 3832
4704 4408
4208 4500
785 6421
8608 2760
9702 1568
9874 2020
8666 3050
7248 3664
6050 4970
4196 5736
7503 7374
9625 2480
7656 7720
8728 5351
9100 5088
9801 5827
9584 5922
9596 7905
8636 9880
9364 6624
6518 9141
7160 8636
8277 8117
9004 7904
7120 9400
8974 8124
7667 9305
6930 9465
1114 9525
875 9509
3456 7904
4000 7700
4020 7946
5242 8798
4676 8323
7288 8260
6230 7600
6920 8112
2208 6812
2072 6181
1757 8000
1920 5979
190 9773
728 5378
505 5565
5075 1002
1954 3360
1610 4180
839 5072
103 5448
39 3103
622 2855
2273 2140
2038 1360
2097 858
1476 2320
979 1422
70
4374 57
8122 487
6080 2975
3815 6820
8800 7333
9200 7429
8177 6256
5484 6015
5380 4780
5599 5666
6924 3448
8946 886
8332 3936
8913 3497
9893 1935
9890 3370
9968 5488
7528 5494
9878 7101
7636 5842
9950 7540
8640 9188
8505 9020
6150 8201
9311 9466
5034 8010
7333 7981
7686 8375
9332 7800
5100 7815
7940 7548
4165 6875
2637 9678
3120 9248
5495 8378
8497 9578
2262 9760
7552 9915
3264 9845
587 9773
830 7496
2150 8953
3324 7148
2948 6475
356 7333
4080 5657
2750 5406
1080 5504
4628 5120
4804 5132
3856 4788
3824 4684
2240 4824
1712 5164
2000 3027
4170 2532
6716 1488
740 2625
134 3727
111 278
1349 982
556 128
1085 388
2472 156
3686 772
3520 560
4649 1223
4520 240
3710 428
4414 199
19
5898 447
9468 3586
9548 134
9929 5220
8000 8567
9558 8806
3841 9219
9025 6750
9242 5774
1376 8032
2094 8735
716 8920
1370 6496
675 7275
1807 4420
995 4748
2573 3074
1781 363
6225 4900
53
5599 477
8863 1010
6700 638
8674 14
9548 2816
8000 1596
7084 1027
7287 754
7030 1020
9848 4656
5904 1730
7480 5592
6646 3144
8722 4756
7500 3602
9140 5090
9008 7937
8832 6016
8142 6906
7840 4460
7948 5918
7528 7036
9937 9216
9893 4205
9856 1286
9998 5706
9952 7498
9971 9289
7651 9880
8800 9165
4889 9737
4672 9756
6256 8358
4848 8016
4496 7794
3295 7688
3481 7492
1060 9840
3602 3728
1157 9565
377 4783
78 1199
199 1849
959 1798
2025 476
1037 3310
1485 8396
2895 4310
2451 1131
5682 6237
3818 3093
7600 9324
5434 784
59
4994 183
8327 470
7208 2407
8800 1174
8986 1205
7946 2554
9166 1112
9295 3441
6236 4595
4160 4232
6385 3008
8000 757
6664 2492
5136 2236
4180 3367
4170 3296
3958 2734
6469 1215
1152 1732
2592 2670
1156 5505
3144 4027
1391 5867
1230 6184
2560 5534
8702 4013
7792 5462
3690 5745
5424 5897
4656 5684
9795 5704
6703 7570
2343 6856
8000 8084
8663 6977
9613 9663
8980 9739
8022 9843
6980 9288
7050 8112
6029 9991
1716 9903
3312 9920
2251 9490
931 8804
2672 9491
4590 9904
6272 9214
5313 8600
204 8176
858 4045
556 8021
955 7600
1100 1993
564 2500
50 6831
261 558
2811 0
7000 1150
18
241 779
8580 1292
9259 5476
5572 1976
9230 6875
5485 5993
6369 8545
5794 9850
4798 9360
3073 6734
2998 6760
2028 9570
912 8640
2283 5162
1020 3348
1740 2238
4900 4382
4526 2955
52
6604 35
8357 685
9440 4070
9718 4602
9002 1300
9725 4495
9646 1031
9715 1994
9792 3222
9629 6459
9949 7428
8312 8374
8901 6380
7381 3679
8349 5572
7800 5284
4824 2268
7000 5856
3726 1488
3920 6074
2246 2625
2900 6472
2094 5268
1205 3516
615 3562
1484 5756
700 6848
7725 7470
5355 3696
8675 8966
9640 8038
9773 7702
9730 9123
8781 9202
9915 9400
8599 9609
790 9610
7540 9601
3680 7496
8217 8606
7728 8150
4250 7468
2472 7280
1110 7980
3704 8261
3945 9450
967 8112
1324 9204
923 9241
28 5478
1088 1675
14 406
39
5501 14
7084 219
7098 334
7165 330
7520 754
6294 2250
4800 2594
9045 3265
9578 7240
8875 3439
7909 9544
5734 9736
1480 9325
2012 9100
5520 9628
4200 8950
5064 9216
6888 5728
6297 6093
8494 4604
1659 8875
3360 5734
7849 3408
7687 3230
5038 3400
1736 5311
363 5840
1035 4786
1600 1364
1464 4060
2576 3580
2644 2468
4855 2160
1840 2063
1402 482
431 591
778 40
5382 1056
2128 26
33
8209 81
9454 1097
9650 3506
8671 1600
9604 3458
8080 6388
9434 5752
6956 7481
7174 7820
5064 7000
9555 9500
3504 6560
4880 3108
2356 5808
3625 7837
1676 6884
1289 7408
6885 9896
160 8850
720 3066
43 9987
376 4129
500 2256
2116 4876
5910 2432
8445 3310
7367 1650
4516 2214
4380 1400
6180 260
688 880
3918 311
3676 418
53
6190 28
8807 460
9744 118
9390 831
9460 4288
9511 4890
9420 4565
7821 3440
8500 2800
7945 610
6934 1208
7157 6245
9333 5313
9884 6048
6410 6349
7264 6300
3633 8971
4270 8585
8807 6697
6364 7880
9502 9486
5778 9744
8568 9890
4816 9752
8266 9295
1055 9905
3720 4848
5131 4982
4556 4314
4056 2100
5681 5528
5504 2967
4780 1292
3750 2303
2124 1996
3440 3196
2384 4144
2751 5640
2056 4188
890 2500
2842 6080
1066 6355
251 9013
60 6302
1824 5160
168 4236
159 2650
1360 598
635 82
4544 1200
5375 172
5973 3730
6826 1580
31
3527 28
7572 95
7064 6310
4448 3242
3160 138
6722 8790
7722 8294
7188 5800
8663 2255
8550 6292
8866 7232
7776 7952
9450 7174
8648 3056
9169 2342
9938 2802
9886 4080
9606 9253
3923 9824
5640 8360
4892 6690
2049 8584
4 9600
296 8576
1644 5897
592 5925
2084 4762
3372 5432
4826 5607
899 687
2524 210
75
6898 36
9672 2705
8000 2448
8244 2882
9184 7084
8694 5213
7737 2306
5856 536
7208 3385
4167 124
8250 5046
9222 7416
9868 1394
9802 5134
9611 7889
9550 4985
9336 7909
9367 9608
9009 9592
8781 9544
8492 8830
8400 7408
5376 9839
1621 9799
3944 9711
5710 9272
4880 9306
3633 8992
7022 8043
3912 8914
6608 8816
8762 6666
6192 6322
4428 7988
2967 7780
293 9316
171 9260
672 3470
5065 5863
2032 3982
4265 5350
117 2625
5448 5254
5400 5804
1640 6800
2570 4755
704 6681
1450 6206
760 8072
7171 5988
7795 4668
6970 4328
6910 4575
4214 2060
5300 3348
5502 3595
4355 3192
4200 3614
4987 4186
3208 3218
2028 3216
1781 3254
148 2580
1302 2685
1310 608
478 1403
86 1033
947 305
1365 388
1790 2012
4463 2814
3853 1770
4419 1283
6736 3848
3741 90
59
1817 51
9725 127
9726 1704
8462 1330
8792 1666
9613 4291
9002 4980
9612 8080
8608 5418
8408 2400
5233 1317
5840 1800
7334 4087
7704 4682
6715 4150
7471 4572
1960 7649
4514 8048
5732 5780
9478 8916
8773 8424
7441 8370
6484 8210
6611 8015
6008 8640
5888 6731
3688 9030
8744 8641
9340 9278
5376 9278
9284 9677
122 9910
716 6222
3740 5146
6615 3617
3020 4640
4416 3758
1416 5191
4717 2690
4988 2468
4065 2904
5632 178
4060 2065
3996 1026
5142 242
3540 507
4225 678
3048 1271
4158 2336
3193 2584
356 5771
60 6607
560 2636
1576 1240
250 2000
325 489
2702 1855
766 728
3080 864
61
1030 2
5261 312
5302 2250
7523 5050
8720 2525
6460 1900
7990 1462
8180 1392
8961 1370
8108 658
8937 1048
9911 2099
9950 3792
8570 3440
8328 4234
9824 6685
9392 7439
5775 2992
6118 5012
8150 5928
8926 7094
9479 9260
5464 4280
7002 8625
8405 9729
4722 8955
4748 9804
2431 5749
4369 7892
6312 9146
5708 8479
5405 7780
6032 6868
3865 500
5490 6644
5141 7195
3000 4696
4137 4054
2088 2186
2210 4570
2303 5796
1133 3510
4107 9803
2160 6875
2538 8880
1814 6477
1461 8420
658 6656
1039 8831
812 9456
400 9246
1000 2472
1132 224
920 1500
402 9046
540 4125
79 6637
394 3131
417 4455
405 1450
596 4800
59
7900 8
8015 52
4948 3464
1521 8608
1710 8556
2714 8300
5265 5080
2944 7493
6285 2662
6640 3442
6813 3082
7620 4099
8318 5375
7013 5985
6165 4464
2618 8625
5075 8250
5900 6108
8936 8596
8416 7348
9780 8992
7624 1330
9780 8840
9050 5955
8722 336
9926 1490
8801 944
9552 1324
9951 9775
5954 7752
7689 9288
4580 8500
9274 9825
6636 9136
5264 9280
6719 9638
639 9112
1432 9940
215 9712
5708 1600
316 8739
2805 5136
187 5151
244 3920
2912 3396
1066 4992
6175 1099
7024 370
4308 1400
2988 3128
903 2130
2644 2266
1461 1937
4391 990
6308 620
595 564
3100 178
3186 376
5521 152
9
5289 3067
8534 5590
9652 2592
8973 7462
9320 7806
6308 7310
4355 9692
2325 8111
2252 1312
15
4583 318
8285 3973
7390 2656
6366 528
7552 819
9392 6658
6200 6528
4580 7673
9492 8811
8624 9474
2361 9081
1985 6156
247 8898
363 6634
2150 1221
37
9794 594
9890 5015
9110 5918
8680 7130
8780 8729
9936 6300
9853 9014
8804 8893
6251 9915
7350 7915
7330 8886
8000 4352
8400 3191
5560 8309
5945 9777
2808 7364
2374 8162
700 9880
2 7250
1636 7970
55 6850
3555 6462
75 5484
220 3290
658 1932
1294 2400
3936 6144
318 695
4267 5712
3630 4179
1782 905
7128 4072
3054 1548
3030 1478
3992 180
5810 564
6948 3955
15
7245 2533
9262 3270
9544 2826
8533 8080
8106 5728
2272 7610
9733 9362
4532 9918
8084 9260
4694 9116
2080 7950
2289 6590
986 2589
4339 752
9988 2228
87
5544 54
8751 81
8688 4197
7430 3144
7128 5706
8374 8690
9294 5060
8576 4850
7510 5947
9300 3360
9805 2050
9642 3040
9316 5828
8840 6909
9842 5166
9907 4032
9959 8759
9504 6750
9216 6500
9520 9028
7684 8568
6800 8569
6958 9586
5979 9573
2260 5864
3982 8163
2560 7112
5860 9648
5361 9811
4911 9948
2038 9686
1376 9541
1184 8354
1820 7168
2761 7500
1953 7131
2300 6160
292 9554
160 7937
1662 6340
379 5300
95 3465
1020 3840
511 1605
716 1964
1961 5699
880 848
2272 4018
1320 1704
3999 4284
4168 5750
5696 6260
5050 6780
3880 6231
1512 3414
3860 6925
5800 7879
5947 8400
7685 8400
7062 6860
6450 626
5652 632
5550 2984
5500 3057
5802 2873
5872 1233
6400 2080
6800 5695
6306 3802
6223 3950
6358 5056
6964 6388
4138 545
1560 880
2465 891
3004 2068
3968 1720
4614 3360
4615 3920
5388 5120
5146 3540
6150 4803
5696 5198
6590 7098
890 526
164 600
3734 174
14
4034 40
6395 2410
9328 4450
7986 5517
8687 7875
6627 9562
4621 9360
6180 8704
5825 6335
3359 9752
3447 6064
2501 2469
2557 543
7564 4656
59
9107 196
9440 408
8684 1606
9816 4129
9834 5088
8692 5448
7680 4225
7742 7047
6758 5744
6134 5824
9540 8842
8425 9860
8137 8350
7452 8562
2728 2087
6615 7497
7236 8670
3306 9310
6275 9867
696 9865
2456 9236
3824 9190
5800 6414
2986 6810
3592 7922
184 8245
4924 5781
3517 5256
3138 6660
1888 5518
1016 7600
165 5830
86 2691
2200 3509
2676 5948
3865 4424
1923 3046
3800 3960
1650 1796
544 2866
2201 1176
234 1401
1370 485
6035 2360
5815 2200
4200 1606
3700 1200
4836 1357
8708 33
6400 1427
7888 2785
3460 1798
3256 1848
4838 2998
5878 3336
6903 3252
7228 3212
5088 5133
7266 5000
73
5771 137
9308 625
8050 381
9700 190
9828 260
7314 4445
5360 4299
5029 8116
7604 3991
9616 1422
8372 3135
7680 4560
7885 5428
9214 2968
7596 7350
6580 9772
8140 6760
9620 3976
8424 7634
9830 4691
9920 7959
9166 6535
9550 9936
8292 7408
7849 7384
8590 8875
8122 9895
5990 9888
6650 8116
6734 5712
5114 9993
4755 9449
4412 6241
4580 8080
3280 7848
1307 9810
4400 6576
780 9383
2320 7922
730 9168
403 8866
1015 8632
2196 6894
848 7930
1401 6860
277 8908
26 7980
560 6900
4855 5699
4588 5418
453 5016
1068 3982
762 4649
6372 2914
3116 2320
3506 3440
364 3930
626 3052
2818 2750
2361 1623
932 1180
1010 1143
5341 1864
7324 1242
6010 1450
4960 705
6000 1296
4876 426
636 435
2593 82
3257 93
6598 548
7103 435
93
9644 74
9990 1627
8625 968
9210 2199
9308 2151
9248 3367
9969 6067
8498 1224
8688 2715
9814 7734
9570 8170
8141 9722
6525 9992
8697 8640
9067 8135
8261 8302
5980 9976
8124 6356
8496 4950
9115 5255
7881 2416
7703 3370
7356 5043
8022 885
3674 9348
5475 6352
5928 6140
5104 8376
7698 2826
6196 6278
7145 5369
5359 8061
8347 4296
7235 7020
7230 7038
7400 6714
6798 7900
6548 8114
5047 9789
4005 9772
3343 9648
6694 3360
5712 4214
6332 2400
6760 1984
4844 3169
2357 9893
2416 9370
1662 9394
308 7593
2093 9358
2644 9065
3072 6894
3040 6431
2268 9172
800 5072
41 7600
223 6979
250 5450
200 1150
264 3894
602 4800
283 441
1385 4854
506 403
3563 1518
3154 1498
2168 1140
950 650
1080 2048
830 1848
1440 4440
1736 7489
3732 5210
3824 2662
2440 2040
2334 1780
4440 1847
4452 2080
6740 1714
6280 1400
5930 1336
4383 1274
3944 1368
3631 1327
2028 200
4120 825
6104 242
5000 820
6694 1582
6677 138
7843 876
9308 354
37
9338 46
9890 4586
9240 8548
9374 6035
7501 6704
9138 6923
7623 7928
6347 8806
3079 9929
480 9112
1362 8680
2902 9768
9235 1668
8300 1724
6883 3750
4441 7390
4180 6464
3564 7321
4394 5712
2090 5569
2092 8627
1448 8625
1130 7846
1216 7250
426 6428
624 6250
6260 856
3150 2024
1968 2742
186 6399
367 4002
1713 1606
484 1696
2454 820
2150 448
8763 51
6180 848
25
8655 378
9631 2184
5573 5292
6444 7036
9929 5436
8522 8805
4669 7048
5392 8570
9840 9125
5597 9588
6312 9050
2668 9430
1296 9160
192 7763
318 3683
546 2896
1349 6250
1306 700
1407 2026
2620 7870
2349 4596
2881 419
3792 288
5458 2608
3244 7828
75
7543 9
8855 283
9278 730
9095 3710
8832 288
6940 1630
6331 3553
4850 7437
7216 3200
8875 5050
9645 3180
9124 4720
8790 5268
9480 6064
9990 976
9620 7979
9275 6486
8586 5065
9600 9285
9219 9692
8164 4872
8776 9134
8292 6138
6790 4975
7264 4948
6565 4946
7534 7551
6708 9942
5582 9935
3632 9696
3762 8298
5112 9340
4515 8514
6771 7696
6961 6332
6559 7000
5782 7456
5475 7500
6340 6384
6307 6291
5520 7184
3332 8460
2810 8800
2752 8930
2384 8454
1366 9962
943 9788
2090 8392
3525 6368
2114 4528
620 3484
1509 4885
2420 7125
800 8293
675 3950
660 5375
693 7599
580 2734
4722 7424
1616 1860
3885 4865
3336 3732
2282 687
1019 1324
308 640
1197 642
2960 480
4644 5070
4533 4080
3420 237
5240 6302
4916 2668
5631 3880
4568 1860
5547 1550
83
5470 167
6022 264
6284 1041
8177 1307
8361 664
9546 280
6557 3490
8555 1941
9152 1124
8750 1708
8128 2500
8535 3184
9873 1888
9884 2230
9510 2573
9703 2864
6354 6760
5592 4288
5024 5036
6012 9944
7300 5970
6885 7512
6328 9096
7412 6505
9824 2784
9883 5045
9898 5260
6956 7979
6846 9020
9995 5888
6590 9658
7824 9228
8272 9328
9100 8098
9860 7442
9867 7317
9807 9961
3468 9945
810 9678
522 9407
400 8855
1720 7892
299 7488
3389 7800
2788 6704
2532 6325
2070 7005
464 4924
816 6140
28 8009
131 4050
1657 4245
728 3275
915 2724
1928 4484
2620 4960
1870 4465
970 4794
1774 5600
5804 9368
4905 4865
4910 5250
3956 3962
2595 3796
4080 5660
4400 6528
4940 8252
1385 1913
2460 3505
2519 3080
3894 3766
8045 4400
2841 2130
1086 1051
1302 462
5685 2475
867 237
6183 1848
4550 1169
3570 594
4290 684
6810 1858
5044 288
53
7776 49
9029 1044
9743 3050
7372 235
8620 3994
7680 1121
9024 2208
9439 7250
8396 3410
6744 2288
9418 7536
9152 8003
8652 8663
4352 9560
3920 9680
7501 8542
9165 7358
7111 4692
6234 6950
5370 8163
6736 5400
6415 4400
4995 1715
4856 4679
4988 2760
4796 6966
4682 3528
4448 7540
4706 3042
4412 5804
3382 7663
4132 8520
3440 9339
657 9914
3348 9059
2700 7608
336 9133
2090 7152
2494 4188
3887 5604
4224 4160
4591 2260
888 4527
794 2536
802 7883
198 6508
0 3975
55 3286
1925 110
636 2411
918 2089
3260 3018
5274 361
37
3371 170
7833 1431
9600 1664
6040 1200
8209 2028
3930 1990
9187 2440
3134 3176
4840 3362
9240 3750
9724 2874
9704 7557
9970 8073
8931 9297
9472 4448
6736 4617
3130 4570
1239 4672
3655 8690
5244 8496
5287 6775
5816 5660
7725 6276
5853 9890
1608 9994
1361 8810
1871 9913
2582 9861
1517 7750
1 9563
95 7662
484 2556
1152 2430
1862 2620
728 1354
5248 1480
887 469
7
5904 498
9639 3429
6520 5943
3550 7454
4776 7024
3765 7696
1253 8436
59
5405 269
7087 271
8789 86
9026 828
9999 789
9928 8730
8592 8376
9087 4955
9250 3245
8840 6305
8628 4116
9456 2516
9535 1064
8535 3363
6600 7480
8056 3312
6356 5431
5760 7722
6141 9281
9713 9196
8109 9734
7130 9800
5264 9848
4212 7712
5266 3422
4192 4632
2760 2716
4546 5406
4239 6414
3060 6801
3444 8104
2741 9368
3424 9208
2466 9508
2432 9450
762 7550
380 9047
26 8412
329 8720
536 7080
320 3212
1830 8528
2810 8220
1715 5536
2536 3396
2778 2802
1504 2216
924 1992
1003 2360
537 1870
6624 3104
4830 2575
8638 1610
4575 2600
3424 1884
2990 1438
3200 267
3511 402
5852 328
80
4380 219
8014 312
8896 750
8572 464
9401 560
3424 6336
1184 7415
2975 8709
3662 6668
4120 5788
8132 2003
9540 654
4902 5336
6309 5327
5500 6152
5804 7378
6295 8777
4026 7067
3482 8860
5988 8936
5848 8511
6380 9221
8375 8120
6224 8002
8050 8093
7040 6868
6724 4162
9428 879
9385 1225
8874 2416
8840 6280
8832 7376
8914 6121
9514 4573
9710 3148
9691 2057
9960 290
9720 3094
9995 7627
9546 9492
8531 9632
6497 9518
1544 8481
820 8675
1670 8700
1457 9146
6934 9936
5140 9950
5624 9856
4772 9999
1490 9998
536 9515
765 7454
225 8623
527 7877
262 8199
300 8070
279 6754
5750 1765
5196 2348
3170 4952
6966 1738
6358 978
5316 1040
4832 1976
3922 3181
4686 1256
1740 2716
2608 3760
962 2691
10 5136
864 2124
2000 1265
1819 1120
8250 584
4666 840
1384 500
640 296
2762 243
3775 32
5
9809 937
8179 3181
8606 9600
1076 8209
334 2644
70
4429 288
9612 408
9776 1688
9928 4694
9922 8096
9652 3430
9620 1518
8516 2166
9420 3540
9112 9128
9609 4317
9453 8421
9391 9398
8620 9865
8960 9280
7702 6727
8346 9992
7016 9976
7544 8523
5957 9915
3025 8408
1950 9288
1088 7061
862 8003
1176 7807
1804 9907
777 9722
398 4075
224 8300
180 5307
480 2980
610 3563
580 3940
708 7568
2194 2300
1844 7420
2728 3525
2986 3808
1896 7912
5209 8999
8798 5456
5711 4884
4148 4248
3944 5106
6194 6396
2922 4840
3935 3540
9320 4980
9184 3515
8541 2496
6808 3355
5977 3306
8440 1933
5952 2821
5970 3650
4610 2463
4794 3560
599 1527
633 1344
3303 1677
4924 2074
3316 1616
662 910
2846 420
1207 923
1977 930
3952 1309
4896 1414
3844 1442
6308 2578
59
6506 28
9871 1392
9197 2851
5726 1384
6364 2244
6400 4396
7194 2580
7085 3474
9648 5098
7360 5274
8624 4494
8084 4712
6980 5509
5640 4512
6080 3156
6296 3018
4248 550
4296 766
2772 1156
3830 1408
6235 3050
5629 3316
1840 1240
4897 4199
8235 7723
6004 7057
6138 7271
9861 8144
8811 8894
2460 8314
5154 7424
5245 6845
3558 7264
3267 7080
1855 8430
4160 8832
4300 9370
8487 9050
7357 9962
6887 9748
1520 9692
485 9458
4432 5900
4212 5084
4364 4328
3072 6912
3493 4322
2683 4772
2752 5218
2109 4054
1297 3695
450 3317
431 3750
2281 5076
109 5494
320 3356
79 2471
1552 3504
209 1114
91
8835 190
9564 905
5992 1467
4078 3458
4423 3224
3401 4640
5520 3014
6480 1464
7145 2682
4498 4164
6685 3065
7960 2224
7252 1482
8345 1460
9586 965
9237 4239
8897 4722
7346 5164
8850 4128
7592 4192
6507 5128
5195 4480
6940 3820
5245 4339
5990 3904
8908 1794
4268 4702
4416 5382
7024 6052
9872 5900
9059 5439
9699 1525
9792 1945
9985 8674
8448 6060
8160 6501
7657 7004
5712 5978
9787 8637
5840 6200
4012 5372
7104 7300
7200 7478
9695 9465
6392 7136
7486 8925
8132 8752
8047 9720
6436 9857
6022 8816
7025 8708
4209 5866
6480 7617
2800 4725
3672 5867
2912 7200
3936 7536
5804 8337
3701 8550
3952 9600
5780 9375
4965 9906
1281 9012
3776 7810
2254 8537
1436 8548
1790 6273
768 8262
512 8088
1672 4456
1340 3266
1 7140
119 247
5838 74
6116 35
8124 190
2502 222
462 2508
446 2840
254 3160
1720 1904
2240 3571
2756 928
3616 492
1776 5324
5609 304
5684 1125
5264 1556
8772 890
7412 290
6506 250
89
4711 154
7777 728
7632 2268
7957 3342
9446 8300
9085 6137
8528 5040
8815 1556
7899 110
9632 904
9902 1456
9928 3930
9847 1518
9496 2429
9883 5857
8935 1480
9248 3188
9552 4432
9266 3766
9906 8953
9488 9695
7657 9570
9194 9080
7760 4436
7728 3650
7562 1448
6988 690
8330 8256
7440 6410
7326 2650
6832 3600
7768 8889
6240 7629
7130 9224
6427 9917
5840 7727
6749 5870
5635 3952
5510 3880
4503 1784
5088 4360
5742 4368
5140 4835
4815 5969
4776 8558
5374 7654
5500 9416
5768 9659
2066 7138
1755 7284
4420 9604
3756 9215
3383 9248
2407 9894
853 9653
2232 5964
2010 6096
222 9347
1940 5802
985 6480
477 8655
366 8556
15 5524
880 5646
1156 6164
70 1672
1442 5026
153 1409
800 288
2399 3924
1034 992
559 1142
3362 7362
2340 7060
2688 7170
4069 7615
992 656
4624 8806
4414 7157
3888 2592
3240 2979
4986 1250
2448 1302
5145 700
1443 609
2469 40
2864 385
3632 278
1593 585
0
