6
4703 4065
8107 6640
1011 3706
7738 454
5908 4380
2888 3228
7
662 6693
7412 2154
6987 7303
7057 3420
2615 6005
6671 6886
2643 9887
14
513 28
3302 3317
2654 6369
4072 4012
2588 1101
5992 3905
1966 7677
3580 6869
6524 9912
7635 4582
6812 3685
7764 1348
1944 590
3051 1186
15
910 1429
7731 1457
7313 5485
9748 7080
8234 418
8521 2355
8687 6238
8996 4922
8991 6534
7806 5392
8380 3690
8530 3646
7834 1589
7866 1549
8333 1168
15
705 5301
4073 1236
7214 4579
1643 6038
5104 5549
3150 6400
8622 4800
8172 3490
8887 1750
6098 951
7259 1998
6000 2103
5141 172
251 3573
648 5444
13
1875 5045
6788 3611
5427 5011
3234 7459
147 5283
288 6814
1129 6438
1042 7579
9747 9563
8119 8706
4919 7056
9923 7891
7460 641
11
5093 8360
7261 6395
7585 4735
8170 188
9873 5343
5872 8550
2438 9010
5813 4886
900 1984
4189 58
7666 2545
5
3636 3176
9727 3281
8215 6021
6037 9427
7047 4653
7
8955 4818
9068 7354
5748 9184
246 2932
4211 2318
7478 2367
3429 5792
3
9820 3423
1442 9597
1366 1232
3
561 4891
7027 5071
7296 2341
12
8925 3841
7911 7316
6132 6334
7585 9625
42 3846
5795 4784
192 1566
5086 984
5649 2606
7265 1716
7872 3764
7526 2034
11
6025 844
2564 3064
6568 5982
9407 8708
7614 3846
9934 4315
9727 3823
9486 587
8004 634
9002 3533
4951 3442
8
1105 7571
3912 1831
8306 9859
4579 8993
390 8084
399 3126
988 6008
2667 320
9
3446 558
9389 8039
1356 8607
404 6327
1425 8154
4185 4494
548 5886
1150 2938
1134 2775
4
1001 1978
4301 9078
3947 8891
2264 9786
8
6272 4277
942 5597
681 7678
665 6899
1678 63
6641 2527
3660 81
8929 1531
12
4980 2247
7300 8052
5764 5713
3707 2247
3658 7409
2120 2114
1867 9091
9835 7923
9336 6755
5130 2321
5035 578
1335 2044
7
2154 8441
7709 2504
5110 6670
6681 6366
9997 2026
2234 3241
924 6798
13
7093 4839
9863 4202
8062 9921
7953 6644
980 7435
8651 2993
4924 5872
8639 5135
8758 5929
9312 4801
6704 5470
7608 3869
9382 3872
5
896 512
2685 1410
843 5173
7752 9091
9695 4397
4
3564 1035
242 522
1503 3004
9185 4119
8
172 8098
2333 8187
797 8169
2409 9571
8801 4136
3977 5873
151 5818
770 7899
12
2890 7724
1983 5876
8495 8494
6038 6281
4350 219
1889 5382
3593 315
1823 4407
1885 6822
1670 5741
10 8764
1881 6844
6
3546 7687
373 8466
1329 8772
3315 9261
5215 9133
4103 119
3
1104 4066
3418 2841
2529 9460
8
2344 3707
6134 6952
3662 5990
711 1494
436 5149
9726 9494
9930 4421
6630 1730
11
7273 8336
2133 5171
968 1405
958 4158
5227 9447
3958 7465
6060 9258
9951 9641
9004 4020
5907 7002
6477 6652
3
7725 1676
6798 9768
4519 6643
9
8241 5835
2016 116
6677 5147
2311 8266
1403 5539
230 9372
596 9586
6093 8160
5693 8217
14
5613 1460
1504 8818
1619 7691
3565 3505
2044 1796
727 1837
1502 9186
7355 678
7739 8478
5480 5614
3962 6459
7807 9106
7580 402
745 1348
11
9128 1241
8388 9015
7732 2287
3684 4473
4840 7864
7446 3560
4360 8663
5108 8827
3982 9537
4380 9465
8955 9836
9
1387 3097
5390 6520
6454 4868
7496 1145
4205 1744
661 1214
1172 5067
1027 6758
1879 6823
15
3421 3626
4221 8173
7670 6253
6127 2653
9103 3537
9372 7004
7719 3547
7275 3877
8445 5387
7227 6786
8477 8239
7972 9655
7727 9391
6585 8103
687 9253
10
1838 2081
821 3630
972 7964
3104 7633
7292 5900
6948 4930
7917 3550
1735 6448
1667 2603
3549 3399
14
4925 9427
878 9691
5024 4165
1024 4609
169 1985
622 2183
3417 3860
1438 2030
153 608
7893 2718
6430 4072
9024 2203
7981 7377
8571 2993
5
958 6743
2697 6430
4550 6266
5655 174
1344 5393
15
7301 1740
1825 2104
4420 8416
8492 8120
8307 8147
245 9163
2615 6341
1488 726
1744 865
5259 814
1859 523
2079 186
9081 1151
9835 2101
7419 3383
4
541 5586
9337 2433
1992 7230
5949 3728
12
1619 7552
9519 4431
8746 4851
8786 5544
9527 8604
8663 7252
3408 9225
2547 7821
2556 9492
5063 9282
2040 9640
2401 7870
13
1701 4915
7793 3995
9683 916
9707 8346
8014 9745
8091 8741
3686 8176
5688 6703
1045 6120
486 6779
1042 5043
471 3466
5984 2234
15
5469 1166
6240 2654
9444 3442
9990 8657
1701 8922
9350 5785
5305 3040
2977 7705
3148 5597
598 8568
3371 2280
1593 6800
5716 1857
666 2238
3675 724
5
9074 151
3818 8361
9621 8354
9679 3809
9027 1857
9
6320 4574
8690 5951
2660 7362
2192 7266
3916 8044
5137 9987
3922 9096
1020 9474
3486 2337
3
9610 837
4648 5077
7201 6974
3
1393 8356
7556 4148
5595 3563
3
1328 4319
7705 9418
9051 195
3
5294 6634
5922 3423
1870 1228
11
9805 883
2823 4465
8771 6493
8235 6824
4813 5221
2594 9661
1426 2211
484 1141
4499 550
7531 1275
8508 724
5
2159 2215
7865 6357
3120 8245
2264 2667
799 3184
7
17 9966
2898 262
1336 4245
290 246
418 4427
16 8599
658 3249
14
4870 9389
1436 6070
3732 3184
3431 4423
5255 3991
2099 1630
8262 2991
8654 9183
5077 3355
7222 8977
5682 5104
3423 7010
3003 4443
2454 7041
12
3134 7522
2240 6502
2490 2768
376 203
7295 1031
9128 9662
5326 3013
6424 1544
5857 2111
2591 3537
8548 9703
1340 7265
15
8883 9912
7718 8294
3536 3887
4828 3759
1350 1069
5068 1815
3790 1479
7609 511
9499 6117
5965 3112
6545 6671
7025 5039
7867 5089
7892 6120
7172 5288
5
4034 1095
8338 5853
3857 423
1110 2642
6979 7205
8
2618 2924
9072 8729
9405 6743
6165 232
7964 79
8103 1957
9521 2376
9606 9859
7
6573 2241
7502 2858
9336 525
8976 2336
6716 3716
2943 2327
9559 348
5
3689 2206
144 5795
9681 1154
7418 765
2126 2041
13
3372 3803
4688 1520
1441 623
3239 1033
2077 88
1607 249
125 129
5846 8983
1314 6681
349 8495
1705 8060
6015 9403
9917 1927
3
1278 6887
3535 1381
7446 8079
12
8465 7912
4423 5185
2216 8523
265 7418
2629 221
7406 5896
4281 1700
8989 3489
4732 2135
9273 5271
5480 3238
9279 8287
7
6147 1223
5894 1937
1701 2487
4543 6344
1891 3715
5284 7172
5178 8659
8
4479 8976
9929 6805
8295 9733
6386 9334
6520 8261
6325 8676
4085 9960
4645 1630
15
1888 4332
6445 8207
2386 6991
548 9783
5782 9090
7302 8739
8877 2385
8446 5180
9314 5756
9784 3015
9568 3092
8462 274
5373 390
2316 3830
3065 3719
5
3300 6422
3089 2901
9667 6578
4734 2486
1766 3162
6
6574 7377
7851 1427
1092 4718
5862 3817
374 8570
5719 7922
11
6032 2542
1382 5922
3200 9652
8889 5426
9749 4741
5085 7622
8817 5424
5460 7754
7622 6170
3487 9016
3254 4927
7
3515 8677
8181 4097
1340 7025
8492 3730
9562 7258
4551 8611
7108 7833
3
4885 9934
7916 7061
7082 1126
10
982 964
9543 8176
8199 8083
2187 3494
9238 8982
2222 5970
960 3060
1072 9037
778 6572
512 3423
13
6795 2693
6712 8063
5767 3211
2472 4245
4949 5257
332 4065
5752 2470
6202 2862
6187 1119
9456 6478
8013 6462
7860 4271
7426 3491
12
2045 1605
3779 5835
1474 8151
4935 9634
7672 241
6750 1452
4453 7227
4405 6694
3937 7608
4299 1500
4945 5387
4617 310
6
8478 5523
5084 3538
6890 4227
2587 731
3833 750
9963 571
4
6405 394
2117 738
4213 4653
7561 2394
6
3788 7064
6897 5733
5288 6616
7778 8133
8438 9727
6022 1481
5
2877 1196
4566 8589
8276 7515
7714 447
6881 5078
14
7407 3019
1884 6650
8768 8338
2620 8786
8671 9684
9255 8342
2524 6546
9613 6716
9838 6181
3479 5691
6121 4864
9362 5113
9760 5871
7000 79
15
3103 6884
6494 2358
3823 6145
5767 4440
9471 7923
5355 104
1193 8775
1276 9761
8524 7617
9076 7721
7732 6946
7094 6310
4504 7789
5328 5056
2965 8299
13
3850 9692
4352 4071
4454 9083
5527 7445
7559 5587
8312 4502
4970 4088
7008 2157
5188 2610
1923 7576
3407 8207
3281 7775
3526 6605
3
1374 267
1770 3360
7442 1370
14
7860 7142
241 2450
4975 2741
7442 668
8349 7301
7989 1263
9853 2900
9235 3833
9587 5554
8085 2540
9654 7046
8836 7176
8331 8240
690 2827
3
7179 9500
6647 1258
2953 8754
9
2474 7161
8365 2350
4581 7997
4536 8713
9077 9501
1351 8946
22 7626
1985 3938
5895 1436
4
5834 5819
548 5326
5018 963
5533 1756
6
3877 2306
3058 749
3815 6928
4816 5333
3580 2865
8350 2766
9
8252 8104
9867 3804
9892 3289
3698 3664
5221 3356
106 2627
2132 3880
3291 4678
7819 3817
8
175 8708
1898 5244
8517 6604
4834 882
6528 6005
6219 5969
4954 4227
114 4737
15
7215 8387
3422 115
9076 1203
8682 166
9782 704
8584 5138
9020 3489
6775 3169
9133 1609
7274 880
7466 2406
5941 3323
7113 1312
4932 1019
6129 5444
13
9543 2767
2386 2228
4396 3836
5610 7152
6817 2943
7890 8396
9217 4400
8919 3889
9219 4138
9866 4965
9228 2852
9764 3962
9891 746
4
3658 6716
1868 9877
409 9700
8360 1978
6
7556 658
6305 731
915 9735
5093 4876
7226 9254
9499 3772
3
4424 1803
7998 2737
7720 5637
3
8404 6548
3164 2464
9993 1327
3
6651 5158
3782 8196
842 69
3
6235 591
9533 367
8136 9581
12
3663 6513
4106 7538
9404 857
7053 391
4758 6115
4864 5383
6236 1933
3913 6607
4672 5912
3870 6858
2198 2004
1260 9295
5
1491 5731
5399 3396
618 4686
13 4065
1861 8724
10
7010 7581
5345 1702
8588 8055
8705 824
9874 7809
7106 9352
1756 4165
4703 1138
5804 5309
6124 7566
12
3895 3778
3249 1179
2200 1971
4049 4582
8433 7474
908 5343
7875 7917
9589 8568
7475 4012
8544 4091
9838 8608
9090 3359
10
694 3209
898 880
2116 4399
1032 950
7375 5254
7507 9126
3610 6976
2567 3973
1072 6737
28 5259
12
9424 5603
3939 4385
3170 2285
1078 3008
5604 5494
5490 5932
4307 9425
6169 5594
4234 4507
8244 5506
6719 9017
6972 9590
4
7527 5217
3366 6772
5502 4810
9689 4302
11
1432 4871
9788 5954
7265 8751
14 7223
1102 3229
1742 1387
6309 685
5120 3411
2901 3589
5614 1543
1531 4272
12
3077 4399
6320 214
9695 3641
2982 9863
6674 6254
1803 9682
7567 4198
6296 5191
7027 2841
5025 2464
5605 2561
5572 1223
7
4 3212
4530 3584
4552 1526
3411 2840
2433 3209
2073 2777
2283 2313
10
1001 6446
4326 6148
723 5778
4850 2329
917 527
9921 749
9647 7221
4939 2308
8936 9333
7540 7402
14
4457 9405
9758 5530
8601 9424
9788 8951
9344 7876
8689 9335
9785 5446
1309 2856
9627 4564
3946 837
4402 1391
840 2777
6299 6174
3258 8129
3
1237 8041
7203 8976
1639 2700
12
9288 3900
7500 8733
8337 9856
1079 584
548 2624
811 482
6707 305
7070 3299
5530 640
2484 1792
7246 3432
5111 4004
5
446 7587
9882 241
7682 5684
8672 3717
8869 6168
6
7101 5708
9808 4762
3089 414
4474 6400
8569 9889
8657 7272
9
2335 8843
6344 3231
3758 3838
2055 1467
4967 1958
5558 1118
8969 7334
4519 7185
8090 9663
8
5915 3337
5961 3784
3224 9677
1948 3721
2517 2875
4921 523
4058 5648
5925 2762
3
683 4193
257 6614
3614 460
7
1856 3422
8333 6106
9117 8423
6241 7780
5724 8194
4968 7741
2196 6378
11
1096 4823
7081 4534
7768 995
5406 1791
2045 1627
4002 3580
422 168
344 1877
3954 3645
7446 1262
6027 3850
12
6069 8280
6242 3744
5348 1395
1339 4436
4308 4159
1670 6933
3796 8109
4140 7976
6993 8851
9169 5331
9466 2107
6279 7992
7
9030 9444
2682 2119
4879 2230
3903 3151
7908 7467
4481 2789
9549 4788
11
3232 6286
6068 1557
2929 4709
1096 5605
137 4610
89 3641
1987 1972
1507 5343
2422 1900
8928 868
3880 8538
7
4128 3607
3144 8266
7197 4718
7455 518
741 2760
3374 1912
1357 4952
8
380 5589
3678 7656
3357 5240
9449 7517
6577 7503
5013 7148
5724 8330
3055 7493
3
9523 1244
8761 4243
6703 5686
15
5479 575
5720 1653
5445 706
3523 9605
5290 5591
8733 8921
6575 8901
3802 9740
6288 9382
5215 9871
1904 9598
2346 5951
2025 4543
2208 5553
806 948
13
3189 2904
5900 2013
3130 1429
2640 7213
5174 4160
4337 5751
4526 6897
1862 7581
2568 7346
959 2865
1485 9029
6267 9811
7260 5013
10
5859 5057
7997 6611
4617 212
525 8318
6306 8078
3234 3152
5070 2553
7252 5315
6218 4403
4220 4694
4
2141 3845
9602 8289
1994 2043
690 6893
7
1410 608
7992 6850
7741 101
7502 6281
5492 291
7327 5603
6225 226
13
4601 3294
8652 2180
8276 3826
1855 5523
8538 8540
7966 5278
8303 3947
9896 5300
9434 8199
4986 9980
66 9948
1824 4310
2657 1685
11
9247 6128
2508 1479
2175 5248
5163 5710
2731 3962
5276 5463
5437 6887
1029 6699
1823 7307
196 6313
1414 428
13
9218 8450
3264 6566
6833 5369
1476 6444
2547 6275
4858 7607
4072 9783
5264 7320
4759 9046
7016 9508
9106 9212
9808 8275
9257 1477
15
2379 4946
6712 1738
9568 5237
6763 2702
5243 3308
1539 7036
1398 5731
2154 3548
2042 5652
4287 410
1641 1001
507 1374
1751 452
5723 321
4050 1746
11
3659 1416
9222 5885
8251 7922
2731 9416
5580 8472
188 6836
175 3410
943 6318
2094 315
6165 7684
6985 7422
15
4633 9380
6141 7484
3716 1574
9139 9160
4116 1675
5194 803
8776 6768
8748 6178
9978 3692
8742 7005
8991 6822
9578 5870
9823 5153
9418 9895
6263 9487
4
7065 2104
4254 3880
5489 4153
7832 2769
12
1258 2338
741 2898
5674 2968
2879 7659
7282 3752
7151 5096
3372 9191
7719 9607
6518 7749
9101 7896
9892 571
8166 639
5
2628 1604
1957 5141
5815 4958
8993 510
3129 2582
15
5086 7102
6677 5978
8986 4480
5708 4024
266 3814
2907 7008
1302 9606
2938 7257
9453 8760
8237 6786
6387 7989
2739 6371
2463 5969
1218 4537
2842 5476
15
9268 7856
4019 4932
686 2186
9125 6577
5715 4752
4971 4223
3370 584
9393 3422
4701 1431
5496 2824
4639 2206
5226 3539
8979 4744
8300 5745
9361 6393
9
8584 5146
4672 3411
891 1165
7278 2437
7887 551
9239 2538
9434 3510
9824 7363
4088 6597
14
3764 4658
7768 9407
3897 9847
4344 6544
1004 3351
5615 86
3589 2810
5718 5713
1905 3034
6127 8552
5481 7521
5323 6576
3333 4341
8244 7574
10
2084 4504
6594 4279
9824 3067
548 2920
4722 3165
7709 3238
7077 3429
2463 3852
66 7931
9148 5149
11
1874 5150
5515 3375
9144 5086
3699 2412
325 5915
51 7639
1467 7804
3918 9138
9878 9381
6404 5090
4215 4641
4
4009 8861
3885 7541
3567 1564
2749 5669
14
9415 1065
3824 2253
8147 8364
4209 5378
5522 7253
5274 6638
6664 9239
3397 5898
4165 4006
685 1401
2351 1577
4459 975
8882 476
7888 979
9
1834 3852
7665 2171
6888 5508
7893 5519
8027 7614
8560 3770
9808 994
6503 197
3468 315
14
465 9561
1602 2695
1650 53
9188 2981
2735 5210
2660 4116
4712 2039
3315 944
2835 3159
1639 4084
4535 8393
7159 6741
7701 8624
3320 8382
13
4018 7896
2609 2813
7872 725
6920 1223
8786 2381
7008 1253
9700 588
8496 9108
4274 2601
3354 4120
5890 7294
597 9524
689 4524
3
7459 6222
9952 954
1414 2140
7
4478 416
1065 6431
5168 6706
7599 5003
4913 879
5280 5878
4704 5880
8
8699 1526
5742 1990
6885 1897
509 4717
7100 6804
89 5523
5342 8498
8462 8399
7
1472 8654
7069 3212
2044 3181
297 8425
2013 2318
8953 2984
6987 9266
8
7719 7237
589 7550
5436 1246
6099 4609
5495 4329
2465 7310
4437 4113
1507 7453
14
3296 139
4775 8256
9333 7988
8024 4491
7122 3049
7081 6815
6030 6917
6362 6418
4684 1095
9287 4110
9974 2050
9459 4159
9386 9348
3551 9007
12
239 4951
7613 4224
6302 3042
4059 1658
1846 2515
466 4426
6525 3693
8 4776
479 2701
4022 1014
7738 979
7786 5055
6
6475 5294
7532 411
2771 6145
3032 9988
4193 8838
5352 9234
6
2691 2128
5019 6153
1817 3420
2053 2361
446 8978
1127 2516
13
1685 3671
6570 9815
9834 1459
4611 109
8610 2924
823 1067
4270 3656
4493 5959
408 2139
726 9168
3162 9531
1250 4814
2972 6017
4
7007 1117
3177 4811
2055 8409
7680 4885
3
9508 1790
370 7310
6730 8328
7
3102 7256
5487 3801
7589 7889
613 8519
1211 4919
2013 6726
2128 1918
12
265 5994
8319 6900
7358 3903
9230 1203
4778 3630
1598 4206
2058 4148
7343 6215
3843 5995
7040 6626
3281 6032
6737 6682
11
8540 9443
2598 3730
9147 6938
6619 768
8607 2172
9809 5099
8132 2059
9260 6973
8133 8276
4546 5412
4901 5766
3
5976 694
7667 3575
6860 1245
14
7941 2998
6231 4987
1222 1117
4982 8449
3079 6260
518 9200
1102 7373
1057 2792
215 5210
34 5953
992 1949
2707 6167
891 1152
9881 91
5
9996 2632
1273 8893
3599 9210
8341 5292
8991 6955
8
8454 2481
4882 9797
8630 9855
3796 9983
2638 4258
3078 9269
2227 5819
3013 243
13
9860 6058
4083 5630
7074 820
7830 41
2680 45
4966 2259
3684 1326
5466 3386
2395 1922
5397 9937
7512 9386
5632 9360
5249 6930
4
9793 2750
7909 5161
6494 7802
4535 6993
15
8233 5734
4479 1435
4404 3238
2746 4211
2814 2906
348 3799
8698 6186
1263 7776
6197 8866
8236 7365
8954 6639
8665 4097
8704 2863
7946 769
7491 4696
5
6888 4772
2880 3333
3418 5756
2341 5171
864 8207
8
3321 1018
2834 5910
6055 6650
8049 4666
3641 4318
9464 4217
5535 545
5257 1428
7
8466 9638
1010 5367
1194 1474
6785 2222
6764 3671
2929 2588
3565 6397
7
4257 7316
5941 3103
361 584
0 7545
1756 1723
2063 3370
714 9838
6
2807 5879
8336 1966
9944 8130
4205 6464
8788 9179
1782 7441
5
1533 10
7967 901
3349 7670
3973 1660
6948 1769
4
2161 2780
3613 9729
7251 210
4086 7137
9
9014 3224
783 5312
1207 4931
9423 797
7744 1796
7170 2438
9174 3028
5646 3079
4285 4018
13
7192 2926
1872 4939
6504 4139
2967 9709
4417 8692
8504 6199
7918 91
540 2650
1220 3104
452 8831
1764 3973
6487 3021
5797 2192
7
7774 8481
3662 8539
3480 3611
465 8495
5794 9483
9768 9018
1698 1412
6
4457 3941
2059 9506
2378 6547
1850 2813
1100 989
5292 4451
8
6531 7366
3635 7785
3369 9053
6866 8091
7050 9235
7657 4247
7132 9636
8463 373
8
4355 8935
729 7949
7972 8440
8759 3516
556 7481
5212 6466
1131 7422
253 7996
3
8976 2887
8937 7656
4257 3346
3
3591 4494
269 9254
1889 8757
7
6455 9624
1900 421
4152 7373
3947 7150
4502 8141
5870 9236
1404 8576
6
7057 1727
383 1008
12 9708
9044 1816
1479 5649
6379 2660
13
9296 8691
172 37
5394 2833
5434 2857
9497 1431
6647 5519
2477 1876
5760 4445
8705 1920
5358 2920
3288 2269
1494 1092
2747 2381
14
3545 7185
9294 9586
4896 5811
8101 8750
528 4141
1025 5050
7967 8844
3122 6413
1914 6162
81 9871
2210 7334
3462 8712
7302 9938
3801 7789
11
634 4705
1215 6639
3605 6248
3235 4075
6735 4656
7845 3404
6117 2925
9621 1075
2228 4115
3053 2163
43 4674
9
7946 3768
2335 6501
4477 3217
797 1901
4338 2530
7318 1217
9473 4958
9978 7954
6117 8389
8
4077 4082
529 3688
7966 23
8326 6957
7426 8356
6179 2892
4369 8558
210 9840
3
7707 5135
9286 6587
3973 5122
10
4808 7992
4242 2938
3304 4138
3994 5632
1077 8332
3649 1166
6561 2078
5243 401
8506 675
6790 6795
3
6965 910
7837 9198
581 5317
14
5100 6635
6505 8514
1274 9112
129 4932
5835 4380
6869 1880
9417 2868
9209 5762
6914 4237
8792 6173
659 6571
2707 7416
2847 6541
9288 6401
5
8582 6316
9941 8907
6306 8731
6228 7632
2139 956
13
4521 1741
4027 2143
7483 2187
1576 7980
4666 9372
5686 9029
8729 3828
9109 7845
9161 7577
9953 9748
9985 2490
7176 1822
9543 1022
7
1255 6552
9434 988
6992 3620
7279 7121
1970 7062
5445 9789
66 6439
9
8013 1167
3702 3760
7099 9110
3150 9194
3305 2374
1529 1181
994 2831
1618 562
6589 352
9
2917 6046
6492 7179
5559 8837
912 9322
1179 4494
1371 6334
2496 6675
3510 8367
2358 5030
4
5732 3306
8264 3785
8939 5009
9447 890
5
7649 1493
6949 5796
9721 1837
9083 1326
7494 3842
5
6992 6434
5506 4228
4055 9683
4323 9228
6921 7863
10
3990 6685
9480 6720
9149 1589
7894 5926
3097 152
1147 2071
1309 5014
2465 2543
501 6841
7337 8812
9
2303 3758
5525 7185
723 3582
1454 7869
874 8129
5538 9221
7882 6822
9608 4944
7853 5079
7
6197 9261
3187 121
6264 1793
8779 7194
9046 3542
9868 5599
9598 6839
6
6558 9094
823 3553
2565 3961
9210 4138
9759 7197
9452 7289
3
5857 1023
6268 7831
1920 6969
5
6605 6584
3451 1876
5874 2366
9200 953
9754 2106
7
1471 8674
3576 3186
4918 4520
2413 334
4709 2036
4453 1991
7834 8069
3
7950 7505
903 9189
584 6988
3
1981 9193
9344 1028
5029 4065
3
6557 5497
509 5856
1903 1809
14
3574 3999
8173 7103
8462 1521
9864 399
8957 1356
9632 7598
2271 7707
1244 2602
2697 3070
6512 1065
3509 3264
3468 3032
2008 6168
2221 5928
13
8951 6330
8504 5728
3365 1294
4775 8474
1830 6632
299 9086
441 5978
1618 6003
1496 150
5804 1844
8894 1085
8998 3861
9648 2954
9
3139 1161
6353 6409
9329 9266
4885 3695
9154 7066
7536 666
5373 476
2052 345
1533 4465
7
3277 1281
274 2155
3288 8800
4415 7875
5278 9219
8619 3542
4667 926
14
2330 2799
4090 9956
6050 1477
8429 1313
2182 576
844 9619
1586 1894
478 5219
13 7842
340 6771
1379 3472
32 9902
3025 9357
1630 8406
11
9022 7700
3836 4365
6524 2628
3083 4685
8718 9632
2864 7623
33 4342
8004 1868
5593 5427
8438 1870
9768 9042
7
10 9165
5971 964
905 310
1584 1328
751 4762
3677 880
4322 2760
3
4251 1297
3090 2168
2209 6789
8
5603 7525
6236 2673
8188 6577
6893 1426
5305 956
8525 236
9054 9080
7679 6678
12
3845 3619
830 3126
5233 7690
9993 210
6330 4414
5866 2059
7259 726
7046 2291
6409 3117
8570 1339
7743 800
3771 24
3
3235 7887
1687 4605
9821 6863
3
6031 7594
9240 5898
9496 5066
14
5770 766
7283 7469
7305 4154
8342 7473
6338 7784
3240 9308
3718 8024
445 4638
191 2977
3376 5470
1224 4435
3814 7273
3690 1844
317 2858
4
4348 2618
9622 9170
3900 5434
5908 5578
5
4266 5388
3660 6064
3020 5039
4393 3408
4536 4032
10
6716 9065
7959 2258
3624 845
924 876
1703 256
6152 876
7641 1904
8311 1719
7946 7780
9132 7058
4
7886 814
7 2618
1592 5394
9429 8263
9
7516 9052
4796 670
9525 2317
8526 9727
9623 7373
9591 2037
5255 66
4019 1144
16 8281
4
7297 884
3832 916
426 3867
9674 4984
10
3687 1282
2014 4419
1438 4608
3351 9191
8500 6689
6177 437
4221 3881
4236 3167
4900 1512
4419 589
5
5207 6455
8030 4916
2412 5405
5620 1527
486 4683
14
3104 959
7243 9579
3182 5098
6327 8861
2669 5402
3587 2224
2541 2425
1734 2243
484 3084
2692 995
457 1572
627 509
6928 650
5070 815
3
4279 1527
2122 3716
9395 7462
3
4100 1807
2764 8672
9042 5604
15
9154 6089
4741 3878
9440 1365
9445 9846
9356 4964
8979 4146
7849 3191
8825 4065
7975 4309
7653 4607
7898 2682
6636 3997
6699 4334
5498 3764
5979 4179
10
1144 486
8893 3678
6034 1048
9287 286
8919 2449
8835 9743
7823 4731
4543 7962
3540 3594
4885 9806
10
14 1439
7688 7059
7380 2744
8384 4012
8567 4957
8011 4226
9968 9272
2561 8959
6103 8391
662 5667
8
3020 5856
3469 5143
8804 1363
7957 8165
5848 6640
5868 4861
4173 9753
4060 6124
15
3977 4126
4910 7489
5519 8568
812 6026
3527 6767
3285 4517
933 478
3922 1666
3488 495
9931 1731
9385 9637
7738 6759
6993 4122
6771 8528
4651 3794
5
7795 8824
8412 456
4199 6996
3280 1818
272 9814
4
2443 8024
1192 9094
1855 9631
9652 440
3
8935 9931
2316 5746
8213 9960
3
6281 5511
1763 8866
7750 7872
14
5730 8864
5950 5246
6500 3331
2865 9620
3556 5395
5215 2305
2031 7846
2777 9504
2394 8669
2048 8353
245 3495
4996 534
9754 7568
6122 9457
3
1106 2807
970 6442
1783 3478
3
7095 8968
7217 294
8454 7052
15
7425 345
4562 6048
2708 4753
1034 9727
3779 7227
7900 7718
8566 4203
7102 6870
5105 6942
7106 3259
7214 3625
7350 3742
8857 1468
9973 1090
8410 1598
12
9490 2803
488 8561
9922 8188
2583 7520
6388 7421
7472 6016
7563 4496
7508 4918
6199 6627
3412 6846
6408 5042
8463 3513
15
8378 4243
1187 7629
7358 4250
4178 3750
1121 4061
4025 1903
1694 3319
1858 3391
51 3697
767 8679
361 7228
469 9573
6544 5511
1557 9201
7809 8083
7
4876 7930
8707 4835
8403 1941
2873 725
1184 4334
679 589
1548 9137
5
5096 8515
4285 3790
6609 9597
4381 4273
4892 7034
8
7117 3868
3069 8957
1051 9085
714 6040
7002 702
2383 5242
4803 3623
5223 3450
14
5910 7269
6774 1889
6539 2883
4049 1566
4886 8277
2012 6770
1432 6185
1936 4976
4343 5535
2696 4392
1277 868
6094 1090
9600 2979
9831 3212
8
9454 7723
2736 3629
866 6304
4213 209
4289 2014
9855 2698
9635 8353
8273 9351
13
8881 9518
1284 3917
9027 7386
6088 4530
6991 4770
7787 401
7994 4279
8702 2390
9913 671
9242 7216
7256 3807
7719 6022
9700 7765
8
8661 9222
7032 8015
1752 4321
3970 3154
3436 5334
6884 3016
8954 8010
6915 3392
13
124 8513
6400 9003
8229 9534
5532 1241
5037 4077
1037 5248
6276 5066
7340 7006
3272 8120
3352 6643
5980 6976
2863 5261
192 6734
3
909 6055
8548 6723
3476 3868
14
5089 9200
3230 1135
2484 5978
1734 4620
2559 2644
2810 1371
622 6446
4245 9416
2399 8558
1597 9335
1755 9499
9750 9613
9231 411
5788 6735
10
9271 6668
7523 9647
3678 5551
5806 5861
4692 346
7003 3131
9410 2870
7855 7757
9215 5274
9547 8894
3
2484 471
6878 8903
7387 7149
14
9646 9957
1987 2520
8031 1665
6237 365
3821 1346
1359 2900
3952 1176
4195 233
6416 268
9220 1253
4785 3549
3267 3593
6856 4381
5007 4778
9
1322 8377
4005 3636
8625 2769
8536 2636
1912 3050
1030 3145
307 3932
392 4584
687 9506
4
9892 5710
2534 4784
2674 4025
1074 7587
9
3719 2740
3695 2996
3375 5947
8685 7559
5684 5748
6225 6364
3985 5427
5374 679
99 4873
8
6088 2305
7235 2515
5073 7139
5351 9859
3436 8885
2567 8167
3813 3051
3607 8215
6
9003 4833
4163 7859
7789 8567
9509 9052
9334 5108
7693 7154
15
5709 5708
6160 7770
6561 2117
6989 6079
5866 9357
3544 5649
1677 4193
1052 7644
671 7770
3165 7190
1848 8110
7347 9928
8852 2176
4392 1256
2853 2404
10
5324 479
5619 7698
3738 8243
3479 1480
1985 6609
2183 4551
2057 4845
1695 8409
4938 8820
9674 2435
8
750 8925
6619 7283
605 4251
8164 1944
8985 2546
8288 5946
6600 9521
3729 8473
5
1484 5234
9688 7600
3210 7588
4701 7205
7196 7182
14
3889 3985
1820 2591
3812 9116
5518 4063
9230 3936
8330 2211
9464 1287
7056 1886
7917 3917
4216 661
9787 509
246 718
5408 3756
2607 4575
13
3508 8793
7461 4884
6661 3267
6222 4288
3625 2191
9907 2535
5954 932
9752 1696
6426 1019
5376 9
679 4394
3270 4707
2463 9856
13
9670 9483
6727 5430
6585 1828
9867 6097
6238 178
3581 5601
337 8692
6430 5057
2618 7365
3083 7682
2368 8748
6685 5835
5405 8848
4
1195 6785
7816 6926
3242 9866
802 7126
3
4795 9281
1171 3432
8022 1952
13
7552 2363
4824 6451
6423 4314
6337 7254
8061 7857
5932 7430
25 5199
5874 2639
300 1568
8169 860
5865 3378
4854 5362
4456 6082
7
5081 5129
476 976
7592 2012
2983 1844
1255 1547
5202 5041
8941 9201
3
3427 9666
6504 8623
3494 9700
8
6896 9210
681 828
2465 599
6427 5127
8955 8631
7652 7288
4491 5692
8043 8011
12
4562 8348
3414 8982
5390 2652
3125 4994
2778 7375
2684 5387
560 1825
3601 2828
4798 2276
1906 1958
3253 698
5755 2874
13
1319 9456
8967 4746
9108 6277
2673 8815
1794 9564
9349 9955
8437 8922
9695 9810
9147 1514
1258 388
4249 5214
8229 2562
3373 6079
12
6984 6277
6261 7024
8078 7872
9453 7393
9883 6978
8999 1013
5502 5542
7471 2953
2698 3299
1138 943
1172 5405
955 7212
9
9548 1568
4941 3578
7219 3836
8810 7812
1328 6734
1870 3571
3703 3748
1242 2390
2578 2044
11
8781 8457
1276 9520
6622 6154
3209 4227
9287 4338
5496 7027
9552 8589
7473 9342
3462 9682
471 9909
3158 9679
12
5549 7223
103 5772
2621 4397
5471 2043
6692 3113
8042 5424
9911 1912
8406 9936
5110 8167
1129 7484
1696 6608
6831 8220
15
7087 858
2997 2822
4760 9259
3246 9596
394 3888
3745 7917
2560 7475
3771 8156
3953 7774
2332 272
1469 1250
2033 2947
3022 5623
771 106
4703 241
15
9916 7131
4515 2040
9118 3629
8325 1547
7605 44
5448 2163
4724 36
1238 2816
2420 8984
5248 3405
8439 7753
5857 8093
4498 9702
6351 8725
8114 9698
7
496 6129
9631 2473
5388 432
4818 2073
536 3752
5645 3963
239 5380
3
5163 205
71 6302
5989 4961
4
4759 3269
5621 2744
4359 6804
4175 3017
12
7277 1325
6020 433
108 1401
1649 5325
4658 1561
831 7004
1510 7847
6658 4258
2373 7085
5145 1712
9046 5784
8031 4520
11
9567 9206
6101 5424
8565 847
5401 727
3595 5142
6454 1157
4053 7731
4280 7583
4041 7790
1211 7514
6472 8860
11
4890 2698
2469 5588
9704 7528
9667 8499
19 9417
1765 5834
2119 6518
2241 8970
3115 6654
765 2834
385 1988
3
2355 6197
1123 6710
6114 1576
9
1496 9705
7562 7867
5506 8215
4665 1229
9875 2632
7947 602
176 1651
137 3784
4799 3649
3
3564 1562
9982 7500
4465 635
0
