4
5393 7188
1010 2462
6748 7584
7738 9083
5
7308 2192
78 269
4514 5725
8067 7597
5374 3685
6
5474 1176
3626 7389
3251 4214
3671 3541
3696 1915
3684 3327
3
5688 4234
5233 1871
2622 1116
6
1194 5795
7422 3670
4651 6987
3405 8896
2793 8375
5258 5837
12
4530 1782
5166 4417
2990 6418
7380 6365
6756 1294
5943 5198
6604 3991
6102 5267
5700 5556
5382 549
612 1633
828 4939
9
391 9741
3075 2182
7919 1347
5813 4927
5388 2756
1247 8133
5034 3926
3606 9831
1885 9010
3
8114 8022
4137 0
6652 1100
12
8489 56
4024 8902
6195 6583
8697 2224
7629 9142
7878 9533
9758 5575
8034 8445
8782 1745
5793 6380
7237 2618
5526 6116
15
833 3352
2234 2821
1614 1934
7991 1145
9947 204
6907 8657
4804 7028
1929 7944
8369 3354
279 8708
3829 1793
2370 3249
389 7806
892 4968
446 7192
15
5695 7252
3066 2466
5659 952
1352 859
5452 994
360 1048
4412 6088
2697 4694
252 6370
1775 8479
1298 8145
1955 9779
5223 6719
3282 9032
8941 8285
11
347 8646
3215 4637
7978 5026
2519 4455
2338 3474
2590 1028
4835 2517
4889 247
5902 322
8863 6182
6503 7368
4
9817 655
6927 670
935 196
3885 2870
15
1606 4354
6323 6941
3574 1033
724 201
1169 6718
335 4104
71 6615
7479 8784
2993 5681
1831 4947
5748 7777
3701 7494
1453 6838
1550 5305
1138 4803
10
2324 994
7327 5987
6638 2000
9260 1851
4979 1525
6355 4509
4928 1948
2858 671
1654 390
73 8979
11
8077 5396
9442 8972
7794 5614
4326 4879
784 7165
3681 9565
2584 8929
580 8351
213 9951
1290 2833
5659 414
5
7367 3358
4302 5692
3431 4340
2077 1815
4658 7525
3
5551 6530
2681 6734
9695 5263
4
9856 4742
1027 6898
8304 3645
7355 1915
3
6126 9008
503 3444
7125 357
15
809 7788
6246 7861
6549 7408
5041 5065
7736 7997
4840 75
9965 5223
6190 3206
8477 7798
8675 9471
3024 7836
1752 9235
7756 9331
6408 9530
730 9424
13
7134 7865
2142 5009
6145 4079
1481 776
1698 5999
2476 8246
3829 6326
2451 9768
3737 9826
7014 9053
2513 9729
3662 8359
5165 9137
10
5021 5564
8288 3004
1814 7766
1177 1321
328 9342
8364 8978
7235 6911
5647 5470
7428 7797
3479 8521
15
653 7875
7592 5930
5072 495
9549 8111
6655 7167
8217 7773
5871 8755
9179 8924
8797 8180
9492 9300
6182 9463
1824 9278
4503 7991
4494 8810
6195 7489
9
296 8446
9992 8961
1590 3145
7260 6978
9789 3634
8669 4482
1922 2678
5531 3567
978 752
8
1946 9078
5145 4585
7808 6630
4324 9779
2478 9344
3853 8919
5455 7150
1856 9464
14
912 6228
2934 7147
9162 1663
4130 8585
4361 7267
2882 7770
5167 6834
3787 6870
7672 3021
838 9413
429 706
914 2420
4531 2184
4900 3740
12
9370 6320
8969 6334
4916 2911
3042 5429
6710 7217
8536 8898
3262 7809
1495 339
2789 4637
4618 2517
3587 764
6595 2074
5
290 9265
6181 2559
1753 2528
5894 937
7274 3188
6
6715 256
8641 5586
2893 3159
8001 4964
954 2309
6397 3472
14
8912 7725
3686 3736
1370 1216
2726 1022
4296 1560
9511 3111
8151 1401
4606 333
9732 79
9660 1955
9902 3078
5147 4331
7064 5889
8409 5505
3
4405 5986
1307 4465
7133 7413
13
9117 8720
1676 1623
6923 6774
775 5198
2307 9230
2861 6623
7386 7471
5798 8266
5189 7644
3255 7081
3756 9467
3840 8845
7761 8971
3
8093 6484
1739 808
1 673
15
3652 4560
2658 5999
3543 1937
5882 8705
4363 5492
3443 8121
6601 9258
5729 1314
7501 7815
9710 5656
6587 734
7469 33
3942 751
927 4290
2801 8966
12
8714 2490
6761 873
5155 8308
6049 3104
4923 8613
821 2287
3217 8008
1584 8238
4514 9977
7223 6935
7251 6497
8522 8436
3
1942 4814
7107 5655
3177 3579
14
5047 2981
808 3857
2122 5614
7019 6076
9607 7682
5476 7723
7363 8343
2474 6981
3498 8012
3452 9537
1656 5718
10 4521
1910 5505
106 2844
10
4809 564
2314 9303
7939 6728
9104 3302
8515 481
6090 4544
7481 5499
5041 7742
5872 2360
8000 1172
4
6398 5618
1399 986
2485 6451
4584 8869
7
6609 9823
7470 1770
7412 4048
9521 624
7797 4837
9205 5112
9717 4831
15
5331 5535
7741 6921
9037 5648
8363 7117
339 9702
6103 2179
1482 4492
3819 5109
1579 6654
227 7531
1451 5709
495 4543
7782 865
9028 2613
6917 2780
15
2773 1543
9840 2620
8418 2261
9529 767
3421 1020
8751 328
2376 155
1796 8750
5887 7693
9748 9415
6045 6636
6204 4243
9237 3252
5317 3356
5438 5832
8
5501 1901
3411 6671
7960 9869
7673 7438
8690 9565
8867 5935
3792 6896
7685 1043
3
5344 7192
4885 2730
4525 7954
10
5382 2759
5663 7437
9257 8979
5450 9550
162 519
4169 6227
3864 3796
5833 1753
6745 24
8415 7742
6
9195 3867
7324 4349
5247 6900
6905 2517
6233 4597
9235 2867
3
2042 5924
7284 4105
7190 5561
4
4366 4279
6896 4451
4117 9469
2246 1198
3
925 9582
3791 4800
4757 4647
5
3333 2879
4510 1274
6984 3236
8072 4751
584 7282
8
7942 4962
5685 1952
137 7119
5607 876
184 3304
4801 107
8468 2003
9067 408
8
5666 8829
3371 9158
1850 8528
958 4840
9551 5231
7148 8575
6561 7409
6814 5784
4
5006 1957
508 6530
4433 1264
7099 3996
9
5139 2874
5845 6532
8555 3866
8013 1278
6437 855
3509 4415
1579 79
1433 8179
4598 9935
14
4499 4608
8600 6282
4597 2227
2390 2088
7932 1586
7279 3474
8067 3655
9249 995
8257 9564
7085 8988
3691 9064
1478 9391
1618 7598
6334 5903
3
324 272
3517 5221
984 8862
4
2184 9979
5343 166
2877 4250
520 5028
15
9505 3700
1010 881
3410 8003
7414 7280
4415 7677
4364 4058
5948 5002
7578 6240
9651 9441
9363 4965
7350 4242
7325 4155
4102 3840
1544 1102
6951 3917
15
5445 9182
2540 923
9152 5600
9214 9747
7576 4728
4932 3887
6550 4068
3453 1606
6125 6620
4372 4116
6986 8649
6994 6065
7048 7443
8827 9052
1271 9842
4
8337 1524
893 8820
1941 8004
4763 8297
12
2159 9509
7069 8777
7805 4320
7236 5288
2157 908
4258 3228
5373 4049
7446 5534
573 5344
610 9444
4423 7135
5665 8437
6
8631 8787
8466 7102
4522 9661
3621 3980
4393 3984
8480 1903
14
4714 2318
628 8702
5119 19
5888 4235
9440 4586
6983 876
6652 4237
6479 163
9690 4441
2099 9165
2404 9737
1682 9156
4045 3814
3700 6301
4
4035 1460
6825 6858
5574 7543
1498 2770
5
1991 2978
3528 9065
5583 4884
5319 9270
8614 73
4
9019 1766
9685 9011
7870 9005
181 6263
6
4416 819
7400 7405
7367 3888
9486 6669
9297 795
9260 1774
13
656 4174
6909 6023
6743 6096
1973 6331
4828 9667
5842 7932
7331 6716
7349 8420
7723 6785
7886 7717
7154 9485
9025 9817
7432 4637
5
4061 8555
9285 8283
2273 5222
5388 6795
2159 9449
4
3495 4980
8273 8334
535 3888
1241 2371
13
5816 9830
5375 6116
8325 3066
5842 5273
4843 511
4773 1553
1327 4358
2691 825
2135 28
8700 442
9402 3760
8572 4809
6038 8713
7
854 8596
3104 277
271 3430
142 1513
285 6849
1096 2616
1537 3123
9
5108 1185
3494 3005
8643 2970
5672 9230
238 4011
894 9251
530 7665
0 4102
4039 150
5
4673 3747
4365 7965
5732 9660
1582 6547
492 1008
4
2894 4333
9000 1556
7448 9440
359 9844
14
2510 3632
61 3030
7434 5489
8711 6987
8447 5578
5779 1799
7975 2551
4960 1064
3116 1036
5457 476
4225 474
4775 139
1006 632
1858 973
3
8339 1458
5927 4211
4740 1531
6
7985 3316
2645 2636
5853 2544
7023 485
3110 879
71 9852
14
2800 6270
2288 4620
5891 2750
258 4925
2754 9061
5342 5678
7832 8689
7112 4931
6080 5870
6568 5912
7790 8506
3852 3829
3525 5939
2685 5384
3
8234 7867
7831 4252
6134 1702
12
8696 8627
725 6408
4821 9153
5527 8676
7947 9014
6337 9557
636 9080
65 3352
5218 7013
1449 1836
6879 4616
5501 5179
14
3885 8618
9318 6830
3962 587
7634 2542
4616 1209
4726 1321
4877 1548
7633 2938
8947 3913
8450 1104
9980 5842
8001 3555
7812 4568
9918 7648
3
9344 4188
9715 5734
6374 883
14
5891 7615
3240 5253
9468 7031
7143 3609
8068 6000
2957 4310
8906 1946
9589 6550
9779 8013
7690 6726
8169 7503
7525 7167
3086 9030
2339 6215
4
1492 6574
8495 7569
8297 8598
5574 7286
15
6247 9199
6812 597
2262 5356
2731 8660
4661 3554
6334 2523
5111 4405
5451 7521
5481 6823
5224 4425
5360 5688
5689 7925
5161 7735
5648 9582
6878 9261
8
2652 5999
5458 8133
1723 9017
8200 7575
8792 8852
9895 552
7477 7094
367 4640
15
604 4251
9010 8049
4383 3538
8237 5154
7064 4774
7658 5187
8379 7373
8805 4044
9525 8378
5302 9416
444 8283
8751 8498
5489 8266
1074 7410
5335 6987
11
9231 2183
7885 2255
409 5866
4004 3701
5688 784
2746 1755
6299 42
5021 2869
5332 2528
8199 65
7037 1746
6
886 7939
2089 8225
4960 5336
3 5114
318 7898
1305 9300
5
2094 4347
6660 7543
4480 8676
2275 4883
1536 5178
6
5001 3282
8804 1979
6587 9044
5593 8456
3704 7072
176 8379
12
7763 5816
892 9715
8271 6021
6137 366
2589 5813
6267 2056
4144 7361
6640 2757
6552 4746
7090 5198
6259 6065
4326 7097
10
4194 301
7702 2929
6149 6919
6642 7684
8720 5028
8530 5206
7758 2655
8836 3288
7681 2555
9509 2308
15
8425 7269
6890 9561
890 1273
4559 6846
2079 6560
1626 3647
1500 5948
102 188
9895 325
9882 3603
5066 6823
9681 5767
9795 4802
9859 5720
9548 8200
3
6799 9436
9773 6483
1770 1901
11
8807 8011
6994 3721
4657 8472
4370 4074
9395 1274
8290 2187
9381 6610
7354 4041
9383 8005
6686 9831
2548 9097
11
9674 1365
8887 5854
9039 6965
5254 5085
3216 6488
2917 9352
2611 1995
2020 405
2394 0
2613 747
4278 4529
12
2775 9567
7326 8240
8696 9015
5442 3796
7338 2939
8887 8482
9398 4844
8080 3295
7022 1087
1997 5468
2490 2996
727 6054
8
7720 1224
4566 795
8258 8390
8469 5141
8239 4302
8061 5961
7506 6689
6985 4632
9
3544 361
7287 8165
9189 1602
7394 1505
8443 2803
6476 977
8084 4634
5134 511
9938 159
3
5903 2236
8965 7808
6295 8618
5
5886 7548
6006 5520
1837 1761
6175 614
8809 2172
8
7562 5090
3549 2158
1387 4708
832 4832
2520 1816
1708 537
8257 3053
4385 1865
7
9159 5340
2409 7428
4618 1189
9575 4355
7968 4504
3935 3347
8211 5453
10
316 5743
7512 6885
6809 8179
7451 8279
8251 3863
4191 3444
6076 593
1049 1311
5751 6160
6191 6647
11
1882 2067
293 4223
8144 3227
3500 3888
679 4797
1287 6256
2774 9481
875 8782
15 4226
1419 1699
5410 610
6
5847 8558
3515 2396
3154 9139
3743 7337
4007 6021
4802 7560
12
5864 1892
9176 8108
6759 3260
9969 5489
8569 504
2511 3551
3585 3671
26 7248
2185 8997
8026 9293
5260 7393
6256 5206
3
8163 4913
1612 6208
9386 197
14
4959 4982
6439 4811
4009 2561
5049 9327
1471 4212
2395 3100
5905 1830
1779 2837
88 7819
2522 6325
4554 8721
2043 8507
3869 9876
7799 8254
14
3358 4559
918 4922
2873 4614
1102 3897
9801 2129
7647 3182
8738 3383
7213 7701
3746 7290
7686 9335
5934 8759
2098 6319
4105 5562
6398 3659
3
6342 5255
7785 9374
581 6536
15
6123 7350
7600 3438
8555 2149
2320 2760
6447 1349
630 1111
2273 1585
730 7270
295 2175
245 9407
4036 5994
8011 2431
1687 9302
5589 7799
4589 6335
9
5822 5831
8054 4963
7979 7247
1354 5466
771 3305
2193 1595
6239 1894
5893 2483
2190 4962
14
8346 4584
5770 1006
427 2908
2445 911
3344 1772
6371 593
9509 1339
9029 6034
9675 1324
9099 9611
1621 4191
7807 8295
4497 3959
728 3149
4
5749 1416
3750 8612
8423 4364
9377 2471
3
8469 5584
6579 4600
6232 6384
4
7574 730
3428 1660
219 4552
2025 9705
15
3118 4081
7429 880
4147 865
1748 8346
4154 7068
2083 7564
9874 4242
5232 5569
9517 3976
7861 3277
8739 2912
9242 2573
9200 1094
4446 6038
6392 3019
15
9989 1142
8058 172
672 4112
1824 2426
2903 2490
5494 989
1606 2045
4644 1226
1078 2458
3140 502
1350 1388
2808 155
4649 560
9135 36
9747 562
14
6844 5351
5840 84
9549 2504
8614 6311
3692 4266
8167 8149
1487 5964
5299 7759
819 8527
1646 7562
596 4521
1141 3114
1298 1721
2354 2750
14
8839 3249
784 6101
1071 101
4040 2583
6947 3812
5552 3034
8848 1705
4820 575
3975 2415
3534 1755
2743 282
3693 490
8745 335
9436 5100
12
3813 3642
9086 7539
3408 4438
4756 5434
6474 6375
8402 8358
170 8906
7643 7664
671 4490
651 562
898 673
9387 6880
13
4752 3518
8326 6743
6106 9161
1357 2758
937 8171
1347 3710
3008 8651
3101 9661
5617 9752
1881 9826
9764 9733
9513 9105
7959 1716
6
6815 7381
5693 7079
3019 951
3742 2544
9947 9745
9553 9984
11
9095 4796
8409 6230
7401 6515
1243 7226
2096 8687
5259 7316
7536 8526
9702 5414
6047 1487
3639 4107
4699 4902
11
14 2059
406 3900
3184 6059
6522 2951
6206 9563
8127 5922
9179 9097
9334 5833
9654 945
6850 5689
8153 2136
4
4439 6229
1060 9516
4734 2889
7555 6044
14
572 7604
5515 3459
8614 3749
1514 2401
3221 638
5914 1084
7325 1994
3840 2490
8749 2048
9484 8942
4778 8172
6737 7226
6469 6871
2117 7844
10
8873 8491
7067 958
1595 422
1040 5274
7470 2702
717 8673
4196 6408
4593 6302
1926 8599
2330 9827
15
4021 6855
6258 7168
2408 7533
7113 9750
9048 3041
9406 8789
8287 9278
9999 9980
9335 446
1832 431
7915 557
5140 4808
4104 5321
3561 3872
1058 2077
11
7516 946
5976 4081
4633 2569
4560 3003
6235 8557
1816 2387
5846 1135
3943 2199
4029 3118
3475 4505
5044 1729
15
6069 9541
5568 4047
3769 3906
9832 447
6480 1486
2629 3634
2818 1564
1239 976
2156 2318
1803 7077
4835 6732
2341 4852
4379 4579
5727 9276
2236 8510
14
2875 5636
6713 2005
405 592
522 9285
3332 8621
1837 3446
1878 7978
1136 2758
4799 2171
2969 5406
3505 2495
3007 4296
2469 5623
5049 9698
4
6718 7432
4446 9304
4517 1010
7503 4995
9
1522 5357
1230 7748
3267 3969
9265 7182
6892 5819
837 374
3562 3819
1236 3831
2124 4979
15
6674 9364
2740 9588
3462 7071
2591 5560
84 7817
1531 5653
7692 2505
203 4445
9816 1840
3250 5666
7138 4939
8753 8747
4842 6426
8737 8944
4771 7839
3
8082 625
86 1309
2643 8561
10
4991 9268
5770 7164
5860 2615
1779 1075
3911 774
6443 224
9817 1695
8350 7999
8242 5394
6518 8700
14
2146 8676
7013 8387
4835 3437
8085 5694
6026 6042
7556 7280
9792 4413
9622 1688
8698 5075
452 660
2715 2086
2784 3745
3950 7640
6175 7659
3
6897 6218
1797 3465
8726 494
9
7131 4726
451 8481
6585 8112
3756 9469
6413 9495
8621 9008
8698 8243
3090 7502
7938 5720
7
8566 4954
5821 2707
5310 5059
2911 4871
746 6289
4393 5475
4575 7894
5
880 5745
4262 6113
9723 6008
7006 3298
6111 3648
7
1757 7045
1008 4922
7993 140
8772 4222
8648 3737
5434 6907
4044 3756
6
4556 5177
4388 6604
5195 3654
5818 4541
7267 9675
1281 9414
3
9421 4014
364 9069
692 2818
3
1391 7767
5323 6457
2071 7599
3
5629 4511
6930 662
2362 328
8
4081 4960
4737 4431
86 524
4410 7411
4617 9821
6727 4327
7163 182
4953 8442
3
7711 5702
1740 799
6479 7774
14
4320 4147
5116 7132
926 8342
8879 8054
4752 9251
7256 9146
8833 8802
9729 1777
4865 2998
6600 3197
5478 4689
7906 5897
5153 7293
4291 929
9
2533 5550
8748 7578
1296 9478
3013 406
7180 2968
6150 3284
3783 1677
2854 3952
2531 3269
9
1838 5767
9529 8926
6828 6031
9211 5232
5819 1635
1137 124
1988 4292
7087 3981
166 5155
6
941 5068
5129 2579
2895 9330
1730 7267
3299 6808
4801 3200
9
8025 7227
1302 7694
7207 2040
9238 1022
5514 4761
7056 4098
7031 6565
5898 4826
4600 5532
15
2172 6095
7332 1081
1168 4296
4557 1169
3244 1270
4485 776
4307 284
8377 139
5056 6135
4896 6987
8014 2590
7011 7370
7456 4174
4243 9189
2867 8137
9
6139 6806
8752 5338
5565 6458
448 5034
6470 4301
809 1046
7063 2248
9799 7205
5952 9371
15
1643 6877
5581 3837
3063 3321
6644 1697
9324 9309
2247 8536
6524 6820
6967 7872
8452 7877
7655 7231
6594 4330
636 7615
172 2675
1409 1086
1439 2680
6
854 3447
5228 1171
9634 3487
2468 4515
8609 6773
9622 9699
12
9948 8145
3440 6183
4752 5028
208 5891
315 4274
7786 2254
7772 3945
8128 5364
8951 7305
7887 2008
8335 4828
7576 638
6
4828 1642
4772 5429
2534 4331
7438 7878
4833 9633
597 2129
10
8478 3338
3296 5904
3048 4834
9238 2302
9698 6700
6401 7296
8648 4879
4682 7489
8951 4031
8782 2586
3
3464 3374
33 9407
1933 5102
10
7056 9471
6278 7301
9442 8595
5053 1005
5086 2928
4466 983
4129 1488
2490 6848
6670 5111
5294 8119
7
5331 6860
742 783
1934 5131
8546 9672
5949 1768
6247 7123
2666 1914
14
6885 3852
3958 1229
4866 3871
6579 5046
5033 5699
893 568
7389 33
8763 9128
6483 6631
7514 6591
5482 3176
7314 5389
7411 2382
5913 627
6
5027 4617
6193 5527
8675 2029
7541 2135
6819 4047
3881 4543
9
5279 3170
2763 2093
4115 6916
1607 4721
3423 5549
2534 2058
4846 1360
7763 539
4179 9587
15
4467 4950
8373 4777
1214 1571
6419 1198
4505 2186
3196 2354
4529 2562
6241 1507
8400 3802
8988 5226
1325 8321
1356 5266
2682 4407
3948 4318
2049 6234
14
8935 5761
3180 9750
4893 786
9793 1435
6390 455
7505 887
5588 538
6183 182
881 1364
1791 494
3358 235
9753 109
9938 2167
4687 4683
8
9943 6616
6314 6481
1149 3427
351 3350
4134 1049
6214 1342
6175 326
8948 2037
10
8927 3741
2052 7889
1408 9825
1015 8988
3406 324
5211 1606
2712 6632
8946 3442
8984 4663
2917 7531
15
6838 9860
5499 2382
5800 7098
3960 9486
306 7537
3691 3731
1888 3843
6632 1736
7581 2730
5839 2712
8395 7253
8770 7445
8407 8846
7323 5418
8542 9743
9
5779 5455
2657 5838
367 3433
5252 9439
1825 5192
5957 8467
8336 88
7546 2184
7834 167
4
4034 1450
9446 9060
5341 1931
3981 639
15
7960 2825
1645 545
7777 7951
5538 5881
1085 1539
7745 8470
9790 5699
3419 2090
6151 2225
9907 5088
9136 2135
8288 1603
4867 103
5084 1568
5640 1239
5
7185 6341
2872 155
7104 3410
5762 185
9473 2231
8
5922 3830
943 2187
4703 3700
1513 9809
4651 7645
3184 7412
9455 8073
6950 3212
15
9156 2231
3792 6205
5915 2113
4986 1537
9050 1723
1964 174
2847 977
1967 3385
1981 7582
8336 7129
8073 4995
9882 4964
8416 4928
9522 3479
2763 7230
7
4384 7179
484 7712
3078 4770
4124 2378
5247 5326
5986 6238
3570 5878
10
7063 3943
6590 6166
8925 5162
7700 1696
5815 1683
7665 4521
5030 1787
1928 2059
2382 9787
4279 2904
3
9130 5896
2952 1361
4931 7146
15
494 9997
3169 7905
8572 9638
9972 6485
5604 5014
1823 3054
8543 4724
8743 2946
7961 1648
1995 1871
1619 3377
7180 7547
3839 6319
5377 6730
688 4144
15
2108 3591
5184 8208
2444 5924
2015 8626
1795 6606
700 9932
5852 9441
2058 9344
3201 8277
4516 8903
8810 6416
9586 9496
9465 741
457 1685
4608 1609
5
7033 5945
5630 2696
3406 6217
2114 1990
8866 1507
4
9976 8552
348 9843
3421 2459
7807 3792
7
7556 8794
7750 2135
1091 3149
2348 7519
3422 4748
2269 3962
7065 6888
9
9239 8590
4869 1969
9904 4229
3393 43
3646 8676
2773 6983
1492 9129
7187 9263
5736 3348
11
9100 1990
1567 5518
6599 4792
7289 6499
5457 8565
9044 7506
7131 9727
1146 7946
1547 4705
7373 942
10000 2094
11
1316 1439
8329 1259
2926 9969
8833 4827
8687 89
2113 352
164 1123
4522 4498
218 4932
808 9473
7756 1975
8
5188 7541
95 5596
9763 8490
7863 8638
7360 8471
441 8359
1 7714
2857 8256
7
7945 5438
25 5555
1243 3555
4037 4114
7746 3714
9087 7192
4796 7511
12
7020 4824
6535 8063
2792 1928
7968 2778
8012 4512
7819 4808
9292 4404
9871 1866
1842 1086
168 7688
9472 9319
9053 8281
6
4028 6064
4181 5340
9413 112
398 1016
1083 1487
663 6422
3
7077 6323
4057 5348
7520 359
9
7510 752
6163 8918
1711 4571
748 5018
2363 2454
16 2595
3397 463
3680 5993
5995 5251
13
4423 11
5575 4020
4714 5130
3411 672
1938 6479
1613 1333
596 3516
559 4384
1308 4805
1483 9889
7032 5717
9939 2756
9402 203
11
897 2273
6060 6466
2548 4106
2376 8681
9991 9196
8765 1197
7095 8172
6632 384
6105 2860
5013 953
4474 2152
7
5748 9541
2869 4806
875 3577
7628 438
4685 5580
7508 3923
9544 7567
15
1971 8729
7022 1644
6059 9824
187 9095
3280 1731
3734 4746
3878 816
6140 77
9506 2894
6942 6038
8668 3376
6482 915
5348 3101
4071 5212
2881 3760
3
5008 4449
3364 7330
3636 221
7
1783 3267
182 131
6802 1135
5135 6412
8926 4313
8569 7739
2698 7993
12
7072 6483
2882 2458
4693 5610
2596 5732
3516 9362
1947 7000
685 5002
1560 6498
1423 9451
7085 9794
7787 5467
3088 1481
13
3870 9749
408 6041
5737 2911
2935 3408
9386 16
8458 2946
5840 4091
4818 7112
6854 4773
9462 4770
9264 6860
8796 6819
5068 8813
6
6857 20
626 7342
1233 3251
13 7762
5786 5121
9048 9562
13
566 6712
6050 8807
2336 7363
9083 3151
6339 6261
9557 3295
1171 722
3140 3225
115 2072
1544 3049
5702 3769
6353 3237
2791 6670
6
6413 3451
1617 3227
7009 1989
931 569
6443 951
7718 2977
12
5197 1437
8678 4844
2862 8600
8076 9207
6104 6957
9141 6454
8983 7357
8154 6910
9041 9096
9406 4012
4774 158
4161 7529
3
5430 1470
2361 1363
1756 6865
6
801 3135
604 9622
7130 3302
8965 9178
9306 330
2099 5517
8
8381 959
1263 8797
2762 2244
5891 142
15 457
660 9954
5807 5712
5527 7357
14
2173 1635
4353 3978
3088 2897
7414 6904
8351 1266
7313 3464
4863 4419
5595 2078
2833 2132
4128 3239
3778 2843
5225 2354
4812 3524
3830 3354
6
4940 8684
7773 8833
7034 7916
2589 379
1603 855
2511 6855
4
8008 3309
3524 7796
1323 4046
3228 6485
15
2596 1679
752 6933
2487 3662
7358 2228
3047 6439
5345 9854
1122 6268
1840 6930
471 7815
5145 9939
9099 9426
9892 7491
8362 4547
8446 2392
8323 1207
5
6572 1541
8610 9021
4044 7847
447 9282
6558 4872
15
4427 7200
3929 9358
6925 6482
9806 2021
7577 8326
9812 4878
9902 6040
8086 9340
6460 9650
4711 9413
8779 4164
4286 9960
382 4308
3132 276
4195 17
14
1155 2947
1542 6262
2926 6677
7964 7690
5415 86
2482 5127
4772 2603
5122 1594
5090 6519
3773 5191
3279 4844
1820 6029
2993 534
2681 1190
5
4425 3641
6617 2316
4197 3248
6102 9629
7446 6556
11
8498 5878
1093 9111
1104 2881
6061 6919
2935 3914
8303 4447
9956 2825
9578 4818
4964 4731
6785 5277
5688 6104
9
1190 942
905 6556
3279 795
7527 8534
9940 4598
6567 2180
7855 7986
6610 2375
4505 358
14
559 944
6205 3904
6095 9652
8157 3806
4461 1015
7602 4886
6254 8815
6413 4336
7119 4615
6229 3969
6486 3696
4690 2508
3575 1129
3414 916
8
4538 7556
6573 2614
8363 1525
5494 8198
1189 9138
4610 1905
9504 764
3965 3625
11
3140 598
7543 3205
2006 1692
438 6583
2776 6350
760 7974
5480 6138
7526 8959
8017 2532
8222 2283
7312 3025
8
4835 7507
6164 2366
8526 6031
9370 3728
5478 1398
1702 7840
4284 5234
4237 7526
3
4141 7417
4098 7361
5166 4319
11
8758 2543
9047 5904
9858 976
8904 7547
5774 2588
1663 9579
1244 2561
8870 1575
8055 4762
8365 4385
8459 3273
4
9707 9487
869 4322
5268 9852
9004 9888
15
7564 5162
2977 1927
4718 9800
2379 3075
3126 9453
808 2757
2117 2405
854 1880
2304 2050
659 946
1231 665
9469 2638
8277 9098
5599 6302
5698 5862
7
7671 562
6006 2062
5239 4895
5357 8068
2907 4552
4683 3825
5891 623
12
9248 142
4685 1720
7271 1947
6583 8334
4633 5929
2735 2543
1709 9097
2224 4322
1954 7411
2464 3606
140 1518
3865 280
13
5781 3488
4438 6870
8489 6107
5287 6084
8425 2233
1022 1826
3330 1845
690 1811
4429 7525
1744 2505
3427 4382
2270 3046
3276 2881
12
6059 5427
4860 2049
2108 2669
4215 627
2041 1281
578 3077
319 9499
3075 2567
4079 7971
6622 9636
3789 3409
9069 9175
12
8943 6025
427 1161
1510 1346
8497 2358
9595 8759
3904 7701
7738 7403
7698 7465
8489 6299
1065 8003
8440 6034
3212 5321
7
8700 4465
4810 6511
1762 2251
3925 8899
4778 8773
5390 7334
7290 6676
15
984 737
6383 8366
2595 7010
2197 8816
4563 9693
3970 9779
5650 9657
5838 8344
2756 8582
4435 8341
4145 7900
9150 9188
7076 2095
4013 4375
4802 3121
5
3516 722
8752 9041
9178 623
7130 3864
9312 108
14
971 1195
7413 7190
7435 2216
6735 1633
1659 501
4854 360
8660 2553
9008 402
8878 1272
8362 7554
1360 5766
6993 9868
2030 9889
762 6457
9
535 6217
9859 2189
6368 9429
6301 7951
6127 8160
8962 3830
4140 8771
1057 7505
4703 5615
13
289 8822
1625 1265
2192 416
3060 7136
4427 836
7874 9966
5123 3405
4250 4051
3295 6956
6138 9818
1834 8086
1412 9263
2465 4217
3
3889 1942
9907 3074
2576 4926
14
4685 1846
6049 7517
8625 4246
7510 1263
7909 3154
3437 540
1155 3561
2846 6803
3065 1172
4087 3140
4338 1407
5781 6849
5728 6334
5446 5580
14
5986 7981
6988 7834
1855 8975
5889 8860
6655 8947
8454 4492
9936 3644
7732 7200
8556 6217
7283 8303
9909 8591
3533 9821
486 9330
136 8072
15
3549 4263
5344 5491
5746 9051
1533 7404
714 8557
4374 80
2622 6181
3275 3675
3201 2882
1655 7014
2557 5041
2126 6688
2733 7689
4184 7715
4749 7747
3
4810 7772
6211 9260
5192 1032
5
569 6831
3445 4813
9359 5378
6971 5288
7533 9183
11
9135 109
8066 3942
8099 6642
6851 7177
4770 8903
1706 7390
4805 3845
468 4363
7330 2495
2492 3747
5500 1413
3
7155 8743
5299 8099
4572 512
12
3879 2920
7104 9659
677 7870
3586 9170
4795 9734
3705 9308
1010 9676
1767 9561
1711 9248
1165 9266
124 9430
127 4964
4
3840 1962
3595 1831
7127 8319
8337 3414
6
9137 4517
7810 1662
4685 737
6839 4354
6705 3409
7796 9537
12
1700 2096
9366 5258
17 9311
9809 9634
6699 8220
9745 9489
9495 7074
9737 288
7639 2991
7247 3167
7530 2590
1394 1612
13
1031 819
5688 5928
7507 7226
5268 7869
5400 6947
2715 7748
7354 8849
695 7535
2951 6020
1207 2992
322 2572
929 2498
1978 2041
5
2381 3757
7294 7206
2382 8619
846 81
1400 1309
9
5636 2986
6004 5611
2525 2374
8780 83
6747 8832
3399 5967
6989 6368
6176 5366
7415 2628
12
1133 9569
5000 2284
5529 7405
4277 9825
7999 6296
5859 3135
6956 1652
1330 47
298 6218
2731 5429
1115 6843
253 6292
15
1106 9691
4963 7617
6021 1306
7559 8308
7372 4560
9687 4239
8504 1754
7772 713
7207 4806
6486 1652
7118 125
4705 2403
4949 2616
5308 5521
4384 2776
3
4241 3533
4242 5433
3938 7389
6
8447 9379
426 8807
9089 4086
6309 6799
9636 6402
2184 7909
15
4074 3101
6027 2296
1956 3442
1326 1626
4460 1817
7081 2611
5108 8494
5576 9818
488 4841
979 4371
5206 5261
5755 5224
5284 3664
4894 2810
1467 4435
10
6960 5471
1204 244
1686 9862
5784 9691
3821 4056
2437 1412
3377 2755
5236 7171
7317 6218
7998 3750
13
1242 2524
2788 1254
2224 9309
7548 7305
9123 4064
8685 4646
6285 6732
4433 7133
6199 4812
7302 1998
2061 374
230 5150
1361 4674
3
137 9555
1479 5528
8618 3824
15
5064 8937
9880 2773
1044 4492
2675 8727
4522 4455
6006 4329
3242 9586
5960 7034
4567 8628
6518 6915
5451 6679
9193 2954
8609 4398
4747 9109
9963 8219
5
8082 7819
8319 1134
9731 3719
8375 5765
8556 4359
6
6829 9771
242 1404
3263 1342
8150 9010
1700 1602
5491 7452
11
3488 7642
338 4081
9894 5974
7346 7561
4567 6019
7169 7850
7440 9446
4970 6390
3555 6950
3948 6175
1629 4384
8
4926 2792
8443 2874
1676 1637
1899 5091
2423 8414
8859 9453
3773 4700
5745 3056
4
6755 4089
2267 918
1213 637
4507 6053
14
7679 7289
3317 3132
2993 9065
5109 7376
4069 6171
5888 8114
6799 7750
7175 9053
7715 8212
8715 8895
8124 3321
2163 2607
5803 3111
6457 5511
6
4505 3515
9272 9737
8965 5204
8521 4857
9049 2472
8244 331
3
7227 1291
4570 9564
8148 6820
3
7178 4
3677 7948
6800 2475
14
5181 8895
6411 5524
9645 9152
6640 3738
3692 132
2135 7187
2274 9512
4282 2631
3904 5656
4279 6397
3696 6634
4043 8386
4870 3303
3953 9541
4
6824 1070
9463 3237
7043 3048
4493 5896
3
8709 5088
8250 8620
9788 338
5
3045 6397
7432 4695
2164 1825
1528 4636
3190 9631
11
3129 9657
7954 4070
9378 996
6086 8481
8377 4848
7331 8404
4022 9468
4282 9302
3926 9399
6205 6942
3531 9820
12
2532 6269
3610 4665
1396 9095
3190 6086
9654 4046
8103 2831
6967 1008
577 7623
628 1549
160 130
289 8740
1382 7705
6
2009 4809
3088 749
901 1394
1238 2188
165 8519
8195 2280
12
6454 828
8077 247
3584 4188
1595 8213
2380 592
1798 1485
1374 6046
734 2939
1246 4639
1154 143
5181 1434
3225 3020
10
4821 5775
5967 8682
6139 4889
6576 1764
8284 7266
7819 9407
6547 5881
7296 8757
2749 9079
5680 610
13
1503 7872
4436 9547
4529 4452
7783 8301
7980 9667
5878 8110
5199 9222
6079 6302
5375 5891
4601 9552
2686 9881
2899 9557
1539 9846
15
487 6279
6716 3477
6769 4858
9590 9037
7522 1869
3957 2496
1564 4698
4454 3487
7596 2676
542 5514
2078 5019
1591 5311
369 6003
655 9928
4185 9375
5
9943 6475
4521 9163
6913 9047
4615 9858
1367 2835
3
2300 8599
2086 5886
9336 88
3
3693 3775
9731 9320
5194 3119
11
4304 4088
8429 7579
3073 7658
8071 8041
8225 9126
8826 7769
6525 2439
6357 1037
9301 4963
8316 2662
5678 98
7
6949 4207
7134 7471
8713 7856
9714 4047
3449 1442
8314 3723
6966 3926
12
530 5221
4093 2489
1633 3785
4602 274
5853 2584
7384 7900
4094 9923
2265 9484
5666 3554
2734 5959
78 8010
4026 2693
13
3002 9672
1703 3626
1553 8151
1251 7446
68 2619
9566 4569
7182 9060
6055 5689
3986 3744
4145 7285
4192 9020
3554 9060
2740 4528
8
9556 4466
9489 4472
7968 1096
4677 1052
3344 5855
6985 3358
4169 6575
5950 7185
12
2124 1305
6851 670
1434 794
8156 8724
9476 9070
7856 8325
6446 4189
8872 3591
8827 5083
9078 3134
7980 1331
7509 2224
11
4832 2822
3327 1063
289 7853
3321 9387
6417 4488
4268 7922
7762 5461
5977 5614
8859 3020
6137 5107
8300 770
7
2032 8016
2014 3617
6151 5932
7655 5501
2823 8757
2229 9805
455 315
12
8385 6795
7675 5247
7888 5682
7720 3172
2447 1346
453 7623
1261 2449
484 460
7519 1948
6060 1304
7899 719
9590 9788
3
9796 9775
5894 7877
3070 2514
0
