7
5568 4890
7154 1754
9149 9732
1900 1725
238 3148
1274 1024
5903 5851
3
7500 2330
2614 9255
2386 5566
15
3841 2045
6905 1456
9995 682
5695 7806
9843 9329
3598 7407
3061 7981
2109 259
4980 6673
5462 6903
7058 4022
7760 3093
6478 4217
5047 5408
5283 6105
3
3563 8825
8114 1237
8425 1157
4
4236 5516
3686 3661
5949 2294
8950 4448
4
7172 6451
2388 5419
9933 704
8730 4185
4
8954 6806
9014 5382
3084 7354
9221 3316
13
410 3889
3175 5780
8167 9368
9026 8930
2989 5150
6215 2381
8675 6247
5831 5167
6296 3307
5032 5810
9957 7324
6793 2944
6698 2167
5
4714 6178
7024 6374
5773 4681
6132 1879
6098 2143
15
9773 9738
8059 7422
1918 5883
4584 1563
5963 814
8478 3484
6878 257
814 2067
1611 211
399 3015
646 7925
2873 9981
5163 8641
4557 9865
8296 8326
10
9632 9730
7537 2497
6862 5347
2262 1724
529 4210
276 7376
2113 2679
4769 8228
2978 9216
7024 8037
8
1918 2553
653 259
2838 5845
326 6481
4219 6311
937 9687
8435 7321
4178 5965
12
7011 9486
6103 8610
4768 8553
1227 1036
2810 7325
42 902
2721 1192
9297 1958
3886 4882
4790 5378
7202 3562
6173 4675
15
8593 343
9927 4890
3847 4631
3723 9703
3146 372
6321 3247
4001 4522
7616 4695
9558 4079
4718 4437
7770 3340
7895 2972
5730 2219
8156 2918
6223 1056
15
1272 964
8175 6845
2445 6636
6835 6482
2055 4437
1584 7439
1844 2281
1609 5794
1481 4007
607 6983
1036 7501
8134 7401
8130 6902
9381 7566
8568 6732
9
4809 2038
1291 7362
4543 5610
3613 9232
9096 1590
3734 1453
700 46
1238 4774
1195 2921
11
5203 3888
983 3475
5616 1917
6232 8362
6852 519
6760 3579
7939 9622
4996 8613
1492 6127
4554 4397
3889 5319
15
5606 8680
3982 672
1429 3478
1927 6416
1719 5835
461 2490
3534 128
1766 361
2765 197
881 215
53 3717
646 4890
2258 6880
4658 8595
3164 1893
15
9458 5659
1064 7497
921 7834
1307 6278
7988 5737
8333 3463
1392 4958
3794 1167
8546 1980
9451 925
9969 8448
5935 9022
8847 8669
5299 9273
9560 5995
4
1493 3191
2910 686
5709 5364
7943 7531
11
2992 5195
8232 9929
3723 1088
1130 4460
155 5683
3810 8449
6011 8637
1914 8564
4415 9268
5946 8710
7696 9643
3
88 2623
5261 4728
7037 6245
3
9082 992
7016 313
5549 1693
12
1568 5690
7273 4493
4312 5742
5662 5507
8915 6857
8183 7914
6214 7124
6971 6782
4301 6767
5317 5871
5286 5771
1177 7569
3
9090 7636
4798 4585
2525 8518
12
3312 6867
1750 1395
5134 7636
8675 8326
4724 6206
6097 1266
7588 6099
9468 1126
9216 2758
9637 1974
8859 9656
264 8698
11
9758 333
1792 9195
4939 9456
9657 1737
6245 9262
8765 7538
8187 5148
9298 6578
9684 7870
9679 2546
9928 4995
13
8112 6428
2806 4946
9220 674
2796 4370
2309 7465
1281 8847
8775 6438
4961 7051
6175 6303
2870 8270
3987 7042
4964 6550
4577 5755
5
6479 3199
2390 9961
6564 8729
8961 7910
5061 6930
15
4859 689
1128 6894
749 6946
7064 9402
9348 6089
4565 2443
7664 3077
9121 1555
9431 1551
9338 168
7621 632
3308 397
959 1692
4603 861
952 3543
11
3839 9995
1735 6617
3298 2433
3004 1285
9387 4173
5954 1352
9042 772
7541 1771
9371 670
9636 4435
5947 5554
11
4197 4912
2721 946
790 957
3576 365
9300 1183
7403 8851
8853 9421
4560 8040
2543 4819
7200 7384
8326 2352
8
5493 3051
3908 31
6865 1420
6437 772
9522 2883
5824 3859
8523 9869
5534 8111
6
5519 595
2048 9741
4273 2330
72 8744
554 5923
2526 3166
9
9434 7041
1114 6926
3844 1092
5423 3580
6731 4747
7487 3813
6810 481
22 1834
125 9358
9
420 2890
3540 6736
340 8175
8659 5571
7506 1770
3824 4348
5431 5890
4191 5139
381 157
5
5117 9581
6278 9215
6786 8955
9709 1284
7070 4579
12
1389 3341
8988 4083
757 73
3672 1054
9853 2606
9752 5797
9954 9798
3612 7281
9251 9999
2008 9625
1179 8268
5103 4075
10
4140 1674
4290 8952
7997 7612
8519 166
2024 2181
1338 5197
2601 9260
1899 4931
2445 5015
2618 5128
10
7545 2834
767 9854
4718 584
3644 5725
3880 3746
3142 7171
3475 6890
7610 857
8286 6634
5129 8720
5
8732 9173
4778 2513
5684 2308
9337 2881
6112 4319
11
7260 874
3240 2706
8522 7890
7986 4127
9830 7272
9995 2132
6366 3807
8204 6673
5620 3866
7481 2185
9729 879
15
4435 1368
8523 6252
1828 9240
2197 1725
1172 5591
1139 1889
1208 2235
2103 989
3985 7787
2792 2737
3480 3627
4153 2714
3856 383
6080 5981
5808 4961
8
2604 7403
1675 1660
2531 3409
9851 5419
7535 5510
1728 8430
4801 6154
4253 6427
4
4100 2592
9876 831
3894 1307
2483 9638
5
2220 3498
1081 7474
4525 5209
5757 2172
870 386
5
6267 4148
6930 5139
6452 9145
3056 8338
4813 3074
13
6249 2862
7464 6730
6270 3880
1590 6517
6261 9097
6358 9127
9122 4652
8689 5934
9383 4270
9946 4338
3981 1089
5199 3345
5066 3697
3
358 8094
2993 8462
2253 2750
7
1533 235
9888 3379
48 7573
1023 6907
172 7478
586 2433
305 1110
14
8465 4495
8302 9974
8859 7666
9368 9239
8817 1824
2055 1474
607 4976
8013 7782
3863 1837
7731 2044
7461 4328
8209 6735
7918 3760
7920 1797
9
5333 2837
4599 7096
7722 3981
5467 3635
9072 1906
1408 2577
3215 3893
2097 4005
4161 7428
9
6268 1937
4711 2164
2360 4109
7677 3895
9878 3108
8767 5791
2956 9483
212 1281
2952 1232
6
3927 4981
1472 2989
6348 8294
7000 7045
7999 4013
3179 1576
11
9942 3413
1639 6470
7330 7733
3556 7285
1666 8027
170 4229
6024 821
9226 1230
9179 2359
9378 1356
9540 1162
7
5913 2064
1448 9843
5273 7472
6269 4086
8918 6058
7676 5119
7350 2334
11
630 2122
8632 3432
6899 1127
3835 1613
113 673
521 280
7702 269
3587 1063
9432 5
8600 254
9452 6205
7
4398 5087
2729 6243
5277 275
3337 5629
9631 1175
9533 5117
7442 8166
15
6674 6699
1381 8825
7050 822
8281 492
9288 1515
8994 6826
6424 2657
8075 2138
7736 1043
3865 5525
5975 3930
5042 5855
8697 6987
4393 9913
2736 8315
3
8312 6802
1577 4985
1177 4911
12
9848 8081
2582 2639
3837 8355
3512 8839
2114 8046
593 6732
13 1662
3202 1005
4593 1570
9425 6807
7538 346
7455 0
3
1261 3355
4282 2579
4295 301
6
549 8059
6909 4743
4456 1088
6495 1857
8216 1922
3526 783
14
1213 9041
7969 7280
3859 4130
3496 1749
4673 4359
5520 1798
9129 2381
5773 150
7582 1301
8935 755
9268 1779
8335 9466
8241 4907
7951 9056
14
901 463
8259 4331
8159 6265
7276 6797
6280 4963
7113 9556
9353 8550
7044 8077
8393 6217
9193 1804
8788 3503
6621 447
7945 3159
5130 617
15
4305 2566
2909 7082
7756 5112
5423 6062
9520 8353
9584 5187
2710 1616
7577 3088
6413 2484
4263 1857
4567 254
146 1610
3946 2494
1096 2350
2603 3139
9
2556 7318
638 4027
7665 3868
9598 5020
929 4122
8905 8931
7196 8530
3021 7986
6 6105
7
9654 1901
3535 7825
3663 8463
7653 7676
2414 9850
7472 7980
9529 5985
5
1605 8906
5990 5184
528 1028
1329 9262
2061 6492
5
5734 7771
6516 4698
9139 319
6633 2015
7107 2029
10
2841 4640
5580 2609
1699 2280
9375 2468
1343 8715
5497 4987
8436 3048
1083 6264
1563 3516
1896 2586
9
896 4286
1559 7255
6561 8780
3945 6532
1595 7070
3483 4815
8006 6669
7538 2663
3443 3598
5
190 4221
866 7741
2015 6800
8982 6628
6941 521
4
9 4238
2942 9902
8685 3440
8900 682
5
8229 8792
8486 5070
27 1364
2045 4043
4414 7037
14
7784 1622
6802 2711
9118 5952
9559 5589
9484 3861
8991 5236
9100 1329
1386 2504
4233 311
1397 451
427 8455
8727 5545
5308 5092
5513 3369
12
2932 9122
6526 3097
4037 4911
357 9099
4350 373
7087 3767
5921 473
8014 2264
7373 4114
6680 3358
8753 8485
5586 9633
12
313 4988
771 5212
2457 3555
1212 6881
3649 6501
4684 8346
3415 9128
1366 9617
3139 8816
2257 7249
295 9379
6 5267
13
7836 8615
9540 7336
7364 6793
4395 682
8484 68
1633 945
1664 3631
5736 9963
3099 4462
4609 1500
3377 3948
6632 7735
4500 6443
15
9945 8567
3724 3826
753 3521
3955 2038
1152 842
8160 2861
4313 1819
9190 6819
8907 2731
8338 4231
7926 5018
7295 4320
5738 2407
8066 4698
9601 423
5
4144 8884
279 2746
2905 4004
4041 4308
8245 2049
15
7847 780
1865 9522
294 5106
2960 850
5519 551
1276 959
566 1345
168 824
2230 668
4701 55
8316 506
9925 1175
8484 2449
7175 3007
3078 8357
3
8404 6901
4799 388
2990 9577
3
8981 9015
7074 7454
3693 2306
15
4495 7631
2147 4851
2984 1618
5280 3198
8129 6817
7085 4814
9212 3418
3857 1363
6076 2166
8921 810
8327 381
2291 90
691 3838
5113 9507
9850 8518
15
8778 3380
7640 1506
2535 9277
2775 2725
3336 554
3731 3707
5760 4036
6726 1725
6302 2495
6492 492
8650 2337
9847 2482
9045 6890
9142 4649
5802 8429
10
3907 7175
3299 328
4783 2413
5298 7875
4137 3936
5212 9910
3879 4399
4165 6367
3370 9576
958 1684
13
5474 5067
6201 2347
6896 7122
1070 3224
2752 5307
3989 6069
7064 8667
8699 4542
7811 9382
8112 8783
9982 7971
9389 3449
5227 1764
6
4556 8668
9568 9551
4129 3025
8710 7774
4145 537
892 9928
10
7613 5693
9827 124
4923 8110
8017 7151
7588 6070
6751 5994
6717 5239
7321 5251
8550 3048
7362 5871
4
8965 3152
3421 335
4495 8813
8593 9306
9
3226 3297
880 6610
183 4123
4575 426
7860 943
7755 5612
9816 3577
5668 9682
5988 4442
13
6233 453
8998 5087
5725 4983
7203 3737
5694 2410
3165 6765
3490 5612
1309 8359
6438 5775
5455 8621
4349 6839
2119 9297
557 8445
11
8806 8645
9960 2895
6525 3889
2613 653
644 3945
190 4311
4504 8176
6169 4728
2664 6043
1922 2251
7842 5516
15
2365 9943
3275 5024
1136 4738
895 8718
252 8703
1483 2226
7098 5133
7473 5079
9115 2208
6269 7535
7919 9271
3180 8342
6489 9278
2741 8721
9339 9885
3
4739 9071
1487 2467
2311 8828
7
2010 3338
3464 6371
2735 7831
8214 8629
8617 5688
6700 1505
127 2558
13
316 9590
7564 8055
3422 6702
2732 2647
3677 6698
4557 2999
4557 366
2023 1280
2739 3244
2469 3656
424 7883
1856 5899
1079 8545
3
7885 1192
9177 3362
1011 1990
8
2934 6760
7710 2818
9618 6489
8568 7634
2404 7345
6850 5782
6409 5129
5741 4684
7
466 7085
7393 8498
3077 6466
9519 6642
5842 710
1918 6082
3484 1943
9
1678 9553
9947 2741
5609 8081
4774 7591
5240 9024
6269 9938
4440 8460
3393 8775
8458 4148
4
4787 9898
4187 4393
9038 528
3642 3434
14
7952 8008
9000 1319
7281 3896
4856 2512
4657 712
1725 4804
7545 5255
6615 4329
4901 4099
4390 4575
2817 3316
6494 3880
7787 4414
7074 8371
13
9759 4590
2248 3211
5228 3260
4699 2409
8702 3901
5779 2454
8549 3136
7359 712
2574 1360
834 1267
2590 8358
6944 4756
6341 7384
15
4256 4431
6974 7390
1078 9435
2180 1619
2806 7882
2858 1233
8819 6218
7666 8438
7454 7539
4324 4071
6788 5179
3466 2940
5012 4200
3567 3221
5789 7246
5
575 9487
7454 3331
9666 6745
9525 7037
5269 8325
3
1296 6024
6991 5928
8538 7992
11
748 683
2304 2260
1152 5278
5173 4495
5515 5053
1205 5622
7261 7946
915 6528
1415 8756
747 8212
416 4076
14
2684 9651
3264 1896
9667 5818
7128 7281
9488 6689
8804 9380
7472 9340
3218 3259
2967 6727
3190 3852
5245 6410
5443 9882
226 9848
2726 7315
5
4274 3412
5607 6991
1555 1415
3701 2116
8764 2607
4
4121 3479
5419 9099
2235 1926
7012 5661
15
3606 1962
7080 8435
1111 7025
2347 5439
2322 6005
3332 4391
2268 1835
2 718
2781 3130
835 5967
2739 4310
452 7548
988 9201
6603 8599
8878 7963
12
9133 1890
3696 9710
6588 9043
6499 8691
6032 7476
9694 5031
8910 8357
5917 9470
6669 9206
9935 8310
9630 3620
8761 3702
9
7438 1318
9317 593
7005 7834
2638 4989
1966 8688
486 6825
1153 5419
6657 3674
215 3189
12
6384 6566
4439 3172
3641 8153
2810 9808
904 4235
9594 820
6881 2308
6708 8614
8606 9554
4681 8981
6346 7790
6642 4184
5
9591 6292
5631 1454
6517 345
7743 2862
9426 24
9
8079 8697
3077 3660
1302 2805
4781 570
266 2808
1036 365
2005 404
3991 26
9594 2687
4
1015 5045
3694 1107
6724 5443
959 7546
3
5332 1848
1122 5065
4114 2719
5
2411 9042
8627 8964
3944 333
3437 2486
3523 8350
3
6382 7213
9503 1501
9334 3258
8
3788 790
6428 2923
8004 5098
2050 2176
4763 5986
9766 7716
2565 6173
1201 1890
10
1593 8823
539 8737
4338 1654
422 7914
1028 1642
1368 5360
3662 662
9040 8437
4983 3710
3429 9508
12
712 1943
5963 8986
2952 2124
7760 1142
8280 344
1823 2254
3540 4512
504 922
1358 9606
3872 7760
3480 7733
2031 6080
3
2987 8857
4358 931
8261 9858
3
5906 6913
4914 6146
8765 2010
15
6523 8062
7683 5505
2750 7213
8927 9384
1300 6762
2919 1626
7212 1374
9890 2013
9655 2308
8628 5789
9847 4785
9287 4098
9928 4243
9286 8592
5114 7916
7
2571 8040
2714 3198
7225 9286
5495 5580
7844 9866
3796 8509
1694 8010
9
5644 8437
6283 8423
9807 682
8760 9100
8966 4431
8463 4236
8180 7396
7777 8458
4180 8895
10
6451 2358
6290 6177
875 3202
5127 7737
5766 7176
5433 8848
6547 8610
9971 6344
7535 5278
7488 6264
15
3919 9707
7529 2915
5658 8808
9090 4602
8047 2091
3382 1411
6393 4940
831 301
5221 4320
3711 5361
1850 7813
3570 6165
3544 6423
4743 5736
3814 7180
12
5559 8452
7344 9257
1621 6683
1190 5936
284 7048
1462 6788
3390 8145
7811 9480
282 160
2636 6109
1244 2209
3439 4621
12
7076 5937
3968 9499
635 9591
3400 2811
6141 159
6850 1918
4196 8331
5740 4822
6250 4397
9117 2052
6528 7897
6432 6986
12
9698 9071
1443 8103
6440 470
8287 7495
5631 5363
4622 7283
4346 4327
3271 7631
2838 7800
6266 8511
8500 8811
7550 874
5
3640 2906
6156 7286
3151 327
2177 1100
5170 7154
13
8367 6392
8464 1442
6220 458
2104 564
9899 194
9571 4973
8706 4573
8183 9105
7400 9731
1205 8939
2534 1696
4669 6811
5091 8000
3
686 6916
6245 2661
7987 5104
4
3004 2482
17 2724
1540 5511
8913 3846
15
9335 4380
6937 2354
4283 5717
880 6663
5144 8100
2263 9626
4155 9252
5754 8117
3801 7549
5966 7163
4820 7621
9080 6978
8614 6155
6875 5411
6546 3854
13
225 8209
7151 2829
9 4330
1411 2320
5418 1157
8803 1372
7575 7669
7149 8580
3500 6602
7650 5737
6866 5188
6770 5631
5998 3790
12
6035 8673
7974 5895
3695 7644
1495 3811
7600 2812
6640 2372
4995 1125
2279 3025
3106 2253
2872 2169
169 1247
2213 9280
7
1274 7307
8501 3544
8966 1031
6833 491
4599 5187
4686 3678
4846 1443
8
4032 5197
8142 3075
6773 9773
722 8266
4913 602
5117 2602
2693 6544
1403 8369
11
1594 3924
4959 3509
8667 4848
8987 218
7687 540
6211 91
5063 2199
696 3144
1871 6056
1090 6907
7491 6490
3
2920 995
6949 9967
8628 8377
15
3105 9025
3441 3256
1297 447
7857 2638
2018 390
8419 2393
3914 7709
3749 5906
4981 2741
3461 4944
3763 6194
3071 9564
8010 9275
661 9910
1200 2886
14
9052 8419
9728 5598
679 463
3318 7264
4152 4766
6849 9509
5748 7214
6882 8495
5442 5666
2519 2072
2865 2282
5401 4964
6363 4817
6342 7061
3
5648 9913
8706 637
2004 9394
12
1269 9406
1468 4368
9429 6360
1799 5380
2000 5694
4970 7318
9478 6514
5328 8166
1346 9564
9924 7119
9256 5059
966 734
4
3151 6666
5405 425
9931 266
7046 8154
7
3212 164
5813 7132
2422 4018
3533 4234
3473 2750
3415 3368
3024 904
4
5695 7447
2063 8189
1159 5575
7737 6876
7
9659 2971
6268 2554
804 9069
4745 4972
6575 9739
7403 8353
6558 8178
11
1240 2052
6355 8303
5996 240
3010 2317
4955 273
937 260
871 3925
797 5301
554 8830
1000 5816
4755 7662
9
2478 7111
9839 1433
1790 8333
1289 1828
2578 6031
2572 4559
3553 4349
1283 873
6234 668
13
8605 6713
1599 7606
9832 9290
3977 7580
4932 7646
6750 8201
9316 6471
9547 3291
7693 5470
9713 6
7686 3739
7291 1537
2888 4893
12
7419 8537
3118 7340
5923 6656
7074 8075
3811 3589
1433 2380
3054 8499
2135 9922
8225 8906
8041 655
3561 18
5677 4919
14
3562 6076
593 8175
6392 5810
5793 838
571 1820
4185 2203
4658 1793
3844 1747
5862 1656
1612 3388
4832 4153
1187 5221
4394 4840
3447 6284
5
6174 2901
2938 7289
3011 7259
7507 5938
9108 4133
7
2903 1157
4812 8600
6820 9414
9325 5824
8152 1838
3027 930
7942 2405
14
9622 4844
5266 9099
8431 1271
7365 3381
5972 6296
4058 4068
2813 7907
5849 9763
5932 9468
7241 7963
9082 9387
9782 8098
8698 8644
9788 4954
8
1784 3428
8519 6402
3099 7639
8367 9882
1311 8743
1651 2782
438 4084
1602 1835
6
9806 8907
4212 4468
9353 7878
7713 3680
5408 1724
890 4339
3
2764 6897
8633 8182
8177 9762
3
2028 662
7226 4972
6176 6113
12
3332 704
8117 5217
3785 3143
3487 5914
7351 5438
1334 8359
4157 8559
9775 5970
6510 6471
9501 5858
9490 2823
5421 311
12
347 257
508 9238
8711 4977
2877 6161
4442 4302
1042 3215
1305 7923
821 7001
1000 7576
710 7464
919 2500
634 3324
15
8056 9580
3411 3180
1510 3422
4270 2901
100 3388
3536 8740
1604 9031
1836 9204
9647 9945
8354 522
4169 1528
7350 553
1109 2210
2451 2745
7848 674
5
1293 4030
6364 6111
4006 9571
3452 8139
4096 5519
12
7095 4003
1063 9566
6523 2656
2889 5222
202 9261
1600 2841
130 1005
5655 1156
9755 7887
7971 9783
6120 7984
7812 9343
4
1008 4203
4986 1799
8237 1679
2254 4720
7
6911 4350
464 625
8265 806
9997 4836
2294 6928
3551 5261
4176 5545
12
6042 1079
2091 3840
3013 6232
2821 8009
2097 7246
1751 2580
815 2440
4606 1825
4177 401
9958 996
7941 8381
5807 5394
11
7980 7025
2196 120
7850 420
8931 5183
3453 1179
9164 6943
4248 9453
2998 9025
5870 5571
4537 5937
1329 1341
3
4080 9946
9161 1714
5256 3891
13
8730 7085
6329 2665
9778 5853
9918 276
2850 3074
3293 146
2185 5999
3312 9862
9257 8143
3459 6962
4303 4545
6099 3747
6450 4783
3
6251 7097
1707 1151
6631 5798
4
9378 9644
2795 3387
128 9810
7131 7818
12
6409 742
8580 8818
9063 8058
8347 5306
8171 2923
9367 1707
7433 3299
8507 1964
9858 447
729 1108
2768 1972
8001 6967
6
6307 921
513 144
146 1722
603 2539
4725 9799
5913 5840
9
831 9062
4822 5205
3281 2057
1014 3701
2404 5122
1373 3854
3438 3786
2877 3924
3787 3808
14
8731 8011
1558 7924
706 5716
1791 1565
9994 651
5598 6315
5185 3258
6629 2658
3245 3285
2485 4085
4828 7618
9113 5058
9420 4385
9985 3395
8
4362 4674
7651 2305
4016 2212
1356 632
3245 1701
1162 36
1125 3583
1953 4879
9
9158 5701
4381 1126
2459 782
1049 8302
5073 5459
3926 3809
8929 6891
9562 6394
6987 4631
3
5100 8125
2474 793
6570 8191
11
5964 6060
8898 1885
4173 9680
2639 934
4011 5377
5975 5148
3848 3837
2624 667
5880 2789
6705 790
9408 104
11
3134 7048
7800 6950
6910 363
9571 8727
8661 8929
4127 8208
7320 7551
3174 8293
4712 7775
6063 7723
1698 6824
9
7650 4160
8162 1927
4386 5329
2454 564
7525 933
9926 1552
9504 2699
7737 8739
3733 9411
11
3632 7498
854 5354
1933 7859
4369 9418
2354 7824
8873 8075
5394 6904
4866 5228
8258 5343
6285 307
1055 2997
14
8769 9544
8445 1394
584 4189
1854 3738
5394 9542
4426 7840
8018 2382
8492 5665
7959 7606
7618 8307
7334 6236
5568 9151
6327 8960
8480 8308
12
3206 9916
7612 2251
6260 8195
9050 9290
9129 4120
7876 5209
8188 782
7028 916
3353 2390
8136 1289
4945 3262
2770 2194
5
3044 8157
7823 4756
8490 6485
6221 8972
1670 8276
15
1885 2738
3535 7356
566 5633
432 1664
389 7261
8568 9763
5192 2847
5297 2643
8721 4213
9759 3787
8526 2165
3244 2887
2226 2602
7347 8681
3619 5521
12
1936 6396
3323 6592
9443 2813
4343 2732
3022 1177
2520 2363
863 512
4132 4816
6635 2865
5461 4344
3379 5921
1577 2235
14
7248 4615
1506 3928
1672 7532
548 635
360 6415
1122 5985
468 8312
4440 9762
2569 6630
5082 7377
4465 8847
7789 8006
4779 9042
8298 9069
14
2085 3592
1080 3443
7920 9138
3008 6359
3002 5776
997 3494
115 7227
8245 9581
8173 4532
9690 6415
9153 3063
5946 5830
7840 7534
2868 3942
7
9174 9666
8879 4355
2842 3096
2708 9620
5650 9052
8460 9206
5468 4411
15
1810 6511
6375 1246
7592 9778
8618 5642
9898 5865
7728 1721
4239 416
3478 1713
4900 1157
2736 4173
2744 2277
1131 727
1594 2829
1616 3987
1833 5090
10
4417 8335
5847 305
2676 7677
4226 5355
4042 7688
4941 3029
5485 2082
4185 9620
8844 3237
8180 3705
5
9474 9566
1817 8391
6684 9514
150 9642
9353 4
6
1944 9785
1752 3186
7790 6049
4247 8743
5559 7261
3076 6380
10
9650 8121
3234 7010
4777 38
7583 5787
8114 1953
9667 159
9913 9532
7973 8323
8074 8308
3210 8275
9
9837 9914
9495 1948
1413 4660
3507 7551
7183 4587
5189 3707
8217 2966
8441 2401
7006 7586
9
8377 2804
2521 6952
998 3181
3219 3576
4266 3002
7801 1042
4634 979
421 1881
2641 9035
8
992 1424
1283 4345
5233 4924
7978 902
4083 9784
2050 7008
1177 8793
674 8093
13
3390 1996
3432 270
1716 4603
2814 474
1028 5575
5694 4945
4895 6786
1709 5962
6330 7458
6789 6410
6885 4478
2957 4519
4908 2569
3
1797 1140
7755 3405
72 3417
3
4492 1316
2363 962
6632 3462
11
7273 7026
1061 4572
194 358
8277 3836
9536 7868
4272 9161
9338 8942
373 9556
2707 9158
849 9034
4939 8666
8
813 1754
1391 5716
5304 7433
6224 171
4184 2192
3948 849
2954 4422
4036 6859
3
3664 6311
3878 2908
2119 8913
3
1437 7724
395 3349
7597 4732
12
9087 1240
4019 8023
1380 3416
1063 1176
5289 3756
3453 5678
4161 7786
6306 912
6059 3977
6453 4096
6241 3772
7578 1626
8
3633 3241
3246 9731
6220 4469
5197 1918
4885 1980
714 1158
1709 9125
2111 3425
4
6026 5623
5081 8652
9182 6791
7492 6691
3
3927 122
3655 8961
4059 3260
4
8050 9302
5949 9571
1960 8118
9193 519
14
5454 3216
8412 4741
9203 2731
1989 2284
3463 7405
1549 9143
9781 8727
9670 4118
8589 4589
6100 7750
3273 7803
5807 3899
5117 4761
3164 2864
11
6715 149
461 1960
6561 4644
4507 6147
7101 5252
9977 2163
9864 1788
4406 3433
7524 634
5911 1450
2880 1573
15
8613 6651
694 2559
4244 4986
277 9144
3419 6386
5979 7005
9585 8549
3444 5839
5648 6442
7424 7420
7811 7482
7921 7423
7562 6506
4960 4998
3260 4070
12
8068 7283
2419 3578
9645 2281
6018 868
270 1056
3950 2770
7025 2214
1674 3260
1824 1946
518 1231
471 8872
9584 8749
15
4673 9424
5469 3628
6109 5045
9052 8867
7898 7227
9586 4178
7934 3689
909 1882
2192 3605
2490 3753
4397 4423
4588 3838
4061 8033
102 1802
1761 8075
4
4457 3649
3680 6922
9484 7160
4771 679
4
890 7826
5353 9173
1320 2433
2487 6939
11
266 8945
7777 3813
967 5068
9821 1168
4298 3215
1688 827
9121 510
2958 157
7041 477
1073 133
859 4431
14
3504 8764
8103 2370
4662 2611
9801 66
8242 1300
9587 7018
5053 6815
3954 8317
9407 8779
9554 9986
8210 9125
6686 9610
1144 9931
4476 3425
14
9412 3508
7130 5762
6983 2733
4827 3819
1183 6575
8467 8949
4291 7641
8541 9238
3344 7587
4914 8381
779 9434
2 3780
5974 2483
2935 347
3
5798 4022
7778 7231
7471 4941
4
5743 4926
9687 5115
8219 909
2460 6316
9
1690 6720
2174 2573
1731 2141
8068 7907
9635 2054
6681 4529
9453 68
5912 1606
1096 472
12
8980 5496
9914 8018
3798 6372
5153 9588
2226 2908
7098 2227
3261 3361
6538 3656
9206 3211
7946 5926
9108 3540
8117 6576
10
634 4469
8289 1211
1059 2864
4036 270
369 632
4344 51
8448 195
8650 5433
4167 8188
8007 2991
4
2920 9630
4104 9421
7858 7543
5975 8352
15
6442 8291
726 2685
4898 8545
4034 7542
984 6009
2759 9696
2417 9665
318 8146
647 2587
3100 253
4578 5143
8378 6631
3073 4564
9290 7331
5927 9651
6
9443 9998
6491 3294
2525 3625
2917 6800
899 8078
7193 6814
8
5401 1643
6691 5931
1189 6897
934 4220
2423 286
7386 207
5069 1277
9881 5475
4
9998 1194
1031 5779
3510 4161
812 3317
5
5319 4617
1622 4216
7725 175
6755 6835
3956 9505
10
5708 8618
6188 4078
3884 8266
5174 868
1282 8070
3003 5352
2482 8741
4860 8798
9400 8769
7477 4203
7
1524 8139
5981 4468
6980 153
8355 7758
8935 8735
4066 8081
3179 7422
11
9408 9087
4218 718
5352 6919
8984 9864
5893 4016
9012 9874
3781 8785
1612 4887
1840 2253
4183 191
9970 4445
9
6915 2302
7565 7666
8187 8500
1412 532
7510 8470
4324 6952
6495 8271
9055 9884
8655 8806
11
9906 9264
1874 8207
1810 1675
5328 2001
7250 6807
6780 2130
8352 3498
8201 8383
4965 6406
5274 3663
4456 7266
3
5888 9232
5823 5311
8707 4176
12
467 9621
9043 1862
2716 3695
4902 1127
6092 1723
9531 1199
7401 5645
4298 6425
5501 7501
9670 7397
9854 1794
9849 8765
8
4465 2414
2287 3685
6928 7451
713 7429
2438 6582
2678 7252
2252 5369
2043 1666
11
6439 3340
4001 6762
5026 5777
8821 2463
7056 9285
458 9230
1105 5942
600 6572
3277 1692
4484 1860
3523 7061
4
3896 8499
6048 6083
7915 9042
996 9240
4
9721 5440
4928 9705
3045 6515
8979 2736
3
4028 9848
9554 2313
565 2579
15
1974 3774
7871 7370
7040 4708
8332 8780
9302 2048
9475 7
5461 1146
2512 2999
2661 3831
1681 1450
6285 120
1631 735
1888 8382
6189 9490
5401 8292
14
9447 5350
803 8973
6261 5673
0 8086
3757 1168
2484 1927
975 1071
1144 2442
1121 2046
1418 2449
244 5968
361 820
4974 251
9215 633
5
6204 9785
6051 3677
7320 9367
9713 6164
4321 871
5
7800 160
585 9223
8538 4079
9710 8412
9408 5418
8
9836 6363
2573 1100
5506 2846
4039 1273
8041 4971
8702 5128
6872 683
8957 4526
15
8686 9251
5748 6976
2576 552
2395 349
9379 990
6573 7037
8617 3572
9271 7739
9232 2474
9968 7866
9932 9406
880 8887
94 8685
1491 7564
7417 8292
3
5640 5896
9730 2451
5016 943
14
3376 9550
6112 5843
9467 8163
6304 1311
3010 5449
3449 8149
3260 6094
4910 3362
6571 3394
9338 7953
8539 7168
6547 5091
8858 7309
6041 3599
15
416 7882
2160 868
548 5269
431 5106
107 3557
1040 3026
723 2935
1938 602
7512 7146
6556 7363
6061 7992
3532 5452
4478 4175
2033 3308
321 9161
13
6911 9476
9311 4598
4503 6951
7946 5047
278 488
2070 7214
3593 8046
2481 5330
4148 8165
7531 7841
8157 5293
7712 7628
8475 6001
7
9834 7798
4911 837
7305 5617
837 3435
2412 6924
2486 7932
6583 5838
3
4799 5335
9244 6517
706 958
9
7228 7984
1228 4338
1265 6202
697 4929
320 9213
2204 5112
2740 5597
2441 9217
4978 9162
4
5237 6160
9042 6879
2205 7583
2281 1967
5
2632 4030
5349 428
5647 496
4718 6878
487 7318
10
1052 5548
1997 4020
4275 5801
297 9154
1434 9538
4051 6397
6368 4785
8590 3256
7256 730
3423 1032
13
7832 697
6750 9867
4839 3945
5821 3409
5179 3565
612 7345
87 5386
6289 3132
4773 1785
210 1328
7552 672
1637 1303
4788 1265
9
5194 9883
6073 9862
8743 9987
5329 1183
1674 6507
3278 7471
6881 8940
174 7448
2329 8898
15
7513 7899
4558 1778
3399 5992
6777 8907
4271 5773
9898 9920
9666 7015
6786 1965
4831 1880
7665 6949
8255 5480
6744 5230
6093 3036
7771 5038
8450 4935
3
5024 7068
2426 9354
1696 1446
13
6870 9998
2764 2406
6009 5401
3153 1270
1338 433
949 7494
3342 8982
2256 8367
817 9249
3627 9442
2028 2721
1764 2049
1334 1166
3
7508 5124
7891 6539
1027 3579
9
1464 2418
7885 2693
1834 6916
7654 8752
4919 5615
8097 3836
6836 6358
9524 6454
7179 929
8
966 1215
2631 8451
7118 6729
6069 7221
8551 6073
4975 6741
4271 4500
8078 5524
9
6251 2289
4494 6126
1608 3323
4493 8291
7867 9098
7613 6559
7188 884
6764 2371
3439 126
5
7999 2883
9777 8863
8839 560
4431 8190
7128 6477
15
8889 7225
8302 2563
6736 4665
7807 5767
4121 4296
821 2505
2526 417
1906 886
1589 1009
44 3642
336 6250
535 8827
5742 5707
6628 6420
4380 8139
9
2142 1763
5701 923
2115 1709
1192 2342
6364 9813
7782 593
5791 4734
6039 123
5586 4517
12
955 9294
1778 6540
558 1037
4367 2690
1612 8995
8353 8109
4405 6931
8445 5026
6205 311
9489 6338
8451 8228
3847 9958
13
9532 9000
5482 8766
7509 5762
2889 3239
7214 2822
1944 2421
2931 867
631 4112
4452 7335
5547 7121
4978 9096
585 6225
134 9935
3
2129 1947
1578 9503
1668 767
12
9011 71
4941 7299
4129 8396
7528 2408
3022 1974
510 7211
6664 9589
6999 4545
9353 7826
7299 7853
9644 9858
8968 184
6
758 627
6943 5894
9190 8682
3866 4550
2782 2862
4953 7563
3
2146 4763
3138 2977
6092 6413
6
4438 902
9377 7598
9862 419
8906 416
8146 1548
9177 5751
14
9171 9001
4243 554
9680 520
9855 9902
9276 9818
2603 6817
8969 9376
2000 1017
1342 4663
3154 9890
13 4744
380 601
3725 458
7208 6471
11
1190 2697
937 9842
9803 6297
2113 9198
5859 7553
9596 5057
2843 4611
5881 6872
1725 8910
3368 1729
2376 3492
7
9480 4679
4196 3464
2577 3432
493 5788
9976 4701
9478 2419
2684 2488
14
9042 4406
9665 53
9446 4545
3474 5216
6614 6941
9831 9039
6832 8873
3448 8858
4364 6848
1833 4351
5312 2236
3751 2496
3881 436
7764 2376
7
8347 9731
9935 5449
8105 344
6144 9
1742 3961
6378 1936
5940 3760
10
373 578
5806 6942
3138 7987
3490 6839
2055 6942
681 3430
4551 6237
1023 1561
1041 1706
450 2915
5
1524 9117
465 6641
597 4021
7626 2667
9455 4435
11
4273 8988
7140 4307
7107 477
2033 4265
304 2336
222 3950
1033 8571
2113 7486
3438 7131
1885 6063
3420 4345
3
8639 9291
1164 6324
734 6755
9
3161 2201
9099 1779
6431 8054
3741 2936
6522 9841
1846 6538
5466 9228
27 6703
4010 2563
3
4991 1941
821 6408
9898 468
5
1243 3962
6059 8153
3499 5094
4013 6034
1007 958
8
4266 4596
1841 2250
2904 8736
9382 1453
5853 3131
7278 2663
4292 3658
3777 3413
15
5907 8796
6611 6757
802 7999
4352 1823
583 6030
718 6314
2564 4352
972 7248
765 7639
79 2394
1339 2039
5949 1504
3902 2838
2689 5642
8991 1688
0
