38
81 1
97 16
100 29
96 52
90 36
85 19
93 64
65 35
56 37
82 80
60 60
68 72
68 84
50 52
44 52
42 54
40 60
75 96
71 99
62 85
40 89
50 72
30 96
19 96
28 80
16 99
12 92
24 76
26 33
10 23
2 74
0 73
0 65
0 32
6 6
25 14
58 0
25 70
11
40 0
64 11
83 25
89 16
98 66
79 75
28 55
49 83
15 86
8 92
1 4
47
63 0
97 4
64 4
46 8
52 33
90 40
98 20
99 43
96 84
71 69
68 71
96 86
86 86
74 86
56 80
48 84
40 82
25 81
68 95
98 88
91 99
32 92
65 100
5 86
0 89
2 66
62 80
50 75
48 75
16 60
88 69
56 60
0 52
40 46
0 36
4 28
0 26
0 18
32 21
25 24
28 30
64 45
95 47
48 38
21 9
21 5
34 1
45
28 0
66 7
68 25
72 26
70 30
97 10
81 34
92 25
92 28
93 29
76 40
80 42
99 40
97 68
98 85
89 88
53 48
97 64
79 51
60 22
50 40
30 36
14 35
76 85
40 63
9 34
36 74
32 92
39 71
60 92
34 60
86 95
72 98
13 92
7 90
1 46
8 10
1 43
0 40
1 40
2 4
36 28
60 20
32 24
20 8
42
3 0
67 4
58 10
30 16
30 27
72 22
76 7
90 0
96 14
58 76
97 31
77 79
84 70
88 80
97 47
87 96
55 100
28 100
60 97
58 89
36 80
28 88
8 96
70 56
12 40
38 49
12 69
12 75
32 60
14 76
14 89
2 82
0 74
9 79
4 70
10 80
0 43
0 36
8 67
0 30
25 36
12 18
3
35 89
88 99
13 95
3
65 4
29 35
20 11
8
50 15
66 16
92 85
50 76
55 89
0 74
0 25
50 7
3
23 2
97 11
34 15
3
47 16
97 23
9 67
33
82 0
97 14
99 40
92 53
70 42
88 80
82 83
50 72
62 76
46 67
68 48
17 48
40 74
55 92
66 98
5 68
48 98
24 86
0 80
0 23
6 29
0 17
0 4
16 32
28 40
52 40
10 1
49 35
38 10
54 35
62 42
50 8
80 20
11
88 0
98 56
96 96
84 80
64 44
80 88
47 93
60 70
15 56
16 18
40 0
10
64 24
97 52
82 44
95 87
91 98
8 94
9 65
65 80
60 42
52 28
15
100 0
93 63
96 29
91 70
85 91
42 75
20 16
18 60
76 98
42 100
26 94
3 81
0 35
4 71
8 9
25
2 0
78 4
31 38
92 8
78 62
69 64
80 84
65 64
56 56
61 74
65 68
67 91
50 48
56 99
50 68
15 88
0 98
39 60
6 88
12 70
7 71
50 45
20 36
32 25
8 25
23
34 0
87 28
50 16
56 20
80 28
68 44
22 14
90 60
92 28
92 68
82 85
72 90
66 99
26 56
52 88
28 60
50 90
54 99
18 71
28 68
10 40
7 34
28 5
15
0 20
9 21
8 9
68 26
56 0
82 29
92 46
48 74
57 84
75 84
81 95
30 92
10 79
71 54
0 70
39
87 2
98 13
44 5
80 16
75 40
89 50
99 92
92 96
86 76
64 88
71 40
50 76
60 28
49 40
47 33
48 80
49 97
40 95
0 83
10 84
27 48
16 86
32 42
38 70
45 10
31 40
1 79
0 80
1 28
4 48
3 17
2 8
5 21
12 4
20 5
20 30
25 3
4 4
39 0
3
32 27
61 47
27 57
35
1 2
36 2
13 3
48 16
62 3
98 5
62 38
100 56
56 44
70 52
73 60
15 65
56 63
96 76
70 82
78 88
52 80
52 87
96 97
17 86
78 99
20 90
8 88
13 80
32 80
4 64
16 60
3 40
0 32
20 60
55 56
34 36
70 60
40 30
0 7
3
49 3
72 24
99 84
33
1 2
6 2
20 40
13 0
44 41
27 10
40 30
22 0
86 3
80 25
99 36
87 85
80 68
76 46
74 80
77 25
70 75
65 96
62 30
50 58
60 75
52 98
44 53
22 20
25 58
29 86
47 80
31 90
9 69
13 54
3 24
0 46
0 39
33
42 4
91 6
95 0
96 40
20 73
81 79
60 72
75 74
61 59
85 48
92 60
98 72
69 88
91 79
88 90
80 90
41 91
79 79
1 78
20 72
58 56
75 48
91 32
0 73
35 55
4 55
68 32
26 35
1 11
14 0
15 0
72 0
85 0
19
23 0
33 0
84 20
64 6
35 0
75 2
90 22
81 70
91 100
29 89
36 80
24 92
1 59
79 66
22 50
13 20
62 40
7 9
84 33
25
7 0
95 6
95 68
91 90
89 69
88 24
82 12
83 89
82 17
74 72
75 48
40 36
64 48
40 38
68 56
42 99
40 93
18 80
9 67
0 14
0 0
11 53
31 54
52 64
42 56
9
64 1
80 32
100 90
60 94
17 88
6 31
20 15
32 10
47 32
35
84 0
94 9
96 40
88 26
84 13
98 76
95 92
85 19
15 36
47 52
23 36
55 28
83 43
86 93
76 92
50 72
61 94
24 60
8 52
42 90
36 90
20 95
12 86
6 82
0 85
2 74
5 31
13 7
15 10
30 32
36 20
42 23
19 4
60 14
62 8
15
50 6
96 6
96 30
91 96
40 84
40 88
31 74
91 35
13 54
15 94
5 12
12 4
40 35
45 6
64 20
3
64 6
35 97
5 71
37
53 1
99 2
96 48
92 28
98 90
88 98
91 78
84 20
84 39
84 90
82 89
75 73
62 96
81 24
72 42
70 60
60 80
52 78
55 45
56 44
39 43
21 97
10 92
3 86
0 77
0 60
0 28
0 20
12 80
1 20
4 4
16 5
26 48
51 0
26 52
30 64
25 80
3
39 8
78 40
75 61
22
34 1
92 11
80 20
90 47
32 73
44 76
74 64
84 96
39 95
50 97
34 98
10 80
31 98
3 80
0 80
60 30
29 49
0 62
16 16
51 6
25 5
26 0
12
43 0
95 0
91 74
62 96
10 73
80 64
45 68
35 60
44 28
5 29
8 12
86 16
36
40 13
96 13
60 64
80 38
55 82
63 70
97 46
69 87
75 86
76 84
85 84
47 96
0 96
42 74
24 55
35 71
9 84
4 63
8 90
1 67
10 30
8 26
0 24
20 12
66 0
62 4
17 22
44 52
40 60
50 64
57 24
72 45
86 16
45 26
52 20
75 18
3
67 8
95 61
62 76
3
95 4
76 22
0 33
7
78 14
73 77
13 81
32 31
42 15
52 64
56 74
29
82 0
86 22
70 20
48 10
89 30
85 54
95 12
96 55
99 80
97 100
60 41
64 35
20 80
38 57
58 22
50 34
9 92
19 65
14 68
25 60
49 6
42 15
2 59
0 30
4 23
20 29
6 13
9 7
14 4
41
13 7
58 11
35 16
24 8
8 39
8 50
32 40
44 20
8 84
46 20
54 25
20 72
76 13
70 32
50 60
20 86
40 84
66 51
80 22
57 83
90 50
82 28
91 16
82 0
90 0
98 21
99 30
88 68
97 71
94 100
52 99
60 92
35 98
5 85
0 82
12 55
24 45
2 60
1 55
0 44
0 30
29
31 2
99 17
40 32
60 24
53 12
49 8
25 5
25 50
8 68
81 50
88 29
100 19
98 28
66 80
96 40
88 94
90 90
98 97
90 98
58 83
72 96
68 99
35 84
60 68
11 80
0 63
1 17
2 46
15 4
3
7 8
17 57
22 92
22
40 0
42 0
53 60
94 1
64 64
89 16
100 32
99 44
92 34
93 82
82 48
63 97
10 68
12 87
6 59
10 33
2 32
0 20
30 43
4 20
28 12
41 68
19
46 0
97 17
52 88
80 88
85 72
89 68
84 92
63 98
11 86
10 48
0 83
0 8
13 10
31 12
10 40
78 25
74 15
5 4
20 0
23
3 1
48 9
56 80
19 8
50 87
68 80
68 59
63 0
86 22
90 40
99 81
99 86
88 38
84 25
75 100
80 28
76 69
60 98
41 95
12 86
12 90
4 64
4 14
3
74 65
77 88
39 79
32
2 2
95 12
96 34
100 74
92 22
83 52
99 80
35 75
65 89
21 84
52 90
57 99
31 94
5 97
39 92
17 92
0 88
4 72
1 66
32 76
10 37
77 45
26 60
82 76
76 70
85 42
40 22
40 20
24 26
0 15
48 18
47 12
14
38 7
96 22
81 6
94 0
99 23
91 87
60 92
38 90
78 48
36 74
18 76
18 64
62 38
18 60
14
70 8
89 25
94 50
37 50
48 60
43 74
93 69
69 94
88 95
11 94
3 57
8 37
16 22
39 13
37
48 4
71 11
46 16
75 12
95 39
99 78
56 99
34 99
7 96
15 58
20 34
20 40
40 60
24 40
28 40
31 40
52 64
50 34
76 62
27 81
20 92
86 59
48 95
94 62
74 40
74 20
72 24
20 28
10 80
5 86
0 59
0 27
24 18
50 25
18 15
16 7
28 1
24
35 5
56 14
36 70
52 57
69 61
89 41
88 67
81 95
58 99
76 75
37 99
42 68
18 97
19 58
20 90
36 46
14 26
9 55
3 58
18 6
36 4
78 4
76 30
60 10
48
24 3
69 5
30 4
54 6
38 68
36 66
35 50
34 80
35 80
40 85
38 92
60 74
40 76
70 55
60 23
76 9
90 13
74 61
97 0
87 40
98 19
99 66
84 90
78 71
80 60
66 87
31 100
13 94
29 85
10 87
0 87
0 71
3 52
24 47
2 45
0 30
10 44
20 42
0 15
32 43
32 90
37 8
7 8
32 10
25 35
4 8
5 5
17 0
32
11 1
81 16
42 25
65 25
85 15
75 30
62 45
34 20
14 37
30 59
25 33
32 68
80 80
57 50
95 23
98 30
100 52
98 75
98 82
83 60
63 50
96 88
7 63
67 99
62 99
47 95
52 92
2 88
3 73
0 60
2 42
14 56
38
18 0
33 0
30 16
48 8
52 37
12 65
24 78
52 40
50 73
77 6
84 18
89 16
98 65
95 75
84 60
99 96
74 62
80 67
68 46
72 34
76 20
54 70
68 57
80 87
75 77
54 75
45 96
54 96
11 99
2 95
24 92
32 96
38 96
0 77
14 52
16 10
0 76
3 28
3
30 15
71 33
27 65
43
60 0
99 25
96 84
90 20
96 88
88 52
80 46
93 96
21 100
6 96
76 91
68 88
28 94
84 72
6 84
36 82
10 84
0 94
0 76
0 45
30 50
34 60
20 79
48 65
32 46
86 70
83 66
0 27
55 48
68 44
80 34
66 36
76 20
67 12
50 46
14 32
12 21
8 19
2 3
10 6
30 29
7 1
40 16
10
85 2
78 55
76 75
81 75
96 63
70 93
30 81
5 94
6 24
41 6
3
69 57
75 76
16 72
41
87 3
97 28
96 30
81 36
80 40
98 65
80 67
96 68
98 98
81 85
75 84
84 4
58 54
36 69
50 60
30 88
26 85
22 96
18 88
4 94
4 86
28 75
32 85
30 40
54 35
40 23
20 56
28 56
0 60
2 36
7 20
8 19
0 15
21 12
59 23
61 24
60 15
26 6
61 2
84 2
50 4
22
95 6
98 51
88 25
96 80
86 25
80 54
63 96
76 50
76 27
38 100
2 88
4 86
3 70
19 72
7 34
14 8
28 40
35 42
34 53
35 83
56 8
82 27
27
98 0
93 60
76 42
58 45
43 75
48 80
91 69
72 83
50 97
14 90
30 92
16 88
60 28
12 64
28 20
24 28
0 90
8 40
3 54
0 40
2 33
3 31
23 10
20 8
90 32
40 3
75 0
17
17 0
86 13
22 53
84 26
99 16
52 61
100 57
78 71
61 92
32 90
23 87
19 80
75 38
7 74
1 57
0 44
0 20
11
46 3
90 61
86 35
99 95
37 92
66 36
5 90
58 33
0 76
0 20
34 28
36
18 0
59 0
48 1
91 5
67 20
95 40
80 57
74 33
75 40
71 66
51 47
48 96
100 97
24 97
12 73
7 62
10 75
3 75
0 76
2 49
8 69
0 36
1 39
30 60
22 63
20 64
12 68
40 82
47 75
0 12
13 8
40 61
38 48
40 30
52 10
40 12
3
46 21
88 59
44 95
30
31 0
79 5
36 4
92 8
99 12
100 18
42 76
56 76
68 57
74 68
83 79
94 71
87 78
52 90
30 92
68 100
7 97
0 95
85 20
32 60
1 63
2 36
0 22
17 18
37 36
0 0
12 0
32 20
42 32
28 11
15
98 3
96 97
7 84
6 67
5 56
14 60
77 90
90 68
82 76
3 23
32 0
58 0
66 8
36 30
46 25
33
44 0
64 3
50 62
70 55
96 32
64 20
100 23
96 40
40 84
67 88
92 60
85 78
81 76
98 90
60 88
47 100
34 87
48 33
27 94
20 85
39 28
11 66
13 34
1 16
7 5
11 0
20 36
18 24
25 0
40 4
44 10
24 40
56 10
15
16 4
24 4
50 4
89 16
88 32
68 77
63 82
44 36
26 94
10 66
0 60
0 24
3 32
6 6
8 5
3
60 13
89 29
52 54
27
74 5
93 8
90 30
88 24
70 10
80 30
88 40
96 56
92 66
8 68
72 76
87 79
57 85
19 99
0 80
0 53
50 49
56 46
5 48
0 34
2 24
80 45
14 26
0 20
26 10
18 2
78 7
25
43 1
99 2
91 93
68 65
50 40
72 99
70 97
52 50
43 99
38 78
28 99
28 80
34 64
12 93
25 56
20 80
30 56
18 48
27 16
33 62
52 28
92 80
34 0
88 40
64 20
11
39 9
84 30
99 37
93 82
55 94
38 88
34 84
22 69
8 41
60 25
17 31
27
10 0
90 0
36 1
70 14
92 19
52 48
90 22
84 44
69 51
98 44
95 91
92 90
86 94
77 99
65 97
11 93
33 93
40 31
50 14
4 80
0 63
22 39
35 24
10 23
0 18
0 16
2 8
15
62 2
87 30
62 72
91 57
68 92
30 26
40 69
0 91
0 20
2 30
11 0
19 11
56 37
61 40
40 8
27
33 0
99 5
100 53
81 98
94 10
70 85
74 68
42 99
34 84
42 96
76 36
45 76
38 76
39 80
30 72
36 22
34 14
28 16
24 97
16 88
18 95
14 90
11 80
4 70
0 56
2 10
7 0
15
71 2
94 39
98 35
80 97
40 97
17 95
2 48
50 92
2 33
1 6
12 0
4 23
66 96
40 28
24 16
21
31 8
88 8
74 12
94 56
96 56
100 94
60 78
52 40
61 92
49 60
53 66
48 46
28 79
18 89
48 10
2 78
0 44
0 15
40 20
2 11
4 8
32
38 2
89 6
92 12
60 8
64 12
44 8
53 12
60 26
69 82
68 12
100 65
98 90
94 100
76 92
86 75
64 88
40 80
20 86
41 98
2 82
13 86
4 46
16 76
24 67
46 71
36 36
8 50
9 14
16 3
50 40
64 72
60 60
11
98 0
98 14
94 58
67 87
1 94
4 65
27 7
22 80
52 14
60 3
52 80
40
50 0
91 6
60 0
96 0
87 24
52 8
70 47
72 32
75 49
84 32
96 34
97 65
95 80
96 69
84 84
84 70
92 64
80 53
50 40
62 49
54 55
70 91
50 93
22 48
42 80
8 19
20 61
10 28
8 50
10 55
27 92
6 78
6 92
1 84
4 52
6 50
2 3
51 88
40 30
36 18
33
0 0
72 0
91 14
68 8
46 36
59 25
76 40
74 53
62 62
28 88
52 84
71 61
75 68
80 20
78 60
89 35
92 22
93 39
95 78
68 78
76 80
74 96
52 95
40 100
17 92
54 57
2 52
64 50
0 37
12 23
15 40
44 45
28 41
3
59 27
100 74
52 91
5
67 5
89 96
33 94
2 24
33 7
3
16 0
100 6
18 43
27
67 1
88 13
100 55
90 60
96 66
94 96
72 26
64 23
79 64
64 53
83 100
32 95
0 72
0 33
16 60
40 90
9 45
2 29
0 24
25 22
48 79
54 83
60 14
50 44
40 44
40 52
38 9
23
34 5
95 6
80 36
84 54
100 15
98 60
87 92
81 42
79 67
80 92
76 84
70 53
40 68
55 68
38 99
1 76
1 34
9 22
22 32
30 64
40 47
44 62
65 32
22
73 3
95 24
68 48
95 33
56 76
89 96
58 100
55 100
29 50
28 60
10 82
0 85
1 74
14 19
47 44
39 8
2 16
20 12
50 0
90 0
52 5
66 64
30
39 0
85 13
8 44
20 40
76 20
88 18
16 48
50 48
76 50
95 34
97 20
96 80
97 86
71 88
72 92
44 90
96 96
24 88
25 72
30 82
75 57
56 84
93 50
17 70
0 60
3 47
2 14
10 36
36 22
53 20
3
15 1
41 9
58 90
3
46 15
81 98
26 93
11
51 4
71 21
89 48
24 24
92 68
25 94
34 62
16 18
74 40
75 40
42 7
19
64 12
74 19
95 53
70 0
90 10
100 82
80 75
64 66
19 100
58 66
1 96
50 44
8 42
16 0
28 10
27 29
31 10
72 40
76 50
42
72 3
94 15
97 28
100 56
93 94
85 92
66 58
58 35
90 90
67 40
80 64
70 40
87 75
96 65
72 27
84 25
98 46
93 24
85 18
9 5
50 20
66 68
66 98
64 91
32 99
52 93
27 97
5 53
8 77
0 44
0 20
16 39
0 8
10 26
55 77
20 24
27 36
4 6
38 20
8 5
15 1
39 1
3
29 5
42 29
22 23
27
16 3
83 5
38 6
24 12
41 56
48 62
86 10
86 52
92 7
98 59
92 68
74 83
55 97
77 74
76 50
84 20
40 97
64 42
39 97
15 63
12 92
0 40
11 54
25 29
2 19
2 30
1 8
19
57 1
95 43
85 42
65 10
99 72
98 89
93 82
26 97
0 63
20 84
37 69
20 77
8 49
58 4
20 34
4 42
28 20
17 8
35 20
43
50 0
78 0
80 6
48 44
49 40
47 47
34 72
55 60
68 24
85 0
95 5
90 40
88 72
42 91
36 92
80 87
92 80
87 86
69 96
48 100
17 100
9 91
2 80
9 83
80 69
16 78
40 55
50 36
56 12
10 68
0 69
10 42
3 57
10 20
0 48
0 23
0 11
4 22
5 4
28 0
36 0
8 50
7 52
21
52 0
91 3
96 15
81 32
98 39
82 64
65 18
84 84
57 90
67 70
44 92
24 92
20 50
4 78
2 43
0 44
25 30
0 40
35 12
32 40
50 1
3
31 3
63 17
83 54
6
41 2
70 63
63 88
47 86
31 99
28 56
0
