37
94 5
95 29
84 12
78 14
80 15
93 93
89 76
72 15
91 94
72 72
60 70
40 25
30 48
28 45
26 60
26 68
56 68
12 82
54 71
66 94
44 92
33 97
4 88
5 86
4 65
7 80
41 19
26 28
0 61
4 47
6 46
37 14
60 14
40 13
67 7
86 3
78 0
42
16 0
71 0
26 7
56 2
7 10
12 12
19 25
52 16
29 47
64 14
94 0
95 8
72 72
80 45
75 40
64 62
75 78
97 35
88 58
99 91
26 97
14 92
16 81
4 83
17 62
30 88
38 92
48 72
64 55
36 80
67 31
80 15
4 68
0 78
0 68
2 65
15 47
20 54
32 22
20 26
2 22
0 13
15
13 1
57 2
88 0
75 18
87 40
97 65
60 26
50 60
70 72
100 80
40 80
98 98
16 88
5 15
50 50
45
7 0
85 20
28 5
28 3
48 0
91 7
84 26
92 10
95 43
76 34
50 40
72 48
69 44
95 61
34 35
96 67
62 52
44 64
92 70
38 64
70 68
89 94
86 97
67 94
80 92
60 92
53 83
11 96
21 92
60 80
20 55
20 67
2 75
6 92
0 67
10 52
18 40
0 64
0 55
2 40
0 36
0 16
0 8
4 50
16 19
12
43 6
74 49
86 54
68 60
92 86
84 92
12 69
67 98
2 89
0 75
17 24
45 0
21
79 2
91 21
96 16
98 44
77 70
60 90
45 99
70 8
34 60
18 50
18 94
0 86
20 38
20 24
0 78
9 25
8 16
20 4
24 5
45 20
26 3
19
45 0
46 0
90 10
95 52
94 80
61 93
92 52
8 99
20 85
10 74
10 59
30 64
49 51
90 20
32 40
0 65
12 48
68 15
26 10
31
21 0
99 9
94 45
92 52
90 56
79 94
80 58
88 29
92 16
64 78
78 52
74 95
25 99
12 76
20 88
17 81
28 97
2 45
60 96
28 44
59 34
34 40
1 30
45 20
0 27
8 8
0 10
5 4
20 20
20 6
9 1
39
59 1
77 5
60 47
75 26
85 12
88 14
74 38
93 16
94 76
90 78
90 66
76 54
67 56
91 96
88 99
38 93
23 91
53 83
55 73
11 86
0 30
0 27
7 62
13 36
12 40
8 47
10 10
9 33
11 16
17 58
32 33
22 78
28 67
36 30
81 88
75 71
61 62
17 5
28 11
42
89 4
96 7
100 97
64 88
44 68
61 54
48 44
30 46
25 74
6 75
8 76
50 88
94 99
6 98
32 96
21 95
6 89
3 74
28 44
8 37
6 40
0 33
40 20
22 35
46 30
88 88
64 50
80 65
85 55
56 40
60 20
75 20
18 18
17 21
4 10
35 11
44 8
84 22
54 8
61 4
81 16
95 29
26
91 0
96 61
88 44
65 37
60 29
36 16
50 48
98 90
84 88
32 48
90 96
50 90
58 90
60 90
36 55
16 50
8 44
49 99
19 84
20 92
0 40
8 60
4 40
40 12
7 2
88 20
33
35 0
36 0
68 6
83 0
82 34
98 60
98 64
89 60
72 20
92 72
80 62
71 20
80 74
45 44
92 86
40 98
43 94
22 99
24 92
2 82
0 76
10 56
65 84
62 80
10 43
8 50
12 18
15 22
43 4
40 12
23 40
30 45
50 4
46
6 1
100 5
60 8
50 16
44 18
81 15
60 42
66 40
60 49
78 48
80 62
96 16
80 75
53 52
76 18
39 64
40 50
34 44
48 35
28 17
35 75
52 60
46 70
80 80
60 86
88 90
31 85
68 93
28 96
40 98
20 100
25 95
38 94
4 72
0 90
0 55
2 80
1 60
0 48
1 35
12 59
30 80
16 52
0 19
0 4
16 25
3
50 44
27 85
30 54
43
11 0
52 0
77 0
80 8
95 16
97 20
100 44
85 60
85 69
90 92
79 96
37 100
12 94
54 42
17 80
6 67
0 86
0 64
0 25
8 64
60 36
41 72
36 95
56 82
56 78
60 52
62 96
68 73
80 72
80 60
89 92
76 39
80 46
88 41
40 28
0 12
0 8
0 2
2 0
24 15
12 4
43 6
16 4
17
12 9
62 20
90 7
88 26
60 22
84 31
86 72
80 76
82 88
20 96
16 82
32 84
15 70
0 54
8 8
25 60
83 59
47
4 0
86 6
50 0
90 4
62 0
92 0
99 9
42 12
50 25
60 30
98 40
36 32
46 41
60 40
44 50
27 16
16 38
24 67
71 40
87 45
96 60
62 64
55 76
31 80
60 81
52 80
99 75
96 80
96 94
88 100
80 93
94 86
80 88
59 100
64 88
62 88
20 90
11 94
24 85
44 86
55 88
12 80
10 22
1 92
0 85
0 79
2 29
28
36 2
99 3
85 40
98 90
60 84
80 80
24 66
20 87
40 87
30 100
11 94
20 68
0 85
6 63
1 35
5 38
57 57
76 70
88 56
72 46
4 18
8 16
2 12
20 12
18 3
45 19
66 40
58 16
35
27 3
73 6
48 20
81 36
91 12
95 24
92 53
59 50
80 37
33 43
28 44
55 44
61 48
52 56
72 80
75 62
60 56
89 56
72 82
70 84
36 65
83 95
10 53
25 96
16 61
24 80
71 97
62 98
0 96
0 68
5 44
57 12
0 25
10 20
26 16
15
69 6
82 38
40 22
95 98
48 82
40 80
41 93
12 80
9 75
8 53
20 24
0 46
4 30
20 0
45 5
35
54 0
84 7
80 55
90 16
91 87
96 42
94 80
95 86
81 90
40 76
34 76
26 80
58 90
31 83
3 75
0 79
0 74
0 72
87 74
24 56
25 50
84 60
74 50
80 45
20 48
0 20
32 34
2 13
16 22
9 2
56 33
57 25
22 6
57 22
64 29
20
57 0
92 13
80 64
97 24
98 24
92 82
76 75
79 92
70 48
37 91
68 30
48 50
22 90
12 89
1 49
10 42
5 32
9 12
18 11
24 3
44
9 0
63 0
50 16
40 40
53 8
43 12
40 38
10 15
20 62
20 48
44 48
40 64
27 76
56 81
42 70
54 36
75 20
84 4
57 89
93 20
95 9
88 93
88 50
84 48
82 88
72 72
61 84
67 98
86 99
25 99
4 82
16 76
10 72
7 74
2 79
1 57
0 80
0 70
0 4
2 20
16 72
27 98
19 65
4 6
10
96 0
94 41
55 68
0 95
0 0
32 48
63 26
72 40
60 17
16 17
32
95 6
99 87
75 52
74 70
62 20
57 99
35 97
23 94
12 99
22 88
9 94
24 78
3 64
40 68
52 40
24 66
35 24
2 57
0 43
22 30
0 41
40 20
20 30
0 12
28 2
54 0
64 20
70 10
74 23
74 25
95 3
70 49
42
58 0
63 0
73 0
70 4
86 3
80 24
30 10
52 19
64 50
76 49
99 8
91 68
98 74
46 40
20 22
86 93
57 80
28 36
46 64
57 88
58 95
56 90
43 91
40 70
33 87
40 60
28 76
23 85
15 96
5 60
10 79
10 92
10 94
0 70
0 64
13 8
6 32
0 50
13 2
23 11
39 30
20 0
45
40 6
92 7
80 60
69 68
65 20
40 44
24 56
20 72
50 48
40 50
54 44
60 44
51 76
80 80
90 44
95 28
95 10
99 32
96 37
96 65
96 94
95 74
87 87
80 91
70 87
66 97
66 96
46 98
32 98
0 98
1 91
0 30
3 16
0 14
28 9
36 6
39 5
15 10
46 0
53 0
20 15
2 26
12 72
5 53
12 83
26
1 3
45 5
92 14
97 25
63 33
75 40
88 80
52 13
50 23
64 39
75 87
94 96
37 90
63 80
42 45
38 87
29 95
23 91
2 72
7 73
13 53
12 44
23 64
18 45
18 36
44 40
25
14 0
93 6
89 14
88 10
47 23
52 31
80 40
93 61
24 36
38 15
5 46
32 44
60 76
27 59
20 64
34 77
58 76
86 89
37 85
77 94
15 98
5 56
3 89
0 58
2 51
37
28 0
94 6
80 16
84 6
11 12
15 45
44 12
80 20
95 25
96 64
85 80
95 71
75 98
61 58
64 52
80 72
90 68
72 61
77 44
20 46
32 92
61 87
60 89
51 93
18 96
40 96
10 98
6 91
30 86
10 90
10 64
2 56
0 64
0 50
22 70
4 20
4 15
8
93 0
73 44
56 36
9 86
1 3
8 15
32 46
52 10
6
55 6
93 71
84 75
80 74
11 71
82 55
7
86 8
76 45
76 50
58 77
5 83
11 64
26 25
11
63 6
99 90
81 72
77 95
5 87
33 79
20 60
64 54
72 42
0 63
29 18
39
19 7
73 9
72 20
18 60
58 40
80 14
70 36
99 29
26 60
22 64
64 50
55 52
99 39
56 58
53 65
71 64
88 74
89 60
91 82
42 80
84 93
93 96
60 99
53 93
30 86
0 65
0 57
0 43
0 10
10 14
8 5
10 6
18 0
14 16
24 28
12 60
23 52
43 20
15 16
19
59 5
94 11
93 88
45 98
10 85
19 75
5 54
14 64
80 49
60 40
14 41
7 43
0 52
4 28
4 21
23 12
8 2
40 7
7 1
14
57 3
95 33
95 55
90 53
38 10
12 24
94 76
90 83
28 41
86 90
32 56
51 90
15 81
10 18
7
88 0
91 52
93 90
20 67
15 65
40 26
1 5
15
44 0
85 10
85 22
96 44
92 80
84 71
48 58
19 32
82 96
9 99
3 88
20 48
13 63
13 43
34 2
38
5 0
63 3
16 0
48 0
85 0
24 20
13 72
26 40
89 6
46 34
64 24
40 58
62 43
60 62
58 77
71 20
88 28
75 48
98 50
80 50
96 84
60 70
90 95
96 100
24 60
40 72
30 72
25 79
10 95
11 30
10 61
0 93
4 80
0 64
0 60
4 35
0 36
0 31
35
3 0
10 0
97 10
99 58
76 36
86 73
60 71
60 55
66 50
60 42
54 72
97 76
84 96
50 82
40 90
13 98
28 69
64 25
20 60
33 56
25 72
6 100
0 71
72 12
39 39
54 6
45 5
44 20
24 50
0 66
32 6
18 20
0 21
8 20
0 20
47
8 0
56 0
18 0
66 0
30 0
89 0
9 14
1 24
67 5
60 8
80 8
64 10
71 17
93 13
98 24
72 44
60 56
40 61
60 66
80 56
92 84
95 95
70 68
58 79
65 86
62 90
36 96
61 90
40 94
48 91
35 86
50 70
50 64
17 82
24 74
4 72
4 76
3 65
6 45
0 43
17 36
49 40
32 65
72 33
90 25
0 26
0 0
34
28 1
87 3
66 9
44 7
56 10
89 18
92 13
100 70
93 97
88 67
84 56
89 96
74 63
78 32
65 44
63 85
64 73
70 100
43 91
20 100
18 80
60 46
32 72
20 96
62 64
66 16
29 66
21 46
1 50
20 40
34 6
14 31
0 28
17 10
26
15 3
99 4
73 5
80 12
95 34
72 23
65 12
77 33
44 72
66 48
75 62
100 81
92 85
74 95
44 74
24 83
69 96
0 97
61 40
60 28
28 55
14 68
65 20
40 39
8 25
2 23
34
42 0
77 0
77 2
4 21
58 10
41 52
52 40
97 11
96 45
95 53
76 73
94 71
80 90
64 98
51 97
44 90
76 86
64 75
87 32
28 95
28 38
39 20
10 32
27 48
20 83
16 50
12 85
2 61
1 56
3 19
7 11
38 11
8 0
40 0
13
93 8
85 100
65 98
14 69
60 64
0 55
68 63
80 48
64 55
0 45
42 17
10 0
25 7
11
34 4
82 14
85 72
81 80
75 54
69 80
68 82
15 70
2 46
40 33
14 15
31
41 3
61 11
43 0
74 11
86 25
86 32
92 30
96 63
88 66
94 72
95 80
72 78
45 94
61 86
39 99
8 98
55 80
5 79
0 36
0 0
12 14
4 70
56 80
20 50
21 50
26 25
17 7
60 40
50 40
59 70
90 69
3
42 68
81 74
25 100
42
77 0
87 20
84 27
68 62
69 60
64 72
97 15
97 32
78 63
97 84
80 96
71 94
50 79
36 98
36 89
8 96
2 73
88 80
88 79
34 70
52 66
60 27
44 64
30 62
16 34
20 49
12 25
15 20
4 10
0 80
0 60
0 56
0 42
0 10
0 0
20 3
36 12
36 14
30 20
56 5
64 0
50 22
50
90 2
100 32
98 65
96 25
48 50
40 42
40 40
62 42
87 18
38 20
22 29
12 68
10 80
13 85
24 74
16 76
24 58
68 47
93 55
17 84
12 95
53 74
56 80
70 70
72 70
99 71
96 77
90 80
96 74
73 90
60 80
36 96
29 97
0 98
0 93
4 90
10 56
3 31
0 72
4 17
0 8
16 12
7 40
33 3
0 4
20 1
1 0
47 0
24 20
95 0
25
67 1
95 28
87 50
95 36
84 98
80 40
80 60
72 15
73 85
58 50
68 95
42 20
60 98
39 94
40 86
40 72
41 50
2 94
0 92
0 46
12 66
20 50
1 24
4 5
32 26
19
61 0
78 1
80 25
85 25
96 9
91 54
85 72
65 14
76 88
65 86
6 75
9 72
8 71
0 48
16 72
0 18
26 20
20 44
15 68
12
25 3
84 34
60 38
86 44
96 60
85 88
61 98
84 58
49 100
0 72
77 45
3 32
37
28 1
72 7
64 4
80 0
71 14
41 11
34 4
20 20
90 25
87 29
84 32
30 24
92 43
100 55
80 74
82 94
76 98
57 99
49 97
3 81
50 84
74 89
16 64
0 55
42 64
19 64
68 76
11 25
83 56
74 63
40 50
70 73
97 57
0 17
7 13
0 16
2 5
34
45 2
93 3
96 0
99 77
92 25
97 86
86 54
84 61
92 4
75 4
67 91
80 26
78 97
84 99
13 100
50 80
2 87
0 72
0 67
11 70
40 76
44 52
60 56
70 50
68 48
56 36
34 32
21 50
28 12
59 36
56 32
60 8
22 12
5 10
26
32 0
62 1
66 2
78 4
88 37
88 79
98 94
88 90
81 40
82 75
80 20
81 96
27 100
25 60
39 48
28 58
80 56
55 6
5 91
0 81
0 61
4 22
7 16
4 82
16 34
20 58
12
36 2
97 33
54 28
81 52
80 64
30 56
40 88
96 94
35 95
4 99
18 44
12 69
15
54 4
88 20
96 69
88 6
98 43
96 76
95 68
93 74
20 92
80 64
28 34
0 80
5 10
20 30
68 12
25
35 0
66 0
51 4
88 7
99 54
94 78
94 84
92 36
92 60
89 89
84 20
85 94
64 58
41 98
24 39
4 86
0 64
5 16
9 12
32 50
10 11
38 30
32 30
60 63
56 42
45
37 1
77 4
48 0
77 0
80 4
69 25
82 36
86 14
100 48
100 52
37 16
97 72
20 8
60 46
36 22
84 65
95 76
90 74
94 76
93 80
54 45
96 90
60 60
21 18
91 94
60 68
34 50
65 95
10 89
49 98
0 100
11 92
9 92
0 49
0 25
15 72
12 52
16 60
18 60
6 40
1 17
25 55
33 90
32 68
2 11
35
66 3
99 21
88 45
66 46
75 31
53 12
44 21
60 40
99 94
8 96
68 93
61 88
59 88
37 90
16 56
30 89
24 88
20 68
0 62
0 16
50 88
46 74
4 11
80 81
26 12
20 20
24 9
26 6
41 20
52 4
74 20
60 0
84 0
83 2
74 1
30
12 17
86 19
15 53
46 60
93 18
92 41
80 70
70 60
68 72
60 96
92 76
89 84
56 99
56 74
58 90
60 63
36 58
44 100
2 96
17 84
14 85
24 79
28 80
0 66
0 47
10 54
12 33
14 50
24 48
34 22
3
90 52
5 71
3 66
29
95 2
92 61
65 60
90 25
92 8
68 20
66 22
60 30
55 10
36 24
40 58
44 72
60 88
32 62
37 88
30 87
26 50
5 84
70 97
0 93
35 19
8 60
14 44
0 45
0 22
4 17
26 11
70 3
83 10
26
40 5
96 7
80 12
28 48
72 44
70 50
61 54
98 40
80 53
97 59
72 83
91 82
73 96
56 80
32 48
37 94
25 64
21 90
23 45
3 63
64 8
48 12
1 62
0 28
18 11
14 4
44
10 0
66 1
58 4
20 12
58 7
53 14
60 31
91 14
64 50
93 16
64 57
92 30
96 22
98 37
98 44
98 67
87 40
97 87
85 92
54 64
64 80
74 90
79 93
49 96
50 98
30 97
12 90
0 84
17 72
0 77
0 48
4 62
2 76
8 64
0 46
68 90
12 47
0 34
20 27
40 52
73 80
75 76
80 70
72 75
21
91 0
95 38
95 77
92 78
81 100
25 91
35 80
60 72
65 92
90 51
48 23
58 68
43 48
35 70
8 88
0 48
12 28
32 11
15 11
52 2
85 0
18
54 1
90 3
99 58
97 85
96 98
75 96
56 12
58 22
62 90
33 88
40 50
19 76
52 29
2 42
0 42
1 26
24 13
33 4
33
61 0
96 0
97 1
100 38
95 72
88 80
75 48
88 23
37 26
65 39
54 50
50 48
75 92
88 92
64 66
94 96
50 94
19 94
21 92
56 94
44 30
39 90
12 82
11 52
11 21
28 74
14 19
8 16
72 15
14 0
40 0
58 0
92 20
15
91 3
99 96
46 5
40 6
76 64
34 62
60 100
3 91
0 62
28 42
1 57
3 32
63 50
44 44
20 4
14
79 16
85 20
78 28
80 80
89 84
70 91
55 44
46 97
39 92
6 57
6 97
4 39
7 37
55 11
14
21 0
72 8
50 8
96 40
88 62
88 40
83 78
92 80
67 86
18 99
14 88
66 36
41 48
0 90
9
22 7
64 12
48 59
63 68
54 90
31 84
17 80
9 68
3 37
35
7 0
60 0
35 60
52 34
60 10
94 4
100 7
30 68
24 20
17 26
17 75
68 61
42 59
68 35
47 59
92 20
90 36
67 72
60 77
83 72
93 81
84 95
52 98
52 80
54 93
51 72
44 70
45 84
20 79
3 87
4 43
4 21
1 52
1 26
2 4
45
10 0
91 4
71 32
40 51
72 21
39 48
48 36
30 50
68 20
44 20
34 44
16 51
40 10
16 4
8 24
24 20
9 26
18 26
3 31
14 58
29 74
95 18
100 70
90 60
91 78
89 99
54 98
85 80
48 90
49 96
18 85
76 75
88 44
98 62
94 30
93 20
50 58
80 33
52 68
76 68
11 85
21 100
0 95
2 7
4 25
48
42 1
49 1
11 18
40 6
84 0
86 2
96 0
29 22
80 12
66 16
18 35
83 12
19 37
72 24
57 45
52 40
36 40
38 52
10 64
78 39
48 52
30 70
13 68
49 85
71 76
62 56
88 40
100 52
96 80
75 68
90 93
88 90
78 95
80 96
83 96
68 98
81 86
40 95
70 91
50 100
14 86
15 80
9 85
2 75
5 19
10 0
6 40
10 16
18
11 36
19 36
34 36
86 44
92 23
97 73
94 81
80 98
71 90
53 91
12 64
14 78
9 62
10 43
56 50
75 50
4 40
30 6
3
88 0
84 65
31 3
3
7 31
44 48
46 72
15
98 7
95 49
80 26
77 97
57 95
29 95
52 66
0 78
12 70
0 34
0 29
0 28
8 57
12 62
18 16
15
10 16
54 25
32 27
38 31
44 72
84 25
36 0
76 0
93 4
99 47
88 38
26 96
6 40
8 36
14 36
17
95 11
89 96
0 91
50 93
6 70
14 62
0 31
40 80
77 60
20 23
6 20
32 19
60 48
76 48
62 46
62 0
80 6
3
52 2
41 82
38 64
5
34 41
51 53
57 92
4 65
15 48
39
30 6
75 9
52 20
36 12
68 44
45 20
98 24
76 24
99 50
85 40
72 29
94 74
70 39
56 26
100 86
84 92
63 98
44 98
64 96
43 91
96 87
30 90
37 84
9 30
6 93
0 75
2 60
0 0
2 56
2 40
9 18
8 7
12 10
15 10
12 13
40 50
25 57
70 88
54 51
26
73 5
88 31
56 12
96 44
92 77
77 94
74 40
71 96
60 54
40 94
60 90
62 99
40 97
7 93
0 52
30 80
0 40
32 54
60 48
2 26
25 23
0 4
15 0
84 0
22 12
64 7
27
54 0
85 5
92 63
68 50
78 68
64 74
58 54
52 32
40 46
36 37
40 58
54 76
34 81
95 75
88 89
45 93
30 86
33 95
5 82
20 60
40 24
8 28
50 20
28 8
10 3
19 0
44 0
10
96 4
99 62
60 15
97 67
60 82
24 80
52 45
2 54
2 10
13 6
49
37 0
44 0
38 1
60 15
13 28
24 6
5 30
1 60
13 30
5 74
19 40
73 16
52 0
86 5
93 7
92 22
96 9
98 68
97 46
94 81
88 84
85 72
54 63
41 72
80 92
72 100
40 72
41 82
39 69
96 30
36 70
30 71
2 95
0 92
18 76
85 10
0 83
36 48
41 45
33 45
17 61
0 82
4 75
0 81
0 18
2 16
14 12
15 5
28 0
20
49 0
92 19
60 78
89 90
70 83
72 91
9 90
25 90
76 26
15 83
20 73
0 59
0 6
18 4
35 0
18 14
10 27
28 19
35 60
32 34
7
45 0
89 56
19 84
3 60
7 60
60 60
1 45
47
98 3
94 87
85 6
84 45
90 70
76 44
90 84
56 15
85 74
83 80
80 71
82 80
65 92
76 75
53 92
12 93
13 92
0 80
20 90
3 81
0 71
0 67
26 72
10 62
0 44
0 41
40 88
10 46
30 71
42 64
5 36
44 56
60 65
59 72
68 62
64 44
61 30
30 19
58 36
16 25
30 16
7 9
49 8
84 14
40 0
92 0
70 5
29
6 0
100 4
92 40
68 73
50 81
68 72
32 88
94 65
99 44
96 64
87 98
88 68
12 98
48 64
0 87
68 40
20 60
65 29
4 62
44 28
6 60
0 58
23 35
0 52
11 22
60 24
72 24
23 28
74 24
48
92 0
100 58
72 45
84 20
30 5
70 40
48 22
40 20
54 27
89 69
77 90
88 71
82 90
95 83
97 90
71 99
78 88
75 76
45 79
38 72
56 97
33 97
34 76
39 53
50 58
76 76
65 58
36 20
16 50
20 45
33 90
32 88
23 97
7 96
14 80
20 60
0 89
10 60
8 48
1 64
0 48
6 20
5 6
30 20
0 0
32 1
60 2
56 12
34
4 0
25 0
57 32
50 22
64 40
71 32
60 2
64 10
85 9
97 55
80 13
88 52
66 44
75 60
96 59
75 85
40 46
73 85
48 59
58 95
40 48
41 74
18 40
39 96
90 98
15 97
6 82
2 68
33 85
0 48
0 15
80 75
70 66
15 12
5
6 13
84 76
15 93
72 75
4 55
42
9 0
90 0
64 64
60 86
93 1
90 50
78 41
95 68
100 80
95 92
84 96
85 65
72 80
52 95
37 92
5 98
25 94
11 89
6 80
1 80
0 58
8 66
0 30
20 76
15 63
2 34
18 66
46 92
30 60
32 52
60 39
44 16
16 16
20 28
35 34
48 40
18 34
28 68
5 4
65 20
70 10
52 5
27
95 0
98 21
70 32
70 25
63 30
36 15
99 62
72 83
96 70
98 86
78 96
51 94
64 60
26 95
68 56
48 68
4 92
0 75
48 48
80 52
76 48
38 30
0 11
32 2
62 2
17 8
60 17
19
15 2
71 11
20 0
74 0
87 28
83 41
95 76
88 68
66 19
79 71
60 47
70 60
21 70
31 83
11 84
3 67
25 17
65 26
60 15
0
