6
19 25
77 26
100 72
28 52
44 82
0 44
40
26 1
45 1
70 3
63 18
62 20
54 50
30 86
84 8
94 12
80 30
35 82
65 48
60 55
80 50
81 30
92 24
94 23
91 29
90 42
100 33
96 68
86 70
92 68
76 70
83 83
68 56
44 79
49 92
60 92
53 97
10 94
23 56
15 87
46 18
7 82
4 44
0 72
0 20
1 8
27 0
39
61 0
67 0
52 5
45 12
70 3
80 25
56 30
20 5
47 30
26 28
52 50
85 44
94 15
86 1
96 0
90 61
84 77
88 80
93 91
48 98
30 98
25 98
84 76
22 90
19 80
20 72
0 54
44 65
24 86
40 80
50 66
70 71
6 47
2 18
3 12
40 53
9 4
24 0
52 0
43
3 3
51 3
20 6
16 8
40 27
35 16
93 8
50 52
75 39
32 76
64 58
74 59
85 48
98 16
98 48
85 72
91 74
97 84
80 97
40 76
47 98
16 92
24 91
28 89
18 84
8 93
13 64
16 79
17 60
20 51
19 83
60 31
76 20
70 15
73 20
40 40
54 24
44 32
8 50
4 95
0 67
0 12
21 12
46
56 0
95 2
46 6
92 12
64 16
33 20
16 31
40 20
82 32
13 50
21 52
60 38
100 42
98 44
63 43
30 54
52 53
66 56
60 51
84 64
88 70
12 59
60 72
94 74
96 96
81 94
75 99
69 99
53 100
74 81
60 83
26 66
31 72
5 96
33 96
0 99
24 70
10 60
0 92
2 79
9 36
0 59
0 30
8 22
0 24
8 2
27
87 7
94 12
67 74
92 25
100 20
95 94
92 68
85 100
79 81
49 80
64 91
5 96
67 72
72 38
84 21
40 62
52 46
0 59
20 36
7 35
4 11
17 26
48 30
24 24
48 0
39 17
31 20
38
12 0
87 3
73 16
32 4
96 44
75 32
100 57
64 46
76 44
25 4
74 80
48 48
46 47
40 64
25 26
20 57
30 75
24 70
22 82
11 68
20 88
54 76
52 66
98 96
72 98
53 94
60 82
48 98
19 99
10 78
3 93
0 88
12 56
0 65
0 42
2 3
4 40
20 62
9
9 3
61 4
71 13
91 56
91 99
13 92
8 92
60 6
5 23
31
96 1
91 61
96 7
96 12
92 80
76 80
88 50
68 74
35 73
75 42
21 80
37 78
86 89
70 98
45 96
17 90
0 96
0 88
2 68
14 83
28 68
48 41
11 65
0 64
17 30
88 35
49 25
66 8
16 21
19 2
27 8
38
15 6
82 6
4 4
94 0
95 8
24 20
63 16
72 22
67 40
89 12
90 32
75 50
25 53
28 75
40 68
92 42
98 46
99 60
84 92
81 73
69 91
72 76
85 62
92 50
13 98
36 84
26 89
68 64
20 81
78 50
28 76
0 79
0 35
0 0
1 52
19 76
24 35
4 15
27
52 1
79 12
93 32
94 60
80 20
72 43
88 90
94 98
6 94
0 84
70 94
30 84
16 65
8 40
20 80
0 71
8 49
0 19
0 16
0 4
50 53
44 70
68 42
42 30
24 15
50 0
55 0
45
83 2
99 53
87 68
96 70
96 87
95 92
70 89
52 90
95 98
89 100
36 100
76 96
16 95
0 80
0 73
21 40
26 92
36 50
38 87
88 71
62 70
71 70
60 56
55 15
54 36
50 60
52 41
52 10
44 63
41 86
44 40
41 34
16 32
1 55
6 37
4 38
14 16
44 28
10 10
29 4
43 0
46 0
44 0
85 0
96 20
10
33 0
93 11
97 10
90 87
40 91
4 65
4 47
40 68
6 20
68 86
26
76 0
98 22
22 94
60 71
84 52
46 84
87 56
90 50
92 67
68 69
88 88
65 100
36 99
8 100
80 8
60 32
36 56
74 1
2 78
0 64
50 20
72 2
16 26
0 26
0 12
35 4
42
18 0
9 0
31 0
28 4
80 15
77 8
93 0
95 68
93 64
91 58
90 55
90 87
83 44
80 66
67 48
76 72
87 98
0 97
5 94
82 96
0 77
13 75
78 84
19 70
42 68
32 71
55 73
72 75
58 70
72 70
2 53
0 40
40 56
80 36
82 29
25 26
60 14
20 20
12 5
17 40
3 32
0 0
9
4 16
21 18
80 50
80 26
99 86
72 84
20 77
92 89
14 83
32
97 0
94 77
77 23
88 64
86 86
72 72
73 95
55 80
57 99
37 38
50 84
40 60
20 60
16 86
7 97
10 39
1 85
5 32
4 20
26 48
30 33
47 1
48 13
48 55
60 4
69 1
50 50
80 46
60 34
90 4
90 16
88 50
38
77 0
97 28
74 2
55 33
88 21
99 36
96 65
87 55
97 68
43 27
15 32
70 64
48 46
90 72
24 46
99 77
72 80
16 44
91 93
62 76
86 99
50 90
20 59
48 99
12 99
20 96
10 90
28 78
7 74
0 68
0 35
0 25
0 16
19 6
20 9
3 39
36 5
36 6
23
52 0
98 3
55 20
50 20
70 7
48 20
96 40
87 85
32 30
38 40
77 94
42 85
61 98
33 98
11 38
15 96
5 88
3 56
2 29
0 30
8 14
0 12
54 7
22
13 5
98 40
97 70
81 91
96 96
75 96
41 95
29 96
80 79
80 78
76 80
74 73
92 45
70 78
14 94
76 40
13 82
4 80
30 52
25 62
68 35
0 30
36
52 0
100 5
64 12
96 50
74 24
94 52
41 23
72 52
46 52
61 86
64 80
72 68
84 68
80 80
88 94
41 97
45 96
0 87
0 59
9 60
4 79
40 60
40 84
49 80
41 36
37 60
16 52
8 72
12 25
32 28
54 13
40 20
28 26
1 16
21 9
22 19
25
94 0
99 0
87 16
97 22
96 31
48 24
99 55
88 85
93 99
41 80
64 86
26 72
39 98
2 68
76 64
11 48
90 64
36 52
10 40
0 29
57 36
7 22
37 1
75 0
76 0
11
21 4
79 35
68 12
50 19
80 0
88 83
80 99
39 88
27 74
44 54
15 22
7
25 0
64 2
37 67
18 87
0 25
14 58
14 18
26
15 0
56 3
77 11
68 1
86 20
80 41
86 41
92 60
86 4
94 71
80 77
99 90
69 90
90 95
43 98
16 95
0 96
10 86
0 80
0 71
0 12
1 44
6 16
40 8
62 69
80 20
20
59 0
77 2
56 17
85 0
85 8
68 20
84 41
84 96
80 80
77 68
60 50
46 68
70 77
33 97
26 98
4 66
0 88
4 42
34 11
25 48
14
61 17
89 69
46 34
42 54
55 47
50 88
9 86
2 56
30 61
6 48
10 41
32 5
25 22
40 10
35
52 0
62 2
60 14
45 15
55 10
47 2
25 22
80 22
66 42
97 69
72 90
72 96
51 80
40 80
11 84
12 97
8 87
2 89
3 75
74 75
40 71
51 51
70 25
44 52
25 40
30 63
20 60
22 65
3 61
8 16
20 12
12 57
25 7
0 8
1 0
3
36 62
47 80
15 97
34
33 0
62 6
80 19
42 34
15 12
50 48
86 19
80 56
80 58
88 49
94 32
99 64
9 50
38 84
37 66
34 56
73 85
66 84
74 94
78 99
66 86
44 76
70 99
53 99
26 96
8 92
30 90
0 64
32 84
21 67
0 60
0 36
0 24
7 12
12
8 1
83 11
22 68
88 50
85 69
25 87
13 80
6 78
14 78
6 9
12 44
28 48
3
70 13
92 47
99 92
48
29 0
79 6
51 17
46 20
68 21
88 0
77 13
70 28
69 38
81 48
85 50
91 15
90 76
97 69
89 100
56 63
74 94
52 78
13 60
62 94
68 98
12 73
25 80
22 80
29 88
20 90
18 77
18 96
16 96
16 95
8 77
8 50
2 90
4 30
0 65
0 28
12 20
0 23
0 18
20 6
24 10
20 20
12 36
9 56
42 66
44 72
52 42
75 73
33
10 0
26 0
53 7
75 19
39 15
83 30
96 30
68 62
79 43
49 32
40 16
48 70
90 80
90 56
96 53
92 82
92 83
56 98
48 98
44 44
38 88
28 91
40 55
24 88
18 80
0 88
9 77
0 40
11 35
25 84
35 60
35 44
13 37
39
18 0
84 2
75 18
50 1
56 28
36 24
6 36
28 37
45 26
36 80
96 8
52 70
78 40
81 40
68 68
84 36
80 50
96 18
96 22
93 65
79 95
84 77
68 92
64 96
52 95
35 95
28 84
28 86
17 38
13 40
14 52
7 39
24 92
8 93
10 75
4 64
8 50
0 14
3 21
3
24 3
48 24
5 41
18
34 0
90 20
71 27
99 37
76 54
44 20
99 86
70 80
87 80
72 70
7 93
67 61
30 80
28 28
0 87
1 79
0 34
7 13
41
27 0
98 8
20 36
56 60
45 40
60 60
60 34
68 35
86 66
97 88
74 56
68 63
26 64
44 69
19 72
60 82
96 90
57 84
6 80
72 90
53 93
94 96
29 96
7 93
2 78
0 80
7 66
0 66
32 60
12 62
35 50
0 32
3 14
12 7
32 20
16 5
31 8
12 2
68 16
79 10
5 0
45
55 0
79 4
76 2
92 2
92 6
90 8
64 2
94 19
37 43
68 40
78 80
80 27
96 70
92 25
98 75
84 45
80 80
95 98
84 92
50 100
11 98
0 77
0 76
28 82
25 80
12 50
23 64
80 82
60 64
24 48
10 32
2 43
0 11
8 20
24 44
13 11
41 36
44 39
50 12
44 0
66 20
68 18
52 0
77 20
72 12
32
39 1
81 3
63 33
68 29
68 26
74 32
90 3
80 22
79 32
91 17
99 67
85 79
98 79
74 97
24 85
31 88
0 84
0 78
6 64
76 91
41 67
70 72
68 46
2 55
2 20
28 47
45 32
48 43
48 36
96 52
18 10
79 4
8
60 4
86 19
90 51
60 45
53 96
32 93
6 66
11 56
39
90 0
92 3
99 28
96 60
92 16
96 61
95 80
88 77
84 43
68 8
75 36
68 50
72 92
68 59
70 95
54 34
60 96
57 80
33 88
14 89
29 86
6 90
0 51
0 23
2 19
9 51
4 6
18 50
25 55
32 75
30 24
29 11
65 40
33 12
45 20
68 36
48 20
59 0
72 4
3
86 0
45 9
39 8
32
41 0
72 3
82 0
87 6
83 12
45 5
62 11
72 10
86 16
93 31
60 60
50 61
80 84
75 52
95 39
97 50
96 77
88 58
86 98
48 92
51 96
36 93
16 68
50 29
40 40
26 19
8 99
7 87
6 12
80 32
21 14
22 10
39
43 4
79 6
85 13
88 8
97 14
75 38
75 50
98 51
68 60
62 80
78 61
89 60
91 68
82 87
64 88
50 96
39 97
76 76
32 98
92 12
60 56
68 44
40 65
15 85
36 65
85 20
82 10
8 90
67 10
7 64
6 80
0 48
0 0
6 40
11 15
18 35
32 3
20 0
60 0
22
84 3
93 54
97 4
97 67
91 78
88 26
60 57
84 84
57 58
36 50
50 60
70 80
60 89
50 100
37 61
36 55
30 85
16 41
3 60
8 39
80 25
1 23
23
70 4
92 29
96 60
95 88
76 98
71 93
88 63
48 4
68 46
48 42
60 66
42 72
55 76
42 88
58 88
5 93
33 86
20 76
11 37
44 11
50 24
44 2
96 2
3
79 9
53 83
0 93
11
72 5
96 24
91 99
63 80
48 80
1 97
75 70
81 64
0 84
11 10
29 7
30
64 9
94 12
66 30
57 44
18 80
96 25
93 42
94 93
82 90
80 44
80 88
75 56
49 74
40 84
75 98
10 85
21 90
14 87
20 91
16 95
8 84
39 60
7 38
0 73
6 10
0 0
52 0
10 10
46 45
87 12
39
39 0
46 0
75 14
60 24
70 22
95 5
70 27
94 38
98 56
89 48
64 36
76 50
100 64
88 60
40 44
50 50
53 60
70 76
100 99
10 99
9 97
0 67
0 66
20 82
5 29
20 42
5 25
31 42
25 40
38 58
29 80
44 97
55 68
63 80
13 4
26 21
36 20
45 24
67 48
5
64 18
80 88
14 100
7 42
50 13
30
7 2
52 3
64 5
88 0
96 0
60 36
13 90
32 70
100 10
67 47
55 72
90 25
93 29
100 32
96 66
95 72
72 54
98 83
38 74
40 75
16 88
94 93
60 96
59 95
13 97
4 38
16 50
4 32
8 28
56 33
15
25 0
77 3
80 48
93 15
91 46
88 75
43 90
89 60
64 55
64 56
80 59
0 94
6 62
11 25
62 12
42
25 0
96 5
53 14
16 21
94 8
66 36
84 13
16 30
15 44
67 24
40 51
77 39
64 44
76 62
84 42
97 8
89 75
93 84
52 68
60 58
32 60
81 95
67 97
9 94
48 87
12 93
0 75
4 60
68 96
20 62
2 49
53 84
48 75
20 55
0 37
23 9
0 36
0 18
1 3
66 9
18 0
60 3
35
47 0
55 0
90 0
16 19
8 20
14 26
20 51
30 34
70 15
100 3
94 62
94 95
88 99
84 82
86 64
90 50
53 95
33 94
50 84
56 86
93 46
77 46
38 86
40 63
30 52
80 38
95 25
24 49
20 64
20 92
7 71
0 15
0 8
3 6
12 11
25
16 2
70 4
50 11
54 36
67 40
80 8
87 12
82 25
97 45
92 73
31 16
56 41
48 63
58 68
61 98
28 95
44 92
19 82
2 53
0 44
0 4
1 33
28 35
10 16
8 9
3
1 3
37 25
32 80
19
97 0
89 42
66 52
30 20
30 25
12 71
30 76
96 52
61 78
95 60
88 82
54 99
10 75
17 40
24 20
5 5
70 31
14 0
91 16
46
6 0
34 2
42 8
2 16
18 31
25 44
22 34
78 48
18 16
28 16
32 20
57 22
75 5
88 13
91 18
72 25
58 30
84 32
96 37
99 8
96 96
92 57
88 44
82 69
70 76
57 70
82 90
100 99
66 84
53 80
24 95
19 92
5 99
25 76
68 60
29 64
28 72
2 67
10 58
84 60
9 52
0 34
1 4
20 8
9 3
20 3
3
56 50
84 84
0 88
30
81 0
84 0
89 0
78 24
91 18
65 45
93 36
66 88
95 39
97 38
83 89
95 91
92 98
76 100
50 89
25 70
12 98
16 80
4 93
0 96
5 69
36 33
28 35
10 22
16 16
24 16
48 15
52 15
50 48
45 75
26
10 0
79 3
95 26
92 10
97 11
99 32
70 4
36 9
9 8
35 20
41 26
74 70
66 40
76 24
84 56
99 100
36 74
8 25
4 56
5 39
1 72
56 96
65 98
35 98
0 79
7 22
19
68 7
97 8
100 32
94 58
71 100
69 72
91 40
75 10
21 88
32 57
31 40
14 78
0 91
0 56
11 21
20 57
25 9
37 17
42 0
39
54 0
67 0
56 18
20 31
16 90
46 88
28 81
53 77
40 45
70 12
64 28
54 56
50 60
74 40
60 40
91 2
80 55
94 26
91 93
92 60
64 72
82 98
71 95
73 93
60 99
75 92
50 92
53 94
1 95
3 85
16 74
20 28
0 60
6 32
20 20
0 5
9 4
32 0
5 8
35
92 0
94 18
97 58
64 30
86 52
80 63
40 60
26 68
51 62
60 76
64 79
75 82
86 76
97 77
32 94
80 91
96 90
82 99
13 100
29 96
24 68
5 87
2 68
54 25
1 61
75 3
40 10
40 20
1 40
25 24
2 36
45 6
24 4
7 4
67 0
44
52 2
72 4
91 25
98 20
95 25
98 32
60 3
78 26
70 16
43 10
60 56
98 36
96 54
90 72
70 60
56 65
40 59
98 99
70 81
85 100
57 96
16 99
32 88
0 95
20 85
70 90
2 74
8 75
4 52
20 72
40 54
36 52
40 40
33 20
33 24
28 28
20 36
4 20
0 33
0 11
10 1
23 3
4 10
36 10
6
68 10
83 95
73 89
50 76
0 39
16 29
17
22 7
47 9
66 4
95 12
83 12
64 27
80 32
92 71
32 32
90 82
42 94
68 76
0 86
0 78
36 77
51 56
5 27
24
63 0
72 0
96 46
88 64
80 52
83 70
68 38
69 74
46 98
48 83
28 96
8 84
20 88
20 64
40 78
48 62
10 64
5 57
0 50
10 20
14 1
94 46
73 16
58 24
11
29 8
67 23
73 47
80 58
56 60
58 75
43 85
14 76
4 35
11 21
15 12
35
13 1
94 27
60 0
80 6
93 10
98 33
99 55
80 45
89 68
70 53
79 70
94 98
52 33
8 36
24 36
4 71
42 90
28 61
44 40
53 35
70 70
50 50
68 72
52 54
79 95
40 57
47 95
15 87
12 84
21 97
1 69
0 24
0 0
90 36
30 8
29
35 0
81 3
10 50
76 15
96 0
88 28
18 48
80 31
5 72
82 31
74 38
30 66
50 74
99 23
84 92
86 64
81 76
70 83
52 86
28 92
60 72
3 100
0 94
0 58
0 0
1 53
5 15
40 11
42 2
33
73 3
96 15
80 8
92 20
52 6
91 26
52 10
50 36
52 65
89 72
96 94
85 100
65 98
16 92
0 95
2 82
41 91
76 84
26 80
55 68
0 79
48 48
40 32
0 66
15 4
0 5
12 0
40 0
40 8
39 20
50 42
48 0
58 0
3
1 1
45 7
43 10
47
75 0
96 36
90 48
84 38
84 36
72 20
97 60
88 68
76 86
79 40
58 90
89 97
41 100
37 100
1 98
0 96
27 92
5 89
71 50
48 60
52 50
48 56
4 88
8 45
2 72
0 31
22 46
38 48
14 50
20 54
36 50
8 67
49 46
11 80
50 50
67 44
45 33
56 28
21 33
20 25
10 24
14 33
2 16
7 13
26 2
38 4
50 10
13
32 0
86 40
100 62
68 60
96 100
56 96
40 30
19 83
2 75
8 47
0 61
5 0
3 32
27
92 1
94 8
60 40
76 64
80 72
90 96
72 60
41 35
88 96
20 78
25 23
20 29
8 97
0 85
4 20
8 18
2 80
4 69
8 23
12 10
27 1
48 25
52 5
47 38
62 0
60 36
72 16
13
23 5
73 46
75 28
82 5
88 40
83 99
83 100
0 95
5 91
0 62
6 16
8 60
23 85
16
30 0
80 10
24 42
92 25
100 19
91 69
79 83
90 70
60 68
39 80
9 96
0 94
4 63
4 28
43 13
20 21
9
68 5
98 85
43 72
73 88
11 90
0 51
0 46
61 54
63 7
40
31 0
69 1
90 3
50 9
84 10
52 40
44 4
38 6
44 20
16 67
50 42
36 56
88 8
96 18
98 4
99 16
97 23
98 66
88 58
57 40
56 50
48 46
46 50
60 81
68 90
97 76
93 85
86 89
66 97
69 93
43 60
53 95
10 68
20 94
1 73
4 20
7 37
12 64
23 12
40 4
8
97 12
66 80
86 96
37 90
8 95
15 31
58 17
25 4
26
96 0
99 52
90 76
95 12
75 24
80 51
68 20
11 31
41 40
14 48
93 86
96 97
60 85
50 92
43 98
26 96
40 62
18 75
6 88
2 68
6 76
0 44
2 24
15 13
50 9
74 2
33
75 4
100 39
95 52
88 72
98 37
92 37
82 52
78 100
68 36
64 82
62 80
56 67
60 48
47 93
52 48
44 60
52 44
39 62
18 90
9 99
55 33
40 27
28 24
33 60
20 15
24 68
11 70
0 24
1 12
40 0
55 1
56 6
46 10
25
81 0
94 25
88 54
95 26
92 71
98 61
98 95
81 99
84 48
80 79
73 27
70 42
15 100
39 48
48 40
4 56
3 68
2 43
3 34
0 28
48 30
29 20
8 18
16 13
67 1
6
14 10
64 17
91 32
61 98
52 90
24 63
35
59 12
99 17
98 89
70 95
94 95
45 98
60 64
35 94
40 73
33 85
21 85
0 71
11 68
44 69
52 66
55 48
16 64
10 62
24 40
50 44
46 43
8 22
8 17
63 44
76 52
80 50
8 10
25 7
34 5
42 0
98 0
18 14
55 31
94 60
86 48
21
6 1
63 13
44 35
65 72
68 14
84 31
88 20
90 0
100 62
59 80
52 84
96 76
78 98
90 98
43 99
33 23
20 80
0 98
1 40
0 29
0 0
9
15 2
77 23
92 60
86 100
9 90
56 79
72 50
6 11
20 8
19
0 17
55 27
18 62
73 42
64 0
90 60
88 94
86 72
80 94
75 80
43 98
20 96
6 96
2 94
21 89
33 86
10 69
2 90
0 52
6
4 15
85 27
88 40
82 63
0 76
1 49
24
34 0
89 5
42 0
91 0
99 44
92 16
92 67
88 20
84 86
68 75
68 4
64 90
29 96
11 74
8 65
0 23
20 50
0 20
14 40
25 50
33 40
60 24
19 37
51 8
11
56 9
84 18
89 22
97 60
91 90
22 100
16 47
0 36
15 36
26 33
40 16
30
91 0
99 59
90 50
76 76
99 74
96 87
82 95
75 98
67 99
84 25
78 2
70 76
74 25
60 32
45 19
65 80
40 90
28 93
24 99
23 100
5 86
34 30
36 48
48 8
42 14
8 62
10 46
0 60
0 46
17 5
21
9 8
83 24
93 52
96 14
94 61
76 40
20 31
80 68
57 62
89 89
62 95
84 98
17 90
0 72
4 61
44 72
20 60
45 53
0 16
0 13
48 18
35
77 2
93 18
52 28
90 20
90 38
37 28
92 42
82 46
76 42
52 58
96 66
65 80
78 88
50 80
96 98
4 88
6 84
28 81
30 60
5 30
13 58
10 53
0 80
0 63
5 59
1 14
44 40
32 26
2 10
2 8
50 0
12 10
26 10
86 17
39 4
15
68 5
74 10
28 60
38 60
88 43
73 3
98 44
94 92
91 93
50 58
2 84
0 0
3 23
64 6
70 3
12
22 25
99 52
89 76
80 80
68 80
66 65
28 77
8 70
0 28
84 0
76 20
75 28
15
78 0
94 92
40 92
70 30
7 58
9 97
0 69
0 40
4 16
18 27
31 18
45 10
53 24
28 36
51 36
0
