1000
5 388042769 937
8 736349671 470
5 520440263 594
2 62125613 86
8 59264114 519
5 206518339 294
6 207380818 639
7 362497355 578
6 321493002 653
9 657870859 48
7 568356130 243
7 52383084 865
2 988621445 478
6 905511163 12
2 790139907 981
10 289489771 686
10 533060048 447
9 899195153 177
5 690952963 628
5 117486183 904
3 883685401 383
8 783630474 853
6 854308207 200
5 157921211 59
4 43885515 722
3 32780257 595
6 615929044 163
1 965523718 218
7 446925205 763
8 436617686 214
7 345536767 785
4 941182499 953
1 163991652 924
9 530331492 468
1 507117564 916
6 761315633 754
7 890817891 543
5 359756744 343
3 719549977 559
10 290653835 67
8 934535681 605
8 910547584 357
7 964552163 886
7 864126160 260
7 642717162 663
4 947546440 668
7 647014439 646
8 52192475 2
10 390326028 446
3 370051102 490
1 876950513 30
9 385049035 231
1 713726354 338
5 346315071 392
6 308539023 108
5 897030395 627
8 297469931 439
1 226199847 111
6 643136398 656
3 481909258 729
6 403665603 149
5 896802451 60
1 320933051 237
4 174716628 496
3 710824200 556
9 621791873 333
7 24195618 923
7 64492405 14
5 522231781 140
1 544094254 24
2 663562769 116
10 502691404 202
3 47507657 39
3 525327638 191
7 291320085 247
10 89380853 286
10 168002400 547
2 353716470 857
1 678089211 495
4 102871884 563
1 87327128 610
10 952104396 704
4 4385743 710
1 338695536 984
9 23140765 979
9 216930261 153
8 142537695 113
1 317713853 994
8 267482588 512
5 669183373 87
9 11952569 45
7 493936079 485
1 911043330 369
6 998051762 419
1 344777511 118
1 241437061 232
5 166210556 665
5 490586432 366
3 967522873 647
3 135948027 637
4 238757880 834
7 239419252 793
7 861493050 794
1 15254670 748
1 945726562 331
9 55841229 505
3 444573880 815
2 892373723 9
5 923438312 790
3 751524357 786
8 631761792 733
7 458336446 636
8 983057269 591
10 51370523 806
10 821623455 625
7 68975958 417
3 23406136 72
4 949139020 404
5 104603489 493
3 584198143 212
9 165237149 238
5 767877396 501
9 618291540 318
10 18347094 699
9 106761298 554
1 220221233 305
2 165369413 241
4 84508728 878
10 962952002 96
7 690378143 307
5 937914945 436
6 992392642 603
4 325615516 503
9 73169308 652
7 61672852 609
5 771475793 940
8 914378956 626
9 55784100 532
4 98870988 674
2 68654977 165
9 46793344 216
5 547083893 738
5 256298678 649
2 61620017 486
3 141444772 456
9 147868940 428
9 76995679 542
5 445215101 664
9 999676260 360
8 949087908 315
1 16875796 43
10 639582658 119
10 276018480 743
2 2137533 425
8 62936161 105
1 998208925 128
2 423653554 622
5 190682898 359
5 604749844 742
1 794383595 597
4 164911321 696
7 701055392 621
9 757478458 659
8 503216585 549
5 67958481 876
2 377716389 521
5 12466975 711
2 861773972 352
10 164876807 783
3 5044637 892
5 76285265 220
2 856258537 57
10 823188521 363
10 294025286 144
2 373872030 898
7 3240101 146
1 68934435 395
9 942680733 256
1 666285328 584
7 631606758 817
1 163494178 882
3 770407134 222
8 480170231 276
9 500643079 466
7 885045907 266
8 73208710 213
1 241767646 61
10 450264486 571
5 73066532 194
2 389390675 445
8 337574548 902
9 240353696 124
1 204857025 1
9 2506562 988
1 174578211 958
9 832548114 371
3 603555223 574
3 854207119 516
1 462207451 475
8 229281369 677
4 56246803 919
6 457220279 537
4 125181512 249
5 50701842 709
3 537875939 567
3 546044280 26
10 732781110 848
9 299939611 225
3 829552883 390
2 768308943 616
6 190406323 172
9 571217551 462
9 947497328 734
1 966726904 797
2 390302476 226
6 184122316 97
2 130055112 968
9 239655536 995
8 903118029 351
10 465031279 538
10 192801447 77
5 296232950 376
4 185884612 255
10 586678357 209
5 294266618 964
10 222169220 601
2 11255294 810
9 923519388 244
10 291399662 431
10 908788057 705
9 232968136 526
4 38224543 451
4 873675505 160
1 892297714 530
8 67633583 288
3 889986044 196
6 476074926 56
10 782996491 99
1 7583359 632
1 968526993 615
9 782195732 949
7 178285474 727
9 545141574 101
7 280855929 381
5 415745104 654
10 18033907 634
7 495637329 372
3 780505106 552
9 443683533 114
5 202690172 251
2 721577517 355
7 59317754 471
10 215462970 481
10 464905465 867
10 971786662 589
4 776456972 110
10 718326660 971
7 839964520 942
3 15841738 687
2 792873318 829
10 416612822 150
9 21413125 84
7 73113830 903
8 84153702 788
3 754865823 297
2 790165326 340
10 504489863 945
2 169694119 502
8 923037579 991
2 484803071 452
3 94192761 185
5 952068872 811
2 138373255 936
8 800047894 292
10 405114059 433
5 851006628 529
7 842176 645
6 404150991 661
1 544506824 755
4 159181786 312
9 37474212 927
1 442168232 895
3 519187197 44
8 102383173 240
1 352626911 282
6 375198302 602
8 296129081 27
1 826366915 308
8 688547422 219
8 262006252 757
4 10476935 492
8 457385586 773
7 190770511 728
10 893196178 557
9 804685621 239
1 605037230 846
1 58811678 935
5 704387787 875
2 331566032 884
1 54085395 666
5 16401272 330
5 205192532 474
1 740875813 880
4 267275392 520
9 257013834 326
6 39808299 975
10 592463168 580
1 150994448 125
5 840622530 25
7 752515725 944
4 285308527 344
8 484346146 50
3 49162828 996
1 438010870 170
5 44377407 412
5 832228689 205
6 889479829 560
3 580872739 518
9 54760317 175
4 753249404 619
10 490049930 509
1 115699218 197
3 596009269 809
5 7606463 851
9 972735577 772
7 856541952 732
5 28597429 92
1 470232694 760
6 996990574 744
2 114951785 322
9 297226890 472
10 559902784 692
4 188934518 561
8 497696778 137
9 622288257 257
9 4696825 223
6 349594974 422
7 377389537 284
9 855422630 599
1 345045949 633
1 220174420 525
3 469241899 858
6 540017992 712
10 699064811 154
7 985128644 683
10 743913828 180
8 119156466 403
5 44437279 831
5 37466459 40
2 561751626 504
9 69754225 581
5 573847350 454
8 408151815 138
4 954640857 31
8 668188884 281
9 312795212 342
6 900276468 835
8 465113422 930
1 714406758 47
8 770224832 104
8 854556303 173
8 649262119 604
4 149804469 840
2 630212910 148
3 652082053 66
9 842269729 800
2 560471182 166
10 181108851 866
5 701336004 136
9 440261944 393
5 942390014 720
5 376162220 947
1 498590072 274
10 108058026 575
9 57065553 564
6 820080693 629
4 909365518 739
6 839699955 290
5 491889173 888
3 977042861 779
5 7998771 826
5 871530705 951
5 941959191 28
7 305001968 860
1 728006869 482
4 111366976 33
7 975446116 402
2 537211163 339
10 258612512 129
1 272540798 640
9 462896456 897
10 448014731 95
3 916760961 608
10 713399815 455
9 711372625 648
3 281758685 921
9 617321381 464
3 718799769 774
6 303789388 83
4 813319918 978
2 523747194 548
2 708281136 852
8 601697350 70
10 261217243 221
5 887215916 147
10 222528778 7
5 511041420 987
10 864169473 321
1 107092776 420
5 205355940 517
10 910973098 134
9 425497341 918
10 233910812 190
3 990131129 814
5 493481838 461
8 37132460 534
1 661125364 467
8 286925897 329
8 192371173 698
2 623920939 870
9 406704861 69
4 832487055 58
6 96238683 3
1 594185431 579
3 395082052 424
4 861093384 133
1 656554335 943
5 605090381 415
10 369871831 391
8 681015410 715
5 674316732 303
4 844331114 914
8 101982337 123
2 661368266 29
8 655484031 234
1 16888395 34
5 597594994 349
3 292640843 593
10 797695735 254
2 848139597 568
8 11046164 753
3 468188277 973
8 50900143 211
8 554158349 387
3 926581782 36
5 397474051 353
10 546363254 500
2 639629160 862
10 492661091 494
8 961271538 562
10 214714199 780
10 589700219 380
5 556031019 406
3 551131520 585
3 436474527 159
5 151770787 407
9 648447960 127
3 572198442 227
9 807423453 5
5 543241854 900
7 194919961 730
2 208706732 535
4 346643420 277
6 290885351 681
4 795035354 618
3 853153540 651
7 851983786 457
8 733791484 899
5 988655688 587
9 871926126 606
4 591717012 577
3 788799514 999
9 685154000 977
8 34409063 527
9 881358886 821
6 305994206 434
6 223780128 576
7 720833197 931
7 848968238 762
3 202911270 713
8 507898916 890
10 540517693 430
6 790905529 458
4 451291917 912
8 991744778 23
10 55846227 836
4 158226964 316
6 211222769 327
1 888401725 980
4 400410733 872
3 912312012 491
3 112956016 871
8 377717868 642
2 929311303 820
1 142876077 413
9 243565669 341
2 740609155 389
9 763590879 868
7 939594181 555
3 281153006 441
4 198166447 497
6 366695025 186
3 715146337 427
10 702859369 685
4 488410206 837
5 531423099 827
3 3066638 10
8 771587953 143
6 558176060 314
2 366486201 210
8 75952536 954
6 817594596 463
9 991959862 749
8 652069161 869
2 595502605 565
7 225504480 19
8 925356410 959
3 752810503 130
5 83537082 766
6 789349824 731
6 326289779 285
5 899327697 121
2 719584812 145
10 404783138 824
10 129710288 976
4 175299395 178
7 885088559 506
2 719147748 956
9 223923069 590
6 946277723 117
2 666680018 399
2 823232289 169
5 658764712 889
2 404254037 440
1 916348512 838
9 607094840 915
2 706066877 992
8 365376943 582
9 164519270 643
10 893875140 985
1 67472489 655
10 961805093 907
8 123033523 613
1 352938404 183
4 82677913 325
5 775879861 135
6 450612050 925
3 2822643 499
7 642085242 311
8 195621788 660
8 34577041 952
7 829251344 791
4 321171578 356
5 475161430 514
9 51282941 287
4 361822614 839
7 809858373 524
1 647752096 781
10 174129251 847
3 660632676 861
2 603938249 21
7 881135224 917
4 855282383 690
3 229386902 957
10 508218929 176
1 464491546 777
6 943622799 279
10 518347144 583
2 549503212 859
4 89900804 414
1 261401392 508
5 689729753 881
4 110696102 293
6 912903667 269
4 738608767 400
1 973169252 346
7 212690509 969
4 391805411 195
8 104500360 531
8 652571208 336
7 427117836 8
7 11717649 252
1 612096921 385
7 347604705 62
7 84491858 789
3 755251195 88
8 582029375 73
5 719051 611
10 555865036 132
3 752783198 905
10 979621191 109
9 84796133 432
9 18357605 41
6 48084534 35
7 180089789 932
6 663810635 962
7 31715660 701
8 27361473 192
8 545366768 396
5 453359193 551
4 303971309 830
1 258690427 966
2 42176107 377
4 175894702 409
7 973033461 511
4 773477665 184
2 597268475 112
6 547644710 765
5 593442386 328
3 53508785 204
6 379372463 941
10 265234910 688
2 565706287 986
6 533502824 283
2 711977938 588
3 435025714 933
3 975146235 275
1 145809090 259
8 133930738 264
10 412055489 267
7 726756963 51
5 44153981 477
4 902314460 16
3 82155623 42
2 899916882 32
10 74530453 444
5 536786845 759
1 69570113 408
10 588248823 230
1 720268616 883
4 543588737 426
2 428873900 107
3 254690494 849
1 351568658 510
6 107593494 672
1 442887493 723
1 792187477 235
1 23448241 769
5 521119273 740
2 166816744 803
2 436476583 479
2 314620193 983
6 23494855 68
7 931396788 678
2 269262563 874
9 388382112 4
9 8843068 707
9 34417157 808
10 57226869 489
2 274174378 81
5 529060886 650
5 538898552 804
3 533913355 689
3 1720061 272
10 764381218 168
9 669519594 250
9 312544401 306
1 440328597 896
2 600062061 598
8 389699192 460
3 315488564 370
5 949294000 233
6 686719044 515
9 461732479 607
10 686880097 832
8 922296778 54
7 427309363 623
1 433741980 100
7 927086533 397
7 290154657 614
10 258493192 784
3 921268396 854
6 26946894 157
7 655060786 926
9 711457744 -1
7 520283340 540
3 896813352 798
8 56276665 799
4 398442455 823
4 236427609 716
4 837113025 217
1 620300979 965
8 441977260 546
1 397958384 929
6 262586308 697
6 105369822 362
3 314120730 298
4 789921902 641
7 689041440 855
7 625400118 348
4 118247471 741
7 788424432 224
10 572428801 139
8 194424313 320
7 723089719 208
5 568645075 271
1 811984852 167
8 376988580 53
9 675848385 682
4 165233844 17
3 589273671 6
3 53518067 364
1 631464088 89
8 680226161 429
9 723847238 970
9 554751715 523
4 265367754 998
2 122444837 544
5 586028798 199
1 90783922 410
2 555431843 673
10 57799982 934
1 378733021 94
10 664077277 206
9 694819250 796
10 6076201 644
8 197995150 126
6 56249888 600
3 373672386 842
5 460105459 894
3 167045376 299
4 109666168 751
8 987158753 411
2 135070633 972
9 570579808 782
8 83031588 717
9 400967260 877
7 766452905 550
10 915224089 539
6 342950558 242
9 601608127 261
5 727880590 778
6 63935450 487
7 719685029 879
1 314622168 770
5 534273078 228
3 664880527 246
5 567323190 215
1 507331509 453
8 828431550 106
6 695902821 706
4 45599629 131
8 228176032 776
3 367793540 449
6 41179082 91
8 959166248 309
1 35918889 657
1 453736739 367
2 625391978 864
7 113055939 708
10 691335451 273
4 770620537 262
1 105517362 948
8 520531548 795
4 807677060 437
9 593929892 684
6 595062607 676
5 94971439 845
10 542491057 448
7 71898879 691
5 208140847 102
10 300234937 164
5 26662447 337
6 64716072 767
6 710033022 816
6 916125881 844
10 130074058 416
1 500119293 887
4 135266089 484
3 172696361 812
10 111906448 310
5 507469977 229
10 437880157 893
2 253128521 752
2 238683342 374
5 330667610 850
1 109572232 93
6 985456276 401
1 139800849 203
2 683941086 79
8 756155990 745
4 50610887 319
9 15409189 317
6 664500992 533
2 789709492 421
3 264142816 513
1 401843481 82
2 34228703 572
7 931162063 394
3 783972379 142
10 895993144 718
5 427984086 911
1 49565205 181
9 802373622 592
4 625601551 802
6 118806916 695
6 665236530 843
1 48921645 85
7 899893613 671
2 594638788 909
3 493965075 498
1 998276030 278
9 974941021 558
7 250110389 990
3 97212902 335
6 414484453 737
10 335351341 488
6 963263410 459
3 869099031 961
6 222835744 258
7 976153706 11
2 713563226 187
5 875572051 398
1 127675948 863
10 20549345 669
10 158489736 822
9 357357447 361
9 967839237 553
7 591764638 885
10 620291931 612
10 790290145 334
10 556115432 938
7 136030959 141
5 999033390 735
3 724782029 807
5 255611475 997
2 220499297 507
10 54379680 566
6 214830840 49
6 819251715 368
8 224929217 841
8 834476173 350
10 952422223 151
3 376401396 65
2 697283611 570
6 73128465 658
1 32796672 764
8 9588579 300
10 266544829 675
4 134840203 630
2 457560695 573
9 298742222 620
2 72018484 721
9 559313303 174
9 195117665 703
3 45332210 63
2 676313421 201
6 343104273 265
4 167356844 483
2 37898443 198
2 52063508 469
4 221346072 120
5 457731715 302
6 38870934 388
3 158518488 726
8 654371592 405
7 371494229 908
10 287254994 993
3 633462308 182
8 888210045 64
3 717777103 384
2 559488057 771
10 1029318 268
9 162796374 253
8 722147804 873
4 8284618 700
1 101040842 158
4 67041711 901
2 308658091 662
2 444620226 913
4 854272126 963
5 9624549 55
6 233852840 725
4 693031325 950
7 396952687 787
5 237934229 694
3 73688448 90
8 283468057 270
5 583582570 939
5 161443995 724
8 504959777 528
9 27885106 828
2 678523004 989
6 1715990 522
4 218607799 736
1 638352678 586
6 711722225 378
9 484385122 635
1 348695727 291
8 377290865 296
6 539080791 438
7 489622812 473
3 311745462 20
5 897068241 982
10 50267771 596
4 743793185 541
5 88328378 332
9 226330434 946
1 8253802 910
3 27400334 746
4 357467367 819
2 346951426 680
6 773188976 13
5 604392128 856
3 483260330 679
7 885624205 289
2 625612060 747
1 840041811 152
9 796503729 955
3 322037409 833
3 564365113 301
6 703960870 435
4 581643751 38
6 417720378 248
1 72024276 193
8 830660949 80
3 358236027 818
9 981899926 188
2 470297916 75
10 505947965 382
9 941573081 103
4 5574705 768
3 759428604 365
9 22877307 358
1 355697071 617
8 238138825 155
8 973525730 52
3 446791404 304
3 409925097 465
8 731685467 761
5 167287291 354
9 192238253 423
5 390734772 207
4 196503330 631
2 845369235 71
6 862242331 714
3 417195133 418
6 356507550 313
8 506328633 375
7 234862547 15
8 501331954 480
6 714637706 920
10 367124152 792
7 913754290 960
2 682562559 825
8 834809059 122
7 128415774 324
10 798665686 928
2 87995601 171
4 475823079 702
1 256286647 236
3 735835802 693
6 287861973 280
8 799544083 536
5 42870546 624
1 357232796 1000
5 61142201 98
5 210104611 476
3 592811514 443
5 362243001 156
4 898415465 922
5 930496276 750
7 326506109 245
2 504556558 638
7 693646866 670
6 546906148 162
2 819112167 347
7 799918072 974
4 320843809 37
9 732922320 263
8 861110727 906
8 586655764 719
6 547134276 801
4 941222868 386
7 813835240 891
7 807567167 805
10 19292007 450
7 685297709 442
10 595963992 74
6 922604183 345
9 766913207 569
2 747395865 667
9 891762276 189
8 117016951 161
9 820265378 46
7 91570965 379
2 63931288 179
5 656915837 76
8 787009235 295
3 292853981 758
4 730297283 756
4 506989190 18
6 765244217 323
6 302618479 813
3 234209520 967
2 981130928 373
4 477681153 545
4 878081031 775
1 442815340 78
2 434162262 115
458477191754
