10000
2
481765937
85377747
270216266
191391533
812669702
553475510
445349754
344887260
730417258
812158123
147699713
880268353
889772847
686078707
105754114
182546395
949118334
220137368
979932173
89957936
873226921
715669849
486937976
196032872
777206982
68706225
843638553
212567594
883488168
964776171
928126553
301950431
992516194
426542628
849040637
941604922
400427948
994719314
38269868
659998486
280937367
681643305
725914712
729267240
23351882
142750433
840579933
98560403
910500679
170970495
856224194
983059346
718458138
876268429
764841633
398844032
185252729
370429130
502141745
993687336
15934106
363674764
904629751
47965626
451230258
84670938
561035574
840531617
248402494
518954513
614127121
683337407
382875699
843654053
436430331
951656721
120033499
669566828
277092600
219218651
643287358
41654190
429623097
35222251
888581011
505099310
807426511
317442758
853580356
292425667
944216785
589638740
401170803
86979694
225161334
444887341
339228199
131636658
182095967
211082015
152299431
223840044
287487110
593400970
735206214
589759005
69834516
668882482
808284660
201886575
14983335
86000820
361784851
761170566
801013199
730103627
5748440
576460935
267998022
287998491
883570155
659169189
28409915
145324185
148026999
783671754
994411754
6364915
968295564
559931138
653962275
11243553
241418523
699304832
261159142
968925561
891777682
928854730
542938505
135550601
59320414
521884895
873213990
71339244
965117089
525440097
212677190
484742724
852483215
533958748
583332389
80815716
217079211
913595889
931858672
2583109
237123475
963071904
825207676
700375109
196796185
706140954
9984372
976151791
319159306
442727412
232021907
578512112
303305402
117158000
269950146
471898587
343191864
114797053
152143928
338685733
762321162
749675390
634535221
114316404
68043417
772004057
659481684
54969876
580643065
957115010
948283606
553189270
23689369
209050472
587136520
675026727
817376093
333349108
185694323
783003134
302247657
987818736
585293995
182559978
41127599
716688814
3823675
999845059
98508732
220256097
600558249
747030707
575147698
145222954
718559875
348928355
109934480
377520764
288380743
209526760
401155646
166723145
287531644
2183743
905284681
347176137
934901151
163821533
198427214
70386613
3224421
204255257
646953789
182909377
209707628
134707447
801884114
79174
509813597
114827157
691055055
24505189
607161719
458914657
226846021
553909178
899333081
14238778
819515401
681350656
221792732
631623004
957482163
97905459
501708872
133968322
107735698
130019383
106757934
140807484
81126606
517753388
72861365
682476209
818041956
419256083
923373706
858421367
741274455
858703734
72439840
434168436
685894565
527723019
309435111
85983587
222814914
304108471
286148120
129671552
288551721
153725532
54348073
894080109
531178258
391458522
175922355
58976534
97888158
977056434
364873481
84695052
874846524
440931208
110483420
169580812
612835721
606947927
70258302
65332133
579011705
374726713
720130753
403305024
517512821
877548656
589473926
844934699
509860473
713161155
927004627
646230982
195355620
248501144
162346601
445357092
274341736
475831921
33644410
860692747
441680399
153542753
333654411
383555938
399374306
178883769
827166047
499751567
868830344
167033400
452444898
796613055
310287809
432751769
714405001
78178984
236080652
985327813
155562332
590092362
104530720
893065163
901252295
81763213
491323757
463846102
326665132
390979638
527534545
200171891
941574092
234179033
62300698
324920405
691968678
612172296
731415697
346491169
81471953
541238769
604257739
411582460
360400843
970817050
53465945
414036233
170490219
21467395
28707211
309610390
14059760
103580247
503213505
738262275
148776518
756377568
450650279
164186916
81410007
381320613
104667216
417872786
604083094
205023127
287159205
722668328
863334008
635231439
463352604
381068806
734163367
347371393
510014277
836056577
59749910
557511761
861506630
110751898
934278863
418587767
112026364
510083579
54150490
296877751
91507158
695475950
106023609
857575456
853016196
394623363
73113434
408884327
362645885
600221026
311361451
331020206
789630851
78408878
64206055
886071796
806799590
97749310
4909139
461651562
931894844
154736416
418544571
434491732
722318508
325228393
39987002
107488994
97051122
82953400
251951722
760329870
966331979
725640583
877082121
917831367
699274600
942525383
432507918
362431470
141343844
665564236
631816434
349677418
794593159
248294573
37430315
605816183
812840798
553585302
971464218
8690907
29201997
39201059
457063730
726212485
704495907
233326033
239201039
393479901
470441288
484908661
265491381
494070684
685789556
846206510
66110759
481376531
18269584
333824645
524643868
117104856
739141937
605540662
454008494
639712620
99874736
627711608
882688118
920301189
261856649
208601229
432859439
880180060
877819187
899971114
98551746
37649376
564730606
384404675
710498874
279314607
860610482
885352675
999426981
298088719
138045487
752628684
884423793
127991781
257083004
678295048
122491836
665518470
988334860
522010230
336758180
761818670
180219472
259406258
961603705
518763465
196150924
138392517
862720895
354043650
546965961
466668835
916382921
322111516
164897094
258046236
478762222
254320225
715848042
696058613
6807458
341788526
604321732
382741980
584975154
537501521
471641427
180281404
943538706
390271938
860379354
895591039
631817829
952331130
832433966
102803432
110844171
339394779
588783408
455244168
308476875
38297260
938993626
48555825
930358833
139193783
447992226
117920228
682827608
669388453
562105039
28664844
19386631
464321383
297990423
144638579
852188690
430549901
114506824
413917082
947037968
885118799
841827059
537716676
60528232
432220404
885642680
39294285
906580386
152334980
970631265
751486329
163311493
51113284
27170076
634036765
113597344
881628701
108087037
481509807
129482324
376731879
763558940
216482322
947260761
790613443
619313290
801874773
241424531
336030860
802799870
815458068
70592576
9134483
250486271
203774340
185251413
108323210
489353748
808733282
855272972
972917812
104285890
351195144
941104598
288617212
89827073
432607170
109659378
216685011
873783314
173748952
629266719
482338361
503156220
921499856
564230992
730359855
74025245
695848453
213508988
853952713
333033978
791618823
566314638
598476330
121455791
60356495
409982271
748704247
875677533
713526956
117009145
207248987
278464285
850951688
689179017
85406602
278706090
518225536
277281653
556727424
277164217
59527891
853102629
770433889
36761399
623022580
365780717
714519851
292149844
69560517
29708892
170396424
376727281
532705584
483951942
136350870
410215550
173227802
682687165
797241924
162436282
685673049
853477238
335928761
496677901
296635189
886027273
996606821
601537996
64630438
566849100
128623133
605919249
568066186
220226190
994162637
372563806
199429706
183411852
842511579
563641189
344082099
52770298
884096782
100747341
459473291
389234623
200824519
103210893
47314059
533584457
391380555
875989892
257188587
799204789
409247177
622912093
489252813
807062355
367555597
917129101
37007573
456590274
19815170
974817242
488226202
871902485
421877148
282858595
778927104
483314944
121797357
131959589
554973904
710624193
315469147
100017523
93441096
291092548
524649673
380886346
297330764
551482701
714001704
616740981
166822129
332884087
770079782
500744354
967911705
954882796
2255682
94585465
732013958
917509530
292597524
24780977
915035298
698868152
409718921
478945610
829649330
447943847
463890286
540636938
823976470
470761038
205254649
748618308
989502645
808450027
439335257
319628371
498501261
130014327
905277881
378954186
552577709
395170741
961969360
515016125
502577922
65189339
105271101
47900755
221544812
630556271
697552336
365019489
602729124
893090908
514932216
152201682
173969074
177169281
118275768
60717381
548636273
745745618
258227748
80478067
714283328
257032045
38804879
214951727
272769059
119826917
433509422
99044965
830678476
466378815
388644770
258014827
763144841
559325076
832982512
16619808
403802324
397147147
74369926
307241240
619990837
86024351
824415738
556587282
105910317
359827013
846594615
307819439
61699819
225550215
696848152
808026607
629056071
481858291
229915495
73836555
760810057
549232209
535702631
104135670
684357633
946355254
366619813
880675254
714777972
72603649
464813393
589403094
102345778
127483566
501832019
988875962
846160357
305352818
40848180
671189787
693904720
718583409
288188010
388646898
475908258
382974265
21817294
903506251
866639897
772315884
948801908
98119055
332167025
90543453
984872855
38742570
925804741
773648066
747538804
418344075
82024647
908911715
900413063
567506551
328888171
679620978
134381156
917548835
579233408
989349352
706906093
52516271
293093512
11048306
745411999
531770468
720217824
140798885
207817132
33522984
971002849
890522099
990265719
358225053
766726423
355198130
424365733
331750580
96129542
64599189
238258578
455658052
443945042
21293908
591926317
803118294
715681895
979576223
382647794
33148020
95827550
296887767
875221521
653528019
746795945
971404452
756912100
34318392
350621224
470551811
632646229
700130696
45292430
141553549
18090489
384142620
17170053
48973894
344555440
439953566
312083899
71239543
90651083
770640919
158588236
560775617
854366612
263875727
857719389
77596918
159789175
900106310
463785657
801823642
738618400
185967246
952339213
637793909
415516127
30506581
331017282
861396584
243681372
323822162
504212674
901157398
810800353
621461947
163503268
562984840
226454177
140806737
795420854
51148040
710691985
826087866
806457300
434133205
664583943
553516002
628532315
271428886
626471877
683200262
979193318
963315145
13063482
16194678
452500441
808103031
618869417
193202573
170075471
207988561
674043137
25154457
27737296
6108552
959398706
794437295
318726366
468555682
238744712
81991857
11691073
205536277
649104227
246387403
322220430
21923569
179202291
229521303
46530726
154003920
760913951
689799214
180651455
98135525
247054862
720638555
198879004
634540159
380171961
522719110
896121291
300644361
300299007
137689888
521987986
742961489
844327814
167405444
870253772
919479965
329396788
919950705
148346552
123637103
682115877
111760245
811568922
173058982
982725178
947756017
748835637
794613358
142148198
213993359
81598172
677103894
564868324
864038655
610602503
983183527
829395380
73980096
468826024
950667044
335860271
900160156
647788392
709072186
346775477
504025063
300156696
258673574
211721646
819742215
208743266
581617996
349984120
65848277
340895928
541982386
76320112
896880781
338778375
390314011
730000668
193394068
506215144
801801181
216176285
611364778
822833936
558556790
138269521
111611296
806370902
63908350
619680859
960031557
695214624
324746016
318802822
629635415
512140607
818097732
503305891
887756782
911328507
79667721
853224219
885060259
856469962
682625509
274547457
402911556
196797613
167639343
805406371
593318033
600657908
344449736
319869090
129689037
153087020
238174447
653925167
136563333
59836878
359279138
428708604
975042583
148304604
88771565
49113657
463119874
525381749
350785157
497981949
953613255
660657522
492011415
874545487
215906963
311841132
272072224
552542869
713141783
760466343
138431881
376405571
364885245
305453751
899166259
290672624
595147198
510679020
689490350
400543689
857313449
517356205
192965573
134249449
267362636
197960982
956852551
93656348
337536637
481277266
608819251
951589454
778229113
285770897
569138229
500525106
945159423
647280117
111234896
127378219
740493840
888935125
863066588
629164621
988312255
226980844
83839731
691638033
582370888
91997121
860309227
708539449
220933720
32940842
830989633
214662427
670051001
233705075
131262095
421304656
85928086
389954755
122758936
359929177
352738141
968055221
46047214
43757592
324395346
343568264
370078549
905657458
618918186
398879721
566787101
21017921
488700270
69017242
550174217
872536349
740683612
835056921
994692269
826490663
390762444
861357372
893645704
637483904
368099138
379383239
928979089
476924479
312626434
73516987
354374181
951453825
755605094
790560366
419045685
245988342
97808792
418483122
760015377
262302958
668891968
430736330
153562806
10596837
294751137
248578389
132096360
262283696
305217967
258312594
961861311
897467552
738169664
974414751
158189975
702987409
72137514
592167669
50767484
152851793
1264198
119719952
549549493
101537892
761483582
763399732
998792836
830933672
4755466
167107037
48133189
429685073
630460899
928766489
974898430
953956957
490800435
476817070
800051614
284286962
896797033
495281202
392312297
670969081
480575492
814358496
278081785
569659701
9299331
330059243
893297044
846001785
383705694
648556101
858653881
20406060
41584243
608746773
35438314
258544496
265440644
623749371
418940303
905862812
825502023
591937412
469011570
969615458
652144762
985967191
512140937
708016272
256865739
547322234
849727458
101723818
445807730
722247527
319349538
165573482
940371617
860690040
555870257
405714404
421068695
700169312
847762667
927028805
825455005
642884968
345050008
522413362
145965856
247739382
585026915
185864565
998378538
153293638
564683044
611004480
49135266
687792522
626697494
277132980
920865228
199186107
720370823
870045471
833157371
71331218
424435203
276755207
157680496
74026842
209019762
821626004
749460555
539553191
280750613
503508645
106815869
365201009
916169359
263657709
782928044
855555421
25712394
272967776
167166148
222877577
568588543
334778120
49689316
720761433
498464751
27365903
721948102
639374364
111961567
71958203
320709162
703623349
283057003
765266813
51112415
65490444
17899558
680817646
134336422
778344324
584947768
675084915
69247787
639180309
765131296
193002248
664021553
240095191
446847613
514434795
863767698
798655716
960067623
10230179
611232977
654429681
920051004
383583190
267912218
175885283
8863528
302424974
825316271
248850999
458055052
508913818
109123651
356969424
870449296
915599465
67028337
415050552
898131138
370012008
204737082
336899969
4165008
303714234
531067525
249260480
663901820
69044231
682884952
1030841
102622790
463916801
935779747
124099556
921769798
246949553
54026452
681082527
661310724
854533448
806934112
21713808
416850536
166880313
813189051
100862345
382031713
750032684
272476884
145649352
970842829
565264994
182263260
174647530
82871962
132235872
10031302
178045363
981017444
625978156
442277114
677145255
645886699
794204959
745091179
424284300
851198525
162597318
84045400
415129163
20660873
428674058
71947589
330824804
54093888
146075915
859653544
992020661
239433569
139272354
67802155
966882982
4986445
999019474
901783825
20249640
177438755
708161512
730748636
488786974
386189637
748537013
217423971
193529086
558096098
667752250
673547624
480743492
283996399
511626941
875312888
190837895
639481664
664302173
919410060
370686851
727223580
549240402
678748155
721410891
487223395
60676631
245738930
285874350
679089745
314496332
959937461
472504415
2460605
28433945
131090193
601988548
57219256
76953347
657005415
15112239
682396284
1971939
866378834
86821824
439749234
99369648
744637882
885405112
575543396
781994475
85609905
144007432
853285177
525045408
284230830
733631173
614326042
460907620
581177182
691631556
984102443
37777396
252524228
859285715
522852408
658590725
164973693
752277842
26688759
829908668
872555447
529807649
15113457
38890520
657975691
305129306
52552416
421032484
136716247
18999634
914967248
220187523
283086181
28738905
112339579
215402383
967110168
283432433
13172696
686755200
982277015
71630024
359096233
55270393
814250351
628132453
694610246
168932199
31507631
212778479
70058666
633604643
398240437
60622027
539035318
570876018
242950264
378152797
187305741
995580962
63652209
416404703
148298795
70304218
520487067
871209283
75806428
208121480
401637984
707571
118961790
516240169
658101521
459438148
358424148
752506670
780959038
436842592
887666697
692599531
306397203
304812233
225612293
381935928
166680166
780253307
855681221
117046072
1823938
37331289
367543108
781905435
695350609
133836885
635710205
162073463
523589022
842632945
296293371
366875776
170398183
922619934
950624070
349095536
81746296
881238364
6692258
496135786
265634631
285617695
466267827
348359589
220483455
172175767
284828076
98679565
446037844
94591827
223893771
365068924
614649490
486878820
322977010
36721907
146890592
87936801
75352502
543253906
487756798
996748826
972416895
254651563
976828574
27342594
386193048
280480879
721964363
47803772
303109151
757557788
769054791
932530108
10587399
614340457
462842571
666486849
977745061
866348017
502283129
987502260
114707883
125273911
900885995
285676153
383332698
868401395
57675376
768626283
781688541
435566053
679005866
734072043
626452619
944024646
372725370
306698806
500303844
495879636
374742168
251667253
123061694
115850675
625119174
956297145
854187518
858446358
686590015
786554710
890892111
785011390
35836443
125640120
829545806
518535797
379732699
548463806
201407324
275166434
198280401
746139715
515563535
876712345
614728946
871921721
70441023
968675664
803792589
679634276
372014458
106078084
489011399
334186515
751595765
215452722
538917959
707157941
693964393
220362774
303367464
915461022
158184290
861672198
827000506
863555465
941916827
323153254
143359701
958675151
100556828
604447706
28119046
373625796
293797924
130092323
786229377
443580529
370331424
213582413
459580604
894816293
674482007
16052799
665396574
666904923
978080510
356952482
706833003
320021013
344180331
628910487
602440537
334010552
679289565
785888872
121049332
406873324
67328102
608937083
962912990
191476498
726621366
273147501
939071311
848809539
172304436
325506324
104577649
179941815
66041260
281174779
445470871
549298416
512239365
244552504
553434559
537276896
741906706
951144847
621799698
439767220
728914979
718718730
499655607
726919827
991511040
263396534
627686251
87104149
717102365
949123470
693981417
278174202
812760326
73234574
26453876
88198032
954311622
771996168
394202448
337189615
20882333
922733589
929067597
630034200
589159524
969241522
328315901
942657240
105352852
462623378
531567236
970412688
761398069
990064745
759639989
901139979
36424253
68066627
820050341
137556634
40263956
615536888
481780253
738217066
752224589
299019399
261961549
80828674
774973393
627144563
224390168
13289422
255580309
35060756
101124285
612899230
82920853
879038375
1646228
546060694
593608783
900413115
633378971
349556348
772447092
775105442
748149725
329873515
737989170
992537372
733190403
14232821
222647266
297914805
440028163
48775401
858354406
980159257
205897589
586869194
102515420
18490255
664718919
74312163
99175287
193479910
308990007
291715393
375582654
249949532
454460226
429083765
442232994
397445921
59331549
617483973
270882397
61920751
38052699
122679822
875472538
112828999
101494926
95769305
794327731
652348028
128789744
750426630
151389706
166253141
697317109
499060747
179573763
79958068
215774937
727824033
832352979
381747379
17952199
427140937
41250019
195912190
688303280
21514376
399721676
713401433
993153968
928860648
298419142
128784443
972474496
835263949
350698575
973146612
327819257
896631085
627987863
405274592
292418845
585495446
114976383
211733420
890568919
341949706
33445175
31149228
43315285
436939908
898578557
336481687
41764777
56474008
109148858
12117322
4894033
82390135
914771717
578639858
584249727
29018184
181220707
830366833
71410762
82400694
280092464
98575320
752943983
21886455
833479150
577248619
58219304
112527124
341743435
730869485
166017764
270016092
118894623
112961705
710457296
139113216
24200168
802080353
444718780
559110511
700903063
752337959
31368996
79847006
816120265
850507003
192291536
751858361
886183267
532180971
119047903
200008815
96676385
655486546
946156675
170808515
542461349
821160385
23985946
822197975
24102758
51999810
759240505
59345951
753259086
852483073
603359978
118547877
788952487
20673614
938312904
692290448
94471202
984068673
256942696
4672620
290940422
628178294
369338493
936333414
605637640
177777871
348526375
268440560
464120831
249685423
359376919
106863659
415187862
845880255
457870566
278319220
206721923
136756008
711191788
989850141
839607383
526228919
400465131
520302111
347958240
43178447
903920126
221914359
878308154
470299810
23549312
209748200
452854355
516792023
208156878
752777030
544239157
694323289
50462535
967545581
618946970
107989103
228896582
714633246
416384744
630691984
743181699
2765317
370743982
788903027
653754310
17280499
54270431
441955753
45875381
445486416
952977856
355525691
670785876
31617773
462214875
517870947
296652183
92766937
314326314
102570391
352324779
121067507
320847630
698437716
59615765
481736558
724686499
150819956
286235456
27486580
534851919
103206612
102136148
53454959
65469459
644703562
715758797
944966232
869066918
309019032
815136708
492138835
744001531
516349084
355741170
77180899
831418067
744146992
317391497
232555999
702446615
624638858
719546286
95821886
199705733
802154851
884764107
477512809
202318241
184923480
44940847
274950197
464087672
139262649
237806412
330063051
753555374
862095143
521755653
147262773
320591033
87111913
15748182
9114779
122802744
271921504
977270151
640858471
448858297
632674817
694602632
132915462
286946286
33028999
89980252
940982514
205350138
238779499
221965148
918092870
549975287
863669136
591395120
965274414
448216144
194451227
674084181
277031050
305496060
429575889
560624382
515039954
84361067
99350931
659585613
66669544
424380288
710212378
537557449
207257370
152623023
992222114
574159611
482967693
14625289
15725006
246008650
537822321
838683073
332265196
972300057
519705708
162276035
152627396
219804959
110083146
471460965
348715940
676957574
7048430
772381891
579588192
77143692
407158298
764829570
454052856
666536259
66358630
156744142
251302473
771302078
806874764
199894336
978772827
266456885
687037628
555823737
527777676
804513840
511430251
532721867
107922532
919609900
502412246
361264102
710075633
598124174
821003265
32318007
563129823
840273512
152299310
412881066
803767856
115347810
979579828
621364279
602328000
92018577
985545407
705033835
16713225
494681660
513540148
919448364
171983246
768349770
968880549
779905337
16939856
45147689
161177736
805991728
22039708
351043364
797590675
645017590
953873086
328102062
590584258
136579711
705759597
905787446
390370292
33996306
522348783
867763652
120273457
557121895
352662979
87698015
32239645
614162801
116403161
9204802
20493155
780532812
64654934
202778298
632581118
579198062
434640542
782213566
652993051
123907786
815798560
25832310
220792423
575623214
871453878
413165343
619087218
377171876
750281477
826343227
622225786
521460394
186594959
131224600
224808781
566143118
473359057
524083337
941808181
853391928
556541009
258757206
184028445
102743657
146739737
540802909
918181615
94056335
759130200
858905129
737837262
583936704
90453909
314515445
964260939
822727019
493223285
919689971
50172876
273577214
364620976
493914878
230419199
67819586
254181447
596320425
553277961
971447021
595925925
130831057
544379749
988378329
900840691
720334340
782699054
658929397
508375350
584596995
651411673
519788965
67531853
347616868
674457667
44130612
284346106
228704897
86564099
699100439
618104578
697490557
18815950
480712491
635261132
131795606
834862331
593464424
310155149
76088880
889007077
459247263
803710908
127328955
563514813
139131547
369251022
426916901
141246445
108001036
801092260
767114581
913524514
91034240
955616666
47749462
127058145
461426622
52348988
80696930
610562208
412395311
302817525
65258568
54736682
708197733
740082754
689366509
210953337
662448441
13544997
121457035
324169476
323414695
733764399
68876987
455413758
83095914
690752591
661122404
420704327
691296298
180672384
421775246
137595149
40985318
865446489
483531522
101636440
848420629
619261793
710543325
108291875
86459182
433444796
660955363
926686656
784502755
427165070
542081536
471941993
827880700
833821950
890842720
953820516
62455824
631824789
529301788
273231290
971918410
144541695
8174471
818656413
384738317
332804528
844364874
843043205
918604759
191688173
563508894
62845
3029915
658865152
48566475
101309942
272091654
906672864
770811371
496435189
15335204
118066927
964056622
352193506
747164399
299615836
952592067
798004486
4347385
335710179
117657100
21058142
44728026
750713397
800192489
757524927
168887181
641417101
622775099
474235366
875700914
167437473
992833473
716160972
913901815
92820129
941757432
10912901
487349526
76948541
261050331
126829111
160144970
899768187
569185410
787851383
81655528
415458987
156690399
891667747
58774195
995512125
342751924
376592699
544096692
449916384
322552541
816969418
799715436
521040502
157835270
785328079
274431611
619827217
170230923
589306937
909167782
95614737
663042014
704098245
708021279
160226877
654040816
205942110
369436776
607127870
482549988
932963716
1896468
356595360
550361491
881730635
270744537
750321900
318466850
262089874
766278655
24934967
620600333
239538987
578531881
981472879
870951162
116835818
516413953
709599927
484618437
14762449
567868826
997243829
677382646
635583695
802729531
95458597
19427096
546081813
263769836
468979294
198295409
740267392
310074047
886351384
613477143
81783207
757571413
948461861
748891502
986737578
221894603
976478093
581996510
885632885
626207207
251210945
968153812
24228809
724341023
554324065
788316687
838190420
259738314
3657231
900128096
906622045
771440084
883206963
187410647
374768477
100529369
428218674
247751
905836094
909746406
223935021
508840632
80877335
471631755
605591798
663610272
588113887
124846488
718104825
4024299
577917285
392073007
586639770
470677392
400963226
891099896
815292855
490699002
10712846
467078342
677339122
944133219
506828137
88703381
466926089
109043488
793692136
213836596
900660580
679632176
976898890
761105936
923238450
665593950
655356512
148300387
825978644
253016277
972388521
923240121
297693467
496127044
716130500
582519249
635970722
378346025
721874715
720535829
367254702
569123130
976277335
829528154
257047542
982978274
809463468
685983339
260364480
785846869
513088653
46878800
973575176
112675331
198274871
993097699
601116578
373842764
524407148
142686569
913487823
406053159
841242276
523774185
129580005
452760584
821305168
75987639
165961899
55718240
756321345
963509173
866676747
962638534
782908519
577550859
383936719
451553791
82491700
263979118
476173127
305474583
606642617
606775331
593111747
63152598
681940954
832899581
961599787
618037435
431977833
29396686
118612958
178726097
291746738
398401699
893070659
416782486
139857340
969780670
883068469
750775161
952699167
836437751
524774886
312699394
633274609
780614855
900091825
45708931
162911217
62158561
162732678
256105514
612690900
214327204
74532849
509496030
431287213
832319120
424857257
205855617
885255921
27323284
550094406
812755992
257629176
298656933
35225333
529446941
95517072
161709702
510744874
946127125
820503459
385081101
309321497
635182815
989237703
62822764
404336553
574849143
815356484
18504982
949185969
897685107
333354172
465966361
499090846
229645847
769656338
509081114
531324453
394184370
75464519
573739679
418471726
526277735
79841779
781090413
751718194
511887592
134493196
522069583
461844833
431259882
54865531
578382204
870737878
720752385
779416742
42436449
127755252
388059049
819665798
7174281
799175803
788561863
240474664
63514476
351571927
302412949
858641067
313116719
997311945
397271887
625838212
928465097
352178125
40283725
62533504
130884509
528031864
237984201
254975553
388067015
819339343
290722951
379172293
284429125
170086674
916346099
717327817
527101492
866656629
15615789
606693280
771611054
618181211
266908116
791801121
876006020
239548322
101494235
263266707
18459417
611431663
380713196
721213107
301912044
911968571
286469251
998987767
459277945
257402431
860279695
281963973
788708839
719080852
2869281
163809020
405942316
683679488
295318578
278154401
749502496
777127157
300314070
877032088
326462460
555921088
893391380
34305634
640062117
201504040
343164674
795576012
111610517
268174870
129501009
183137301
533898510
896608849
14573545
524206378
373224297
662131397
552932182
91721427
378668747
496488626
896525652
183484846
764139740
12675752
495045238
216667013
824106927
656342676
140571621
665507090
144829669
546141786
81441705
372207049
487688371
211364573
851387162
19215466
716505996
134645726
280774420
548446277
234706795
63671440
130556578
630052729
140588902
310332340
465250809
999201563
449533311
168639881
991454449
82102611
468590123
189668418
504779189
551048286
32979023
609009187
511653717
870386673
90491315
908677450
379174461
459690200
671114647
128390
158326370
77485566
863189709
141638408
440010590
375172709
478676608
235848179
338752008
822536936
625432923
645917694
525881975
314341304
160624596
179584025
702332343
654223389
158434626
606033623
801375071
590228562
320502759
482000517
874311064
256595671
322884777
401006710
816008697
720356361
350684809
11071350
824646288
307631820
489916597
108951409
408587386
268975695
393928513
112490447
452503472
36512543
456489161
534772869
13665625
184792096
530449735
227924739
148259876
23008459
542988006
269320354
783055493
813413498
582951273
599394304
831276536
144037813
238062803
200261554
711124064
871073610
41127545
255139980
514278432
752725810
909124596
903889430
792106875
956373180
165146120
443680953
700817278
949877369
565057807
454053851
323564813
647671833
70143941
130821945
10069819
178155868
391242141
82505376
445647597
514755969
184439404
381324199
523861813
826014047
12664076
195302657
608262198
724206952
521932875
27174254
781195399
211247332
321884980
994154521
306565352
876308095
584865739
780223331
914261673
34355753
95226880
412617488
83446627
602722966
542410634
593207949
98634306
69014282
153454826
41473800
16006983
675583080
853087171
832810942
215330287
696494356
259495409
528073446
699484770
818935934
65264194
697683342
109512078
762283583
772021726
591773864
52731498
733190314
456581153
46591084
49718188
755340579
993736513
981756254
741297630
657750963
531265520
420253543
546203023
383766768
865907591
860925641
803673685
280092191
48504589
326601985
821135949
904352023
391605469
511597444
326506973
844871521
54199880
177762399
352702337
436307088
909330380
685475854
35433821
806584765
204971606
90727244
797735277
839418440
807747799
224406761
18410279
23998365
741319499
26856770
877805635
112912357
737579667
914342405
408221959
453237823
619472717
102202140
764229742
313352743
238762447
764538618
35171476
319137300
300643666
194817885
472405146
598204278
664165873
513407916
950953096
725029843
92351379
687735349
292169002
677344106
53828233
233454734
431427424
523333242
695716805
725812325
107096873
364463448
373572049
111556509
759311773
36841657
534890635
303285746
773306348
179260961
820082810
944661640
105859914
547038503
582636466
23702333
910861081
907792154
2094631
497562863
331352771
624985559
339482592
109799653
346511747
150378840
571508836
393283213
601252269
332235628
711857958
633412733
649961563
57949448
249593043
491674517
549648359
64383602
747400799
429634065
883391096
482629004
100175898
839760606
918163593
270326845
166318172
28837377
446539431
53250949
769769938
939177314
807333001
684679076
350672958
721236608
548535435
750530281
36077606
291539537
832825461
128243306
135186347
110539306
842669600
38588379
778801979
333010606
149442117
510362888
56845699
290909699
689913667
349891612
626509967
435424082
931952250
100096349
901530960
119004181
120021149
69848311
60383128
8169368
815082683
144447300
183479758
637076613
566438595
159121684
141313464
325624102
840822493
6136121
882817521
217678250
343855278
404343734
865657837
629767379
294731251
446357888
863440501
252765348
61637539
85614157
11333168
572082719
820886483
343742844
342418162
720676984
424405305
726341925
425307175
778281774
657170479
528078605
921968080
346331804
932385574
39712249
880628900
132785162
828838694
23237447
984073643
685803648
162431203
107120187
347179329
818077333
659809300
315020760
959708416
782425754
9120379
237391834
52656851
15352743
432240061
274835931
339014215
91238861
139936242
738574230
835694545
7403985
119852127
187484389
230991558
739246445
945154092
611473122
174936211
228744270
119585817
105727682
881959313
834155516
814086681
768500895
381500476
770284990
503700958
172636119
703855841
523757203
698115794
325694323
492949455
60704938
74546876
185924209
694180459
385801349
301499577
68885727
888619869
654887228
802447113
199871578
961332357
126579857
942368207
36648824
4345526
577769330
774455145
239523412
839097906
650280687
253474031
945877629
653303503
103752367
569407948
439604896
37913426
91372227
554498908
828897062
732667600
931314054
26018949
27125609
501795024
198496234
866937407
561103628
978735533
821862949
58195693
865575894
615936852
583893857
642363544
377630613
882136643
787155918
427474708
664553020
107788216
383572021
31082233
890232209
736348405
844727041
456488888
73277307
606504860
465555743
842043638
952985081
104580595
41152637
58072314
193889665
18650268
62388828
491531577
471135436
428854895
296199764
440639303
657618131
200423407
241083100
463397788
729846931
556752873
735844434
740221402
894732312
648405212
663812191
29084061
220462243
901529350
279545057
124239871
365196124
30874824
295197924
877155885
549293184
55856283
259476719
53601810
725819272
837937403
823377477
409498796
647611361
132081637
669613455
86544030
79684873
77892790
315788923
463485832
360321316
402771529
915195734
402866317
959995381
476591771
218354262
466472914
886561589
631274203
433046952
118457268
866132417
515
264612046
225801166
445032030
44604280
840063369
120072348
620592306
82746499
852721769
352423215
44139093
460305805
941491096
815283805
335683224
842629545
805705251
908259488
965907069
902984549
691372094
171218054
98656288
767013163
340878056
137801440
265786480
777761793
857239884
20830130
156191291
119690866
884289167
429677665
585668321
376704903
715731360
510592073
836422695
539432817
240446165
348429102
840243412
283727837
200245048
860481894
130818354
2257302
122027241
873494477
494980709
42474790
794859083
694635270
531530278
81868734
382587767
209279020
77228249
855781635
29815526
446099681
962393385
619846030
937749282
128332975
561165445
123399156
527898958
916314761
795369305
117441828
792434457
543687225
956146674
74532086
292265527
273883608
591816267
39119395
150847234
169260712
172348979
8043191
333385809
841016736
99545786
591101775
150157192
556631550
691070245
779729290
435925032
107683136
626029934
92348135
80119858
489280849
1184130
749491979
263970002
450162283
355196786
610258494
707565922
78310721
908574854
986773596
203308111
632233889
572200535
795536097
655842465
838414439
849854182
46450453
794331515
315687831
221284008
987079327
498652014
652248382
43315228
470603168
722748376
764414983
651416842
222613656
159464552
89635631
45859169
890540629
118303920
422676868
69710812
434557489
961175696
927451100
389115627
71515054
579558712
5391902
54979811
554533220
66410957
713231875
733080115
308501115
484457731
971571787
30796477
275342556
735102943
283137102
579505481
144056803
980562275
342615279
655751391
936786681
956843226
83875085
693479302
873950556
736918784
909466580
52706689
999354744
37679962
287641760
477392725
663836749
509814697
412836060
551706054
423003742
652588857
866396968
220574866
680109779
771024618
552255646
862047414
331293076
285806750
431240378
46299859
215903925
777255227
929274934
828400463
380395806
812538211
290323459
13779647
112371148
855168423
241294002
485322609
773375208
159403117
681194568
121659164
254286389
171401537
450737438
967380311
27792822
98323007
244862532
86444107
745952055
723712457
726323025
903852344
175970697
154265607
124949003
301020759
54978683
210493049
704079834
914409461
54667898
854908926
773650703
736525263
911442495
38482334
750449840
936593443
16336407
291394944
791590423
551898376
223761285
199663000
175716511
481158560
383912853
695460239
3448202
996924286
771934294
649573758
131740289
836798638
231247993
17885631
784355207
814250663
357632726
939051319
698612147
124551756
209310071
490689318
372406686
151613701
905927267
928894744
985028732
415068145
748598953
582153601
381951755
361628325
595010907
116570173
108302114
996807290
713816706
889306948
451544823
721913668
843306500
861953263
505011686
566893387
588563458
991516216
561818877
897280153
958044869
275893289
946936991
796891480
214945026
73540401
541898501
981177531
563080647
142293219
8600275
729995412
749502120
156989867
87725619
593609876
374638450
697209769
959372064
101272263
116926071
406893974
367988573
401361834
339812240
221055695
835706990
807530459
921978736
70798716
243896961
707368670
226117105
326168848
960977566
948621411
974025510
863633591
695144208
319687923
725581286
170147452
192557897
173764477
334221783
634637726
319980515
277123013
382253804
619648831
990395766
54684824
309427962
205825226
139612261
702914241
940692829
463843664
952518765
30494162
768523927
982387863
448554819
287544520
188824281
121415227
246078991
615914141
900470438
658009060
827543433
831022553
709547284
160457592
517588061
660298064
49250837
428016272
503339018
256699362
400313844
885793363
210635270
548645489
668493863
203095571
62031256
139611316
603713842
53883627
196047655
805050402
831782308
618862175
7739198
219270690
742355462
17375993
917941182
741892058
652287881
838315239
97072307
753239386
688248955
292782505
872109624
766705230
607346835
467986260
179329899
996606592
432250496
829082142
600122709
890909016
306790621
251755363
832694875
564489945
29605846
425436691
667776813
354658099
278069753
171459829
893701655
761751531
689631818
632316213
517709327
960899622
231510713
88671030
773230303
986050991
626360590
24543319
845787804
142384575
631044185
522790276
419820533
493405577
604530697
132843212
111120690
461198362
8976829
970345049
928058631
332694448
531116392
955415551
50846136
747353042
1293320
206147185
608214217
106735678
923521519
945759690
966041908
872781969
843862169
16603656
683235049
856415975
696102779
709072023
453500379
298048617
589361007
790061985
113112049
199566446
326425650
472851288
62364786
231071590
312236871
565427217
257176801
15487486
7097574
804184166
442351902
793381140
565013520
34745988
952765063
239638788
106995434
552247338
267372606
605798600
331658388
835186585
48796098
365724542
516788527
282997865
755078315
241000440
386187600
423557163
251479
728191121
715045520
554188981
426155380
728463638
584595192
275357201
136868643
821026514
430299294
4275768
155514927
988298068
805019158
579219209
635160166
169082839
515650579
992224959
604956495
113416137
730190265
55873445
68456170
526284259
875028020
161567001
16307984
796878191
538052660
709534148
318523930
870584437
725593945
101130675
195562977
291914298
21958486
427938833
522895613
639263898
83619230
57202004
949975709
653731355
950173853
466914733
535611959
172331724
273085801
498198135
851690686
468498319
453050959
172822702
996614162
676614401
343776315
999493211
627982913
446077588
127215980
371753034
675481182
136637485
549022995
114237944
946135369
333188202
112324368
468356851
190568114
69702451
115599926
790235994
248056426
964193539
122525337
244877958
163632713
592222780
777408304
427274552
675142458
271807950
519509095
645013597
973357950
345217508
690604176
227100320
34223000
688107094
200719020
20645110
286908867
946135695
935343963
175591953
158022342
293130713
749319945
834737292
14004094
907495655
18825576
230218078
11591738
187918260
648180763
772334521
346715688
252311950
525752894
61770097
592836341
363620751
676059007
781807853
606128552
393727526
850570503
878705234
695863921
778670674
330993265
42438526
275243700
286296456
724824194
628052063
976900517
987810958
205819248
963788429
800821420
208039572
44652373
176623272
731632340
655115985
475170392
959399952
790399079
781393679
383042335
236083325
841559493
871676894
738432777
457643900
866548663
118549409
979325944
494821378
600571144
928615203
907018066
359513639
276354210
344267133
265815647
534516008
685618454
589105299
360691677
138251358
880846241
28447906
98819784
350135407
126999405
763083733
81226845
2223267
13238121
203808962
3431509
829497403
567928910
626839435
532739588
84188533
686383881
832953560
46373172
686737333
7012461
448442345
991213641
239361784
484089936
553170809
574011372
704444282
146880185
555379486
217165928
794739196
866793177
367734054
509248924
844421268
45941536
255919643
307966193
940246877
275015459
547296796
25966471
885296509
659109923
471486918
592489371
629659360
614455225
326062245
127304182
441379107
47696226
658110124
896512542
819273666
297213211
138859671
835209232
113641289
471917657
988379331
874299314
330849749
360023020
174477527
201797165
56415083
300503373
774771889
225625960
629412029
611741154
686491372
401945538
951649155
692252400
482062285
124576436
756444105
89163303
313944752
751741921
125081324
442183743
785382859
46257069
488431437
1469746
193363009
103454536
401158214
987602067
267882660
537249288
905864620
667599010
147664697
837395430
393424496
250328325
626282846
605110143
89454177
376696857
799839500
313397924
541402758
71631524
284534701
116354179
763142304
389771638
79293203
403964669
754817748
892810719
90134115
234497347
307409262
632883956
418952579
65268838
516680206
675203693
672178834
546601839
126238835
371048678
462645140
980663959
51564555
833710445
56031877
610469420
50484896
273683224
519729482
689211542
502296878
213447823
459805140
738508836
127669134
416311068
123247311
102389394
455521555
273968008
127093200
591243508
621383718
905870110
515950423
128977460
598865146
210022407
76855894
674763971
511091488
51252183
581955853
15553290
126572614
152703256
439907329
756183407
116819756
555427552
581814561
648595463
889045781
39821705
608959962
713950014
676410067
292777832
217998693
862854458
885661821
562611134
17871370
646286825
527551941
268945952
512121334
780660296
283046453
250906686
754630581
520825287
283410082
552002000
708046256
426877031
290837653
573273728
888372546
316117306
874419894
48107748
670370716
200100251
947172920
203194645
853201436
531770747
261318203
211335935
507192695
361457608
426999249
904900165
988695827
865402051
202260998
404533342
86952739
955591848
44911803
510949715
706785229
651624516
570821800
637763424
932110977
98704548
48183948
589910884
519505927
861561649
427597703
621299140
873749770
838602587
346870661
905286046
42415734
514189109
769198427
66041704
957891123
572433220
609140197
257272048
102628724
476069615
836715558
22791033
997289336
520224896
594208588
241410703
273681189
844223499
511120270
99860841
323736714
286531605
394275231
171628329
956457586
721357198
224911134
29031977
686136288
17521925
95142996
48435070
732227551
192385291
52642564
4100749
616622073
3691989
704686333
510894486
182258067
371082984
478420488
436275844
32770233
527946707
516003696
209700074
400872673
509638693
157364012
652956675
712214243
342396355
464797153
995816009
97825244
656614138
497391820
982582913
545361544
239141661
9137885
20665133
760074546
59814511
618369941
522184009
690602466
391148755
146829550
650756329
384415302
50180527
7718495
977045361
531259164
432420929
676278135
721735856
15083765
619281110
152374467
462826155
174607813
85720832
740800455
60773045
647727316
397294932
785300828
105812406
132678681
126765382
684393411
86205048
437818061
422862135
682918503
683530990
43017806
748943258
384671348
929940075
309948946
852947198
86370218
424029482
110376863
213786807
133470063
941380145
390081354
106461363
25896412
230788904
857946273
489172407
111464155
125324595
933789707
308008852
451470245
511752466
571937858
501915991
995603078
335745170
600512310
952926281
475336733
424957376
150178421
607223190
976961374
165735244
117723074
553740477
917572217
516141299
274082121
17640470
967600429
385587533
303761398
635037900
673986064
333036448
708759318
563547158
662726529
10051029
743868470
896809625
126210085
99354854
11375623
774320058
504319752
679093059
698770649
499237149
482073615
452049542
245795056
116298046
121859538
882381905
412912573
133922620
931569266
792109739
137810311
881465605
312680767
52230207
139794022
912980394
192074751
63318422
121058585
143547599
242530232
5839694
729046279
17059080
589137335
532479588
743600514
883449462
325640719
404735248
846021804
924323409
902907036
148351750
777253705
920030697
766574734
142376129
371933816
847997603
274298493
209597447
905166193
942229640
866505466
765235997
639748492
538717041
211010854
249560570
76569067
154711217
347874505
360107882
610350874
312474130
846986515
117281894
536030941
108145539
614282931
727906906
818278380
310550872
835778185
476931990
722582158
125939449
62365738
387886649
135307764
666004277
357391317
314636527
779595800
581790157
445032297
250776224
584872712
810282743
948687028
941142572
484954694
455678736
347162656
376492643
363930854
895683938
437344638
241786656
888615406
820982253
948782829
929126281
506668717
327926509
650751854
84173730
577924817
493558674
619530053
869487526
794421775
139509933
845405229
283816610
720273880
384710366
390568778
332300715
197921125
944163278
108416884
652193789
100614988
140188991
605077225
329143623
258305175
351773152
891188324
693115138
785165606
235650596
592604941
33667640
957890990
228061894
616614658
557060895
157471687
540169164
942577104
285548833
199941131
367978126
695035599
992824353
953292962
642726988
74596381
422805008
752747313
778221425
680016549
980736690
977989788
260142334
108532973
704591219
513233693
229787532
861922295
217862241
820759371
126676242
97977919
499125064
584576741
937477664
579194237
72485166
438013010
771088003
533958484
797279444
860679417
388895114
858032316
958345563
128662865
595927025
710023189
947739161
708979004
749528387
267336150
746272029
267040625
517988360
657816123
156284129
205091328
622650962
599608520
528140887
593625177
776346211
82002929
307700257
113226561
817167691
52418311
887887750
938678528
828241490
923844124
81975021
393015572
852785610
899518914
822535034
884188142
749828251
682292497
163911487
427771840
883796910
381152713
459195018
910333093
447521378
234528747
169167257
898203217
613570533
640743534
475206777
967141185
998426563
72577662
500594873
178081625
669102677
370779120
318126355
124962735
421845913
622900605
554934372
714568259
467444286
98768545
61053484
713168135
939302611
181638824
695859666
363210390
650644543
173488725
756447446
256225715
867201529
121766887
837926934
327962788
993319057
271124249
235591586
887278265
635369210
859801210
259881689
661751559
626230920
626500161
95597414
528724488
836375397
902656790
706448655
476741509
141772547
363532840
592260591
631870447
115874430
152586529
707435925
58665552
281504428
93426995
905321841
418226910
240375544
746514319
341327019
997747195
461702937
976876600
570131380
149067025
51049272
649742168
440430631
31782958
222030099
249391598
805127491
758199073
26054500
696741648
552639074
38120275
294619824
613347144
362308
582543910
632535457
173065066
225363809
107018882
615300859
987118578
109509470
298450979
160187735
36033434
631952368
619234724
701414273
172554776
841040487
792146684
600004428
781832394
366005094
897081433
540120219
890459723
655669305
682964464
200111342
404872020
692980581
292103955
673572010
171848779
662864127
968230278
344978452
100347947
114448867
170153695
256180886
950958787
694926405
456584549
216067902
123820215
361352219
802623555
382871781
406363763
628342032
832086370
105749187
134114646
542201989
294976871
408536007
248570981
704619275
307542264
541775583
171262409
708560283
316573584
439570569
59384537
199574433
981053364
489306684
91697052
567466778
121227106
959569486
38500
206906992
102614879
418422915
431199069
348236654
465367965
799411806
422518825
618511186
131807270
845140539
73007556
891804629
904956235
47761638
636814937
424379199
492351679
807731875
264241561
925896924
258277983
179701330
510375196
836860792
168036938
619810992
690416820
238176558
70559637
315470223
114259691
209335244
911506373
715637033
922866298
554509723
403194287
119443144
495969222
977501443
105553916
632226438
636580265
537639461
94498463
280507002
856664509
870758837
80372068
422556714
489847665
227897937
772642893
304586217
741912047
675809794
524886082
900270857
760576778
259133927
376299679
874109017
313959875
64474107
625750089
609301696
239203134
10423341
865599089
528671129
395507499
16199388
119242548
32499936
691146459
972410352
932761710
321575121
492026106
366050329
623936809
402239693
553544886
616252989
530985671
169851736
690360289
826115623
559248440
259642751
390094799
149655416
66136202
445153384
23299183
477622617
365780141
186220272
696605138
778295783
257116396
896490694
490568228
371598911
445261698
825966130
969639916
653280634
191679184
740977817
87690148
985053034
365016087
116370268
138769343
532048130
616231516
423951399
845257573
66408317
30391225
744023983
357580765
838638598
823304297
336558918
962992234
954851578
449338830
467173605
208041242
529709876
360012038
651470216
563941395
481504785
759823581
942094142
24793021
864385027
953044628
15641211
819592167
794532245
601959020
842866939
788707114
120561390
58672666
958689210
419131890
900576923
574079370
425347152
24529578
29786218
139313024
9298277
591274527
721311152
566624692
276086214
405183852
245262218
844830857
327381047
830682755
342536810
256895291
542422486
865311710
45204448
969709576
125715885
510585039
968758747
173113399
685308211
66406402
117525808
833258482
388245145
513347093
47891542
188608259
877386721
143116884
706904516
115753348
765174816
679782559
970368027
537396899
880539179
511199322
565540292
607845123
268634917
784166604
888943457
491079010
648098067
928632868
546792358
47729289
187694471
486574010
129003639
603677675
966125771
611624706
909384625
913895500
207341268
105220752
226921975
378176092
51444835
575207038
196635177
218935208
966024945
836258982
952239524
833775901
312494747
553576292
754411928
936903352
359429743
502025388
108215002
73999049
383550609
820378395
58850390
611047225
328111140
483519657
928774915
298754539
308910044
78096607
705261063
864840270
272840522
112113795
957561516
51083243
273376784
865229433
781576261
798824694
335374194
413081181
821742223
520005378
168949485
797532094
231902202
860765332
544242903
91641834
283481925
593875009
472561815
702532493
166128238
608451268
629468642
742961581
385420841
184795923
977439400
529628027
34698589
56085341
58871823
699716741
709929885
31179907
569078548
649069611
618446854
999670108
470775930
129520193
927251189
457173903
898730200
265025282
665245813
655914261
176621973
335367408
309940069
440589805
75684699
832442613
124399664
38513135
215025162
697947437
58895354
374567490
622841263
114638884
967141181
335729544
408003000
95888572
498059601
139001531
226012215
311975426
347346494
335940578
476270119
533622534
117723340
899580020
449083734
108914436
396112288
534485553
325401390
799016550
297569045
490594799
926964010
870333183
303753901
864617302
798235240
882337628
173512076
196370168
608330888
327368916
25897379
953406194
20788150
548795394
287909360
76158275
384901793
205958669
171150666
406271967
63050511
377813619
20466421
797187034
375623977
982941819
989899397
492180564
542911827
103494628
533604115
762169422
729183158
266837011
351806452
825010704
349308883
34429579
337327503
469903573
1094133
478919285
535706556
427890757
811793313
336623104
104767103
288108572
952901260
97781733
234516150
876817699
814156849
541140285
311488313
406269822
68254266
33696459
753951989
533521991
143349156
879639913
332086716
267131823
972182062
839255748
675760704
194999665
795988425
785771140
420639154
308056621
675241648
88800788
383476701
809807906
199045539
21846092
592152870
183831814
39508216
651768756
875727850
19619617
688362031
825664992
611758938
71860404
31395888
617977012
232418560
668261912
175741340
860919844
182427364
7791924
413806730
362491473
358930440
562797985
766642953
982388472
571888442
699038108
618330007
803581210
763741802
550892935
500853176
190335625
316762761
893966009
14760535
333515319
876799940
21869357
900155731
29535885
868324621
112029559
92558791
131166759
625848147
302271250
141431128
135233021
6979204
142161213
921981363
231278120
64036162
11499862
869640998
607327941
117590161
316876419
569924210
20529832
388011443
807050564
511430166
767819138
349751799
583652153
880842845
82822063
751900496
905511301
931246236
845273583
142134017
18961019
657646929
275364600
908161701
684180643
698064241
340729897
130545808
546935610
575478980
109582437
281760627
487181948
674926362
985567854
274044853
39245482
727887872
971696564
644702946
642417761
622599792
224401739
893146807
964982043
620235422
856910817
970287962
782039989
266011109
50372914
710875372
759953971
385478203
534662292
967371790
782367825
973745108
277747930
266749369
810438283
403311417
211982144
710781143
721217008
648488167
260680549
109814227
559193788
317481193
913550934
228039653
355938197
9949278
134026848
357031514
40697828
683444296
148589357
440796962
15648147
729021169
54756009
369858196
122340083
892881769
1569996
45024894
290824349
398777241
379399645
365499712
331188779
645682732
449517482
7403676
223245341
3736606
868196459
618240962
434539490
189888950
635874820
245623879
455595952
1587370
77890996
180871667
647763276
727942376
50767462
547157496
219149193
720735115
926683611
3697097
508352991
508780225
851241868
524305687
512083196
104910795
96793128
826450843
628229020
680569475
68624043
205444064
587841202
214624123
375270145
869423507
964827213
879478724
125235411
574533915
863695116
825011110
567630321
910163033
797534602
786377227
55684077
20800494
993914298
661603469
67591255
517645166
705482511
868681112
30637982
401666718
50813640
824680283
133623947
408642650
639728293
959076386
184785904
71604746
745442135
427446654
768404395
212321540
629578947
339667765
990217640
441122790
231241205
960849028
295859052
213307271
42292400
996165638
695363484
743594858
735629368
201894915
34939764
858570631
546155677
589403169
233176157
722710487
734818592
112309722
875034417
541175014
290595368
890159158
837761351
13609410
473343819
240509446
856339297
829022487
70988078
158337012
983355278
623513737
896624662
861023663
8883563
653249728
650072799
378514848
788131791
939039217
607712288
432375862
951404890
862689338
761633446
797712881
739078786
787141864
701918171
318770517
700261485
394174015
925952492
85943381
387300637
441343281
156090402
771580627
848987111
68533400
334692897
51090337
113203166
480021017
277119736
978591770
19861528
520517612
298831799
984905937
670245224
140292508
318864864
389208525
639559882
22315479
74089575
236696433
573746139
896887252
590524795
536344383
665401898
891883970
590960491
474563262
971609083
791904548
3959137
418916660
832386344
457330074
60130178
887648384
706265985
748924106
343380
608711066
441660875
122569691
69345925
453703786
721547446
630207977
637461585
750508768
321273331
557008335
85953590
83473484
527102980
627185607
597401630
873285672
525761698
563429113
984247714
529633676
117271816
591886117
782664004
771287690
244451743
630454778
166525423
790022533
10744120
25711330
949481370
8672319
80632075
213188993
454319007
185877213
48995729
595242822
331336944
689210119
297804901
603384533
518288555
635750637
130609711
593149835
239159649
59934377
150061044
433170012
92546014
182388978
253523316
606076590
303357014
502164464
976876455
675596026
24306544
62436155
874071766
280111757
448854354
56293016
970077623
537206855
635399875
704732645
296157235
122859969
918855427
64305787
163627487
607565780
169027744
590948090
65241052
668780270
93084498
739654455
183783109
152286483
941864328
535872100
913884446
541291348
789846571
418868922
629538779
33081264
670287087
134829482
530020213
201788111
116539281
89997617
555060001
501055820
97310781
562174794
747434341
889644719
644560343
323814429
509368890
866604020
208194100
66619061
773868685
732174111
662663772
447699695
252527575
363407296
974753530
711349980
656817635
998492628
592360713
438449701
692792958
596966545
815084243
273873787
411856065
103573345
119981659
917342394
144279339
280176547
662831456
943407743
976624467
794793294
338598364
931466396
35413566
98602909
827243763
298342791
124158116
608507421
500799552
228540794
874988727
68588110
917201733
111576072
574853185
874065496
68830874
279302106
393317333
893868553
458047616
756979641
651008809
546658200
976804125
188375931
268638823
322862512
959503280
486119802
6270364
171415670
67754206
16443014
653680506
119949967
942952138
270130550
539775739
565648154
814695932
486441426
222884170
717581974
31566076
195218558
914859711
187640196
535527832
986958723
769184127
450382306
59293431
77314289
727677224
78143588
210880547
452433823
871823671
454853462
399263560
693337159
375871054
905023272
363121451
688090447
194982706
323068628
324333607
656168835
638954425
273735136
952865460
455048231
62301807
600013913
637223443
917345020
981094006
909745323
42278004
978313592
786105561
696862694
506475094
403405577
96118148
293546753
671698150
11060371
222808552
313478469
375401509
789388757
311113199
452354123
984331210
745960329
36705335
82464467
350817535
269834052
277148169
897081655
109248930
896977586
104896930
66240469
527492766
399457426
971489928
443037935
928915729
939828789
375968858
196327257
386752618
660992594
736215674
373362970
876047259
134783823
522632139
485971273
413714015
542726568
508272226
441645383
278677418
529670611
79171006
135772741
959593689
629191476
276089045
879562319
207318789
232075140
23614367
498979240
657491098
329074656
8749223
933008744
852452209
44131597
631190508
35332479
731168832
611113312
207298072
322067836
763165586
64863668
690944863
835531650
657838489
288769675
440927480
406026672
114762172
734729479
744970566
987399259
5375973
153487438
919944336
405341976
197910554
869009760
747440624
792835467
3230421
794178883
342291073
328198731
756833104
397412268
563705430
88135454
25736878
303989281
115805534
867676703
584255653
77256926
416452457
2518195
851112756
411010112
99743090
945465318
639600190
978806097
535557999
849857690
139657994
222360161
218988517
220765634
738529783
341723545
684904849
177774618
117800089
807694874
939511383
525988109
865913064
537666227
968598932
627550990
765893087
335953842
376326802
838035706
670410661
518216829
962417937
628530567
86277029
699464263
870155753
819581632
826121941
25937459
999059937
367238921
105938661
571114398
615520640
310578954
746367370
714241754
614324893
30719902
358885530
581395697
670849134
380218768
32029850
340012371
231743531
409148343
139683828
890818414
497351285
241368047
194131922
355840312
38226682
266765006
990055106
187077510
132349408
816315435
365712831
950040486
307077664
334507804
121595881
908683524
587961541
271344044
470295159
585562879
188404434
245418446
266840242
904870068
674064261
181972033
847182740
734963165
320050077
961075618
243727985
258434265
42419838
224843178
546544956
55337953
36023148
130193109
408110875
806499585
675989566
701923037
662233608
489146941
506489719
461782466
390952288
895493084
504606610
483687623
505210134
436909563
652087107
511937679
127061162
402760431
132854371
835922238
364414335
352608601
749405099
31553771
453028076
201424023
702666275
260616084
544794673
949150698
663083890
501847964
139784251
285044633
583346759
351868654
805799081
91589663
454995913
552778867
789502343
432813092
850743035
806266178
398876496
318487955
1219316
824474576
573766176
536438528
947331658
503750787
637613373
131251236
550217938
217591768
886124681
128351332
280277770
58311856
182053306
70629047
717042919
548115487
679440370
216234165
600521112
908668806
169422540
263930171
391115631
149105954
41452686
97067535
382515980
238970930
648220318
634231376
879909485
934224944
231266620
624888393
792313459
760880396
902946435
220577138
258385289
847329888
115149451
13751814
550864463
707711866
611598585
562115544
391058341
151946912
363817654
132877830
111770928
353222016
125410027
139526209
55500842
722630496
389770917
588168312
588961666
255433793
855201515
309423419
198917727
321756390
70166158
63684457
472672413
640627966
821414549
850561537
193303232
6316705
844364759
141321036
190529724
170791656
250434976
243983506
59503525
556630514
773546214
231169060
27132257
811490571
691797234
120803532
626988251
355029063
883666205
689210969
70016900
353602580
917836940
51100364
716585795
720690799
944143817
665879161
415238264
288391362
38246378
483120528
873404703
537256050
645292959
262385
760407566
453823019
300434777
445516286
420735494
837546417
130981646
42662509
109378777
154936924
8568206
111669876
953076370
814880654
357020771
261497656
912083064
944074166
178860324
601228452
189881333
123554905
2895791
371768373
425967149
972386103
117909213
485598094
104944506
115577843
336829147
3954352
327943990
493832630
123190847
827180676
820140876
941628814
858372932
54950796
405755034
134840649
818944582
601834717
568250947
513555341
647787285
910930097
838477215
701035758
748793744
464110725
870623067
926074887
538778820
555099193
614885845
375066333
985404263
694797471
859631134
973054192
184471760
13101596
382726531
834373386
13338686
594633768
464770141
827565469
53916023
344786783
624422138
748383219
801444514
994037979
938291121
538779199
648646161
965028569
769024750
325195959
963179240
655504901
86922998
612286606
916101932
420638265
329774589
366876130
309330874
318798147
128599372
432882068
321543855
598040232
674329851
90369963
716996991
77671384
423188152
413486478
88533166
640580477
951131554
27271286
436982379
779879538
290743131
559072591
361839994
600096186
127773385
419637661
204593242
578978180
563763323
541730647
2298218
747389487
326693162
517526885
422275579
661736282
101058663
999145934
472701474
66647190
967666565
118395151
256669171
881134539
791184773
888000257
143165795
137674004
722537606
643819376
252995278
272268807
3630912
233952534
47312606
527780814
743962282
45412643
381422619
192080868
452362900
22028285
63033923
407420314
730561602
494354826
738197739
294556351
78876295
833024995
215022281
950812913
621698354
875549024
42686360
857022157
185211838
943258304
421020363
554141053
461616108
623391185
591020170
991598173
189419211
940070567
425397277
679651688
113833728
215950383
930193242
109223288
324076109
133100815
650313073
941309878
404268582
49113768
777584025
305766126
168558514
166114804
514995425
137310843
11772781
116821903
28988425
879117988
530810689
886414595
441954604
355465756
383169373
550121318
405144363
518420922
437130685
589220051
144335266
51097924
111686103
449768043
48372532
796618181
392868830
695259591
560934802
573160607
549315601
640338276
266289162
956132732
763333450
497465476
101904054
43984819
915056980
667327514
213846232
945420125
838716661
399829194
749814046
706664677
737353144
145723005
45200159
415593467
137180659
807809584
769418575
152329169
299533460
281407140
955572365
47531634
773612582
881964779
748828371
692387741
744649017
479053290
16764142
77755346
564371297
982489592
156658504
269183928
986822353
688694526
720298756
4234135
785106916
767282188
142404071
782315068
938258966
24814238
165177598
417947043
997368912
247296025
20812967
799971294
213865162
269711424
189918489
213337852
730252641
930927744
927027929
695759955
318674215
384997381
973900365
781989782
805617443
151605549
68730326
790942283
495242494
688301730
142202207
647055351
384269150
433117449
793728692
851615625
150406628
32703014
845525931
883206657
616845981
459631805
89430455
181037030
95877598
619714968
373680943
740110255
287033536
64381075
46951808
948662513
701799257
327556673
27087148
835972725
958977070
749716194
139185234
73020613
665045314
452830125
342478350
136857436
502072346
702024846
80679176
733632782
709168068
550999771
195646844
4794410
95005284
985681440
864616782
987728015
374027730
524366178
17358030
953860962
454724864
885501183
639087796
284031848
694102951
558477855
951793222
545143948
858418922
650815584
73969951
142792189
158781355
717443067
235145445
417651784
914239043
381022516
637723110
520741509
255739808
814733758
264428667
433574707
754176202
632799783
83474423
610841139
811829508
688242458
317378427
448101467
158456842
907062325
557216053
267108265
703784390
559559993
57878454
815793687
227309049
234025190
332136301
254630234
840629266
86246015
16885460
693520695
571773612
226561467
449242173
950234337
111149992
866480009
604124030
931881251
469065077
90308492
932230645
388238647
52877030
577050210
784073019
926904349
694021529
80362245
308283495
449954516
60131795
872556372
971741088
97891326
756863102
369459254
430087401
77166262
90280054
95904288
354959469
24192497
718431455
375407152
131825184
540408570
848137269
944007782
86984297
770288418
631295078
401201151
977013879
16918949
922564542
938368874
438732922
743791683
350747345
475426138
159495464
377833332
882918849
660514725
972076015
459083624
837665674
27807778
564815420
767394645
426531858
221921714
934594353
216940507
454498368
202597458
738793253
688311638
356172535
951343756
3331409
775097486
135667412
169791254
848902542
60568951
379039590
492290131
11217140
374534229
635101403
664296976
420692366
31596205
896207328
458146017
945634536
352976481
693590134
856143628
834930330
840536538
364203980
325189321
765168662
32881494
937029165
964414149
278085028
261566159
501451969
253183480
405476511
278739193
103388952
745640544
625962808
749513277
919408395
93362085
660578221
425676450
381782162
338248617
725069772
52449914
404126802
636805731
175003385
319514975
335515715
444141929
932990045
63054663
698843467
884740006
157683436
696975880
88023827
267985756
715694864
436079172
991022248
171963642
751341151
737686881
475080552
26845279
130940286
825264492
51831271
732444056
327693793
377266180
106664200
984432154
889877990
156039382
3694494
298997343
336725828
75818974
390652916
61965396
92998776
215890160
61481800
217205799
323564752
660551236
398470808
591832677
662227772
562743656
732687345
83206126
849833546
139173419
908090861
75221142
350485871
912778727
643625211
173251228
353376999
447602900
306816307
205268882
484299418
501061646
743268359
34533637
944221036
107117559
15158764
944564989
644739367
49925475
27462344
740771733
786450317
725237074
9330357
580003553
217261745
502600798
959041820
660316631
204952334
508518470
972219748
129696918
366061384
154871922
981335012
126920351
885896480
1459882
309514898
959671880
81962769
160077263
650708542
265944730
497750064
456677107
694781522
899945803
21422941
790895726
327990103
251781544
499849757
817943754
990396877
758036449
387771903
201675900
679813589
755355153
992626795
964346174
27852082
540340724
477823848
601064227
79962226
860621191
789998062
398567212
254324929
2148137
974726596
351418754
535895220
946329769
911231777
171031268
309181034
58832720
755509605
20430362
95520847
426098257
634275336
972712175
699831770
581647031
865680891
24744443
192234482
638831331
238389358
788588115
771438096
627397977
755761768
67558881
137211791
448074393
733719713
563551745
975018003
792042428
523203655
680328553
31278635
202436657
509566283
519814462
13592819
967588805
616440434
753769088
905257227
511229617
214869976
822525427
381158517
760757821
306702622
657672889
371057026
478137660
579133326
316924043
94705689
87451787
682022953
66942926
659599579
511762124
326423644
996002709
719087417
809327825
210354180
337532122
312961332
740202161
123936487
285950052
546217863
976630196
151427359
977243372
388775979
935368963
64550534
783716967
57066508
972468015
123205068
587444186
94734267
294838091
90626033
156545483
3176834
649677153
455612910
589279687
676571519
116705355
759018245
264443110
309124574
560324691
541435943
93125507
113464999
157823596
610154507
993254469
609229047
813075162
367323911
12101552
902891986
700059497
899510250
954557565
965184487
660350812
612342163
515166361
866685683
788618786
911084928
272946932
60307085
801143269
983723855
997049311
343379436
324388539
45896516
46423659
562667580
654353927
818981965
636197775
564082976
332597116
915452498
534004210
376766638
64941890
98565460
454505259
809919196
746353138
163781158
30241381
34306918
351473136
116736933
463609313
39474107
209792621
890636085
935070958
568489056
15113029
892288605
585603518
84907140
76267715
374767950
244077543
329568719
83899228
51393646
33108703
960022418
629207550
967481226
9097261
134618379
429543352
286327869
586367933
458174257
619418985
802608660
841304988
504407042
252709061
95728618
972999961
696324271
194299394
836795179
386498747
805557989
253497302
55437998
390165552
9799538
606622795
692202746
188776761
842342616
123819549
640868759
716141385
182292134
656962352
878648679
327439108
190208690
131307883
717212078
986377399
83920616
693069124
480767158
135096153
235932784
271158431
571734917
881114577
893756332
832251035
891488725
41806492
666356137
858063925
50780004
496266635
137836877
621301264
413622425
291583534
18487567
518470742
325205949
336308675
186166599
811170219
411232817
175271534
723808519
473068123
394121928
943835223
379666065
46815374
650993573
433039302
536852691
169328238
868563450
317640824
610239894
64804725
841712182
452092961
617731511
341507367
137918000
425871668
468972283
133294050
284305637
482241381
91282238
539852541
978050707
785717929
845975592
937741427
481420910
248739289
675300219
193895650
58575972
89201850
629493378
493946296
77964923
30253156
560353214
580265381
596466583
28243992
778270083
819897826
665433348
206141752
12392558
643433668
108410761
216016384
7592515
136481822
644759027
81146909
653421016
629146054
745823563
528771801
393395769
728628010
89184143
11015867
86337504
36271177
589017784
962007504
797959933
800765857
691003204
753529700
499435109
643038576
789268147
894552324
394984606
112141590
494277850
664563269
177019257
807347811
770598783
310979517
396838321
386763790
845902626
725823752
350899860
552202217
987584374
81555974
129361951
43405620
819872676
688784940
879676378
546228793
898338263
499466847
890146164
422439264
912681965
894011888
185545147
301553402
16279033
57538701
75260204
592121012
715401575
585886535
476309389
144479658
128587783
212357534
699678521
467025236
957198856
431570984
771330846
580212188
776798394
764059609
686375103
565039565
40881677
420001675
230001463
358076758
722169660
842033646
920423122
678343990
919622318
221063572
78507140
681217220
985144777
171265474
969646733
836140652
3723163
65743315
45189216
37379220
904297936
114385337
953286660
930910794
706891863
949165984
103340709
775753777
523143093
706401838
44732605
496067412
717071630
844591611
215595849
730018488
924483679
271264179
440171183
616484463
704270205
285901955
316345464
119985370
851428468
177101085
37875777
688239804
132750548
17647171
349313907
82938485
93742718
123768682
438607144
171814252
982232801
787041673
193366639
661925187
491464639
675973194
388862177
356181322
622022823
502803723
769205567
301546608
69637197
564056736
272792980
307853906
239628912
819846392
522954342
544744471
887050123
523545409
757737418
61586559
407261966
877725635
675955207
514548739
696308639
282593514
608666481
157937595
695222126
749660370
552512410
324524556
950620612
636232984
332882359
738634639
319252509
89605698
112764308
383808279
300782100
935830083
956192307
744414713
632323394
210045312
974120788
170072194
310785597
333946024
753821137
798042525
986871818
769512799
738619365
39061080
990399675
551319462
990323717
739719208
673974712
942219018
57795991
941139934
779846654
621825109
608785917
721455225
311818434
22891967
148290654
768052301
530712703
384800969
902161827
752082747
969205675
313444444
383060109
850004083
842225300
158321245
748774916
418489007
143312775
529271329
87230278
160331507
131564139
288997317
302081093
689016816
316374355
602381109
646263256
954683191
504752343
112117952
154678811
729827342
102169998
540688325
862620850
73655867
531490946
276529132
9882286
523721885
464495322
416476633
524977869
410027772
844632003
513680300
962821164
322321829
993777261
98137649
87987638
330832598
815758951
895132306
115717741
185907215
638615197
94074288
436310130
781255040
428858029
768166249
718130344
754713
444596183
647981392
294570756
91974188
858499788
821891309
711951868
51846700
523121622
647080340
197669986
551930126
426723209
445037287
161880590
924383085
740465909
500324047
689701348
185512558
604582020
44398081
243694425
13733796
271334068
425799931
421153191
437449681
597310113
267088334
813154794
417689423
932249861
64956352
175056511
728268278
936002149
511807377
99826526
464989029
99205892
158236899
669589567
616774613
646805598
276199183
563736206
837287067
181671896
705524104
648831632
354870955
841052378
45776165
355088734
943185727
123521103
686045075
545893536
283074234
341600870
181381401
250251858
238656897
282833724
493168456
767892328
764054178
302472241
510103562
827928056
987731999
875807866
223222815
772754459
10302459
30297831
936054404
388030855
422955264
134185091
348748856
314740825
178733306
803677882
324038022
811793371
451533172
295204806
37019846
274677493
464352009
758978838
433696345
223754226
687080642
192398586
647769773
402014324
457461196
346095486
227219439
698273190
387709038
334106493
123803909
723838871
616804326
361665047
58903251
80642282
813318768
3468358
563017766
15898281
138606170
493838036
339584977
550217240
220534809
719335917
947058319
66697558
969738129
123715306
47708093
805444879
88999801
300232161
612854218
119260979
398049358
278411669
194170942
658627345
512328071
886014704
787215362
394028629
217424133
443073714
923250004
238377126
872458306
700699257
76635163
475700104
904618326
654476843
511275280
824450809
577674939
782419973
484526182
73741086
493442539
625471015
144451258
237002119
299395491
437250640
775099671
243907433
818809772
57496131
144023106
910616322
375278507
845571768
435321990
222767390
491965963
860967785
392287982
218679216
584265230
531540396
312917369
731928198
103456526
341973560
113151826
584433085
661161482
473971380
180928273
168041222
767327811
205431507
890125137
974606689
196710629
912149530
590202975
129725283
975904936
168426856
390828445
959317662
130854162
978275885
902352495
386531832
62029898
229114438
876216514
535016441
256152919
340204505
790218824
430764175
490079558
959179765
733307126
258852795
247234608
834024
795032455
934439590
18819094
124823950
256364087
991611457
812118452
522942509
211958334
73173854
868910778
90849172
130217249
523351705
960524214
240416145
464580161
202194241
375186406
716589304
674507245
271760251
770262550
184670107
959851103
75312839
968472919
48657881
413475151
139455266
324746822
748671435
151130304
47946546
79130629
119398234
54149145
69626861
719878533
489619272
806365368
300266467
368806055
46322553
869623009
890217870
714862178
523448950
866246294
741505494
804715808
616208397
461723188
711886372
795330689
141282880
451024223
901543033
225973320
718808836
638743028
665749167
46744244
605290672
136864393
581945084
556955775
326762610
539146695
467068863
834534382
658251180
254635231
68584238
916639742
185932951
34294558
826097434
47123063
179546405
209717350
798367796
17646752
806171487
567050695
905069795
85506966
475002650
555100134
117857758
632239572
831607595
853713729
359460991
383768214
385496571
879039325
30782503
87882165
775587349
214887284
440155960
876290763
138913719
980665688
540909424
201712539
200824494
305301560
230608436
552080608
823622944
112663137
518439560
427484345
622219583
489841121
52101532
729934028
696076173
326987152
490415621
137543780
544693191
500309461
172221881
864558107
155792416
691819313
157938228
357351990
650680651
960484066
446097254
64098652
519996842
511067649
737072217
789659450
339583590
517388715
375542887
930266106
862755450
722022210
829427672
5000624
580471015
363168921
9671733
536150216
224963162
208341015
199058366
746750484
918077965
188968199
73674576
263600128
433697140
53150047
111137462
591196864
205864644
734933657
17895285
227752570
985720901
628753520
987352904
353703396
154771655
431174137
887047686
444435050
403400793
706032942
364945946
32695028
96994725
748978047
146692726
84745952
795932079
318839136
650802017
665926352
114033660
137128532
532485058
164899297
235770942
353042284
89417427
573455642
828351374
583416358
253848093
67661756
764449409
664769447
49089222
614275992
311152597
284218293
22146923
414705438
54237774
556002301
459431768
509191040
19430216
178931553
709703981
497295845
562080371
770249374
968767934
659121977
528794753
141653457
845613538
206210465
4323719
137171674
495716350
112377273
177075453
118235468
983160369
536082824
445894706
965148301
58759393
212062123
560004634
718911334
202617673
329957403
5625570
69967519
470205391
576335119
482886996
75222789
513974800
571067315
1570399
475546716
663444978
236464842
370774629
947728304
87525509
48795108
55451925
80463888
853941122
786270887
138051945
553889841
843959827
104569431
602802110
46450584
141933175
657316977
970741038
920892550
514932683
983469160
35188439
764475734
641111301
960673883
838126948
563192523
136769223
904463320
648893746
27658657
489958467
614729928
587539574
543657654
302472005
429606748
763124836
719808535
556545831
99036460
177620990
551444135
669696562
986818245
613970642
12275033
879315890
544422829
43741009
241526128
72375017
420488450
583492550
197251899
719155692
898645622
972887667
272951670
61660905
534632262
130395363
233824749
30425609
613664849
131654791
940350879
240781385
539373884
660977272
81667988
140035797
141769905
140787603
208611407
8400515
52989631
164575735
878816276
996922194
115030038
144228334
707595878
120297892
310350508
501138290
1794662
438108676
545545982
379691291
279191002
282193647
195981557
801182923
312265325
111003263
404854118
952036737
799688609
422844146
798078108
958432996
668955770
599800105
394174560
586439263
795818974
390244624
762001828
416832344
129511006
900180230
567300590
450937647
302548342
274774068
330885868
161952823
137350998
381109100
549271929
754327802
955070866
35981896
376705405
187387342
450876929
362314411
163831520
273501298
134428647
868216745
77574372
781761971
272054508
565178642
879420954
10789619
896363847
248845668
459461498
72376433
18678437
454928093
627872374
600142989
351634293
257279318
479521759
919929471
77084501
37959182
9542522
313894643
656251581
279181894
486319050
426532757
184705106
991305783
517843343
100302493
591519723
696660108
272544029
166736454
518023455
158497913
989954577
676850137
716165882
953540375
117826817
728492188
479701457
107005844
697646216
198692440
308272637
106950283
454224169
90546480
59222447
869770686
600170509
869657717
722036393
665092127
639634621
224650935
125120994
547862352
759789102
244351618
892441886
975022402
762897017
616617822
264878114
762996183
807919527
525548672
575302162
413862203
312625372
394321646
209351888
8526341
175993343
620138560
451311707
308164418
385248208
745663755
552993837
653728067
378434527
431015390
936959373
15474665
772237269
321374692
94991678
155128707
369007723
395457522
57732402
997464999
253866398
95088622
582347192
393252574
756040491
264178435
889747855
195507950
671485897
618534593
646663999
221652837
123297889
482152695
825826688
43042610
173796660
118120244
307798090
793247379
123310232
907429811
453058372
141020323
985992397
540954637
431600868
19051427
531442932
74467607
275505044
377039243
325248274
1186580
409798962
984146432
620532906
447818990
336937112
754747592
381259704
199746421
225017057
670506187
396862534
535540398
833929993
786758017
757765351
119625872
436871575
258603477
274601734
566974211
100986109
953700641
979127371
661361062
8495252
202088079
308513400
618523276
465823746
983756670
710756011
738150675
855718715
539521831
5259165
797098261
171584405
917650790
624990184
437407510
133394518
563801463
236518893
702688416
91685668
816351504
411046293
88593461
604441364
913731985
51563156
562214561
538696694
917250591
115095935
51633347
492006701
753425717
901613992
694597209
230032349
64428675
297736172
782378286
835559098
957754691
48595918
479952998
951711868
979131615
390231075
49929732
362472606
569252392
652492489
146562997
740308360
793000876
353065705
550671049
790062469
38448079
11304784
884572029
162936108
92414774
681802449
320369734
488387056
746977106
424937039
251941403
251538101
901898439
762679141
178692260
415190688
133022955
113612553
259161517
594305542
260432700
943216341
256404919
69592492
45846930
393846774
613157365
650797941
317158494
560627837
903979289
104710339
562804765
459561837
801738740
123222039
113675975
666169720
157476375
13227123
121489753
143292229
820260854
90954162
730719089
523951912
202095763
540584135
715419655
482986458
94995043
374623194
5516811
939254326
566740565
514476047
243389348
132348869
79310637
542220959
461411480
130338229
929053022
841845262
64158931
309857122
399340050
295845979
534949146
389817912
820610122
389152215
339704666
56010100
235722427
179709464
279969622
871977000
527156461
71280566
164014676
614950777
385486460
658846658
282332873
983750259
545395048
88414579
441628156
981672008
583405680
423333679
16415362
934048419
10720183
726315383
99651345
655565117
205139184
890982018
876467276
184326386
680390487
297067199
221095117
422902259
946836201
946252976
664360630
124301464
936071783
256927627
336914716
144831082
525547846
928113141
537472617
110716108
558427033
722546748
433682739
927273171
702193829
504755886
184564251
987192319
20887461
926482461
741485542
148573420
744638708
957576113
124232006
886297938
664226098
781639299
675431303
337118972
581806262
59022395
449841147
937923937
256728412
829799877
205020102
706809416
625840417
984084535
574556627
628171208
48588101
323394612
715278146
610509959
103151139
551868418
702750123
647990775
23158887
313117589
138008699
56338296
340163369
760113752
646527431
756178551
687238551
50023725
36798335
367917041
271767339
218748162
798825849
432601721
165330
509037603
369928058
910105763
934317134
543133717
505953624
998811720
140415551
853494774
82007781
982831051
246808873
100125278
761526471
433958431
714514548
387455030
835122976
31145825
179613067
699080695
53152095
118216604
971186976
789412505
43498442
501280359
600926256
944847656
59486252
562035279
706539588
589525099
54816185
98440884
261935821
454413347
27380032
462671804
119078015
255242665
205454315
237514979
565654394
31045952
45187257
571544158
200596444
670377077
129138034
513115584
908635211
460293569
971819360
686224809
276865409
643234971
310751315
288838188
268541321
171826234
298257775
962734131
792263608
772631890
390188550
344218648
97675041
153290281
940907830
304059204
297957817
265164418
302993575
14894950
902396656
500027742
104983466
72164550
119125963
274573110
509631862
740873911
392190508
651925090
908623860
339366396
256574633
366940151
479939295
523739724
487297790
197789087
922878924
597481394
322355864
494452807
205845618
529667252
617395738
783033951
790364891
564879830
127157804
229919076
893687362
7814874
481710843
242336428
96382180
70636676
848653531
529875239
961865145
816010392
675500996
325479590
342401038
935920627
86940413
21300369
103368922
601100566
958954321
745372681
654572189
13726996
744717976
302645324
126968138
774213985
953500593
950319005
827867440
912531814
591074349
497779826
807956506
295874072
381444410
555282230
394392595
226095036
833749665
323330322
184002161
15883318
248211932
489135425
418669156
183831965
336829062
436803688
424683556
940010275
508201052
19189225
729228524
316690075
882217907
5116872
728203701
513904573
178273475
385314965
67585824
707358984
253469943
32401824
782303261
384018425
462335742
216064821
381806975
509188224
231844348
134825786
526725525
77326894
892832417
573305207
370547054
466381149
512915726
928028622
225302292
166854495
903277589
658798322
755728149
825575700
643205660
60698973
505209664
199324405
639605227
858385932
528629490
834069015
103338051
874323022
712157229
67047612
283095533
350226929
981542735
67367591
127219362
664512924
315059710
916791589
628816910
69003985
936161389
684110480
723223905
384075361
693538615
52820487
248811691
816786048
746648466
277608222
276381975
24997844
154381974
504443770
645294937
692253706
495138527
92203619
494246128
42575848
315689602
912023199
824707958
300874687
146582461
899983538
132850545
143460201
462803843
458556691
72173871
139497443
517764448
289339195
625926002
39933749
846315324
594961074
199485817
496827676
228426422
386950045
363971326
228341967
406950663
604928987
46648708
525397519
271391860
501519681
270175437
111102821
366921983
812767072
489349492
340720
83343456
138983875
19869163
16013110
791434266
879505296
507173997
376066034
288286220
713885857
787101583
979754451
663216081
439500129
371603764
413892325
189491050
370188578
614193183
31404212
483084596
544560260
980348693
60977236
954325795
427204559
419894068
357662708
262484877
160090807
12261296
947704267
603204200
305046121
875600559
311006319
706952181
876742922
208734935
338978218
788238826
547174651
256765059
823021165
102854526
283925116
496713952
732883727
514949869
871868994
283151031
966712194
420579496
236003964
839206306
746359274
814615472
639852555
15581881
149297799
755538822
299467255
183298668
895678863
370409941
733887656
662286031
837243298
200771744
436861715
931840135
346551521
385103159
722114571
497590481
44318939
37035389
482494930
865842158
192708177
564315538
828605203
176912341
154731685
84109942
485439285
256137614
674893331
323150023
522772205
873924045
997553762
420468746
801636986
830972421
845988945
46824887
295799992
307380308
501461962
391329565
777315754
425913296
504735043
583903
246769362
495346906
164075706
927197100
951133870
673843515
373351012
660052598
69073794
962648908
793768392
790659799
902345551
789023418
27037785
379912805
52481959
178222732
179089600
799502175
172800820
166835053
795998731
324340077
361838861
642122134
280813239
241843974
652126083
132611491
174585864
611883408
616110133
721366543
135537281
434867542
737383113
509070637
203079798
926303310
133214387
334422691
957669556
899639245
620234327
813967991
540104657
559116384
385519024
351283536
890373988
511404879
903867186
840218040
446519929
91406057
597963560
229727685
539209311
561463459
641467202
521328856
940890290
582593960
475225749
187884834
426568609
67451163
515838573
515737275
749544603
889932056
928663417
251171068
714576415
656990389
691782558
143922234
562701137
843135452
418545668
490391655
491679267
63689352
130934057
214557376
95265314
749275628
874735494
531587130
486637869
37016597
17861580
678731379
294319286
855503419
167506054
885181737
456499081
977140166
925855065
23334776
751824456
803538142
997830073
239804946
595678589
69219055
260696558
686073709
398702750
666302421
789877047
455347387
653985681
70065399
687672306
457799320
716549198
253140020
231462528
298500347
613799768
523357547
660463489
364912899
930990145
418159881
920013926
778352596
802526154
46456387
323887331
415703199
453575626
221772651
622108863
994821648
198776291
270473089
933462103
369174603
800585396
624255130
6032030
436092306
476097153
404853031
352220700
698860588
956379624
720709328
451806261
536818726
430817606
8852412
863182993
577964766
781742557
239896454
849111310
400787100
23368991
516532302
662996717
288307504
701745336
836063519
398716090
484478097
128250839
848615845
169463798
345000351
762711778
119567427
303652473
287729953
626118825
597531803
885686375
412473547
848661901
37298266
482560890
422476875
60863701
586813773
834897461
500690809
303367477
68728019
669069170
62017259
840673179
618793616
664358905
141739243
387391847
185895062
175439121
726061711
7673380
421939317
132720311
344544156
958018843
509851190
247009568
104230998
133517354
199497014
817611591
517905581
43885168
144875038
701897125
331555324
54328235
274121395
548074755
16208824
141172432
863292603
246341969
422776664
828430246
244729149
673952282
683991149
732874606
624553322
545896914
463123258
86785450
32542076
277290267
211283363
184266012
626210215
569023768
285264756
799098940
290223505
686894974
546042004
441653342
229743737
68823956
436240406
937507494
340845799
28436005
82671404
604011175
963233716
947979463
949470141
971867162
653820968
91269396
727525422
985955082
456548869
956617237
272391
162890829
411769445
457039624
26458908
779949723
636544265
997143626
755310529
163405490
907774041
76474766
561451069
62717609
834002949
102216054
608956241
883862038
841314912
437457311
36214397
925197316
349667801
131112205
569176186
530700137
32897913
314339662
662581924
679970202
130475072
688418149
483604357
708852395
226268554
105527687
507108659
901019802
815890076
552303643
718056509
716237967
204683448
819205697
713432075
137513499
761518044
751399873
699025044
459792677
573646146
809555371
118801566
659319333
929215725
165406206
941984922
847365016
86657438
777527261
788296509
44226330
505768248
666833947
191173968
943928583
41096093
886728575
953484725
990521718
426738152
918531229
23299407
929439655
282120093
225726016
8827265
438628863
8195275
915661083
433993327
510118939
975000686
99107552
2571560
120680935
327263059
654777058
27819270
32003948
85771306
591945106
32236155
986549913
500261900
603831515
845939462
354743567
61024309
290753429
2287841
447210565
490981937
384102056
855728994
413865780
957317166
546114690
77789921
822690822
538329504
870331701
952823178
33568209
37755307
823074197
826046373
233874571
313749015
316001791
71335084
868487281
44900790
252380917
59980023
928397224
76328324
411704546
727250999
26696907
592686975
857963229
604560920
524632293
539584511
808038671
107830972
14239073
59976478
733657055
463837090
823187261
506884189
608285362
110128656
560398826
160599732
520306701
266632152
864712559
563881945
877552445
185556914
880855072
70189219
978906961
52324211
339161300
162594537
516051832
925536583
23305305
158591199
336888993
189909467
74406230
161219987
420498113
80544750
383355372
114082067
96495004
286439964
935287308
617797250
57386518
533884956
895923765
467862371
557362640
38167838
8069816
329483997
996869070
447350691
115345888
498033442
26560189
871798259
29045536
375967165
27259987
332297566
10108112
462167665
198917428
283135602
109216217
24153711
849780715
191315391
196003766
578856429
730877664
451060733
938854183
768111158
631998370
52767532
106284295
180405460
49903087
763424418
667741965
627187202
846364386
663735451
92224038
578508275
852176665
675427774
604883559
448989289
899736823
272492899
565664274
101922242
139188141
110645696
572357665
674670034
556923418
594781624
489635668
24029000
285699400
792341983
51127692
61506207
76950090
533489788
296345732
839630700
331749947
566419133
483566159
399593154
399735101
479255420
38755996
979754063
129003037
793170029
858973435
738584077
236717878
122690525
672990632
817745258
219006646
946727466
510385578
309719594
746965360
583602649
228746933
171048882
989693538
130865634
382267742
628393222
133664637
613397660
503003403
554556947
860663193
954232643
348049226
76730410
503324124
404210957
750053654
37402821
736368723
215535609
398341615
554407742
602428526
269393380
71389840
645197727
880274501
855853632
301601996
881139623
508077241
508264257
788159400
859568942
390108222
954385699
193198087
402277166
837218866
854637487
184516725
46782010
222525260
210087111
286051448
644135136
927008174
928507963
842474946
845286676
109695794
132725199
750562982
769677232
615113745
566955795
28539927
801609693
64881260
97502639
260808954
155370404
956383396
123746803
93798269
283438203
624401647
707270748
671037704
789160576
538411686
33995007
43712632
217525005
343631143
994380529
559820189
811295259
341813792
541851450
966158898
397303570
776722438
417955034
203417926
742789900
710221556
327022196
90475948
452533627
40418588
508058352
945524745
927811380
35249113
773566303
389074825
239687024
310340876
918571891
954684414
233576010
112172392
382859088
859003891
279799678
964308715
349485516
293412000
216866215
614021338
614548404
675248503
203839616
546962453
857620631
656061472
656960165
250686919
225006700
353145273
831042905
120481519
743327789
233787985
898886296
980766745
373895222
827234008
294830706
208661317
256424946
939927450
182400269
568308510
968385119
770583891
471568248
934402679
360022030
298847003
430804695
880124501
232958467
364558126
288487915
878868884
12583698
573752890
729324589
965876848
717971877
248398212
400945771
629456097
811538687
203592175
975724988
622114433
722395903
655862960
83878581
495326929
765936309
995203981
829080743
228812674
300507463
773972962
808648165
775383844
293168238
616335160
372427415
415696778
963559243
297225643
283233423
401476527
168519686
135173313
760576894
144872558
322946312
307133934
37576036
597175600
332633421
615832307
601932224
845138068
134853072
688068650
828783016
425135377
104554082
226432912
228973978
119062847
127820281
218059793
972619744
962903025
845863916
973157185
628496469
704206484
945363131
549776113
518675754
828027784
366320360
107023207
342169434
377400911
617498277
539949392
639627594
792602878
4249866
163657884
264246123
465280621
620353271
99443906
270840156
565298681
191847152
32846154
594297682
868029648
237564316
87715552
747836622
143768298
542161183
6938743
710355465
277352540
41772459
994927844
744549870
600625237
3456493
33371135
836502305
239794176
325453211
734337126
434610464
206391101
769705216
266511246
694088358
989401577
163640997
149543938
124257746
238526890
450751060
14216001
927277397
81062008
796872708
775455274
937545075
141672772
20140167
275106990
343075132
494767410
872406228
188557906
713242947
496974916
791095831
684703445
409878411
88590922
746573580
646854147
588628602
832797266
103804089
787309833
17180432
313034940
306481580
780177407
436781398
645508855
907565040
449164517
733081986
3383069
813487137
758002692
865962011
260032207
437949406
754830615
148493042
47885955
180719750
689857278
506010556
325041828
558463573
312982579
90260083
935238950
611969551
322790407
671973667
733408499
611547945
690030355
122832216
901108137
424785685
773317375
82232314
919460576
838299960
172213114
143389027
707274788
25041768
624139007
33265074
579218465
786180694
442242538
783701687
495311213
811132347
408174292
235487985
192822989
680851839
819783888
552739733
707114794
744034450
482153755
871180720
193949164
848546978
361259971
85285343
331480224
842022114
726244871
832685008
906284313
93467440
892318224
128764485
306029167
148034623
210503068
183484902
133641182
241919995
171357980
809664661
417636989
98539103
554537437
676649809
201066550
688118626
245498189
839054393
753814004
41031002
155923866
32596777
174530769
617710970
869892961
169543709
868128234
870759353
186304122
57808483
223243170
252621043
529869423
874950818
254600745
337332090
378923648
284167738
196013827
72123384
701013530
845274137
458673722
627299960
255855986
810384141
841891200
149047007
78986403
889053190
276724606
72842969
453845340
528184737
530439129
554065402
348742569
146190642
988404801
382278530
803158175
985446135
813997368
30055274
732923163
150092864
90409415
75463348
302566383
633127996
751480371
670546395
311384197
636775497
971551457
887316553
196168761
126604783
101148265
273889006
639411614
112487093
98978466
98892083
944430739
465013719
813846683
16801566
781029381
625738577
502518786
525758762
597654344
591438868
33010399
597011359
981679180
762771838
745824718
359135180
766578171
310818947
346995697
625464828
660512212
354213041
938712827
974890381
185119060
482030653
882837215
142207151
914729298
924484307
186329185
619743004
175929755
311293393
817312217
348746326
788890805
766546000
267112281
541295425
183144038
474342330
505853044
973561981
757810638
593943941
488668126
690361165
691322878
411552489
85140451
459178157
770770972
279937860
97496341
65543584
426725470
96776846
788332811
980978794
542233747
362080641
534453338
909564374
360293843
896803453
901802048
743787636
337976079
475157268
677899089
835854264
25292941
605713106
526654501
799104327
508966421
327430035
103926389
396482015
93411539
88912795
578467631
261351584
270453190
399623554
817225808
130135714
755969682
98038963
747195978
981622202
53252191
570753318
105367605
498362375
4254579
108136015
953862696
786140516
498188467
115020827
2746895
150347390
618953120
765576074
972943109
139701034
808770581
755538227
338481642
319248558
475883075
84447537
305621921
485943853
324001844
973625931
840347161
508120000
237225184
457399694
729170231
49106050
943508333
872360256
54867445
162159552
788321882
65126099
574378100
26260214
21494203
840685824
499236335
502150457
539961435
721712308
356909183
4255679
109242964
712085375
178549845
874221286
392389960
426373094
125444623
34085277
405534089
92891400
637784257
837944904
957201657
130936826
470146236
28183813
396471945
331600147
418078571
920076123
92920829
788899177
520087093
740201654
139253760
285680357
63405480
877754347
638457072
416341019
219824876
207666352
309025997
557590360
177298527
988664338
844908911
843491737
914881922
438696559
797673817
537398138
114346806
337884643
912285041
608202897
688866823
12751603
129725465
126428009
776141475
85171060
64158747
994376386
854960524
231960254
596915512
553990659
12127101
907472562
383280278
41505265
83855128
338975293
449084903
638975651
423605061
640805265
969351466
757612274
44966304
123194309
870261853
255224555
784042895
243002816
600356547
490218667
785485719
947629426
781791371
274930517
688558400
937648587
150829222
804834185
106316128
433671039
231182921
218173982
841218898
53470300
454517282
213474081
182232256
337463996
564384890
779453582
827673511
91742979
387085613
765067154
19840466
344254865
566613289
315344389
314028750
788914370
953022853
482222624
515726664
963921463
973320147
815939063
170174168
196233533
661601443
670013969
640280113
370184321
51507054
714719754
828024290
795671082
645451163
802657453
431935512
470416190
180537526
65840851
976002427
42237881
8583857
125506331
148961163
410767603
84195301
933747163
959114605
33617591
930978141
232281653
330348367
26546577
442333660
41339170
301849718
925969575
86912490
698363606
235241419
30841934
609161572
354128928
840465112
935765109
411521237
525758995
211438686
163016461
749430809
55110110
819210985
453542177
418085598
156276053
328727978
302607236
888473854
910771695
818916626
632795755
104155437
203497334
448185421
810513247
723939834
946223416
732724964
809510110
45673468
905554489
217541156
947118885
394338745
334570436
980371966
871607908
474215683
24627365
643130188
740007481
294538862
19551270
747008573
68834353
924944158
14863185
189738153
591730083
633812708
148500776
381247803
165558526
874345501
789490327
115833925
473298256
724078958
705725910
25208355
572516767
953825784
920128770
52007178
4712155
80218604
753603556
205576548
846158984
763070288
139976173
529199543
16699699
23247299
565967456
164186306
284873183
686586468
446016905
455129574
597849029
726153912
891023831
252423883
293208045
448319939
