9 9 3
 0 1 0 0 0 0 0 0 0
 0 0 0 0 0 0 0 0 0
 0 0 0 0 0 0 0 0 0
 0 0 0 0 0 0 0 0 0
 0 0 0 0 0 0 0 0 1
 0 0 0 0 0 0 1 0 0
 1 0 0 0 0 0 0 0 1
 0 0 0 0 1 0 0 0 0
 1 0 0 0 0 0 0 0 0
1 0 1 5
0 4 1 5
0 0 7 8
9 9 3
 0 0 0 0 0 0 0 0 0
 0 0 0 0 1 0 0 0 0
 0 1 0 0 0 0 0 0 0
 0 0 1 0 1 0 0 0 0
 0 0 1 0 0 0 0 0 0
 0 0 0 0 0 0 0 0 0
 1 0 0 0 0 1 0 0 0
 1 1 0 0 0 0 0 0 0
 0 0 0 1 0 0 0 0 0
1 6 3 0
7 7 7 8
5 7 2 6
9 9 3
 0 0 0 0 0 1 0 0 0
 0 0 0 0 0 0 0 0 0
 0 0 0 0 0 0 1 0 0
 0 0 1 0 0 1 0 0 0
 0 0 0 0 1 0 0 0 0
 0 0 0 1 0 0 0 0 0
 0 0 0 0 0 0 0 0 0
 0 0 0 0 0 1 0 0 0
 0 0 0 0 0 0 0 0 0
3 0 3 7
2 5 3 0
8 3 8 1
9 9 3
 0 0 0 0 1 0 0 0 0
 0 0 0 0 0 0 0 0 0
 0 0 0 0 0 0 0 0 0
 0 0 0 0 0 0 0 0 0
 0 0 0 0 0 0 0 0 0
 0 0 0 0 0 0 0 0 0
 0 0 0 0 0 0 0 0 0
 0 0 0 0 0 0 0 0 0
 0 0 0 1 0 0 0 0 0
6 8 1 6
4 4 7 2
2 8 5 7
9 9 3
 0 0 1 0 0 0 1 0 0
 0 0 0 0 0 0 0 0 0
 0 0 0 1 0 0 0 0 0
 0 0 0 0 0 0 0 0 1
 0 0 0 0 0 0 0 0 1
 0 0 1 0 0 0 0 0 0
 0 0 0 0 0 1 0 0 0
 0 1 0 0 0 0 0 0 0
 0 0 0 0 0 1 0 0 0
5 4 3 4
5 7 1 3
4 7 0 3
9 9 3
 0 0 0 0 1 0 0 0 0
 0 0 0 0 0 0 0 0 0
 1 0 0 0 0 0 0 0 0
 0 0 0 0 0 0 0 0 0
 0 1 0 0 1 0 0 0 0
 0 0 0 0 0 0 0 0 0
 0 0 0 1 0 0 1 0 0
 0 0 0 0 0 0 0 0 0
 0 0 0 1 0 0 0 0 0
5 8 2 5
0 6 7 1
1 4 0 6
9 9 3
 0 0 0 0 0 0 0 1 0
 0 0 0 0 0 0 1 0 0
 0 0 0 0 0 0 0 0 0
 0 0 0 0 1 1 0 0 0
 0 0 0 0 0 1 0 0 0
 1 0 1 0 0 0 0 0 0
 1 0 0 0 0 0 0 0 0
 0 0 0 0 0 0 0 0 0
 0 0 0 1 0 1 0 0 0
1 8 8 0
5 1 5 6
4 2 4 4
9 9 3
 0 1 0 0 0 0 0 0 0
 0 0 0 0 0 0 0 0 1
 0 0 0 0 1 0 0 0 0
 0 1 0 0 0 0 0 0 0
 0 0 0 0 0 0 0 0 0
 0 0 0 0 0 0 1 0 0
 0 0 0 0 0 0 0 0 0
 0 0 0 0 0 0 0 0 0
 0 0 0 0 0 0 0 0 0
2 3 3 0
7 7 1 0
7 8 0 2
9 9 3
 0 1 0 0 0 0 0 0 0
 0 0 1 0 0 0 0 0 0
 0 1 0 0 0 0 1 0 0
 1 0 0 0 0 0 0 0 0
 0 0 0 0 0 0 0 0 0
 0 0 0 0 0 0 0 0 0
 0 0 0 0 0 0 0 0 0
 0 0 0 0 0 0 0 0 0
 0 0 0 0 0 0 0 0 0
0 0 6 7
7 4 4 5
2 2 2 7
9 9 3
 0 0 0 0 1 0 0 0 0
 0 0 0 0 0 0 0 0 0
 0 0 0 1 0 0 0 0 0
 0 0 0 1 0 0 1 0 0
 1 0 0 0 0 1 0 0 0
 0 0 0 0 0 0 0 0 0
 0 0 0 0 0 0 0 0 1
 0 0 0 0 0 1 0 0 0
 0 0 1 0 0 0 0 0 0
5 1 7 7
7 8 4 4
2 1 7 2
9 9 3
 0 0 0 0 1 0 0 0 0
 0 0 0 1 1 0 0 0 0
 0 0 0 0 0 0 0 0 1
 0 0 0 0 0 0 0 0 0
 0 0 0 0 0 0 0 0 0
 0 1 1 0 0 0 0 0 0
 0 0 0 0 0 0 0 0 0
 0 0 0 0 1 0 0 1 0
 0 0 0 0 0 0 0 0 0
6 5 8 7
7 0 3 1
8 2 3 7
9 9 3
 0 0 0 0 0 0 1 0 0
 0 0 1 0 0 0 0 0 0
 0 1 0 0 0 0 0 0 1
 0 0 0 1 0 0 0 0 0
 1 0 0 0 0 0 0 0 1
 0 0 0 0 0 0 0 0 0
 0 0 0 0 0 0 0 0 0
 0 0 0 0 1 0 0 1 1
 0 0 0 0 0 0 0 0 0
3 1 3 6
8 5 1 0
7 3 6 0
9 9 3
 1 0 0 1 0 0 0 0 0
 0 0 0 0 0 0 0 0 0
 0 0 0 0 0 0 0 0 0
 0 0 0 0 0 0 1 0 0
 1 1 0 0 0 0 0 0 0
 0 1 0 0 0 0 0 0 0
 0 0 0 0 1 0 0 0 0
 0 0 1 0 1 0 0 0 0
 0 0 0 0 1 1 0 1 0
1 8 2 5
4 3 5 4
0 8 2 3
9 9 3
 0 0 0 0 0 0 0 0 0
 0 0 0 0 0 0 0 0 0
 0 1 0 0 0 0 0 0 0
 0 0 0 0 0 0 0 0 0
 0 0 0 0 0 0 0 0 0
 0 1 0 0 0 0 1 1 0
 0 0 0 0 0 0 0 0 0
 0 0 1 0 0 0 0 1 0
 0 0 0 0 0 0 1 0 0
3 5 4 2
2 0 4 7
8 8 4 5
9 9 3
 0 0 0 0 0 0 0 0 1
 0 0 0 1 1 0 1 0 0
 0 0 0 0 0 1 0 0 0
 0 0 0 0 0 0 0 0 0
 0 0 0 1 0 0 0 0 0
 0 0 0 0 0 0 0 0 1
 0 0 0 0 0 0 1 0 0
 0 0 0 0 0 0 0 0 1
 0 1 0 0 0 0 0 0 0
5 1 4 6
3 4 3 7
8 7 3 1
0 0 0
