9 9 1
 0 0 0 0 1 1 0 0 0
 0 0 0 0 0 0 0 0 0
 0 0 0 0 0 0 0 0 0
 0 0 0 0 1 0 1 0 0
 0 0 0 0 0 0 0 0 0
 0 0 0 0 0 0 0 0 0
 0 0 0 1 0 0 0 0 0
 0 0 0 0 0 1 0 0 0
 0 0 0 0 0 0 0 0 0
5 2 5 7
9 9 1
 1 0 0 0 0 0 0 0 1
 0 1 0 0 0 0 0 0 0
 0 0 0 0 1 0 0 1 0
 0 0 0 0 0 0 0 0 1
 0 0 0 0 0 0 0 0 0
 0 0 0 0 0 0 0 0 0
 1 0 0 1 0 0 0 0 0
 1 0 1 0 0 0 0 0 0
 1 0 0 0 0 0 0 0 0
2 3 8 7
9 9 1
 0 0 0 0 0 0 0 0 0
 0 0 0 0 0 0 0 0 0
 0 0 0 0 0 0 0 0 0
 0 0 0 0 0 0 0 0 0
 1 0 0 0 0 0 0 0 0
 0 0 0 0 0 0 0 0 0
 0 0 0 0 0 0 0 0 0
 0 0 0 1 0 0 0 1 0
 0 1 0 0 0 0 0 0 0
0 2 5 1
9 9 1
 0 0 0 0 0 0 0 0 0
 0 0 0 0 0 0 0 1 0
 1 0 0 0 0 0 0 0 0
 0 0 1 0 0 0 0 0 0
 0 0 1 0 0 0 0 0 0
 0 0 0 0 0 0 0 0 0
 0 0 0 0 0 0 0 0 0
 0 0 1 0 0 0 0 0 0
 0 0 0 0 0 0 0 1 0
4 6 8 6
9 9 1
 0 0 0 0 0 0 0 0 0
 0 1 1 0 0 0 1 0 1
 0 1 0 0 0 0 0 0 0
 0 0 0 0 0 0 0 0 0
 1 0 0 0 0 0 0 0 0
 0 0 0 0 0 0 0 0 0
 0 0 0 0 0 0 0 0 0
 0 0 0 1 0 0 0 0 0
 0 1 0 0 0 0 0 0 0
8 5 4 8
9 9 1
 0 0 0 0 0 0 0 0 0
 1 0 0 0 0 0 0 0 1
 0 0 0 0 1 0 0 0 0
 0 0 0 0 0 0 0 0 1
 1 0 0 0 0 0 0 0 1
 0 0 0 0 0 0 0 0 0
 0 0 0 0 1 1 0 0 0
 0 0 1 0 0 1 0 0 0
 0 0 0 0 0 0 0 0 0
3 3 1 6
9 9 1
 0 0 0 0 0 0 0 0 0
 0 0 0 0 0 0 0 0 0
 0 0 0 0 0 0 0 0 0
 0 0 0 0 0 0 0 0 0
 0 0 0 0 0 0 0 0 0
 0 0 0 0 0 0 0 0 0
 0 0 0 0 0 0 0 0 0
 0 0 0 0 0 0 0 0 0
 0 0 0 0 0 0 0 0 0
0 0 8 8
0 0 0
