400 800
147 150 797
23 340 741
243 240 8
313 256 811
151 96 7
396 167 554
250 372 6
47 141 5
77 170 10
207 347 26
264 165 187
213 312 673
357 1 10
14 277 806
173 23 891
249 49 9
46 141 694
27 168 4
64 244 263
336 48 215
239 293 2
33 277 942
46 65 9
127 381 626
223 194 10
72 343 5
338 198 9
303 73 200
28 310 2
279 230 3
381 161 148
275 310 410
65 231 4
107 346 10
335 138 915
354 210 9
40 332 209
39 50 800
124 177 233
118 128 10
213 397 867
178 25 5
266 238 6
337 389 3
319 246 904
376 223 219
30 391 702
202 289 357
28 37 984
378 328 6
386 251 10
104 350 720
257 353 957
156 142 718
102 156 5
340 83 401
188 225 972
307 99 8
30 132 450
125 327 842
185 184 320
71 382 603
175 27 8
51 140 551
198 193 598
168 105 268
388 224 5
14 120 6
83 200 4
218 260 990
310 11 744
72 80 7
184 78 2
390 378 232
126 212 10
219 232 3
238 30 598
233 284 10
133 302 1
134 162 4
323 251 988
386 126 2
120 140 918
100 235 6
223 160 4
331 361 5
392 141 61
132 197 215
156 51 126
147 233 209
254 116 525
93 290 10
293 227 6
106 10 8
130 229 6
205 327 689
375 23 1
339 138 10
85 69 832
153 293 5
106 6 1
154 247 810
202 82 6
88 108 9
55 45 525
192 366 9
103 309 2
310 169 2
185 140 581
338 45 821
138 78 996
131 231 717
262 157 422
229 84 205
398 387 844
58 50 8
44 355 1
167 108 6
3 328 565
186 142 2
234 172 768
28 298 6
257 368 978
283 353 10
225 374 1
33 95 204
179 51 303
90 12 1
4 365 3
327 320 909
139 77 268
325 260 694
30 257 498
284 80 700
390 264 3
356 177 1
125 374 5
160 37 918
144 228 647
69 61 146
350 262 6
324 393 790
318 209 3
364 112 775
104 330 2
263 192 4
277 200 4
48 206 458
369 353 750
212 299 169
240 158 8
324 365 671
109 87 2
23 256 431
127 259 8
293 191 3
126 163 5
174 379 154
99 213 5
154 200 9
220 323 2
51 361 2
129 299 273
381 194 505
89 245 1
257 106 9
387 101 10
297 182 6
365 243 2
383 156 2
222 392 800
223 163 3
15 228 8
137 227 224
111 63 961
234 232 679
220 292 8
136 291 971
87 186 198
211 87 10
104 293 405
286 204 4
296 225 882
277 397 931
74 62 9
110 113 721
288 265 675
176 20 4
53 397 7
76 193 687
98 366 180
74 56 1
180 323 688
245 195 674
323 313 3
222 252 190
316 244 53
166 10 8
141 126 602
200 223 954
343 399 4
296 215 340
349 186 5
45 44 8
215 238 671
110 153 8
373 43 311
87 184 10
42 43 10
185 193 943
254 74 9
274 26 1
297 58 3
394 70 4
79 39 10
169 184 993
141 263 737
243 315 9
217 91 135
27 176 448
309 296 195
2 246 1
295 35 126
272 268 891
374 23 631
238 295 591
276 172 561
392 385 3
233 165 5
386 318 459
95 163 434
113 301 2
261 146 5
33 112 7
106 323 6
78 175 351
215 147 6
215 248 857
123 29 74
33 371 597
308 33 2
41 331 323
82 73 879
99 62 361
138 328 7
245 141 9
254 103 234
246 188 75
81 188 4
68 314 2
39 91 445
97 150 5
62 124 4
326 89 6
324 292 993
343 137 1
295 202 113
90 119 366
237 318 10
367 38 166
378 77 842
119 151 279
334 382 142
251 26 445
185 250 2
245 201 336
46 243 81
106 362 8
305 20 261
236 174 9
94 371 830
386 366 925
284 254 121
30 399 634
297 89 323
126 16 5
102 30 9
246 187 4
242 352 1
109 126 468
388 270 7
386 166 669
190 175 182
234 221 10
95 174 9
57 324 9
265 192 2
218 42 6
209 238 3
243 247 425
284 84 466
61 293 10
347 241 2
113 398 472
381 238 45
297 271 2
276 147 193
104 79 2
140 374 9
67 239 60
220 83 5
361 7 429
63 76 7
62 300 4
373 311 10
222 288 5
379 386 7
144 135 705
301 155 981
241 291 6
250 97 731
259 349 144
101 109 263
56 153 56
212 54 7
248 261 3
148 384 864
247 290 37
251 284 846
94 30 5
4 264 3
295 44 1
67 117 712
10 378 866
241 185 787
262 99 99
251 255 4
303 119 483
207 300 27
396 68 10
225 355 2
97 350 9
11 201 847
114 192 10
158 127 8
75 64 625
269 395 9
311 146 561
233 4 484
337 317 6
113 323 6
324 322 741
323 15 10
163 117 1
171 400 92
308 90 874
29 152 4
343 234 461
136 371 1
77 394 884
225 372 568
53 204 6
55 236 456
295 364 207
291 208 598
376 94 8
107 110 36
258 305 10
8 66 317
318 62 843
398 342 377
133 252 164
126 229 2
364 134 775
315 146 6
373 199 975
196 158 7
315 157 829
192 391 917
268 202 379
51 63 6
133 225 265
235 292 859
266 354 356
263 104 787
239 63 1
19 186 994
188 41 3
330 309 930
320 344 9
259 78 583
247 47 963
311 366 1
306 180 9
322 215 469
223 53 353
40 105 583
40 51 217
171 141 10
348 16 324
201 85 417
364 380 5
300 189 721
227 90 5
8 119 830
375 202 431
147 270 351
346 144 5
146 22 999
7 358 3
378 387 316
186 65 1
318 236 6
285 1 411
228 395 2
394 393 22
236 274 5
132 256 686
297 277 796
183 67 5
216 178 3
231 103 207
280 386 3
382 273 4
127 60 943
360 132 4
139 104 448
132 83 227
127 397 463
22 51 10
232 223 829
57 19 959
91 153 826
243 386 9
89 69 1
296 244 6
313 155 9
67 8 388
308 370 3
192 129 9
132 53 335
56 302 8
380 75 977
321 340 3
312 31 2
234 47 6
288 370 363
380 295 770
382 5 253
320 138 10
335 98 1
39 49 8
193 135 5
395 234 499
236 327 3
350 85 8
213 143 205
115 106 10
161 200 3
136 209 2
253 117 3
78 212 3
29 31 391
308 217 4
226 245 5
63 352 8
286 384 8
181 193 2
18 12 756
370 117 567
74 267 7
310 211 750
286 253 777
229 258 5
205 334 6
64 29 451
91 37 10
51 388 5
31 364 10
30 246 311
268 333 7
131 93 8
37 47 722
110 367 445
46 355 537
243 374 134
47 395 396
82 7 65
258 31 7
358 323 10
44 156 7
36 335 426
99 75 182
282 28 244
60 218 676
122 3 10
385 95 480
116 15 4
98 361 689
189 51 372
29 236 836
345 94 716
73 335 504
204 246 10
245 163 10
244 137 8
109 72 234
261 322 3
302 68 4
171 22 427
299 6 334
363 376 185
358 5 59
258 222 686
12 78 632
227 19 10
244 281 8
358 291 7
387 141 731
204 137 5
206 43 1
206 348 7
234 152 9
385 126 5
3 236 7
370 332 9
366 272 4
77 380 416
74 351 4
299 35 7
193 285 815
100 179 5
76 366 9
111 105 7
105 343 9
238 268 4
364 294 5
192 231 295
363 275 191
154 174 1000
162 7 1
126 370 937
370 76 2
230 266 2
294 210 67
289 363 10
359 76 9
2 247 114
352 300 796
299 393 10
86 75 2
145 1 7
231 355 544
54 70 1
53 175 6
1 63 4
377 338 9
104 152 958
31 247 3
18 192 1
109 119 10
331 274 722
6 257 824
121 196 6
379 201 1
256 175 9
45 60 2
209 354 6
300 303 10
289 147 229
339 170 3
159 172 801
85 398 10
146 120 6
92 238 311
259 156 726
327 34 9
239 346 4
92 61 216
207 326 297
146 272 59
399 299 4
381 319 59
250 220 7
384 320 620
115 116 439
390 102 230
207 208 4
212 17 9
353 330 4
132 108 938
115 334 332
167 379 199
268 84 750
206 251 4
221 246 769
25 170 360
12 256 700
128 209 9
350 206 5
29 190 646
330 385 3
78 306 10
84 254 987
118 300 964
227 159 35
311 317 763
137 338 5
234 388 292
88 101 855
43 177 7
312 394 875
293 238 10
252 229 3
41 368 2
375 361 5
342 11 4
131 362 284
335 159 102
73 5 2
71 161 5
24 330 846
206 288 5
365 349 80
91 196 649
208 44 6
276 175 5
56 400 450
374 229 165
287 111 3
398 73 41
1 126 6
52 184 377
351 260 2
223 309 10
15 148 4
159 163 8
244 92 9
144 397 85
114 203 10
67 105 807
47 170 617
149 207 1
5 105 5
208 336 792
63 309 870
37 253 441
291 386 3
170 391 112
38 70 819
143 126 194
195 297 8
78 183 586
391 281 9
53 253 647
13 214 3
392 87 205
230 239 661
35 172 9
282 365 1
94 88 6
116 212 104
189 173 491
42 319 1
315 369 1
329 157 10
228 342 7
186 361 4
363 42 205
115 82 1
93 198 472
263 51 520
263 189 8
227 163 227
58 178 3
399 328 474
28 225 8
297 159 10
8 261 10
21 274 9
160 158 675
333 104 110
275 187 764
62 251 814
189 169 850
240 72 315
26 289 4
308 400 1
111 159 89
126 99 5
64 151 730
234 356 521
189 320 470
201 285 485
169 113 500
113 335 1
143 229 693
36 308 5
382 174 9
146 55 4
204 52 3
291 279 515
160 351 442
297 278 7
234 86 985
181 385 1
9 205 617
181 190 10
101 316 7
381 198 5
360 7 9
79 89 672
9 285 6
296 137 651
355 343 7
143 254 10
44 8 834
392 133 211
5 96 5
274 94 182
304 306 679
123 45 2
28 365 776
340 386 5
361 91 5
378 139 1
31 219 1
324 204 10
343 63 6
30 320 476
190 64 10
258 165 2
341 310 6
321 86 6
275 83 4
349 100 10
162 153 831
389 210 289
157 256 5
17 228 381
382 388 746
319 111 726
367 99 246
47 337 6
224 311 656
1 328 4
350 20 2
24 100 1
320 311 798
309 367 10
285 299 51
131 240 88
280 187 257
291 391 784
293 205 892
321 173 1
285 346 6
236 252 951
334 5 3
194 325 6
56 117 271
199 2 10
260 159 222
295 345 10
299 254 670
48 93 4
214 306 10
238 265 575
188 87 2
192 304 9
68 63 10
165 89 603
323 353 87
130 273 806
200 316 10
59 164 4
340 48 8
243 224 96
392 244 860
289 46 510
374 66 2
302 84 9
59 286 253
117 115 62
223 353 491
26 226 446
289 313 850
54 197 5
240 183 4
363 158 617
336 158 7
259 232 560
369 264 947
385 249 404
377 78 14
239 58 918
38 274 8
158 399 775
69 58 719
345 240 649
140 7 586
315 87 779
15 32 6
215 279 1
370 396 111
164 359 1
7 40 6
319 28 463
350 167 245
2 194 1000
