100 200
17 31 4
48 42 10
21 100 2
73 93 1
44 82 630
16 38 537
42 97 984
77 52 188
52 21 435
80 90 3
92 12 755
28 56 874
11 74 756
97 4 8
59 12 939
73 11 7
61 25 8
14 32 689
92 27 979
1 18 487
6 46 9
3 63 729
57 23 9
58 9 829
10 21 256
1 83 7
62 97 8
58 79 474
42 60 6
34 5 239
8 94 98
79 42 1
71 48 9
48 7 2
100 89 9
28 24 4
5 8 279
8 10 7
90 91 10
16 43 5
76 40 3
13 34 775
36 4 3
72 66 9
34 74 152
16 33 534
94 14 593
98 47 9
49 35 3
18 77 548
74 78 2
29 71 235
26 28 4
12 15 1
16 11 667
83 99 5
29 86 5
37 61 3
13 58 4
27 61 6
89 15 196
92 51 2
60 25 275
20 84 132
51 67 714
19 24 2
17 86 3
45 29 155
58 89 548
58 15 808
10 60 4
92 53 6
66 13 177
62 94 6
13 19 6
50 8 704
24 34 9
83 27 625
36 42 6
18 79 110
30 15 586
34 22 211
44 77 2
12 100 887
28 1 669
48 89 9
45 25 759
41 99 3
1 65 673
87 35 2
15 61 990
14 53 2
50 21 5
53 81 7
96 48 1
38 4 897
40 69 3
6 45 54
41 43 337
84 25 690
76 32 265
80 34 699
3 92 8
79 38 3
45 87 9
77 11 485
88 89 9
4 32 8
26 19 210
18 23 3
54 73 3
4 74 752
84 82 6
70 65 3
98 4 946
2 77 873
55 34 8
30 53 9
58 81 322
98 89 724
48 17 1
92 90 476
33 48 1
49 25 638
98 55 805
77 99 5
84 79 10
94 88 336
68 78 10
22 5 3
73 55 26
36 67 1
72 79 5
21 64 7
5 92 1
11 36 853
29 2 279
75 33 7
34 46 604
22 60 139
85 25 895
27 5 900
63 10 10
5 62 542
85 72 380
18 56 6
68 98 10
8 74 626
70 98 9
52 35 5
53 85 5
47 92 579
27 79 5
6 44 431
43 81 6
17 51 333
100 73 9
100 49 809
52 82 88
70 93 712
19 99 446
71 65 104
43 46 667
20 60 165
77 98 448
95 17 862
9 83 4
59 40 5
27 94 237
5 46 940
70 33 259
53 1 9
48 34 554
9 67 328
19 1 8
68 1 7
60 80 4
89 46 850
99 31 712
52 53 7
46 84 168
75 51 310
47 46 7
20 89 4
47 67 497
12 21 1
1 42 6
14 29 981
35 90 121
54 89 502
42 71 549
42 56 965
27 96 152
20 99 448
48 39 9
2 80 8
56 22 5
33 99 290
1 69 9
24 95 3
