2000 2500
904 669 3
1586 1926 6
1625 266 5
1811 533 10
382 1956 644
1966 1404 8
1074 1431 3
601 1974 8
1105 1732 530
1939 73 531
1473 381 69
543 1205 10
1549 1752 6
1172 7 9
560 1334 10
549 647 4
310 1530 2
1305 1789 5
528 426 871
993 213 496
1931 1842 8
1084 688 10
1003 364 414
1214 1710 3
1804 128 873
723 152 9
1823 71 4
73 1453 3
639 46 8
1167 1862 8
1734 1522 8
985 425 3
232 1024 7
893 161 1
157 1244 1
350 1021 7
1536 547 3
1566 173 10
1863 158 340
1967 1144 992
645 1728 982
566 1150 594
1039 1024 6
582 655 603
1132 1067 4
723 1192 7
1130 1598 3
1123 1092 418
1294 1065 838
1515 1276 492
1855 159 2
1446 996 902
1870 151 5
1546 1280 8
1210 1715 1
1920 1111 8
1011 792 10
502 1667 3
1285 835 5
21 1784 71
537 951 4
1502 372 697
1733 1721 6
1210 409 6
1430 1780 7
1371 1616 10
421 1172 7
599 1395 5
1944 1185 1
1473 599 2
1286 49 6
1298 650 622
1990 1841 10
894 190 1
188 1402 693
660 93 140
715 1389 6
1005 1085 460
1036 946 4
1860 954 3
1978 575 6
1640 597 4
638 1370 6
1791 148 1
1108 585 378
593 1952 5
756 1710 5
995 1951 569
902 364 2
1382 1116 407
420 520 3
983 1840 2
1812 1861 2
1639 1674 9
1887 590 4
1445 524 3
305 188 629
1210 1013 5
1721 1122 942
1104 319 1
1342 1485 3
1537 88 2
813 311 6
1687 518 10
783 831 551
530 1585 1
975 824 9
720 142 3
1671 385 317
1399 325 9
1039 1054 3
732 280 707
1156 1015 5
1288 969 7
1918 1280 4
616 1591 10
1220 979 918
85 377 6
623 838 377
1171 1706 5
1790 55 7
399 1287 6
517 1415 6
1566 1003 3
223 706 456
450 493 8
1672 1520 7
1460 904 7
583 190 4
1326 1279 5
1406 1978 10
137 20 1
1779 1311 3
440 1756 691
1070 1998 3
541 1538 8
696 1242 531
447 474 8
763 1976 9
864 800 4
1432 921 4
391 1608 188
1997 74 9
1731 380 10
140 818 7
1120 1418 992
375 610 9
1780 1076 7
1132 1802 1
1997 975 9
1712 89 8
1832 1513 5
396 995 4
918 1915 284
1504 707 5
1338 1935 2
1644 603 2
1258 80 5
490 826 777
1051 258 8
1820 1492 7
1597 1215 1
384 1376 3
665 1683 8
1737 173 1
405 512 6
1025 188 4
1966 867 457
1080 1152 4
483 1449 5
188 1150 4
1903 1738 5
480 1177 330
1935 1654 6
247 1919 2
569 954 526
614 202 8
1456 977 3
452 122 10
588 949 1
264 135 8
288 484 4
573 1325 3
258 986 564
1281 843 9
1513 1083 10
395 691 251
103 1343 1
704 1519 4
1759 673 1
754 522 3
905 526 1
1162 402 2
1822 1167 5
1883 1 8
1016 1502 356
852 957 890
1933 1276 673
259 822 10
1337 262 6
1054 81 4
843 333 5
664 30 205
42 711 3
1664 331 4
1287 21 442
1316 1448 4
855 1999 9
1809 1154 1
1 517 1
969 1931 2
554 1069 45
628 197 7
1842 1187 9
1060 360 6
1230 76 8
1066 261 348
674 1669 2
1458 707 1
668 773 10
1423 772 6
1304 714 318
905 819 5
788 1893 479
473 1057 7
217 270 4
1612 1 2
996 1340 10
1691 1596 6
511 1367 9
1724 339 9
1130 1703 3
45 1056 79
635 470 250
231 1266 3
422 177 2
1867 514 906
964 1586 4
82 530 7
913 856 7
566 683 9
1678 898 5
1101 1310 6
338 691 7
607 726 6
709 29 3
986 448 109
1320 1058 7
808 194 7
184 1423 3
883 1 10
402 1314 8
1835 462 166
367 1994 8
307 580 743
675 1479 2
286 929 5
1016 657 6
1317 618 10
1871 369 8
1941 761 8
1793 522 3
1883 325 9
663 1798 2
1482 1889 3
1819 1895 6
92 1628 5
1645 138 6
1943 898 301
664 1160 9
734 980 314
507 46 8
1092 1077 869
1004 1180 5
602 1254 8
546 1651 5
1112 961 5
1959 134 8
885 1596 650
279 1491 10
1702 816 1
951 287 1
255 17 5
1225 619 3
761 633 10
342 1414 7
1476 1972 5
107 1204 6
595 1491 1
1576 118 10
507 1344 10
1424 1729 296
316 708 331
1319 994 7
636 152 8
391 1298 6
1169 1408 6
963 1813 3
1964 1601 468
1098 111 2
1085 1538 8
1213 1320 5
154 579 7
1653 212 10
1734 90 10
1899 1623 2
1267 1588 1
389 284 6
244 1040 2
625 270 10
841 1462 34
1072 469 4
990 1160 6
347 1981 66
1974 865 371
1703 1526 9
1020 757 10
1314 1190 4
721 566 688
299 1816 5
518 397 564
1943 308 9
1801 558 10
1134 1296 1
730 1978 6
1177 1504 3
1859 1752 2
1499 36 2
1099 747 4
457 1324 2
819 568 644
1385 509 2
1330 9 2
1627 470 1
1403 927 8
1173 203 3
1356 1130 9
397 1541 6
385 1978 431
1384 151 2
1226 1364 621
1130 1986 10
346 1962 143
550 1720 2
907 234 3
1407 1904 4
1630 749 6
951 1697 2
1322 1178 9
1924 1086 4
1900 1622 5
1465 201 10
420 1054 9
947 812 1
46 1707 756
1126 149 8
985 1095 5
987 1517 10
1318 1156 7
1286 1477 2
184 46 6
111 1563 3
1285 392 9
1259 634 194
33 1299 6
45 799 3
1041 1715 582
1412 297 4
1564 1290 3
479 1074 8
1129 78 9
1855 1298 5
1725 439 852
818 630 915
9 351 558
678 56 830
1255 806 1
1282 1078 5
413 1744 818
24 567 3
1759 1473 9
213 650 4
840 1613 9
1586 1608 9
694 188 482
1084 969 9
1967 1243 225
1419 997 5
1371 1936 10
106 1827 3
993 1956 10
1977 264 1
91 1681 4
411 368 941
1247 131 979
1228 420 1
1477 336 3
819 100 9
1404 1575 690
1584 53 7
393 1326 3
131 1174 10
538 678 8
273 1271 5
299 788 2
1360 167 6
1289 52 162
410 718 9
391 1530 6
1193 1748 9
18 1584 9
446 878 8
1118 1041 124
1617 196 380
1824 105 8
1459 1826 8
365 26 1
456 121 7
574 1653 2
1038 1654 5
1027 727 4
1628 1918 5
413 1468 6
1747 282 6
1095 1197 6
755 796 2
954 916 5
1207 1975 1
1810 1444 9
1913 258 137
1619 1595 9
1353 642 8
296 492 4
1946 582 1
1318 1542 9
1890 1308 859
278 40 3
1004 1557 4
1839 1690 4
702 1547 1
285 1246 6
1139 397 2
145 1265 184
771 772 8
552 1779 683
1160 1158 9
1057 1671 385
592 158 2
1278 1796 3
1370 1166 6
1172 1970 2
471 293 8
402 1329 9
1428 563 825
1149 1560 8
1671 649 9
1097 744 6
684 1692 2
253 851 9
833 1962 996
1713 1701 9
376 822 7
1177 1914 139
854 252 7
91 415 6
634 886 1
304 1658 647
114 123 8
300 1176 8
1060 1218 247
1700 1892 3
1950 662 648
516 229 7
694 297 3
169 1413 5
1779 758 6
1928 1760 3
1305 152 9
640 992 534
454 108 8
1632 1132 3
382 1378 3
803 227 6
671 44 1
439 753 9
1720 1858 9
1268 582 8
1352 563 755
1829 528 8
682 722 4
1433 625 154
70 29 1
820 320 5
1799 1905 8
1566 290 8
1612 15 8
81 114 8
68 351 10
1249 1828 10
678 389 5
258 869 9
1629 1463 2
97 836 6
251 1655 10
106 448 4
880 1742 1
1212 728 9
135 1690 2
1205 1743 10
1471 751 8
1958 1467 545
1367 1054 6
1896 1369 6
1894 1395 766
1864 297 7
1387 1233 7
1870 961 10
1041 1069 5
1986 936 2
1350 113 1
77 1602 661
246 1739 2
693 1835 14
622 1957 2
1011 879 5
459 1068 3
370 1040 4
469 697 1
3 820 8
1098 351 3
1503 1975 4
1733 171 5
1471 530 5
1662 910 2
900 547 895
544 781 9
1423 1295 4
267 1193 8
1897 1847 10
640 151 751
1005 1714 410
1322 1112 416
1875 1462 1
1640 1697 668
1693 544 862
644 1916 4
313 1189 10
1708 40 5
790 331 7
1781 977 6
1230 842 3
889 1960 7
1264 282 8
629 1164 6
1803 1161 2
233 997 8
1637 1007 7
1191 1906 5
1332 457 9
1886 1532 1
1085 940 6
561 1924 5
1119 1527 10
997 384 483
1077 324 7
797 1519 2
46 1284 10
334 401 1
736 1572 746
1361 1010 10
122 688 9
196 988 10
1527 316 931
1078 379 893
1093 630 6
525 894 10
280 39 3
96 832 204
512 261 3
909 545 6
605 1186 10
101 1518 2
794 1790 3
729 143 10
196 521 5
1409 11 9
35 80 1
1040 345 10
361 215 10
104 700 986
551 1798 738
1872 1424 10
680 152 3
1237 291 10
270 868 5
124 1627 10
596 1498 4
1728 1075 240
310 1344 46
1753 440 857
182 426 6
1996 675 4
1560 14 8
805 446 10
1120 1979 208
1615 200 3
1127 1467 7
868 1607 1
361 188 420
139 689 10
1100 191 540
1897 1476 1
612 145 7
1267 1663 10
1042 1109 10
693 927 4
997 679 4
1904 566 864
463 1870 8
646 1104 655
1503 1994 10
1736 278 7
555 839 3
603 732 384
583 327 8
330 153 388
920 1511 3
700 460 6
1076 1952 2
1431 709 880
1884 1060 10
1182 638 314
852 901 2
50 1619 51
152 1081 1
394 380 773
1459 573 1
1600 1628 2
1477 387 4
53 1159 786
337 875 1
407 1214 4
201 1120 4
681 1461 568
813 688 3
1195 636 8
111 1485 5
295 1116 636
913 929 10
763 1754 5
895 287 1
434 1736 874
272 1454 2
1901 1265 1
329 1342 8
1073 615 233
1945 582 288
261 858 6
1992 77 10
1641 142 423
10 912 9
568 1413 7
1159 610 5
694 195 10
1988 1273 8
248 80 824
274 1134 10
1099 629 102
1969 690 6
1731 856 394
617 1262 604
1432 721 9
590 448 430
850 706 3
1058 323 6
755 596 5
931 595 289
437 639 8
1449 1055 118
1555 1317 5
1697 1534 7
1688 688 6
1171 477 2
1345 733 9
491 513 763
190 1160 681
238 1577 7
629 1631 1
480 550 10
63 1688 7
123 1557 1
1572 639 7
291 1638 10
69 280 9
1321 947 59
1192 1215 870
1362 114 10
1394 1636 7
1829 913 7
1499 573 9
779 1805 1
261 1914 872
1419 1512 709
933 1489 10
1575 1021 9
1250 601 886
893 78 7
719 1671 10
1192 1136 6
1675 1322 972
1106 243 9
72 604 759
1287 1197 795
1720 473 9
761 1561 8
1574 1050 7
600 1787 2
1961 112 5
1040 988 6
1881 1080 2
1326 87 2
1989 986 9
1569 1003 655
574 122 10
1499 677 1
1559 896 7
341 1229 1
140 1795 8
388 1722 4
1151 1164 5
976 1681 529
1419 854 869
103 145 288
1854 1508 2
1220 852 6
707 488 9
500 1601 4
1360 1662 9
945 1503 2
152 906 855
302 968 6
373 1210 4
686 240 5
427 1991 9
1619 1880 6
1411 1247 2
620 846 3
393 492 4
1353 1109 6
90 1983 764
1855 417 4
639 1115 9
377 1569 4
1434 1950 8
1353 311 537
857 926 6
32 1879 6
745 1922 4
1077 1130 4
1414 805 969
1903 1895 4
801 867 5
1921 1219 155
774 365 245
226 127 2
1168 426 240
880 1554 7
1857 1534 10
1856 102 1
1422 574 5
797 1375 6
1495 630 1
705 27 10
784 1201 2
680 37 7
320 1365 6
92 1061 8
1658 1215 8
1624 1994 7
239 707 9
790 372 6
1532 1961 8
156 155 2
58 958 9
1964 1913 8
351 1669 6
1256 193 183
71 1124 6
289 624 4
1613 948 3
1357 1754 4
1169 230 10
860 1990 1
827 997 8
359 663 2
318 83 9
346 196 10
1046 1596 4
1651 1469 10
1690 749 5
1370 952 2
549 1701 2
617 309 9
504 391 1
789 935 2
1877 822 2
1670 681 6
1389 1385 9
1038 1450 193
1167 1487 1
1364 1692 5
1016 1821 7
1217 1732 10
1621 70 501
885 793 5
183 654 992
1622 581 4
464 1750 9
1259 882 10
1289 173 113
442 724 3
1471 1932 7
527 621 3
1393 1571 2
1414 1472 165
243 1084 7
1233 1066 263
478 1858 857
871 928 8
272 1125 6
738 439 7
164 1128 865
344 1641 8
317 1227 4
1964 85 5
194 1400 1
177 1567 2
491 942 2
92 220 7
1386 1374 10
837 258 5
1918 277 5
869 391 4
1439 1391 1
1678 1663 1
1189 1307 923
215 841 5
1948 1301 9
1421 226 5
1616 809 368
77 3 1
67 146 3
830 523 8
403 763 4
1652 635 2
1605 143 1
866 79 8
1486 1271 5
550 1908 9
404 1087 5
82 1851 3
1111 120 3
1464 1484 7
1719 863 3
1301 340 1
781 229 419
1783 8 4
1081 1491 4
1571 1925 307
337 1619 4
330 1834 10
525 754 511
1547 846 4
1198 452 10
1976 338 1
1276 1292 8
70 242 654
23 1233 3
430 311 4
15 1670 8
781 1831 9
1546 358 8
1395 687 7
1476 1389 1
411 1260 5
853 24 1
803 1256 9
974 1192 10
335 1855 7
1210 794 2
991 764 2
756 748 201
282 808 898
1216 1407 1
1782 519 8
299 975 6
1190 41 8
243 1025 7
1430 1799 10
1176 1007 6
3 1550 8
357 1118 1
1102 790 4
50 1421 10
1894 1535 5
507 1721 3
476 620 10
1779 732 7
631 1427 5
1095 887 1
1660 818 6
1366 1301 3
1128 1809 3
1170 775 67
687 870 7
1703 688 10
1638 931 9
1866 398 6
1080 1648 9
1354 494 10
1557 1379 191
1205 251 872
958 1137 8
270 38 232
1757 1609 3
421 92 876
449 1164 3
1502 728 3
687 1617 8
869 645 1
1539 1748 7
1683 25 3
391 1836 400
622 497 10
855 1260 881
1598 1505 4
937 1700 6
283 1936 1
760 710 7
1729 684 959
1382 652 10
1808 1685 9
1968 1209 3
461 987 8
1241 156 9
318 786 8
827 1280 4
1199 1394 10
1513 1402 800
1518 811 3
1628 1637 10
1203 884 2
1984 1389 734
1720 590 2
514 278 9
1351 1937 3
885 1511 527
742 46 10
947 176 618
473 1590 7
230 91 842
1969 261 1
1545 992 9
943 416 6
825 335 6
1316 247 10
1480 1310 1
303 1985 8
19 1736 3
952 118 1
1945 1683 8
548 1906 211
225 1070 9
559 677 2
273 1662 7
1170 1556 4
1383 1717 3
10 441 989
944 240 372
711 89 8
1837 21 1
707 769 6
1503 841 57
1580 1473 10
610 657 74
633 1637 150
682 19 8
956 997 2
1738 1740 9
1796 1639 360
1093 969 720
757 1784 5
4 35 7
1188 903 6
1270 1519 9
1991 489 481
1356 847 7
683 293 2
1968 1770 5
1048 1171 1
654 823 10
1622 333 6
1632 1113 2
280 1260 3
597 391 1
1752 498 10
35 571 8
553 379 4
1472 1190 3
1837 938 1
1917 816 1
914 1477 4
729 1789 512
572 1119 5
1330 1026 8
1983 1753 1
700 1060 240
1172 146 10
507 1831 4
10 898 1
91 1749 9
1169 133 1
1661 343 4
316 706 1
762 504 6
1471 531 7
896 872 360
1138 1532 2
257 1774 7
1352 964 9
1875 1044 430
76 1602 10
442 550 10
1115 1171 2
918 983 7
1744 1676 6
616 166 9
1269 861 10
1836 1080 290
1694 663 2
18 1215 5
586 1363 263
772 1327 7
221 281 2
612 264 682
1454 1918 10
1662 1657 8
887 547 155
135 1237 1
168 175 9
1500 857 234
1549 543 4
1163 939 4
783 243 222
1785 1049 4
1955 414 6
146 1080 3
1138 1355 1
1931 1920 1
1482 1230 7
1503 1379 2
830 202 4
957 1494 10
1429 1701 1
46 1230 6
1875 149 1
522 623 8
1060 1712 3
1150 1107 3
715 487 2
1 1853 2
1488 1731 6
658 932 9
1087 474 6
919 374 3
401 605 8
682 812 8
579 1599 407
114 1556 8
1855 1954 10
1278 1409 10
890 809 3
1351 816 3
1417 922 3
436 1112 344
254 560 3
30 207 4
1986 202 9
1922 706 5
1507 1301 4
1986 1427 1
1846 1818 109
1577 1893 127
124 468 2
1620 887 1
1190 1091 8
238 694 671
966 671 33
184 995 371
688 462 671
1468 1824 9
247 1901 10
1515 1739 2
1119 1022 5
671 1519 3
1729 836 942
1237 315 5
1289 917 8
529 1836 1
804 881 783
1981 1761 7
1697 1667 5
1619 725 5
862 1804 4
739 1310 8
1294 1776 2
755 1301 5
12 1302 7
307 661 2
1096 628 4
1200 367 83
418 286 6
288 240 7
168 1674 4
1049 954 9
1242 1359 9
1895 1006 4
731 1472 5
1606 984 9
1426 1204 2
1599 704 370
897 1684 804
1957 1731 9
1976 360 10
1102 1769 1
1780 1 10
565 758 3
1673 32 10
794 1 4
57 561 348
608 1543 904
1164 1834 1
981 1239 4
1807 854 5
1593 1942 6
634 794 697
1855 880 4
624 1967 8
247 64 8
1126 240 9
759 548 971
1260 1253 10
1634 802 3
125 1157 10
46 802 10
1282 1902 7
451 876 522
142 1011 9
1168 1509 5
1445 577 5
750 878 3
688 545 6
1307 275 1
1395 770 5
1633 1020 4
123 1865 4
648 1992 2
1730 541 1
1628 1773 7
1449 1533 7
118 573 1
926 472 7
726 1944 9
865 1134 5
727 1947 2
950 1313 3
1882 443 3
1045 1564 136
1397 338 8
1042 152 2
1720 143 3
39 789 489
1410 774 7
651 355 8
420 448 5
1077 1626 295
1787 840 5
1727 763 8
1496 1260 6
1452 113 6
223 1752 9
915 1701 71
145 961 5
1306 855 5
1227 382 4
406 6 645
1229 1224 4
1907 1763 5
1712 1571 9
736 1592 1
773 1231 3
512 1044 4
550 606 4
952 1483 586
156 402 914
420 1368 6
391 1675 3
1153 1746 3
295 1673 564
545 1644 10
730 32 429
373 458 10
684 653 6
31 1744 10
1461 930 6
721 1336 1
1511 1395 10
226 1330 10
365 1454 6
1614 209 9
1264 1649 138
1734 72 5
910 906 7
1522 1073 7
1818 1994 9
626 1547 2
742 1318 7
1490 817 10
450 1869 5
1557 1041 1
769 1771 1
1720 504 3
81 573 10
1263 1098 8
1235 1729 6
1061 412 6
955 447 8
1616 1588 2
303 1137 7
1039 1443 937
1740 1392 10
320 471 5
732 815 1
93 783 5
944 659 5
1253 529 8
1427 1464 5
269 1950 863
203 1853 8
1122 744 6
1270 1701 9
1890 20 277
1126 838 7
34 729 8
982 1145 2
1530 94 3
446 152 9
1654 1635 5
1974 1512 3
1116 1671 892
609 312 6
1930 1023 9
1860 1290 1
905 862 2
23 723 1
617 784 4
1978 584 4
1700 1978 601
1835 215 9
1388 1448 10
1439 657 8
1018 836 7
1812 1420 4
1701 1220 8
616 1465 5
1906 586 7
1518 1 6
1685 1813 7
881 629 7
1103 845 9
251 447 412
221 1012 4
330 1293 1
1275 1460 315
923 1855 441
1589 817 3
1557 337 3
473 45 10
1747 1552 821
87 1008 955
1131 1445 1
535 1774 363
430 1189 370
1197 1455 484
1370 1837 81
1206 1515 1
368 1017 6
1980 1017 9
1116 872 1
162 1491 4
1855 1182 8
993 813 3
1446 472 10
1239 966 5
1143 883 8
366 1870 4
1522 1126 5
1302 503 6
432 1521 804
1677 1108 7
2000 563 5
835 3 605
951 147 2
1982 662 1
1474 1039 6
1564 110 242
363 820 9
749 242 9
833 1961 602
429 290 1
188 845 4
417 1509 762
1185 1489 846
473 476 2
1938 1815 72
259 1943 554
1214 1460 1
59 1880 1
1824 1868 9
1666 161 797
1734 1584 4
1356 224 9
629 1323 5
450 1616 6
691 1200 1
86 1903 8
1860 1404 8
624 924 2
908 1695 9
1815 1993 345
355 790 6
971 857 9
22 1230 5
407 154 9
1764 1150 8
1810 1553 4
915 1014 138
1927 73 2
65 400 9
1236 1602 4
239 126 9
1442 1054 8
401 204 4
1196 1834 9
1030 598 7
46 1703 7
192 1280 2
1578 1098 5
1251 800 10
116 864 8
51 334 7
1519 241 10
324 1075 142
1765 1608 4
138 765 5
1811 1850 2
1022 1504 57
932 208 72
914 913 6
1349 1337 2
1283 1335 7
664 1699 5
525 1986 10
183 1219 1
1314 1326 3
27 643 8
1831 834 3
1787 555 10
619 661 6
1605 1626 89
903 172 985
205 1538 7
786 1775 6
467 1516 2
177 414 5
641 1644 5
275 990 10
1521 527 4
1289 129 561
856 1324 10
1263 237 7
727 436 146
1573 1132 7
1743 1478 10
253 823 9
308 170 8
636 162 775
854 1527 9
873 1398 7
1256 910 909
1306 1270 2
347 919 371
1060 516 8
1750 752 9
1974 508 5
1042 1054 3
1577 1243 6
1518 1907 9
562 577 8
35 46 8
185 1495 6
1737 13 594
19 250 7
1440 1152 8
92 844 1
757 1520 23
1087 801 2
587 1293 2
1092 156 4
245 1133 9
1862 919 10
419 391 8
662 87 97
618 1896 1
1251 383 8
994 831 5
979 521 1
534 1096 1
1301 910 8
1591 1697 374
1042 692 9
1523 1195 2
1595 903 650
1353 121 8
722 1860 476
540 759 3
736 754 4
1102 1175 10
611 1899 976
537 1837 435
172 347 7
613 550 5
522 1673 908
50 1428 7
299 1047 10
1642 1745 3
1906 934 9
15 482 5
820 1807 5
1015 539 10
1899 1890 3
776 170 4
688 1756 7
1978 1962 7
706 624 10
1368 554 3
18 196 321
1587 1871 1
1208 634 5
720 1069 177
545 1745 7
231 1983 362
958 201 7
1194 503 8
785 1505 665
1888 1236 314
1503 914 453
1346 872 2
1492 355 5
85 1426 7
1679 1656 10
1071 337 4
85 1230 2
1245 310 3
1385 486 7
462 667 7
1447 817 8
1710 1832 443
1929 1760 2
1025 1447 846
1205 541 8
1522 580 3
1605 535 9
782 1827 6
423 1703 3
1945 1866 2
685 1520 10
810 1440 476
585 1063 6
1184 487 1
298 1875 7
654 1299 3
1692 13 4
804 36 4
1266 712 4
1170 863 10
1374 1642 324
849 1353 9
290 766 3
1128 1409 8
301 59 7
1019 1280 9
1093 688 1
1249 1220 9
702 318 10
461 1612 4
919 1552 8
1263 1080 4
904 198 1
357 1093 2
19 918 9
1680 590 6
1344 1234 2
1768 288 4
331 1496 7
1466 1452 529
1351 726 10
128 871 3
90 1058 7
682 574 7
180 391 388
1795 1052 231
914 1677 1
1482 160 3
1980 1519 537
228 1810 6
817 1536 9
406 1359 10
1891 1327 904
1946 1959 9
1734 1468 6
1869 1023 782
35 908 10
791 1696 4
954 305 8
703 1865 8
721 1602 6
282 637 4
1608 1468 5
1281 854 8
1122 518 3
334 398 2
1921 868 4
1356 930 257
1235 501 796
1605 1581 1
691 808 6
757 123 6
137 2000 6
1117 55 996
266 505 1
1297 283 10
461 27 6
786 5 2
941 1458 936
1253 782 272
1045 1518 9
1882 1126 605
458 923 6
312 1132 243
1606 1288 5
334 343 5
422 47 6
645 1820 844
1596 1767 102
517 32 1
1571 1272 506
1722 695 908
778 1565 4
9 1181 9
1315 141 5
386 466 5
1120 294 4
245 1680 6
1167 1898 1
271 774 256
515 1852 10
567 199 8
1100 249 9
1916 1395 9
759 1 4
959 527 1
1 440 4
802 659 4
391 1891 1
481 106 2
1734 1904 9
215 407 396
616 136 8
215 57 188
1518 1867 6
393 158 9
581 265 4
1872 613 9
1288 1625 4
295 521 9
850 48 2
569 854 8
1155 1217 3
1404 179 3
1077 1845 4
1383 1526 7
1524 444 61
1783 1782 199
1617 1906 164
419 1603 10
1575 1098 8
1130 919 2
1009 524 10
364 420 7
926 1833 36
1782 833 10
394 1514 10
218 717 5
685 740 4
964 65 539
1607 269 10
1285 1146 2
1625 1219 1
431 206 7
590 391 950
139 1783 194
732 1527 6
1780 1953 6
122 1354 7
1043 92 4
1239 1115 10
306 1318 9
1599 852 8
72 1633 134
537 1964 3
880 1344 550
351 76 10
59 1652 7
1409 1860 10
1849 1618 249
1734 1728 8
1436 497 573
1615 1817 5
1725 442 2
515 537 2
1640 656 10
1904 1512 4
1519 1244 8
1698 1831 104
1924 1336 531
1322 810 9
1272 929 487
1262 1721 10
866 1437 10
1680 1281 471
1938 1200 8
1001 1091 7
1899 397 1
1933 48 10
1654 632 6
939 830 34
1751 1800 7
1920 445 2
1495 292 10
93 1541 733
941 258 4
620 1121 8
1931 1573 10
1987 1679 7
1042 359 10
1380 1272 3
1144 76 5
1220 429 2
795 950 3
122 1331 3
577 1096 4
1254 144 9
726 578 5
1457 244 5
198 1774 9
406 1827 636
182 1407 7
1464 290 444
31 1612 8
1098 1850 4
1626 170 10
1557 1179 9
184 398 10
1983 924 9
23 976 5
845 356 3
129 527 2
321 132 8
902 254 4
328 565 167
231 123 8
193 1294 227
799 176 6
1931 1219 761
798 607 1
732 1950 468
1612 429 7
1033 575 7
467 1255 1
827 280 7
747 310 5
271 1503 8
244 1716 3
958 532 1
1222 41 8
576 775 4
1120 1012 6
540 1057 163
378 551 2
748 1613 890
1094 1901 8
1914 364 5
1558 1541 8
1808 309 745
1182 552 3
269 290 85
829 525 642
925 1044 3
1362 838 701
313 1998 4
1301 662 3
1931 1687 9
1666 1660 7
1508 1866 6
193 470 10
415 1169 823
58 1036 269
1669 1529 1
980 1967 8
24 193 590
159 510 9
1850 772 742
797 1791 3
1267 1825 4
814 1306 4
1056 391 4
1649 1610 10
1756 303 683
165 317 4
1681 616 582
702 1709 7
16 192 4
762 1280 1
1483 1343 9
1222 1876 2
1500 323 1
989 1211 1
613 1008 3
172 1402 325
482 1837 1
110 1420 3
1939 1827 5
874 450 5
75 86 7
786 1650 1
551 1244 325
1 1873 951
1123 1540 9
176 451 721
1797 1055 10
1046 998 3
785 160 8
915 1295 6
1510 913 4
818 1771 346
1292 1220 8
213 1181 181
208 1537 3
164 1292 8
917 409 6
1218 68 10
802 1630 488
887 684 10
1886 272 2
933 438 6
1019 628 713
150 487 9
869 513 524
1919 1343 268
1023 1768 10
1515 1401 6
1025 1414 10
127 1471 5
1157 813 4
1019 339 8
541 513 5
1838 340 5
762 1403 3
1040 608 9
682 479 7
1267 1577 4
1466 1228 6
1924 696 1
989 1220 2
794 767 6
1456 922 178
135 899 49
593 698 8
367 1984 2
1373 61 4
1548 917 9
501 1174 2
181 1756 10
1450 1865 927
671 385 2
98 1077 1
813 558 7
1877 1398 8
96 47 6
408 402 856
736 1444 10
1777 1274 9
1499 1666 754
709 6 5
102 310 9
676 577 3
1895 1527 2
806 695 2
1961 796 717
1116 1701 10
1025 24 7
1972 211 8
1618 1621 9
487 1979 8
56 172 9
348 1858 6
1402 797 9
1456 1217 3
950 170 485
1610 1110 6
740 1562 7
1019 1037 5
848 993 4
117 1507 7
455 721 5
1915 1545 9
1536 251 9
717 1622 7
1060 962 1
1448 1469 756
1456 1652 925
1612 1315 10
1415 454 737
1273 89 786
917 1189 401
289 321 5
1472 1232 1
95 1923 1
1235 997 9
1152 978 3
1770 517 3
1 314 3
972 126 6
74 381 4
991 1860 1
1786 1891 7
6 1947 387
397 1421 4
1596 619 10
982 162 9
1685 337 982
1089 506 7
1052 1544 1
970 819 1
460 888 8
1398 1965 10
1784 1741 3
1912 22 9
610 1253 1
1439 1547 7
1292 1127 8
1480 1031 7
1493 15 5
427 841 9
1427 569 873
1488 1991 239
1280 1 3
1444 1611 3
1552 311 743
1253 256 6
1724 60 7
1806 1609 2
499 1745 9
118 924 721
1349 1148 356
1696 1860 729
1543 1696 7
787 380 548
169 1148 10
1090 1687 4
1127 775 5
642 1909 7
887 1860 7
1726 1254 5
869 1641 3
765 823 2
1301 816 999
372 159 533
1604 226 3
1217 1468 9
1088 480 10
1830 1702 8
1711 1409 1
1687 1682 6
324 1199 8
1991 1796 174
95 171 3
222 1765 1
235 206 3
1735 1405 2
802 1 3
1578 1758 8
284 1866 276
1353 318 302
1000 1678 6
197 1161 10
1281 152 1
1614 1260 6
1380 169 4
391 734 1
1277 1102 7
288 1656 8
1016 213 2
1117 1846 5
1997 586 6
699 506 50
598 622 9
1878 1652 3
1334 234 378
1449 1163 6
152 1976 8
716 1032 6
887 1845 559
826 1142 7
882 1731 95
1893 1151 7
841 1174 2
1794 876 1
728 445 995
958 967 6
841 877 1
207 1590 4
119 80 2
490 1072 9
752 122 7
99 1835 1
811 126 887
735 1511 1
151 489 200
1451 624 1
1082 1344 3
27 652 5
1494 1512 202
1875 1193 34
1029 463 9
1312 555 3
1704 14 8
789 1689 3
420 1579 2
785 172 758
1618 1935 141
1885 85 7
1665 1812 7
1618 1687 10
1949 1968 2
1248 852 483
163 90 4
615 1439 2
1158 214 4
319 1115 10
762 1734 7
1339 1809 6
69 1316 6
1543 1081 5
1934 415 1
1 736 9
1720 1169 2
1363 417 8
39 1301 694
1386 89 9
110 1396 3
576 38 347
1994 1 2
1785 71 252
684 1614 95
1761 586 2
1054 1413 6
743 1077 4
367 876 8
740 1319 8
156 395 4
1378 1573 551
409 1257 1
832 782 3
1410 72 2
122 1395 3
458 627 4
1348 1522 5
53 1206 10
1225 1737 864
949 621 3
762 1319 3
622 910 3
678 1316 10
1200 1285 5
1288 900 337
860 1230 3
1042 629 4
1237 189 5
1954 768 930
1329 1340 7
774 1993 7
1704 1646 629
755 541 7
1706 897 84
416 902 292
1940 533 7
1318 1390 8
322 191 430
1286 108 709
1050 1877 7
1321 963 1
988 1507 1
1060 577 3
781 34 261
277 705 969
1582 986 7
1273 1136 2
1328 1992 10
684 1509 7
496 890 8
1929 1768 903
643 78 5
672 315 7
1214 1140 7
97 1697 8
1594 444 1
214 1053 2
1490 428 4
22 953 2
746 736 6
1059 863 2
31 1882 4
1728 857 866
263 1863 3
1817 1314 8
1006 1226 5
56 495 6
370 1223 8
504 546 5
686 1795 358
1927 1802 634
178 513 7
1296 414 5
1200 640 7
463 1481 7
1504 1075 1
61 1285 10
1973 1668 10
611 1954 2
280 1800 4
1945 780 4
1536 69 8
1470 1778 9
768 351 6
89 1583 470
624 1690 2
1928 45 4
809 1036 2
1278 828 4
320 1274 3
1788 1538 5
53 1045 543
1874 1448 7
1002 1834 10
1685 622 6
1690 11 204
278 617 2
1608 1308 6
1619 1894 6
541 736 6
1652 2 7
1014 156 2
1941 935 4
1843 652 452
1594 667 3
870 242 410
772 896 843
1577 332 3
1843 1920 10
1202 619 9
114 469 7
1114 826 2
773 799 5
210 1953 5
1104 1358 6
1474 186 7
13 1783 1
1903 1322 10
942 1603 3
1870 736 10
1947 794 9
675 655 8
1951 374 9
1347 508 7
806 1762 1
156 802 7
1570 1936 3
174 1807 9
1513 957 6
676 180 2
807 596 10
138 1062 9
803 908 620
1060 1537 7
1588 1799 61
1651 675 10
254 1073 68
1096 1277 127
1485 1714 3
3 871 2
1750 174 613
1815 1253 6
1072 1698 9
1350 1436 1
731 1568 3
1681 1609 874
473 302 8
541 1010 6
1198 1655 549
760 337 4
1973 1146 458
742 1188 9
666 1842 1
416 45 3
1870 707 2
1079 24 6
335 1135 9
1915 1812 1
91 1255 1
1643 1807 8
1202 562 10
1942 801 4
466 1170 6
1795 249 127
709 525 2
84 1375 3
297 1418 1
1747 142 1
1720 1863 1
1441 1002 10
1220 115 8
1528 630 7
1468 94 278
1549 1723 9
1525 1965 5
436 740 6
1998 1054 1
598 997 937
1770 43 432
1757 885 7
1006 699 6
173 1342 819
304 1682 1
1865 1034 7
553 1843 6
1966 1707 9
641 268 9
1224 1210 4
950 394 5
1995 1755 3
653 542 9
1065 993 10
709 745 978
1977 713 7
66 1938 5
970 236 7
1183 1087 7
1438 1501 1
1531 714 5
504 297 4
1891 1160 4
73 1641 7
388 624 828
125 1521 18
511 564 6
1755 1770 9
619 322 9
1122 821 7
440 140 3
1048 1275 8
1105 501 9
473 1421 10
1812 752 2
1025 234 1
412 453 10
1835 46 3
1519 356 655
1165 658 5
475 1045 5
902 1478 535
826 602 3
829 1845 4
1653 1372 1
1497 1315 1
1524 367 4
1649 1476 232
1980 1904 4
1176 1221 9
1678 219 3
1483 433 9
850 1748 1
1060 1465 7
1255 504 6
280 1540 3
1942 14 631
1538 609 3
184 1425 4
911 1530 6
1033 999 8
1113 1536 285
47 1719 360
1241 1261 2
1247 1547 6
1958 543 6
1227 352 1
1210 973 6
1565 1233 7
109 732 4
1871 1895 1
658 783 9
1721 819 9
149 353 8
693 1377 9
176 1433 1
1575 139 1
532 538 301
387 1071 497
1203 1175 3
276 285 2
216 166 188
1904 422 10
435 387 6
23 1351 5
1058 1746 3
800 1616 3
1041 1449 506
489 1402 5
1705 1759 3
1849 1945 5
597 866 8
1994 586 7
1448 308 3
41 135 1
1965 1807 2
874 1976 4
1423 1941 1
177 1646 10
481 1817 650
842 488 442
1506 1250 2
670 3 3
257 592 180
276 124 1
733 754 7
1671 113 3
506 1341 10
1874 1252 7
742 439 6
1336 682 20
1475 1536 2
560 104 10
1303 290 8
1718 574 8
1925 490 3
1339 658 288
326 1538 4
1462 1294 3
1693 599 9
1287 1117 4
676 1700 5
217 1117 4
1848 763 4
405 904 4
1766 1441 6
886 506 3
683 714 1
3 1470 10
1923 1833 10
306 1855 283
891 665 10
760 1971 5
1007 779 3
1963 330 2
1238 1706 5
737 644 4
396 1427 10
507 914 9
1838 754 475
1476 584 10
242 216 2
1403 1806 8
1291 280 4
74 899 9
187 1866 10
1391 862 658
639 41 10
1898 887 208
548 1287 3
1965 930 3
1360 1772 3
248 503 2
1531 1559 9
1269 1922 5
667 459 4
622 324 832
1035 1121 8
1448 1647 5
1684 495 10
1314 500 5
1466 877 599
434 839 127
563 451 10
551 1868 4
1376 597 5
1543 991 979
950 819 8
1382 916 387
201 408 8
1359 1216 3
778 946 611
1985 900 10
1860 1130 1
28 827 7
765 1476 5
1767 364 10
1722 142 6
1333 754 9
62 1271 9
90 971 9
333 416 268
37 71 3
889 621 4
1948 478 1
880 262 4
876 960 5
787 922 7
1440 1580 687
1722 423 5
1560 143 10
1156 1502 2
434 826 10
1732 1101 7
1532 536 7
1787 1141 10
132 1873 10
1360 1435 4
1590 153 1
1705 1193 25
546 485 8
1501 663 9
1877 1417 6
1078 1217 9
1629 646 8
1221 840 905
1248 103 2
1314 1434 5
1828 1583 4
901 441 4
561 1192 2
1954 495 2
1890 1345 720
1416 841 2
1714 836 258
829 390 5
364 646 4
1475 1668 5
1799 29 214
49 1449 6
1227 1895 6
43 1609 7
708 1300 1
741 1914 5
306 892 1
113 1895 7
1381 1096 3
658 80 6
1302 857 8
1513 155 1
1309 473 10
57 980 9
1251 424 6
23 1250 9
1959 1217 7
809 843 8
965 898 3
1712 1483 6
13 235 5
1580 1844 1
1784 410 47
260 964 8
54 1282 10
1562 388 51
1609 888 7
1287 1986 8
777 378 1
454 1598 3
604 1382 2
1244 708 10
1207 1551 3
701 545 1
1072 801 6
1455 671 6
811 1055 3
1582 1469 7
1306 966 34
887 414 2
328 1476 9
555 1530 9
1014 1948 38
826 622 622
1032 409 10
465 454 8
897 1782 4
1911 1091 3
866 631 638
55 1989 464
1147 330 6
446 1038 9
1054 1460 5
74 362 9
2000 243 7
65 856 7
234 1063 1
37 354 3
1628 784 936
1888 127 1
742 1972 1
276 857 9
1143 621 7
1875 438 10
1805 1159 552
1138 1446 967
589 1989 7
1735 1870 6
591 7 6
1066 1545 8
591 660 5
196 444 3
339 1450 9
695 556 6
1657 882 10
862 356 448
371 1407 2
119 305 198
1635 1503 805
893 13 375
159 1555 9
130 1636 7
315 52 7
1443 471 9
1792 1527 8
249 1332 8
1659 452 9
102 1240 10
533 38 2
577 750 157
1104 570 2
1782 1413 6
460 1363 546
557 802 8
536 1272 415
602 1736 7
634 763 4
1110 869 4
1064 50 2
1686 389 1
1285 803 3
971 1283 2
1697 1814 8
1673 1845 288
1052 46 7
958 191 4
432 1427 5
620 1028 2
1732 748 1
1370 859 2
1674 601 9
1005 763 5
594 1678 2
573 1910 10
1355 1866 324
470 1892 113
349 40 2
615 718 5
152 1280 10
684 1304 1
829 1696 619
255 890 1
