14 1 3 1 4 1 5 1 6 1 9 1 10 1 12 1 14 2 3 2 9 2 11 2 12 3 5 3 6 3 7 3 8 3 12 3 13 3 14 4 6 4 8 4 9 4 10 4 11 4 13 5 7 5 9 5 11 5 14 6 10 6 11 6 12 6 14 7 9 7 11 7 12 7 13 8 9 8 11 8 13 9 11 9 13 11 12 11 13 12 13 -1 -1
12 1 3 1 8 1 9 2 3 2 4 2 5 2 7 2 11 3 5 3 6 3 7 3 9 3 11 3 12 4 5 4 6 4 7 4 8 4 9 4 10 4 11 4 12 5 7 5 8 5 10 5 12 6 7 6 10 6 12 7 8 7 9 8 9 8 11 9 10 9 12 10 12 11 12 -1 -1
6 1 2 1 6 2 4 4 5 5 6 -1 -1
7 1 2 1 3 1 4 1 7 2 3 2 5 2 6 3 4 3 6 3 7 4 5 4 6 4 7 6 7 -1 -1
7 1 3 1 6 1 7 2 3 3 7 4 5 4 6 5 7 -1 -1
9 1 3 1 5 1 8 1 9 2 5 2 9 3 4 3 5 3 8 4 6 4 7 5 8 6 7 6 8 6 9 8 9 -1 -1
1 -1 -1
12 1 5 1 11 2 7 2 8 2 11 2 12 3 4 3 5 3 7 3 10 3 11 3 12 4 5 4 7 4 8 4 9 4 12 6 9 6 10 6 12 7 9 8 9 8 10 9 11 10 11 10 12 -1 -1
2 1 2 -1 -1
15 1 2 1 3 1 5 1 6 1 8 1 9 1 11 2 5 2 7 2 14 2 15 3 5 3 9 3 14 3 15 4 5 4 8 4 11 4 12 4 13 5 6 5 9 5 11 5 12 5 13 5 14 6 7 6 8 6 11 7 9 7 13 8 13 8 15 9 10 9 11 9 15 10 13 11 13 11 14 12 13 12 14 12 15 13 14 13 15 -1 -1
7 1 2 1 5 1 7 2 3 2 7 3 7 6 7 -1 -1
5 1 2 1 3 2 3 2 5 3 4 4 5 -1 -1
12 1 2 1 4 1 6 1 7 1 9 1 10 1 12 2 3 2 4 2 5 2 6 2 9 2 10 2 11 2 12 3 6 3 7 3 9 4 5 4 6 4 9 4 12 5 6 5 7 5 8 5 9 5 11 6 7 6 8 7 8 7 11 11 12 -1 -1
7 1 3 1 5 1 7 2 3 2 4 2 5 3 5 4 6 5 6 5 7 -1 -1
6 1 2 1 4 1 5 3 5 4 6 5 6 -1 -1
5 1 2 1 4 1 5 2 3 2 5 3 4 3 5 4 5 -1 -1
8 1 3 1 5 1 6 1 8 2 5 2 8 3 4 3 5 3 6 4 5 4 6 4 7 4 8 5 6 6 7 6 8 7 8 -1 -1
8 1 5 1 6 1 7 1 8 2 3 2 5 2 6 2 7 2 8 3 4 3 5 4 6 4 7 5 8 6 7 -1 -1
9 1 4 1 8 1 9 2 3 2 7 2 8 2 9 3 4 3 6 3 7 3 8 4 8 4 9 5 6 5 8 5 9 6 8 6 9 7 8 8 9 -1 -1
14 1 2 1 4 1 8 1 10 1 13 2 3 2 4 2 7 2 8 2 9 2 11 2 13 3 6 3 8 3 9 3 10 3 11 3 12 3 13 4 5 4 6 4 9 4 11 4 12 5 8 5 9 5 10 5 11 5 12 5 13 6 7 6 8 6 11 6 12 6 14 7 8 7 9 7 11 7 13 7 14 8 10 8 11 8 14 9 12 10 12 10 13 11 14 13 14 -1 -1
3 2 3 -1 -1
15 1 2 1 4 1 7 1 11 2 3 2 6 2 7 2 9 2 14 2 15 3 4 3 5 3 6 3 7 3 9 3 11 3 12 3 13 3 14 3 15 4 5 4 8 4 14 5 7 5 9 5 10 5 11 6 7 6 8 6 11 6 12 6 13 7 8 7 10 7 11 7 12 7 13 7 14 8 10 8 11 8 13 9 11 9 12 9 13 9 15 10 11 10 12 10 14 11 12 11 13 11 14 12 13 13 15 14 15 -1 -1
8 1 3 1 5 1 6 1 8 2 3 2 5 2 6 3 4 3 5 3 6 4 5 4 7 5 7 5 8 6 8 -1 -1
0