1000 590
684 658 906 404 410 361 353 190 510 25 416 389 915 427 301 657 957 269 147 895 813 310 380 774 914 475 318 505 734 590 623 285 135 951 208 322 583 570 757 515 949 329 989 643 682 726 523 937 3 990 158 655 909 222 7 567 290 321 936 174 916 941 203 821 611 102 146 137 692 74 256 584 234 666 935 633 155 437 184 31 377 412 794 303 341 204 227 555 899 15 105 702 20 191 893 685 997 588 662 43 711 720 816 811 542 452 862 114 691 328 327 499 18 13 487 362 88 596 996 782 756 939 446 494 677 503 859 111 809 469 908 896 360 278 198 162 803 107 422 59 514 731 417 751 552 286 367 449 993 62 812 313 733 274 275 433 721 96 912 527 768 477 94 641 932 905 511 110 855 150 293 972 652 518 579 299 72 161 226 470 444 49 496 207 819 180 759 307 928 968 717 771 373 9 640 676 182 375 170 425 725 829 1 547 32 232 786 75 807 947 617 608 393 626 965 601 521 898 563 294 260 235 262 765 339 849 824 946 822 938 870 785 612 668 272 873 193 169 885 959 815 145 864 852 44 781 120 364 999 331 399 790 780 116 316 279 704 284 47 560 206 797 133 981 506 219 252 876 602 888 119 176 355 683 139 122 825 384 758 746 498 940 82 292 709 407 874 554 858 878 558 455 776 21 910 699 486 743 358 406 838 654 263 761 426 22 152 343 386 459 27 708 569 994 651 485 467 266 91 593 30 308 507 871 349 473 954 359 319 464 766 802 687 559 823 805 836 401 296 846 460 57 820 435 489 93 770 100 429 891 156 694 883 447 595 698 712 606 186 99 456 886 251 629 85 863 865 539 11 827 529 791 970 787 649 177 300 185 372 625 304 943 400 428 580 297 598 309 451 387 268 351 398 845 370 92 24 8 448 693 311 405 792 546 457 592 138 920 104 101 69 879 236 112 594 281 536 714 2 564 656 587 363 280 800 861 218 804 480 545 830 738 615 665 188 374 64 131 282 763 969 644 56 315 762 966 964 149 450 577 530 795 76 317 919 202 924 124 500 335 264 83 701 98 179 241 907 902 424 65 312 259 68 134 61 212 121 628 840 237 213 143 118 23 441 576 81 211 192 730 769 458 934 585 35 153 194 48 283 754 396 986 528 679 834 423 106 258 933 346 686 971 841 109 706 484 87 538 381 741 600 238 413 175 97 115 245 806 77 779 215 73 646 288 945 901 173 904 973 16 230 548 378 352 402 839 837 772 650 257 607 868 127 199 872 295 695 53 271 866 482 166 535 462 14 160 660 397 952 38 929 371 520 497 735 636 54 385 195 472 850 29 418 60 533 136 549 270 798 673 
264 892 187
935 892 909
843 892 101
580 264 287
563 264 47
116 843 865
532 563 316
629 563 676
870 935 280
10 580 578
470 580 38
922 532 48
771 116 772
331 470 294
583 10 374
406 10 555
656 892 728
719 870 668
626 629 112
619 626 127
817 10 651
161 470 802
550 264 214
401 656 786
105 580 48
318 580 209
379 656 647
928 935 199
33 626 984
256 771 964
313 532 59
890 619 341
176 719 438
466 626 941
182 817 345
521 105 310
840 161 369
867 583 920
950 264 977
618 470 417
934 105 22
881 401 638
75 176 530
970 105 888
693 33 35
346 934 699
903 583 669
931 890 683
875 771 637
812 346 511
720 928 631
924 843 387
566 903 323
752 33 625
348 470 643
14 922 992
567 870 705
499 318 160
933 550 126
673 928 604
80 720 774
946 881 568
564 182 2
930 950 325
969 264 14
293 935 651
122 970 556
526 566 319
106 318 928
833 933 886
588 719 774
612 843 576
216 75 433
713 80 96
429 75 629
764 931 778
477 840 183
25 931 670
428 946 540
897 406 189
877 331 855
418 970 961
841 176 615
878 764 706
426 161 432
74 264 694
2 526 72
186 892 176
61 176 678
533 713 21
100 521 910
963 629 947
674 33 79
468 116 123
387 264 281
227 526 832
163 348 513
180 80 296
974 532 824
405 626 787
50 186 451
850 969 298
516 935 995
357 405 905
784 720 207
778 935 536
290 903 57
883 227 54
202 216 575
491 50 839
905 202 371
210 105 921
83 933 941
863 405 233
308 843 879
385 122 443
484 186 897
424 950 737
372 116 678
759 202 51
501 331 855
586 877 32
254 348 374
962 840 684
369 840 686
183 379 219
971 713 473
961 934 597
167 971 153
99 878 443
821 357 156
733 720 497
39 202 818
816 875 308
255 210 777
782 424 773
334 905 355
964 83 390
830 782 613
730 812 597
617 180 955
87 484 455
865 782 395
415 962 343
951 106 535
89 563 855
835 564 319
839 550 878
600 163 790
41 346 98
108 962 92
263 580 640
509 974 740
854 564 818
795 812 510
536 313 424
191 970 528
305 580 530
630 782 232
651 759 45
818 415 766
802 516 116
43 600 408
776 971 921
552 567 293
766 821 452
643 784 406
472 870 395
199 618 106
717 930 11
968 821 17
195 484 438
539 10 148
286 418 149
130 550 994
78 348 767
571 935 894
972 626 971
790 163 983
848 928 371
636 372 568
751 933 738
36 892 489
326 730 655
248 552 917
150 971 690
185 472 999
352 429 622
988 468 622
914 905 343
932 821 904
166 897 446
926 533 30
947 946 419
400 122 284
270 567 611
423 903 989
669 270 115
364 61 788
648 600 675
81 878 702
955 75 830
558 270 70
13 50 529
97 248 360
565 468 401
327 730 402
376 352 426
107 776 656
939 105 182
371 166 536
464 955 202
696 163 765
473 776 767
786 558 736
960 817 120
70 766 123
542 960 736
645 651 63
796 835 654
691 130 137
599 764 635
359 542 913
700 939 690
801 161 315
959 13 305
439 25 409
457 963 40
727 567 169
76 935 600
597 586 443
855 182 830
1 914 374
266 227 431
649 25 491
85 802 366
188 700 489
220 612 612
149 892 3
197 499 399
814 890 615
743 188 862
553 550 793
871 939 732
497 346 839
503 255 380
765 730 774
677 588 980
543 357 245
585 326 500
658 14 848
141 264 976
165 935 88
991 533 692
366 656 529
529 536 816
315 106 300
601 41 413
605 468 254
581 677 759
627 802 713
301 565 827
762 796 41
469 881 226
304 166 130
31 564 782
11 969 848
368 191 901
298 210 206
282 930 260
441 719 27
591 315 382
514 105 643
16 870 77
333 930 882
86 290 472
358 870 94
443 11 686
487 326 469
421 185 793
827 766 251
269 814 375
367 588 881
994 415 965
237 581 412
454 526 956
175 415 482
756 415 945
434 426 818
822 469 463
416 503 443
436 31 704
135 947 117
118 385 28
258 636 568
164 863 617
332 878 666
676 357 932
235 830 325
3 563 399
675 443 640
919 357 979
153 235 860
978 16 992
670 357 530
767 827 507
242 70 387
23 33 318
289 13 752
69 264 414
577 31 531
274 186 970
399 630 262
603 248 367
845 368 771
737 501 76
610 326 123
639 756 250
126 730 811
84 617 883
419 988 83
907 180 328
273 182 913
143 1 195
467 100 30
773 733 660
128 950 463
310 379 602
214 358 527
228 331 848
595 467 259
66 717 275
218 11 998
993 74 249
192 922 733
873 379 156
714 467 382
682 39 678
942 387 437
724 426 783
604 376 351
938 108 373
389 658 523
34 161 836
785 767 13
616 865 102
541 163 44
815 942 149
738 815 159
747 939 247
18 934 940
732 23 752
338 514 929
856 877 726
667 290 823
707 304 705
657 840 179
397 286 722
335 421 246
420 747 702
489 566 872
837 935 114
179 845 600
694 724 561
623 290 872
859 10 236
144 516 263
204 468 722
5 785 758
578 470 504
684 487 615
79 264 226
607 595 578
328 552 826
225 854 922
860 369 568
606 707 624
12 856 124
729 821 846
800 118 944
148 860 767
806 3 769
486 464 445
954 43 823
726 778 803
761 580 531
671 290 109
705 424 17
921 907 212
594 705 366
104 426 54
152 533 747
506 509 549
447 761 931
518 542 686
44 629 442
442 289 6
496 256 654
323 795 216
68 541 922
158 352 298
706 424 816
941 416 49
745 235 159
219 571 273
311 424 813
686 877 594
88 766 959
205 786 63
184 724 55
851 441 937
896 397 302
173 751 883
82 717 490
900 713 751
715 928 521
446 890 306
24 543 462
222 743 163
520 446 603
350 919 857
284 88 896
249 629 942
998 36 259
659 446 182
893 106 113
62 737 933
133 263 948
380 254 224
535 583 134
398 648 210
740 197 300
330 31 490
898 964 526
482 933 323
819 601 478
608 819 125
91 933 599
525 454 714
522 564 184
909 903 219
125 796 673
324 335 691
410 62 677
140 978 524
458 946 233
655 318 665
789 82 348
288 743 116
698 616 624
67 122 921
944 368 784
459 79 531
29 43 465
483 97 278
995 29 606
460 818 84
781 714 862
187 639 675
609 249 729
355 784 271
124 107 692
555 726 708
824 905 857
641 971 511
973 199 163
159 405 566
37 175 928
155 141 668
611 34 759
523 331 146
948 972 804
201 376 58
507 308 601
829 182 870
169 935 448
292 969 857
749 571 438
977 443 379
15 955 194
768 719 603
268 25 271
241 311 776
943 358 726
545 860 193
435 870 840
365 44 350
54 33 2
51 29 950
697 443 530
190 397 634
923 269 584
59 167 738
803 387 425
427 68 630
49 225 136
276 617 616
440 522 405
574 18 825
120 764 635
431 197 128
336 155 21
640 961 602
272 126 761
494 567 702
602 553 616
113 675 849
208 424 68
93 336 434
711 371 162
913 41 934
212 639 98
805 397 678
172 192 509
145 401 199
57 931 287
353 737 259
703 658 173
279 37 62
929 346 585
965 913 324
377 583 315
139 749 609
9 518 930
168 878 65
287 152 115
927 670 441
825 152 137
734 542 445
575 730 550
940 185 300
958 366 881
408 816 41
990 784 961
411 326 411
240 815 849
901 743 887
987 269 108
813 643 924
38 550 146
758 539 887
131 266 76
551 607 520
631 208 717
384 848 709
774 68 57
899 805 278
356 813 866
844 336 225
886 969 769
349 939 703
361 288 338
508 988 366
306 686 267
519 506 552
300 825 566
561 508 148
490 293 860
633 776 756
582 574 941
695 657 23
462 241 278
925 863 503
337 522 794
329 758 629
283 595 540
634 835 284
110 942 475
60 602 499
820 416 87
265 851 703
409 749 675
808 88 1
661 122 772
339 148 947
393 605 553
90 766 377
433 443 788
702 684 22
831 815 88
537 62 204
980 365 10
30 23 408
920 37 629
403 766 389
754 526 121
842 993 800
476 349 372
791 164 428
544 359 675
895 443 343
455 443 475
548 525 756
40 305 883
799 946 99
975 691 348
665 15 430
354 185 636
32 241 85
823 439 735
793 214 740
735 938 944
347 300 947
171 665 726
678 380 711
412 909 922
137 816 407
889 23 264
453 379 281
725 255 420
437 39 750
232 301 351
280 365 691
945 371 434
622 59 465
178 494 442
341 883 552
260 336 925
996 958 536
445 673 916
370 409 264
510 682 425
109 70 50
906 899 123
488 585 134
864 347 511
879 631 903
425 15 209
226 944 667
576 144 444
598 137 758
181 674 38
527 349 729
234 315 687
846 931 567
999 284 292
475 674 33
874 166 583
910 938 938
438 202 121
275 641 869
770 667 827
156 499 470
949 135 745
136 789 102
343 842 960
780 539 779
22 762 914
98 263 935
56 110 647
862 293 328
559 369 846
7 795 864
647 743 357
309 401 646
792 150 45
478 328 333
642 326 993
63 859 579
449 38 120
654 313 876
211 823 305
797 851 632
463 279 175
451 440 970
587 41 477
360 34 555
493 60 979
404 457 135
294 874 962
147 108 502
127 406 781
663 926 973
613 179 728
27 837 38
390 935 205
154 136 165
557 765 589
957 594 869
117 69 28
783 9 699
772 347 872
952 974 664
902 326 963
646 952 357
465 783 103
407 139 746
712 61 857
620 711 839
891 519 241
826 864 639
259 678 977
53 144 514
157 509 948
395 279 954
200 790 858
121 633 816
95 53 321
736 218 287
956 995 245
589 743 801
20 993 579
448 846 370
584 141 746
312 412 810
296 864 996
709 756 158
320 141 820
750 208 761
1000 283 7
569 241 871
572 919 152
65 667 618
138 323 799
26 673 577
244 970 682
757 446 181
716 865 679
432 366 582
96 89 24
858 167 830
245 823 784
340 569 52
704 643 525
666 901 883
593 848 718
562 944 52
243 584 111
17 532 2
708 889 843
746 150 60
908 501 465
787 891 432
285 173 178
246 85 502
652 939 674
512 820 443
471 751 117
810 40 455
170 810 524
748 900 385
976 204 984
299 426 841
680 393 271
229 113 158
590 578 244
319 906 18
560 778 267
528 559 930
485 652 413
779 577 770
549 270 857
196 487 793
632 488 68
937 680 561
967 153 891
852 79 673
637 155 806
267 435 870
383 336 111
621 843 648
592 421 819
42 954 713
189 389 864
868 176 579
624 109 280
936 358 706
887 931 604
869 875 856
638 478 197
193 288 168
230 145 871
271 279 685
769 648 672
134 16 916
546 658 751
664 293 862
297 799 176
103 199 91
741 195 903
302 188 116
804 805 858
861 859 79
505 583 588
213 327 904
857 403 856
710 466 598
515 960 355
513 784 724
129 696 93
687 361 505
35 946 184
692 173 490
997 213 410
986 762 542
402 557 512
64 412 643
444 826 324
498 11 407
73 181 657
894 284 345
344 612 955
615 412 385
876 738 332
46 746 157
215 490 605
668 850 614
474 577 346
731 587 123
291 750 409
4 25 212
744 796 388
721 219 561
966 427 109
72 293 124
834 385 298
77 232 652
596 305 361
853 433 979
382 647 277
849 757 722
838 59 537
492 400 436
345 523 508
524 674 649
417 907 87
880 380 924
316 309 403
111 299 638
114 516 134
198 244 412
722 965 871
777 168 895
763 153 264
224 471 579
579 541 460
540 936 682
94 464 937
413 305 609
58 298 655
882 493 19
904 839 145
511 258 485
689 801 604
52 483 475
504 941 414
828 301 137
452 571 681
261 880 211
479 796 344
982 720 601
456 695 169
755 459 205
547 561 716
644 156 759
614 196 875
481 862 91
992 94 778
847 805 617
625 436 144
194 191 502
392 122 150
985 382 145
363 232 904
28 846 569
984 165 842
685 614 373
983 225 726
209 266 755
718 719 203
102 497 421
701 360 431
430 735 480
414 565 968
556 214 327
918 897 119
151 249 985
517 942 406
530 49 502
570 401 587
728 518 71
502 855 254
253 405 742
753 992 160
374 332 628
48 762 589
71 310 650
8 493 459
295 183 938
314 104 723
742 75 767
115 299 959
660 736 18
679 676 429
146 286 951
723 255 491
461 44 351
203 335 331
206 27 239
19 403 913
981 684 256
573 766 555
798 104 184
739 224 40
277 966 50
321 966 844
281 331 73
6 640 579
174 389 531
885 501 332
342 53 452
388 870 480
160 506 639
538 367 618
236 456 605
112 409 529
142 46 831
672 804 36
55 720 742
351 451 590
495 470 694
252 432 83
832 407 365
979 472 457
662 946 818
101 595 410
251 65 716
989 385 825
247 961 537
386 989 682
239 572 801
917 342 728
362 23 681
223 735 529
888 771 956
681 560 468
690 940 887
21 130 823
568 230 444
378 320 18
450 977 241
650 259 56
233 433 369
915 863 206
794 559 940
953 193 116
45 361 467
381 518 869
119 159 967
396 793 18
375 604 210
221 146 675
480 242 709
788 457 864
123 579 324
325 665 93
628 95 223
250 799 149
262 776 18
257 893 408
760 355 344
47 758 768
231 608 995
866 253 488
635 617 679
207 102 278
911 423 104
884 32 83
217 3 73
554 106 872
391 919 238
162 473 619
912 893 324
872 457 362
809 529 487
322 423 695
683 478 845
132 667 45
531 115 226
373 156 994
177 131 642
807 651 342
422 173 918
278 396 507
653 572 721
688 288 460
500 283 635
92 274 475
394 682 632
775 65 86
303 951 49
307 447 898
836 578 371
811 341 75
916 291 214
699 722 667
238 693 745
534 641 569
317 874 684
