1000 461
81 627 466 941 233 726 787 305 230 54 885 119 987 316 101 821 440 221 689 546 330 603 165 891 868 632 482 532 559 718 66 759 456 565 460 166 608 284 761 380 189 931 503 635 586 711 324 453 660 425 307 650 120 531 699 979 906 983 980 653 506 3 942 195 742 183 918 786 524 636 308 223 936 383 62 893 623 345 557 952 414 239 35 758 976 128 796 734 564 452 971 468 630 409 102 4 599 663 90 771 395 985 923 68 170 534 366 321 445 737 840 162 950 326 815 331 199 443 579 806 397 922 991 361 265 963 683 344 94 801 877 177 876 209 311 970 272 510 225 92 916 569 948 70 624 978 581 262 420 16 485 680 80 78 46 781 615 134 644 844 295 604 461 833 609 95 249 919 303 823 19 258 41 514 997 422 497 755 570 808 850 417 959 360 65 562 429 856 522 23 38 48 969 394 703 347 109 649 333 297 477 451 540 83 616 75 779 746 28 250 528 697 819 797 698 91 673 291 358 310 544 173 25 722 500 516 620 108 261 159 518 515 710 459 34 413 568 835 176 140 655 998 454 816 407 401 682 285 343 36 17 133 776 790 859 244 107 574 955 287 927 778 958 260 769 932 631 455 555 69 489 390 886 629 424 253 337 252 811 968 480 594 707 945 962 701 829 64 168 696 909 224 172 535 147 329 231 954 665 798 179 478 273 738 765 127 538 748 484 692 756 800 314 410 216 276 442 474 367 11 10 235 384 145 566 116 920 940 967 656 873 158 733 267 234 7 325 364 938 121 723 851 547 82 753 837 542 104 30 541 281 892 686 867 275 832 768 351 15 882 204 301 912 834 596 713 211 582 913 672 213 511 592 572 186 423 40 521 220 232 164 580 887 479 576 447 341 839 169 841 567 996 838 323 705 934 754 750 26 671 431 473 27 148 51 767 132 412 836 240 388 357 933 481 47 690 875 73 810 393 924 464 605 862 487 84 299 136 373 403 483 782 633 717 618 831 684 486 14 111 263 628 167 354 899 369 72 129 548 304 874 982 493 405 362 730 706 115 356 530 879 
160 794 52
168 160 330
817 168 313
999 817 371
474 999 283
927 474 738
669 927 698
554 669 462
212 554 124
325 212 318
937 325 855
398 937 821
209 398 76
94 209 377
763 94 146
132 763 366
149 132 743
666 149 268
459 666 717
648 459 419
640 648 494
358 640 109
639 358 133
643 639 355
732 643 298
901 732 771
898 901 377
306 898 554
836 306 446
844 836 889
292 844 38
909 292 63
4 909 96
346 4 385
622 346 461
417 622 653
897 417 832
360 897 811
769 360 823
308 769 981
446 308 188
721 446 742
970 721 287
919 970 385
315 919 755
476 315 214
552 476 601
862 552 331
723 862 457
674 723 399
641 674 50
389 641 967
78 389 466
349 78 865
357 349 208
543 357 879
113 543 634
264 113 996
312 264 19
215 312 798
130 215 4
191 130 22
760 191 29
588 760 151
68 588 882
578 68 747
522 578 990
334 522 255
128 334 565
668 128 436
730 668 66
629 730 672
388 629 237
787 388 875
545 787 135
651 545 215
805 651 635
6 805 213
846 6 353
755 846 752
471 755 77
27 471 601
586 27 112
593 586 352
518 593 322
561 518 241
189 561 214
693 189 4
689 693 527
431 689 543
819 431 953
756 819 544
926 756 769
339 926 170
504 339 472
64 504 394
577 64 651
766 577 584
662 766 980
186 662 593
822 186 818
217 822 333
52 217 764
946 52 256
2 946 751
519 2 5
461 519 421
240 461 895
765 240 389
302 765 159
607 302 545
74 607 620
855 74 749
715 855 476
665 715 600
294 665 981
465 294 422
647 465 510
102 647 525
269 102 793
934 269 208
210 934 211
867 210 667
270 867 752
187 270 819
773 187 820
559 773 863
967 559 121
879 967 379
493 879 161
877 493 439
351 877 139
195 351 47
124 195 96
14 124 563
891 14 677
694 891 410
748 694 446
677 748 867
839 677 993
83 839 737
602 83 940
62 602 866
485 62 62
943 485 47
874 943 877
384 874 602
579 384 14
23 579 550
642 23 584
88 642 831
37 88 912
944 37 110
705 944 361
392 705 576
499 392 63
912 499 587
553 912 333
952 553 315
30 952 722
244 30 314
267 244 694
686 267 304
924 686 204
416 924 59
468 416 955
1 468 426
252 1 551
698 252 166
938 698 67
513 938 353
359 513 757
580 359 591
566 580 387
608 566 83
172 608 504
704 172 356
375 704 455
857 375 132
136 857 59
750 136 305
569 750 550
144 569 827
753 144 88
487 753 169
563 487 305
89 563 560
479 89 867
892 479 392
33 892 476
872 33 483
447 872 422
297 447 903
526 297 726
131 526 206
159 131 927
635 159 784
119 635 86
701 119 854
780 701 791
956 780 474
896 956 230
544 896 222
436 544 956
963 436 911
864 963 205
789 864 972
26 789 505
847 26 492
920 847 344
406 920 672
473 406 404
237 473 712
289 237 600
261 289 826
941 261 185
536 941 593
152 536 986
583 152 123
401 583 5
915 401 908
869 915 890
112 869 567
834 112 814
799 834 867
514 799 57
460 514 170
568 460 817
354 568 268
637 354 234
192 637 897
181 192 371
810 181 759
688 810 319
214 688 674
611 214 500
795 611 80
997 795 505
893 997 390
171 893 153
412 171 310
300 412 8
746 300 325
361 746 857
953 361 843
49 953 872
743 49 147
860 743 131
775 860 790
517 775 764
989 517 234
164 989 766
435 164 925
541 435 159
535 541 80
365 535 552
445 365 430
79 445 513
614 79 683
950 614 907
323 950 680
242 323 390
975 242 682
488 975 405
661 488 181
90 661 46
571 90 445
632 571 55
984 632 67
25 984 808
13 25 272
873 13 672
992 873 868
664 992 400
19 664 195
979 19 138
305 979 426
658 305 371
996 658 958
72 996 382
355 72 671
173 355 96
275 173 556
286 275 420
127 286 356
42 127 738
458 42 845
438 458 126
158 438 784
457 158 403
546 457 393
894 546 141
282 894 308
590 282 115
301 590 881
774 301 67
659 774 404
48 659 306
69 48 592
174 69 499
557 174 960
942 557 506
379 942 562
311 379 350
916 311 492
501 916 728
907 501 243
630 907 720
444 630 77
114 444 516
962 114 435
825 962 834
407 825 421
470 407 926
764 470 145
345 764 689
940 345 465
707 940 956
104 707 694
80 104 390
321 80 89
777 321 370
47 777 412
671 47 215
111 671 791
265 111 145
679 265 479
634 679 367
585 634 596
310 585 91
373 310 938
832 373 394
922 832 967
982 922 398
863 982 52
381 863 307
330 381 247
842 330 527
122 842 428
439 122 217
221 439 228
631 221 361
621 631 603
10 621 375
820 10 193
434 820 989
540 434 986
450 540 971
800 450 172
865 800 852
400 865 844
616 400 730
520 616 312
138 520 308
816 138 477
399 816 274
995 399 891
624 995 855
734 624 234
880 734 375
788 880 660
101 788 650
380 101 931
500 380 514
249 500 184
826 249 460
110 826 543
754 110 263
778 754 933
644 778 286
140 644 567
374 140 302
706 374 734
575 706 370
46 575 493
402 46 797
767 402 104
681 767 46
551 681 294
344 551 956
151 344 212
714 151 803
185 714 750
95 185 433
477 95 623
739 477 137
223 739 555
548 223 140
331 548 22
147 331 566
726 147 989
931 726 301
271 931 470
40 271 719
497 40 716
868 497 389
994 868 290
858 994 541
382 858 682
45 382 3
594 45 854
537 594 588
480 537 242
489 480 256
835 489 500
921 835 648
741 921 986
871 741 188
918 871 549
710 918 113
324 710 677
510 324 475
955 510 979
878 955 128
235 878 180
121 235 82
291 121 924
38 291 266
729 38 6
911 729 159
194 911 417
484 194 933
853 484 893
462 853 648
425 462 936
818 425 361
570 818 131
509 570 690
538 509 855
740 538 361
116 740 661
727 116 909
562 727 282
367 562 506
758 367 127
930 758 413
539 930 622
133 539 939
806 133 736
654 806 237
299 654 423
852 299 229
565 852 904
964 565 575
555 964 447
50 555 20
266 50 751
177 266 327
257 177 624
28 257 663
378 28 887
678 378 585
757 678 196
797 757 789
207 797 644
719 207 288
687 719 403
153 687 361
695 153 179
464 695 376
515 464 797
415 515 119
182 415 449
751 182 966
759 751 760
884 759 367
796 884 894
356 796 255
71 356 12
885 71 930
971 885 481
670 971 462
193 670 357
840 193 226
986 840 206
126 986 58
481 126 17
672 481 79
296 672 854
696 296 951
902 696 635
627 902 87
990 627 181
574 990 660
440 574 831
333 440 374
198 333 481
205 198 157
831 205 254
228 831 830
183 228 785
703 183 785
394 703 925
157 394 816
655 157 93
771 655 455
866 771 801
276 866 292
243 276 605
455 243 245
328 455 701
496 328 414
718 496 501
625 718 985
77 625 184
506 77 193
106 506 975
812 106 635
208 812 137
676 208 312
525 676 657
524 525 570
165 524 604
793 165 19
142 793 568
761 142 70
141 761 449
713 141 567
890 713 189
248 890 255
204 248 843
368 204 601
653 368 343
60 653 540
564 60 398
512 564 932
371 512 953
284 371 790
414 284 421
784 414 192
82 784 254
12 82 830
21 12 379
427 21 822
230 427 850
234 230 220
511 234 776
972 511 10
175 972 67
336 175 538
318 336 678
169 318 600
241 169 176
411 241 328
954 411 917
293 954 266
17 293 121
268 17 489
377 268 764
906 377 120
478 906 167
917 478 718
618 917 792
606 618 65
202 606 868
589 202 945
32 589 498
645 32 282
180 645 166
508 180 453
673 508 140
848 673 237
251 848 296
656 251 372
591 656 548
16 591 531
534 16 434
372 534 721
347 372 973
43 347 812
118 43 731
482 118 143
250 482 330
376 250 230
603 376 972
983 603 273
633 983 924
581 633 357
883 581 374
75 883 268
123 75 606
745 123 730
70 745 55
63 70 746
598 63 926
197 598 639
86 197 841
456 86 984
332 456 623
145 332 394
850 145 715
783 850 986
430 783 678
904 430 848
283 904 580
685 283 214
437 685 137
397 437 20
809 397 933
41 809 102
184 41 886
987 184 528
843 987 142
521 843 810
744 521 435
390 744 667
150 390 148
558 150 749
697 558 18
134 697 379
211 134 794
362 211 975
448 362 696
338 448 965
433 338 573
51 433 603
882 51 573
932 882 995
55 932 669
232 55 161
274 232 526
692 274 133
199 692 592
823 199 535
225 823 562
691 225 11
391 691 417
115 391 684
255 115 122
592 255 946
925 592 105
463 925 813
200 463 829
486 200 573
229 486 173
348 229 419
3 348 690
490 3 478
502 490 889
146 502 469
256 146 559
531 256 445
54 531 234
428 54 162
105 428 569
322 105 800
167 322 986
386 167 689
492 386 333
483 492 60
856 483 688
532 856 893
828 532 615
452 828 539
424 452 870
335 424 843
762 335 753
833 762 966
218 833 511
66 218 558
567 66 903
290 567 605
53 290 256
779 53 133
861 779 384
993 861 692
690 993 390
253 690 458
948 253 679
615 948 176
991 615 385
220 991 671
139 220 410
838 139 155
895 838 784
652 895 829
905 652 955
716 905 852
527 716 637
454 527 165
936 454 774
353 936 91
236 353 162
422 236 578
420 422 114
717 420 827
737 717 164
239 737 254
782 239 483
8 782 441
712 8 262
682 712 292
342 682 231
143 342 700
421 143 465
811 421 942
259 811 104
245 259 581
385 245 755
725 385 704
612 725 570
587 612 145
81 587 678
287 81 500
410 287 405
179 410 436
7 179 155
280 7 192
178 280 396
929 178 144
733 929 646
403 733 861
619 403 199
845 619 63
219 845 284
120 219 833
155 120 903
117 155 550
610 117 170
596 610 640
73 596 952
5 73 258
495 5 767
91 495 326
815 91 211
888 815 39
383 888 661
724 383 952
807 724 581
326 807 31
961 326 924
886 961 611
246 886 650
605 246 640
841 605 584
426 841 397
162 426 878
854 162 705
636 854 60
976 636 915
418 976 557
93 418 573
680 93 214
827 680 906
549 827 185
449 549 513
900 449 941
542 900 955
491 542 981
791 491 203
523 791 361
887 523 8
233 887 400
851 233 964
802 851 281
129 802 84
968 129 67
1000 968 912
626 1000 547
998 626 939
808 998 70
711 808 322
604 711 16
98 604 620
899 98 864
908 899 397
67 908 765
176 67 400
11 176 670
875 11 633
702 875 65
196 702 878
609 196 990
798 609 979
660 798 316
965 660 725
125 965 741
928 125 232
260 928 413
320 260 990
277 320 165
295 277 691
316 295 519
722 316 432
708 722 498
18 708 125
238 18 757
226 238 670
96 226 679
981 96 172
441 981 139
966 441 815
393 966 173
923 393 992
137 923 7
369 137 84
39 369 972
222 39 953
148 222 127
288 148 383
597 288 589
395 597 453
20 395 973
190 20 409
213 190 831
752 213 305
22 752 8
366 22 412
876 366 680
910 876 269
262 910 677
978 262 435
675 978 695
203 675 21
573 203 742
601 573 352
35 601 728
156 35 869
889 156 538
340 889 636
638 340 743
814 638 622
667 814 534
272 667 788
935 272 616
370 935 134
15 370 873
958 15 873
36 958 158
31 36 556
498 31 190
556 498 280
600 556 715
830 600 652
700 830 741
620 700 356
742 620 640
304 742 440
103 304 891
582 103 57
413 582 557
263 413 1000
9 263 172
731 9 235
821 731 163
396 821 146
85 396 670
409 85 966
350 409 232
969 350 814
100 969 200
442 100 55
595 442 843
749 595 700
279 749 834
988 279 898
977 988 472
768 977 103
736 768 983
859 736 541
216 859 654
170 216 93
65 170 480
56 65 933
201 56 863
903 201 511
617 903 259
34 617 944
59 34 792
278 59 375
227 278 876
329 227 419
443 329 354
663 443 520
584 663 730
576 584 781
720 576 745
829 720 122
628 829 486
533 628 915
337 533 731
44 337 365
135 44 479
657 135 141
247 657 682
870 247 486
933 870 225
163 933 785
613 163 477
494 613 272
505 494 631
770 505 87
352 770 116
530 352 325
99 530 375
974 99 173
547 974 819
281 547 566
24 281 342
786 24 915
683 786 785
785 683 510
951 785 651
803 951 553
319 803 97
528 319 949
804 528 880
57 804 216
273 57 40
781 273 180
314 781 990
432 314 831
985 432 608
76 985 189
298 76 504
684 298 863
188 684 317
947 188 701
258 947 971
341 258 689
945 341 175
231 945 44
623 231 812
161 623 262
550 161 551
709 550 956
957 709 490
529 957 735
107 529 869
646 107 376
913 646 734
503 913 695
364 503 769
772 364 191
419 772 985
317 419 581
507 317 312
84 507 737
776 84 541
61 776 366
572 61 465
824 572 961
309 824 454
206 309 250
313 206 289
790 313 507
650 790 402
224 650 638
303 224 460
747 303 9
699 747 575
837 699 915
980 837 309
560 980 609
109 560 211
939 109 732
949 939 320
405 949 793
429 405 594
87 429 653
735 87 806
801 735 757
813 801 876
387 813 458
285 387 713
108 285 328
914 108 725
451 914 990
516 451 496
792 516 49
154 792 633
453 154 38
472 453 92
973 472 976
728 973 999
649 728 5
166 649 700
960 166 266
466 960 157
599 466 97
738 599 639
849 738 409
92 849 157
467 92 597
363 467 361
58 363 879
254 58 910
469 254 680
343 469 671
475 343 52
404 475 158
423 404 862
408 423 158
327 408 854
307 327 135
881 307 526
97 881 240
29 97 545
959 29 727
