59 
10 20 20 10 10 10 20 10 10 20
10 10 10 10 20 10 20 10 10 10
20 10 20 10 20 10 20 10 10 10
10 10 20 10 10 10 10 10 10 20
20 10 20 10 10 20 10 10 20 10
10 10 20 10 10 20 20 10 10

35 
10 10 10 10 10 10 10 10 10 10
10 10 10 10 10 10 10 10 10 10
10 10 10 10 10 10 10 10 10 10
10 10 10 10 10

35 
10 10 20 20 10 10 20 10 10 10
20 10 10 20 10 10 20 10 10 10
20 10 20 10 20 10 10 10 10 10
10 10 20 20 10 
28
10 20 20 10 10 10 20 10 10 20
10 10 10 10 20 10 20 10 10 10
20 10 20 10 20 10 20 10
59 
10 20 20 10 10 
10 
20 10 10 20 10 
10 
10 10 20 10 20 
10 
10 10 20 10 20 
10 
20 10 20 10 10 
10
10 10 20 10 10 
10 
10 10 10 20 20 
10 
20 10 10 20 10 
10 
20 10 10 10 20 
10 
10 20 20 10 10

35 
10 10 10 10 10 10 10 10 10 10
10 10 10 10 10 10 10 10 10 10
10 10 10 10 10 10 10 10 10 10
10 10 10 10 10

35 
10 10 20 20 10 
10 
20 10 10 10 20 
10 
10 20 10 10 20 
10 
10 10 20 10 20 
10 
10 10 20 20 10 
10
10 10 20 20 10 

0