80 30 70 13
2 405960616
78 462197905
15 102783494
76 32822453
75 257014485
10 707816534
73 702238547
30 696039274
31 691093655
3 823467832
60 857186448
50 427588743
5 584240437
38 372023350
54 508097323
64 183450743
69 715343382
72 129032805
11 550682179
46 576096542
52 451878702
66 201793511
56 433399721
45 478977960
67 350885313
17 678319984
40 280524717
27 358298214
51 407249654
9 543015782
1 44
2 28 58690107
2 24 128523737
2 28 209244275
2 22 81166064
2 22 61898811
2 27 56507214
3
2 28 7910118
2 27 159989349
2 22 6814675
2 27 52375060
2 28 47852519
1 65
2 22 35344372
3
2 27 11119556
2 22 10699337
2 22 4675279
2 22 138035
2 22 599049
2 27 39252
1 5
2 5 183576662
2 17 200604261
3
1 68
2 25 101365963
2 17 93540271
1 9
2 17 47402479
3
2 2 248533233
2 7 276081142
2 19 258139120
3
2 17 155227709
1 43
2 17 196622650
2 23 224015736
2 9 153528459
2 27 45414
2 5 4976552
2 7 234297713
2 15 373114938
3
2 19 87978516
2 3 38133077
2 7 159813715
2 14 55519649
2 18 66339239
2 19 137379728
2 18 18628075
2 12 127785841
2 7 5995507
2 22 73415
3
2 21 389288183
3
2 7 1955671
2 19 47627836
2 2 91096288
1 79
2 14 203355061
2 19 17837946
1 64
2 12 194012289
3
2 5 31982529
2 23 90577036
