90 40 90 23
41 993233310
63 947280755
10 431519971
37 994017460
58 700542306
77 405689905
74 176110828
48 792925107
27 117062646
3 302063896
9 818465691
75 839429813
53 927667188
26 170869004
49 938687865
25 772190033
45 851041249
73 361921915
1 92309248
52 26020074
82 575594765
83 474042906
84 420976803
90 163147585
46 741855399
43 777300234
17 672667620
68 888580448
66 810338752
12 211330124
19 748641215
6 515966975
28 496349963
23 274773555
79 197589613
14 790347145
64 218236047
15 533623844
13 579600429
72 196764821
3
1 81
2 21 395094654
2 21 159797681
2 21 19076941
2 21 877568
2 21 296947
2 21 281820
2 21 17441
2 21 122725
2 21 6435
2 21 19026
2 21 1732
2 21 1488
2 21 6
2 21 192
3
3
1 26
2 18 324865065
1 60
3
2 23 89701416
1 31
2 9 40746850
2 2 333136362
2 35 35486153
1 40
2 23 41262916
2 18 6268357
2 23 59607281
2 2 111904624
2 40 145393914
3
2 24 77719723
2 40 11692205
3
2 9 52626514
1 64
2 24 1655603
1 52
2 35 97994354
2 40 9738296
2 40 13141261
2 2 176150720
2 35 56310456
2 40 1701768
2 24 48004200
2 2 202532358
2 24 32742472
2 2 54899139
2 40 14255016
2 9 19660604
2 35 1193379
2 24 1058871
2 18 27793355
2 37 176704364
2 35 2815356
2 37 12787970
1 10
2 22 197772299
2 2 16345340
2 22 205084725
2 35 3680236
2 20 25827539
2 9 3556290
3
2 20 48470
2 22 22058680
2 9 48716
2 22 32196988
2 37 9499000
2 28 408628612
1 64
3
2 2 12608870
2 23 161368092
3
1 48
2 40 179241
2 23 7629826
2 20 70132
2 22 1840343
2 37 14549703
2 15 934385980
2 22 8075081
2 40 374404
2 15 598980
2 15 972220
2 40 214928
