3 0 4 0 1 4
-2 -4 -1 3 3 -4
0 1 1 1 2 1
1 2 2 2 3 2
1 0 2 0 3 0
3 3 1 1 2 2
1 0 2 0 3 0
3 2 1 1 2 2
2 3 0 6 1 2
2 3 0 6 1 2
33 -60 33 -56 32 -58
177 11 -128 -19 177 -49
-27 7 -27 8 -27 6
-201 -30 -201 -329 -201 269
-6 0 -3 -1 0 -2
134 -14 -14 -194 60 -122
4 7 8 -6 15 0
15 0 4 7 8 -6
-10 -57 -2 -30 6 -3
-10 -57 6 -3 -2 -30
41 49 49 58 32 51
421 -99 -148 -44 -179 160
-2 3 0 -1 -1 0
201 129 201 93 -36 57
0 -3 0 2 0 1
110 90 -115 -48 -115 -94
0 10 9 -4 18 -18
-286 89 314 -95 14 1
-12 10 -10 -3 3 0
-10 -3 3 0 -12 10
-2 4 3 6 8 8
-2 4 3 6 8 8
-12 -3 9 -3 0 -1
-147 -346 88 288 26 -458
-3 6 -5 -2 3 2
-3 -7 -4 9 3 5
0 -2 2 0 3 -1
0 -1 0 3 12 -1
17 0 -2 16 -21 32
30 46 -17 -39 6 6
16 3 9 -5 11 3
11 3 9 -5 16 3
2 -5 6 -11 10 -17
10 -17 2 -5 6 -11
-15 3 0 -5 -4 -5
-235 423 -58 364 -326 -496
-22 8 -11 -43 53 54
29 0 -29 66 4 -45
1 -22 5 -12 -44 -34
24 -14 -17 28 26 -34
-3 -6 -6 2 -9 10
-15 -7 -7 -5 2 -5
-7 -28 -10 8 -12 3
-7 -28 -10 8 -12 3
-5 1 26 -4 57 -9
26 -4 57 -9 -5 1
-9 -11 8 4 15 -12
-365 -200 -14 455 -198 -32
-55 -171 -352 -215 -96 17
-289 -49 21 407 -130 -370
75 -289 73 75 -122 -146
350 449 146 -435 -364 157
52 -6 58 -11 64 -16
161 0 156 6 151 12
8 8 33 12 23 -2
23 -2 8 8 33 12
5 -6 0 -3 -5 0
0 -3 5 -6 -5 0
19 35 23 55 13 38
362 239 -57 -120 302 364
157 434 -465 -237 -144 -212
-257 186 -76 452 60 -453
-340 -320 -222 -324 -483 -369
94 120 -76 -27 -1 -144
-6 -6 8 4 22 14
4 0 40 15 -32 -14
7 -4 29 9 2 15
2 15 7 -4 29 9
16 0 -5 6 -26 12
16 0 -5 6 -26 12
3 5 5 9 13 11
434 230 -201 91 -43 -68
0 1 -2 0 0 -1
230 48 230 -48 -248 0
0 0 0 1 1 0
-87 5 94 5 94 0
5 16 5 12 5 8
-6 7 -2 25 -12 -17
-9 -14 5 -2 -5 7
-9 -14 5 -2 -5 7
7 19 7 -4 7 -27
7 -27 7 -4 7 19
-9 -6 -8 13 6 -13
-354 186 384 482 343 -181
-1 0 0 1 -2 -1
12 28 12 26 13 24
32 -21 30 -24 36 -22
116 -17 115 -2 120 -22
9 2 -8 9 -25 16
54 -27 41 -92 66 38
-8 -18 -26 -4 -22 -13
-22 -13 -8 -18 -26 -4
-12 -10 1 -13 14 -16
14 -16 -12 -10 1 -13
-4 2 -10 1 7 10
-246 -493 495 -39 277 -361
-5 7 -10 1 3 -2
12 35 72 35 71 -35
-3 11 -7 5 -3 1
9 -14 6 21 6 -29
-12 2 14 3 40 4
143 -137 -97 -35 23 -86
51 -13 55 -12 55 -23
55 -12 55 -23 51 -13
8 0 -1 15 -10 30
-10 30 -1 15 8 0
-6 1 -6 -5 7 1
-469 -43 10 189 379 172
-18 73 -16 -3 -42 -17
-387 10 -135 21 387 -28
28 18 23 -7 29 -34
11 -9 7 141 6 -171
15 4 -12 0 -39 -4
61 54 9 8 -47 -40
-4 9 -13 -3 3 -2
-13 -3 3 -2 -4 9
10 -1 3 2 -4 5
10 -1 3 2 -4 5
3 -6 17 -2 10 -4
-77 56 -10 -33 130 251
-201 -71 -63 -130 -276 -298
116 103 -117 51 -72 -92
-101 90 54 115 136 10
-105 68 97 -80 -36 -74
-4 -4 11 11 26 26
-69 13 -9 -2 51 -17
-25 -3 -1 -2 0 0
-25 -3 -1 -2 0 0
6 5 1 -5 -4 -15
6 5 -4 -15 1 -5
21 -2 14 -15 -6 3
-11 44 286 -206 -442 -62
417 442 260 485 414 221
314 -241 -250 242 -304 -83
-232 -176 -457 -204 -480 -157
-113 -288 27 428 -85 -463
-6 15 -5 -6 -4 -27
19 119 21 56 18 182
16 2 12 28 -8 13
16 2 12 28 -8 13
-1 -7 1 1 3 9
3 9 -1 -7 1 1
0 2 -15 -2 -17 5
-233 239 -1 -335 -76 279
2 3 -1 2 -4 0
6 -3 -2 3 -6 11
-1 -1 0 0 0 -1
-1 0 0 0 0 1
3 5 -1 3 -6 0
9 -4 -3 4 -9 16
10 0 20 0 30 0
30 20 10 10 20 20
-4 0 -1 -1 -2 -2
0 7 1 1 -2 5
3 3 -2 1 -2 -1
-1 -4 -1 2 -5 -4
0 3 0 0 -2 -2
5 3 2 0 -4 -1
-2 2 0 0 0 1
1 0 0 -1 -2 -1
1 -1 0 -1 0 -3
-1 1 1 0 -1 -2
-1 0 0 0 1 -1
0 0 0 -1 0 1
-1 0 0 0 0 -1
0 0 0 -1 -2 0
0 0 1 0 -1 0
0 2 0 0 0 1
9 -77 24 -61 -28 -27
267 -30 -273 18 285 36
0 0 0 -1 0 1
0 0 -1 1 0 2
0 -1 0 0 1 0
0 0 1 2 0 1
0 0 0 1 0 -2
0 0 1 -1 -1 0
0 1 0 0 0 -1
0 1 -1 -1 -1 0
0 -1 0 1 0 0
1 1 -1 0 0 0
154 432 161 421 155 445
73 -126 61 138 86 72
-210 -168 -139 -102 -315 -265
71 132 31 -5 4 -98
346 316 368 345 449 260
-83 -238 29 -63 13 97
-190 -373 -214 -306 -152 -313
9 -121 -62 -115 -20 -231
420 166 101 181 175 491
105 187 -243 -24 58 -128
-424 -238 -385 -253 -426 -246
47 190 -57 194 -148 112
492 492 493 500 500 500
492 -500 493 -492 500 -492
492 492 493 500 500 500
-12 -500 52 12 500 12
-492 492 -500 493 -500 500
492 492 493 500 500 500
-492 492 -500 493 -500 500
-500 -500 -375 500 500 500
-492 -492 -493 -500 -500 -500
-500 -500 -499 -492 -492 -492
-492 -492 -493 -500 -500 -500
-500 -500 -488 -404 -404 -404
0 489 -5 494 0 500
-500 -500 -436 12 12 12
0 489 -5 494 0 500
-500 -500 -375 500 500 500
0 0 8 14 21 9
492 492 493 500 500 500
0 0 8 14 21 9
-500 484 -498 500 -484 500
0 0 8 14 21 9
476 -500 479 -476 500 -476
0 0 8 14 21 9
-500 -500 -488 -404 -404 -404
0 0 8 14 21 9
-12 -12 52 500 500 500
0 0 8 14 21 9
-500 -500 -375 500 500 500
1 1 2 2 3 1
-1 1 0 2 1 1
100 100 200 200 300 100
-300 100 -200 200 -100 100
2 1 2 2 3 1
-3 1 -2 2 -1 1
101 100 200 200 300 100
-100 100 0 200 100 100
8 45 7 51 6 47
-142 -157 -146 -167 -145 -159
8 45 7 51 6 47
-142 -157 -145 -159 -146 -167
8 45 7 51 6 47
-146 -167 -142 -157 -145 -159
8 45 7 51 6 47
-146 -167 -145 -159 -142 -157
8 45 7 51 6 47
-145 -159 -142 -157 -146 -167
8 45 7 51 6 47
-145 -159 -146 -167 -142 -157
-30 -41 -31 -42 -31 -40
244 -47 -330 -47 244 -42
-37 -16 -36 -15 -36 -17
244 117 -208 98 244 98
3 23 3 21 2 22
10 53 10 51 9 53
0 0 0 1 1 1
255 -46 255 38 -251 -46
2 1 0 -2 0 -1
-50 210 50 210 -25 -218
0 4 -1 0 0 3
-3 4 -3 1 -2 5
0 0 0 -1 0 1
0 0 0 1 1 2
10 -2 11 -2 11 -4
7 -1 6 -1 5 -1
0 1 0 0 0 -1
-2 0 -1 0 0 0
-1 6 -15 10 -29 14
6 281 6 15 6 -270
1 15 1 -6 1 5
1 5 1 -6 1 15
17 -15 11 -18 5 -21
13 0 -239 0 229 0
49 500 50 -500 276 -442
486 19 -482 73 476 -214
-17 -18 -32 -2 -47 14
111 335 -153 -400 -21 335
-40 37 -48 34 -56 31
55 -339 -247 188 -96 -91
149 260 217 -72 257 83
-237 -177 433 -355 -427 231
19 -118 -202 -295 500 270
-452 64 449 -78 -169 64
-297 21 36 193 27 191
130 -80 -244 88 121 -59
5 -80 -9 -71 -23 -62
27 13 27 98 -198 -67
6 -3 -1 -11 -8 -19
500 -28 -500 -83 -500 -133
-1 -8 1 6 3 20
429 -19 -421 9 -421 -5
155 247 272 -351 211 -57
-328 28 282 -96 -19 -220
-232 -400 164 -500 -492 -443
-129 92 487 305 -481 -307
-46 -9 -39 -49 -32 -89
-13 -79 -264 1 238 -161
-6 6 5 -6 1 -8
3 72 -2 -63 2 -72
-100 75 -48 -202 57 -42
10 61 -247 177 -176 -1
-90 -7 -85 4 -80 15
-98 -113 -2 2 94 232
-1 2 -11 -7 -21 -16
-17 -442 10 444 -4 1
-22 6 -7 -4 8 -14
2 -4 38 -2 -34 -5
-12 40 -32 19 -52 -2
108 336 224 -351 -8 336
500 -337 -68 435 177 87
340 -483 -342 475 -311 50
-18 -7 -2 17 14 41
226 152 -235 -138 -235 7
-10 6 5 -1 20 -8
-13 253 -93 -274 72 253
1 1 0 0 2 0
111 -336 -103 337 -103 -336
3 -11 0 0 -3 11
0 -24 330 -144 -330 96
0 -2 1 -1 2 0
-414 -35 413 -112 -414 119
-14 6 -6 0 2 -6
36 399 146 -400 -74 399
0 -6 0 0 0 6
-26 9 70 -191 -122 209
-54 -27 -54 -28 -54 -29
-44 -92 -36 -94 -36 -93
1 0 0 0 0 1
-500 -93 -500 88 500 88
1 0 0 0 0 1
-500 500 -500 -500 500 -500
-493 -394 500 500 500 -500
499 394 -494 500 -493 -500
452 245 412 -500 411 500
500 151 -496 -47 -238 -77
-3 1 0 0 3 -1
8 -13 2 -7 -4 -1
-3 0 0 0 3 0
-348 -189 0 -3 348 183
-32 129 -33 128 -31 130
-247 19 -247 -257 196 295
-93 -45 -103 -29 -113 -13
56 -306 -58 322 -1 322
11 -5 12 -6 13 -7
6 -24 6 -4 6 36
44 59 20 33 -4 7
-479 -138 -479 2 468 142
1 -7 0 -6 -1 -5
6 423 -67 -416 79 423
-77 51 -68 61 -59 71
399 -65 -349 -39 399 -52
499 500 500 500 500 499
500 -500 -500 -500 -500 500
499 500 500 500 500 499
-500 -500 -500 500 500 500
-2 10 -2 11 -4 11
-1 7 -1 6 -1 5
0 0 0 0 0 0
