Case 1:
3 (3,4)
4 (2,2)
5 (3,1)
Case 2:
0 (1,1)
0 (1,1)
0 (1,1)
Case 3:
1 (1,1)
1 (1,1)
1 (1,1)
Case 4:
1 (7,7)
1 (7,6)
1 (7,2)
1 (3,1)
Case 5:
2 (1,1)
2 (1,1)
2 (2,1)
2 (2,2)
1 (3,2)
Case 6:
1 (1,987)
1 (1,986)
1 (1,977)
1 (1,887)
1 (1,1)
Case 7:
1 (987,1)
1 (986,1)
1 (977,1)
1 (887,1)
1 (1,1)
Case 8:
1 (1,1)
4 (3,2)
7 (2,2)
8 (3,2)
8 (3,1)
8 (2,1)
8 (1,1)
Case 9:
1 (2,1)
4 (2,2)
7 (3,2)
8 (2,2)
8 (2,1)
8 (1,1)
8 (1,1)
Case 10:
2 (2,1)
3 (3,1)
4 (4,1)
5 (5,1)
5 (4,1)
Case 11:
2 (4,1)
3 (3,1)
4 (2,1)
5 (1,1)
5 (1,1)
Case 12:
3 (1,2)
6 (2,2)
8 (2,2)
8 (2,1)
Case 13:
3 (2,1)
6 (2,2)
8 (2,2)
8 (2,1)
Case 14:
3 (3,2)
5 (3,1)
7 (3,2)
9 (3,3)
9 (3,2)
Case 15:
1 (1,1)
1 (1,1)
2 (5,1)
2 (4,1)
2 (1,1)
3 (1,46)
4 (5,50)
4 (5,49)
Case 16:
1 (1,1)
3 (1,1)
5 (1,1)
7 (1,1)
9 (1,1)
12 (5,2)
16 (5,3)
24 (5,5)
31 (5,5)
35 (5,5)
36 (5,5)
36 (5,4)
36 (5,3)
36 (5,2)
36 (5,1)
Case 17:
1 (2,2)
2 (3,2)
5 (4,4)
8 (5,4)
13 (6,6)
17 (6,5)
21 (6,6)
23 (6,5)
25 (6,6)
25 (6,4)
Case 18:
1 (1,1)
5 (2,2)
13 (3,3)
25 (4,4)
61 (6,6)
221 (11,11)
841 (21,21)
1861 (31,31)
3281 (41,41)
5099 (50,50)
6879 (50,50)
8259 (50,50)
9239 (50,50)
9819 (50,50)
10000 (50,50)
10000 (1,1)
Case 19:
1 (21,1)
3 (815,155)
4 (511,278)
5 (867,955)
7 (747,38)
11 (179,142)
23 (696,783)
38 (678,522)
80 (698,522)
253 (682,556)
894 (660,643)
1926 (537,651)
5071 (531,458)
10000 (496,487)
10000 (496,387)
10000 (496,287)
10000 (482,1)
10000 (1,1)
10000 (1,1)
Case 20:
0 (1,1)
0 (1,1)
0 (1,1)
0 (1,1)
0 (1,1)
Case 21:
7030 (696,163)
272390 (498,498)
65720 (301,665)
408283 (500,503)
402713 (498,505)
500000 (1,1)
500000 (501,134)
107812 (392,409)
298264 (498,501)
381734 (498,496)
499942 (500,500)
315813 (505,501)
302753 (499,502)
120604 (404,378)
495607 (500,500)
84276 (290,473)
500000 (501,482)
422155 (500,508)
7203 (695,164)
483038 (499,495)
