38 44 909
9 10
12 6
16 1
17 2
13 8
7 26
21 38
19 21
12 43
29 30
15 5
24 24
31 33
23 14
10 8
23 2
1 18
9 25
14 43
9 31
8 4
7 22
4 5
25 44
13 27
17 42
19 16
1 5
26 35
24 8
27 26
23 10
4 40
24 37
28 38
20 39
9 33
35 11
24 16
24 26
8 29
11 33
25 24
2 14
4 1
14 7
22 7
3 13
28 22
12 8
14 9
12 13
21 31
37 40
8 5
19 33
14 11
24 18
8 25
11 29
21 33
13 2
31 42
25 19
34 3
29 40
35 11
33 42
19 23
7 3
8 40
16 6
18 43
21 23
38 14
34 21
11 33
26 22
33 20
26 15
14 21
7 14
16 25
10 3
8 6
37 38
22 41
14 28
14 41
15 24
17 29
4 3
15 1
30 12
36 30
34 3
21 20
33 29
19 32
29 31
11 9
36 33
9 21
14 16
1 20
25 43
21 16
31 28
15 20
27 44
23 8
36 35
37 37
33 20
4 25
20 38
31 39
6 16
24 33
11 3
25 35
31 18
5 1
15 18
36 18
29 23
11 14
7 26
1 23
17 20
10 29
11 5
24 15
22 4
25 17
16 8
15 14
16 26
21 22
30 38
23 28
13 13
27 13
8 24
13 39
28 6
35 34
27 6
10 26
28 44
2 19
31 33
27 21
31 40
1 23
35 4
7 13
20 7
14 37
24 23
3 29
32 10
25 30
13 19
12 42
37 17
31 43
21 36
18 3
22 30
37 17
28 9
29 3
36 14
37 37
19 34
26 40
38 3
35 29
15 12
27 41
22 17
29 38
12 23
7 33
15 37
24 12
36 33
28 39
1 23
34 7
37 19
28 29
38 39
31 8
22 17
30 12
15 41
31 9
31 24
3 29
1 40
13 18
34 11
29 42
12 6
18 6
23 15
24 18
11 9
20 13
26 14
17 5
25 28
5 4
13 3
13 33
33 16
37 11
13 19
31 6
17 32
33 44
32 44
36 25
16 22
20 14
34 5
4 35
35 43
15 19
18 6
28 9
6 6
8 15
38 42
15 34
28 14
31 44
10 4
4 4
34 36
17 29
38 1
38 30
19 15
7 29
11 33
30 19
37 30
29 30
27 28
13 18
8 28
8 20
33 13
33 31
23 6
28 32
23 13
23 39
19 30
30 19
32 35
20 30
23 16
8 29
20 28
20 16
7 25
23 12
38 2
30 16
35 23
23 40
19 41
17 18
25 39
1 34
19 8
15 37
27 33
2 25
23 35
31 22
5 4
19 34
12 12
13 5
1 26
8 8
34 8
35 5
6 40
13 33
22 29
8 29
26 42
34 2
14 39
22 28
21 34
2 32
29 12
36 32
3 4
33 11
33 34
6 1
38 9
25 17
33 33
25 22
28 36
5 33
25 39
26 33
34 7
2 32
8 14
4 29
16 30
3 20
33 19
35 31
33 20
21 41
5 10
1 27
22 11
22 34
38 44
34 32
8 6
7 24
23 43
32 38
24 29
37 3
11 21
1 17
31 4
15 6
11 44
28 34
9 5
33 34
8 34
15 14
22 37
13 27
19 38
36 13
36 26
38 2
1 16
29 41
7 33
27 21
2 17
26 20
31 1
22 34
2 26
13 19
14 14
25 27
20 40
35 16
38 39
33 37
35 2
33 31
38 8
33 44
6 2
34 31
19 18
19 32
8 22
19 28
10 5
14 24
32 38
1 19
32 2
21 15
5 26
20 28
29 9
13 12
9 11
24 25
26 19
19 6
22 10
14 19
24 32
34 15
9 2
23 3
23 2
9 8
24 14
1 43
4 44
11 35
34 12
3 11
28 6
27 4
32 12
4 2
14 18
9 39
5 7
13 10
6 16
21 32
27 8
3 33
12 19
1 38
10 27
21 16
2 6
3 26
29 20
18 6
16 11
30 18
18 8
18 23
1 8
30 29
36 44
35 41
6 29
35 35
20 14
38 26
5 44
12 30
13 26
33 41
24 26
25 32
29 1
23 25
23 11
32 10
7 31
4 19
13 10
11 28
2 22
7 10
37 24
9 24
19 43
22 4
15 21
22 10
3 21
17 14
36 12
29 43
22 35
29 19
9 31
1 14
19 39
12 20
13 5
26 41
36 6
32 30
3 33
8 30
9 28
34 30
5 39
34 10
4 15
21 36
29 29
5 16
12 32
37 13
20 17
37 11
7 27
37 31
36 1
19 32
32 43
23 1
7 33
28 1
27 21
27 2
38 14
19 19
24 5
6 24
3 20
37 18
22 14
27 33
9 9
21 5
19 22
30 11
26 24
31 27
14 12
11 25
25 5
28 14
7 3
4 30
5 29
36 38
19 39
14 15
7 28
17 21
24 36
8 7
22 1
27 10
29 4
22 34
8 9
34 40
36 8
28 41
8 37
31 10
25 22
1 20
20 22
28 34
22 31
19 4
36 32
30 40
23 11
9 32
13 19
8 24
9 24
35 31
4 43
5 16
25 31
27 35
24 41
36 17
24 27
15 24
25 25
16 4
10 21
3 31
13 26
1 34
35 14
12 27
25 44
14 41
32 39
16 26
32 34
29 44
21 15
10 43
4 18
16 4
7 43
6 21
14 25
16 37
17 10
20 25
19 15
7 28
24 6
5 24
3 14
27 25
18 24
2 22
18 34
12 35
3 33
27 20
27 27
8 36
32 16
29 13
24 7
6 29
35 24
22 11
16 15
24 2
21 12
13 27
19 2
29 24
21 34
31 1
15 34
17 1
31 19
37 11
25 15
36 34
1 6
27 13
21 25
5 19
29 20
16 18
8 40
1 3
27 5
17 14
5 31
21 37
35 37
32 36
33 6
34 1
10 32
36 25
12 44
8 33
30 41
25 44
11 31
19 11
7 8
16 13
1 4
16 4
18 3
16 1
20 24
22 1
31 21
2 21
13 23
15 25
33 17
7 25
14 26
36 32
15 30
14 20
16 34
36 26
35 23
34 36
15 8
33 4
4 32
33 26
22 29
36 37
21 1
15 15
28 8
15 30
19 15
11 36
30 16
26 5
6 42
37 41
23 30
17 9
30 39
15 43
37 1
5 38
21 10
17 36
9 16
3 36
34 16
16 16
31 3
35 20
30 19
11 19
26 18
38 21
24 19
16 33
38 31
10 5
17 16
1 28
21 42
24 7
25 1
17 29
25 2
10 22
1 13
33 41
18 20
31 24
34 19
23 4
35 25
7 38
34 13
38 16
2 7
16 29
4 33
22 30
4 3
29 21
31 30
21 32
26 42
18 23
14 31
24 37
22 8
4 24
13 14
8 42
31 27
9 40
33 21
18 10
26 2
32 36
28 40
19 23
2 35
3 18
22 12
30 19
12 44
20 4
20 1
30 22
28 33
23 21
36 18
6 12
6 10
11 30
33 39
24 41
32 19
6 29
16 41
19 11
26 5
19 23
14 22
17 18
31 15
31 11
22 5
8 21
35 42
36 14
12 3
22 18
31 35
28 22
36 29
35 28
11 9
12 18
28 26
23 37
15 4
29 21
9 44
36 9
18 33
35 20
28 32
17 28
16 27
38 25
20 21
22 2
5 29
19 5
17 15
36 40
33 4
12 9
35 34
29 26
4 2
35 9
26 28
30 26
14 11
17 16
11 13
34 1
31 4
18 1
4 31
22 27
32 11
6 34
37 10
1 40
6 11
4 40
14 38
17 26
8 44
1 15
15 34
1 15
3 36
32 40
8 8
17 3
6 39
16 15
14 13
38 12
16 32
35 7
6 22
7 9
13 19
8 30
19 10
23 21
34 25
10 13
24 37
24 40
38 7
2 20
30 9
35 30
1 16
20 5
8 2
9 27
26 33
7 33
8 39
18 30
4 11
28 17
7 9
32 26
35 34
33 7
6 38
31 25
21 23
1 6
23 28
38 26
37 1
33 6
16 6
34 1
13 17
33 34
17 42
13 22
11 18
15 8
21 30
13 8
7 19
1 43
6 12
25 35
15 39
25 43
34 25
4 42
31 40
23 39
33 28
28 19
34 37
7 39
35 32
35 8
21 27
23 3
1 29
6 9
10 31
34 12
35 41
28 13
