41 16 494
9 7
19 12
41 8
35 2
32 12
22 16
32 11
21 13
38 8
4 7
5 11
40 7
34 11
4 6
25 5
7 16
20 10
32 3
17 5
13 3
5 11
16 2
40 16
9 3
16 10
9 8
18 7
10 10
27 15
20 1
33 11
9 13
11 9
35 13
10 7
38 7
23 7
20 9
19 2
5 9
18 14
7 10
38 2
19 5
27 8
23 12
38 11
9 11
36 12
33 1
22 12
30 1
41 7
11 6
18 16
31 14
27 8
21 4
23 12
37 11
28 1
41 11
29 5
12 15
10 8
19 2
16 12
33 8
41 13
10 12
15 15
32 1
17 6
35 6
20 14
29 4
34 9
23 9
12 2
6 12
8 1
29 16
18 6
32 3
17 11
37 7
20 16
18 14
9 6
10 6
37 3
40 9
40 4
27 5
41 7
20 9
9 13
15 6
28 4
16 3
23 6
6 3
38 14
13 13
7 2
6 1
6 5
27 4
40 6
26 14
37 16
22 3
23 14
15 1
6 8
34 7
8 1
19 14
16 14
29 5
27 1
7 7
25 14
7 12
22 2
22 10
37 10
41 4
5 7
35 11
13 12
16 16
40 15
22 2
29 8
37 6
18 3
29 12
39 11
27 15
34 3
39 1
22 13
20 6
19 11
9 12
24 12
17 5
13 7
35 15
24 10
20 2
32 2
26 10
1 9
11 9
38 4
41 15
36 15
16 7
7 2
35 16
30 3
34 4
14 11
13 16
20 14
3 16
36 3
27 11
28 15
36 11
4 14
1 13
6 11
12 15
18 3
2 16
23 3
15 15
36 15
23 14
20 10
1 15
37 3
12 8
22 6
28 13
20 10
18 9
16 16
11 2
5 7
14 15
19 7
24 6
27 1
18 16
38 7
30 16
35 7
1 7
27 1
5 4
24 16
29 1
10 3
17 7
8 4
41 13
1 4
25 13
12 16
17 7
24 9
26 3
8 6
10 11
20 7
13 16
5 1
32 7
27 11
15 2
41 15
6 2
17 15
28 6
33 10
9 3
15 7
13 12
30 16
10 9
13 2
18 3
35 13
23 15
12 9
16 4
28 10
37 14
9 5
33 1
28 5
13 8
6 10
31 11
23 1
28 7
25 3
27 13
32 2
33 8
6 8
32 7
10 4
17 5
10 1
28 1
11 16
13 15
10 5
40 5
23 6
10 6
29 6
19 10
33 10
41 3
2 11
39 2
26 4
26 3
3 11
9 3
19 11
23 7
6 1
22 16
11 11
4 11
24 7
32 11
38 8
33 13
16 2
12 2
28 7
18 16
7 6
13 6
31 6
25 10
34 5
34 12
38 14
26 10
6 4
13 5
30 1
4 6
8 9
39 2
3 1
30 14
15 14
13 2
9 15
2 10
41 7
7 5
14 14
3 15
3 4
31 11
24 5
20 1
15 15
35 16
29 14
18 6
19 3
33 4
12 6
34 9
9 2
17 10
30 3
29 6
37 7
22 4
7 15
12 1
13 9
37 1
29 14
27 13
41 16
25 9
7 6
41 16
21 2
34 13
19 15
8 10
23 9
27 10
39 16
40 8
4 12
30 12
30 12
11 9
37 1
26 5
27 12
21 3
33 8
5 3
27 6
34 13
1 16
17 9
34 16
13 11
4 1
3 9
26 1
19 10
40 9
3 4
29 3
25 16
36 1
27 2
8 9
17 8
27 5
28 12
35 9
36 14
29 3
20 2
20 16
11 6
8 13
27 15
13 8
26 5
7 4
5 12
9 4
7 16
22 16
2 14
14 9
35 14
11 13
7 12
23 7
29 11
31 13
35 1
26 6
17 2
22 12
16 13
36 3
22 7
16 3
33 11
27 4
23 2
27 7
24 5
36 9
19 15
9 13
29 13
28 15
20 9
25 3
32 14
29 11
13 9
11 10
30 6
22 13
14 7
20 11
38 11
20 8
14 8
1 13
33 11
14 9
25 1
24 1
2 7
6 8
6 3
10 4
18 13
20 15
34 13
15 4
20 13
12 14
6 5
12 3
11 3
13 15
6 15
11 6
25 5
35 12
1 1
12 12
18 11
37 12
7 9
7 5
20 3
40 5
20 10
17 3
32 1
18 2
23 3
34 6
40 15
34 16
34 2
26 7
28 11
3 3
14 10
3 8
2 16
41 9
35 12
31 9
19 10
29 14
19 10
15 7
23 12
40 11
17 8
2 12
40 2
7 13
26 4
