43 25 250
4 25
9 1
22 20
11 12
42 11
22 24
39 1
21 13
30 8
15 25
27 18
27 23
3 3
2 20
27 6
41 15
34 11
25 8
34 16
38 21
31 18
22 15
29 24
1 1
42 19
38 25
8 6
34 18
2 22
11 12
37 4
28 17
17 1
17 19
19 12
33 14
38 17
34 21
3 5
27 9
11 23
37 18
22 18
41 8
30 1
10 2
25 24
12 21
11 17
17 13
5 13
20 17
35 8
2 4
2 19
3 24
36 21
18 23
29 12
8 2
33 17
28 22
9 21
9 25
15 13
20 5
10 19
6 21
32 10
43 18
10 1
14 13
8 5
43 9
27 25
21 13
31 18
33 22
23 8
32 1
24 25
34 22
27 16
29 12
42 18
8 14
32 5
31 10
14 14
33 25
37 24
43 25
22 7
24 13
29 16
11 12
36 22
29 18
9 3
12 25
26 5
22 1
31 14
8 2
35 22
35 15
30 11
8 13
12 23
40 18
40 13
22 10
8 3
16 23
37 9
27 21
10 20
41 6
13 4
25 21
35 12
24 19
19 1
8 22
33 15
20 4
38 22
24 14
13 19
35 7
7 20
14 23
40 14
40 1
13 9
5 11
37 22
1 4
14 22
5 3
30 6
40 10
7 14
33 2
32 8
33 4
24 20
27 15
38 23
13 12
31 2
16 22
4 7
15 12
6 23
16 24
17 3
2 7
19 22
27 13
24 18
31 5
8 11
26 4
11 3
2 22
21 15
19 13
5 18
4 3
43 5
22 9
20 2
19 7
6 24
28 12
4 11
26 20
22 17
40 3
7 17
32 2
1 5
15 6
39 11
37 24
33 21
19 11
26 13
32 13
41 12
25 25
27 5
29 25
1 21
11 10
6 15
29 10
21 7
20 1
20 2
5 12
32 15
22 18
9 4
33 13
2 21
41 12
21 4
30 1
25 11
8 21
36 4
23 18
24 10
34 16
14 15
29 19
29 14
8 18
6 3
31 3
2 20
21 20
27 9
15 17
31 23
25 4
32 24
34 25
19 13
43 25
32 13
33 5
41 9
12 20
33 13
37 17
27 19
3 7
19 1
34 22
6 23
26 6
30 15
26 15
23 19
34 2
25 25
14 24
