36 15 702
17 10
9 5
28 1
31 1
8 13
16 2
17 12
14 12
2 15
21 7
19 15
10 11
2 3
17 15
6 11
1 1
5 15
28 3
5 7
20 4
19 2
8 5
31 15
12 12
4 13
2 8
4 12
15 12
30 2
26 6
8 1
31 15
27 10
17 6
35 14
25 14
32 1
13 13
6 15
31 3
1 8
8 7
17 1
9 11
31 12
6 10
23 5
6 3
28 14
25 9
34 13
16 7
36 5
9 1
19 14
29 12
19 5
18 7
20 5
29 4
5 3
21 1
11 13
23 7
10 15
15 3
20 1
9 9
8 13
21 12
9 11
23 13
9 1
16 15
6 4
1 3
3 2
28 2
24 2
24 3
23 4
25 1
14 10
2 10
1 9
24 8
5 2
28 5
34 8
6 13
19 3
31 14
34 3
36 14
2 3
21 10
1 2
35 15
31 9
11 6
16 6
20 15
27 10
22 10
18 15
1 13
9 14
15 1
32 14
6 11
20 13
12 4
20 8
4 8
4 3
30 7
19 8
1 4
2 15
28 14
7 12
8 4
15 14
10 8
26 11
32 7
15 5
22 11
5 1
18 13
4 2
24 1
12 15
27 10
9 4
21 5
11 15
26 10
32 8
23 1
16 8
16 14
18 4
20 14
29 4
22 2
17 1
27 15
31 14
15 15
35 9
18 9
11 7
10 7
30 2
25 3
21 15
26 6
13 10
16 9
13 2
6 2
12 9
20 11
24 1
9 11
4 13
5 15
31 11
33 14
13 14
20 11
34 6
34 1
1 9
25 11
6 14
19 8
13 14
7 14
22 15
3 7
32 13
6 2
16 7
19 12
32 8
19 5
4 10
1 9
18 1
26 13
15 6
14 4
10 10
6 14
34 10
1 4
31 15
7 14
36 4
12 2
22 9
32 10
14 15
19 13
3 3
35 5
21 8
34 6
33 2
7 11
15 2
27 1
32 10
6 7
13 1
16 2
29 2
17 7
10 3
35 11
4 6
7 11
19 12
31 14
34 15
30 14
22 7
17 4
28 7
8 10
14 14
1 15
2 14
23 1
4 14
17 12
2 2
10 3
17 5
2 4
31 6
22 11
34 13
19 11
35 15
19 6
13 8
30 4
25 5
16 1
1 7
27 5
18 13
32 8
35 14
31 12
12 3
3 1
20 8
13 3
1 10
32 4
23 11
1 4
13 11
26 8
34 15
25 8
5 2
6 6
18 5
23 2
11 7
34 8
1 15
24 8
5 15
26 2
18 12
10 2
23 2
28 9
19 14
3 15
11 2
27 6
25 7
10 1
12 15
17 3
10 15
30 13
2 9
14 6
26 13
27 15
5 1
7 13
17 4
13 6
7 2
6 5
7 6
31 14
29 13
20 4
19 14
23 15
23 10
16 2
30 15
19 2
19 13
8 9
15 11
36 11
31 9
29 12
13 3
30 10
33 11
28 14
36 10
21 15
10 12
13 6
1 2
10 5
16 14
19 1
4 6
4 3
29 4
5 2
28 12
9 1
27 10
11 1
23 5
4 5
22 1
2 3
33 12
9 10
32 7
4 9
7 15
30 15
27 7
30 12
17 14
8 13
7 4
10 8
9 9
23 14
34 9
8 10
33 13
23 9
17 12
24 12
6 12
1 15
20 14
19 3
36 14
15 3
16 14
31 15
33 12
14 12
7 1
28 9
21 8
4 8
22 2
15 5
1 12
28 10
35 8
9 5
8 11
8 5
20 10
26 3
30 6
20 8
30 3
1 9
36 13
26 14
18 6
36 8
11 8
17 12
2 3
21 7
17 13
4 12
31 14
15 6
3 4
29 6
4 1
6 5
6 13
24 9
28 4
25 5
28 15
34 10
33 1
17 7
7 11
14 11
8 11
19 12
31 5
13 9
25 5
21 8
36 6
4 14
12 2
13 3
6 3
32 14
18 5
31 10
32 14
33 2
7 6
8 14
32 10
7 2
13 12
15 6
9 4
35 12
9 8
11 8
31 13
12 4
11 5
7 11
1 11
8 14
13 9
24 3
1 11
34 13
19 9
16 1
13 14
27 8
21 3
9 6
7 1
25 9
14 2
17 5
11 14
11 14
15 14
31 5
27 4
23 10
10 11
25 7
27 1
18 10
13 14
9 5
18 9
21 3
5 3
31 1
23 6
25 11
5 12
23 10
6 4
9 1
11 8
23 12
31 9
34 12
31 10
35 7
5 10
25 2
32 2
34 5
8 7
24 11
19 4
14 5
31 9
13 2
33 15
12 13
20 9
10 2
6 5
23 2
5 2
27 7
2 14
2 2
2 13
25 3
18 7
33 12
17 1
26 11
26 9
34 11
1 13
33 2
32 2
35 10
34 6
20 11
33 9
32 2
15 5
36 8
17 7
4 2
33 15
17 4
2 8
3 11
8 1
14 8
8 15
3 10
2 6
30 15
35 2
16 5
25 5
14 3
10 3
23 7
36 11
2 6
30 9
6 14
9 6
9 4
33 14
22 14
15 8
8 10
20 15
24 12
26 2
18 4
26 10
5 12
3 13
22 8
1 8
29 3
19 6
27 1
11 2
16 9
7 6
2 6
34 7
28 9
36 7
2 2
17 11
1 1
33 14
2 2
22 5
6 11
4 2
17 6
34 4
8 13
9 7
7 14
8 2
14 1
36 1
20 2
8 1
35 15
33 14
8 3
16 15
21 15
26 11
32 9
31 8
4 11
21 9
12 5
12 11
22 13
26 1
15 13
11 5
9 3
35 13
7 9
36 4
32 4
17 13
34 10
26 15
21 4
27 9
20 2
4 5
4 11
23 7
18 2
32 11
29 6
36 2
6 12
28 15
12 10
30 2
1 13
22 15
30 10
8 8
18 3
9 15
2 10
17 8
23 8
21 6
1 15
3 14
4 12
13 15
14 15
2 13
9 9
23 9
3 6
4 7
16 5
36 2
35 5
9 15
29 6
19 15
7 7
4 13
19 8
24 12
20 8
16 2
15 10
18 7
21 4
10 13
9 1
21 14
11 14
6 1
12 11
11 9
13 6
31 8
12 6
8 10
36 14
36 14
12 2
31 15
21 13
8 14
7 12
6 14
2 8
26 12
13 1
5 9
28 15
12 13
2 8
36 15
34 11
7 11
8 8
5 8
10 6
29 14
23 13
