48 5 538
4 4
24 5
15 1
26 3
27 1
40 5
8 5
1 4
7 4
45 1
25 1
1 3
10 5
47 2
24 4
4 1
20 1
2 1
17 5
29 5
8 3
42 4
1 5
33 5
36 2
4 4
28 2
20 4
5 4
34 4
31 2
38 2
30 2
32 3
20 3
19 4
12 3
48 1
13 4
42 2
13 4
47 5
21 5
16 4
36 1
5 4
9 3
44 3
40 4
30 5
13 1
39 5
28 2
43 5
42 2
30 3
1 5
23 3
13 1
35 4
43 5
30 3
18 2
13 2
41 5
48 2
24 5
28 5
42 4
7 1
34 4
29 1
13 5
46 5
8 3
42 4
19 5
17 4
14 1
24 2
46 1
28 2
43 1
35 1
39 3
10 2
14 4
2 1
26 2
47 2
22 4
19 1
14 3
11 5
28 5
9 2
37 2
45 4
43 5
8 2
16 1
19 5
1 5
10 1
35 1
44 1
42 4
43 1
41 5
6 5
44 2
47 3
32 5
48 3
15 4
42 1
4 2
43 1
34 4
28 5
39 4
31 5
44 5
17 2
27 1
44 2
9 5
31 2
16 1
35 5
5 5
21 4
19 1
22 3
23 3
6 1
43 5
47 3
13 1
28 4
17 5
6 1
30 2
45 3
38 2
47 2
36 5
33 4
22 5
1 5
34 3
12 4
37 1
46 4
8 4
40 3
36 2
34 1
16 3
19 4
18 3
40 1
9 1
13 2
35 4
33 3
18 4
2 1
10 4
20 4
21 3
48 1
21 2
11 1
46 3
23 5
4 2
29 5
46 2
42 2
37 1
13 3
37 4
16 4
38 3
23 5
20 3
45 2
47 1
12 3
35 1
42 4
35 3
11 5
4 5
41 3
3 1
11 1
30 5
1 5
24 5
30 2
32 1
43 3
1 3
21 5
18 3
1 1
35 4
29 2
36 1
23 5
12 1
12 5
37 3
30 2
43 3
9 3
18 1
8 1
5 4
24 5
45 5
32 1
41 3
22 4
1 5
8 4
27 5
2 2
26 3
22 4
38 2
5 1
23 3
11 4
34 1
17 5
24 1
19 2
7 2
3 3
32 1
14 5
42 3
40 3
21 5
29 4
16 2
1 2
25 3
37 3
48 4
2 5
9 4
28 4
15 5
26 2
47 3
13 2
47 2
25 4
3 3
19 4
38 2
18 5
26 4
38 3
4 1
40 1
43 5
16 5
37 5
14 1
33 4
44 2
33 1
4 5
28 1
31 3
47 2
27 4
26 3
22 5
21 3
34 5
19 2
47 2
35 1
14 1
19 2
46 1
8 5
30 5
37 1
38 3
48 2
31 4
11 1
12 1
4 4
8 1
17 1
3 5
3 1
1 4
44 3
30 5
22 4
45 1
11 4
1 2
46 4
6 1
46 2
11 3
20 5
25 3
8 5
38 4
42 4
33 3
26 2
21 3
6 5
36 1
5 4
9 2
21 3
47 4
14 1
22 4
1 3
42 1
34 4
32 4
32 5
34 2
30 3
10 4
2 3
18 4
39 3
15 1
18 1
6 2
40 5
21 5
3 5
47 2
40 4
33 1
11 1
42 1
44 3
20 3
45 3
1 2
13 1
47 4
19 3
29 4
11 5
44 2
1 1
33 1
15 3
40 4
3 2
2 3
48 2
24 1
5 5
37 1
6 5
40 2
27 1
48 3
14 4
40 4
34 1
27 5
33 2
29 3
2 5
11 3
41 3
32 2
16 2
7 2
21 1
18 3
10 4
38 3
9 2
47 1
32 1
8 1
31 4
36 3
21 1
41 3
7 3
14 5
5 2
48 5
18 3
32 1
18 3
36 1
1 2
46 1
10 2
21 1
16 3
27 2
36 3
20 3
33 1
39 4
23 1
22 4
2 3
36 3
35 3
7 3
47 2
27 3
46 1
45 1
26 2
43 1
15 2
36 3
34 3
43 1
28 5
30 1
44 1
9 5
17 3
13 5
20 4
13 2
13 3
6 1
36 5
27 2
41 5
19 2
4 4
7 2
14 4
39 5
17 5
12 4
9 3
16 5
41 3
4 2
29 3
34 2
44 2
42 4
8 1
32 3
16 3
48 2
23 5
23 5
6 5
37 1
46 3
22 5
47 5
46 2
8 5
21 5
47 3
48 1
8 1
15 1
7 5
39 1
5 1
43 4
20 4
31 5
17 3
11 1
46 1
3 4
32 1
33 4
40 1
44 5
22 1
34 3
20 2
22 4
21 4
27 2
23 3
31 2
28 3
40 4
36 3
32 1
16 5
45 3
37 4
10 4
17 2
33 5
15 4
30 4
19 1
46 1
26 3
11 4
18 5
28 4
14 2
26 2
9 1
39 5
31 5
41 1
33 2
4 2
9 1
47 1
40 4
39 2
13 2
41 1
12 2
22 4
