4 21 362
2 9
4 9
4 17
2 18
4 11
4 13
2 10
2 16
2 3
4 19
3 7
2 10
4 5
2 8
4 11
2 3
3 10
2 15
2 12
4 12
4 21
2 9
1 16
3 1
4 14
3 7
4 5
4 7
4 5
2 12
3 19
3 8
3 15
2 7
4 1
2 3
4 10
3 7
3 20
4 17
2 17
1 15
3 21
4 10
1 3
4 3
1 7
4 6
3 20
4 12
4 15
1 9
4 15
4 16
4 9
1 12
4 4
1 10
1 11
2 14
3 7
3 8
4 9
3 10
2 13
1 18
4 13
1 17
1 7
4 2
1 16
2 15
2 11
3 3
1 3
4 8
4 11
1 4
3 16
1 18
2 7
4 20
1 5
3 9
4 5
3 9
2 13
1 3
4 11
2 11
4 15
2 7
3 13
3 19
1 18
2 10
4 16
1 1
3 1
2 13
4 3
4 13
2 2
2 7
1 13
1 1
2 5
1 18
3 1
3 18
1 6
4 14
2 18
3 21
2 19
4 7
4 20
3 13
4 20
4 21
3 11
1 21
4 17
3 12
2 9
2 13
3 19
2 2
2 12
2 5
1 14
2 10
3 13
3 12
2 7
1 8
3 18
1 19
1 20
4 2
1 3
3 10
2 4
2 3
1 1
1 11
1 5
4 18
2 2
2 6
3 11
4 12
3 3
3 2
3 3
1 18
1 20
1 19
3 5
2 5
2 9
4 1
2 10
4 6
4 3
2 10
1 4
2 9
2 5
4 15
4 2
2 18
1 14
2 11
4 14
4 20
1 20
1 15
3 7
1 6
3 8
2 10
4 20
1 18
3 3
4 12
4 19
2 16
4 5
4 10
4 15
3 2
3 3
4 14
3 8
2 5
1 18
2 4
4 6
4 4
1 14
3 21
2 2
3 3
3 20
2 9
3 18
3 10
4 4
1 13
3 7
3 16
1 12
4 6
1 6
2 4
4 3
2 17
4 4
3 11
4 11
3 18
3 8
3 6
1 21
1 2
3 17
2 18
4 18
3 9
2 4
1 19
1 5
1 7
3 15
4 21
3 16
4 13
2 2
2 21
2 2
1 10
1 16
3 9
4 7
2 4
4 2
4 2
2 10
1 7
4 11
4 19
2 10
1 8
4 14
3 9
4 17
3 14
1 15
3 2
3 19
4 12
4 19
3 2
4 8
4 15
3 18
1 12
4 5
3 14
3 8
1 8
3 15
3 13
3 13
4 20
2 19
4 5
2 2
2 6
4 20
2 14
3 5
2 13
1 16
4 9
3 4
3 21
3 2
3 1
1 2
2 19
3 9
2 14
2 21
3 3
1 10
3 4
2 13
4 7
4 2
3 10
2 7
3 3
1 6
4 17
4 20
1 20
4 4
4 14
3 1
1 19
2 15
1 12
3 17
4 16
1 17
4 15
1 15
1 18
2 4
1 18
1 8
1 16
4 13
2 5
1 10
4 10
3 21
2 3
4 11
2 8
3 12
1 21
1 1
4 2
4 21
2 7
2 17
1 19
2 21
1 10
2 16
2 5
1 12
4 11
4 2
2 18
4 15
4 2
2 1
4 19
4 5
1 10
4 8
3 16
4 10
3 1
2 20
2 21
3 7
2 19
