29 23 126
2 23
21 9
27 18
25 22
28 2
29 1
29 15
28 11
25 11
29 13
19 23
25 2
25 4
12 6
20 7
24 10
17 18
9 14
28 2
14 13
27 23
23 19
9 5
22 4
21 1
11 17
5 16
6 21
25 20
9 5
28 9
1 2
3 14
28 13
20 14
8 19
16 17
21 15
7 3
19 3
15 20
10 11
19 18
20 17
18 1
3 17
5 11
25 17
15 12
8 1
19 5
28 1
2 7
13 23
2 13
23 19
22 1
17 22
20 17
13 16
12 23
10 3
7 13
22 17
10 17
22 19
22 11
20 23
4 2
7 2
25 7
9 18
8 11
1 14
2 16
27 4
23 3
17 5
3 9
12 18
19 21
11 12
9 2
23 5
26 12
20 22
18 3
18 8
18 11
10 4
5 19
4 11
4 2
27 3
11 15
12 7
20 16
2 3
29 21
26 7
16 16
12 22
16 11
29 22
2 4
23 11
26 21
14 22
3 22
29 19
10 21
9 19
9 18
1 13
11 15
10 3
10 19
28 5
19 16
8 4
10 18
17 17
10 16
21 17
4 4
28 7
