10 37 528
1 29
10 30
1 30
2 9
10 1
9 37
4 17
5 12
7 25
2 9
5 15
2 14
6 14
4 26
7 31
10 13
2 32
10 37
3 30
7 24
9 12
9 10
3 17
7 8
9 12
2 8
2 21
1 25
6 5
8 25
9 35
9 16
9 16
7 22
7 12
1 13
1 16
9 34
3 26
10 1
3 24
4 30
1 21
3 15
4 16
4 18
3 26
1 18
1 18
10 17
10 27
3 31
2 18
1 1
6 10
1 23
1 3
4 32
4 28
3 14
1 30
2 23
6 12
6 34
9 33
6 10
9 27
8 9
6 9
10 26
2 22
10 34
5 24
8 28
8 10
8 23
1 4
10 13
5 31
7 11
10 3
2 14
5 6
5 35
9 33
8 31
7 6
9 19
3 2
3 28
4 8
9 16
8 7
10 1
5 15
6 5
7 10
1 37
7 21
10 17
8 18
8 34
6 6
1 14
9 4
8 18
6 21
6 7
9 17
5 23
4 22
10 36
9 36
1 12
10 19
4 18
5 1
6 33
9 18
4 32
1 33
7 16
8 21
10 1
1 26
3 3
2 7
7 30
8 29
4 1
8 30
8 17
3 35
1 6
9 28
1 6
10 20
10 8
9 33
10 28
1 27
10 28
5 27
10 24
10 20
1 34
6 16
5 22
5 36
5 21
2 34
3 34
2 35
3 14
3 32
9 18
8 18
8 34
9 16
1 27
3 7
2 6
9 30
1 20
10 16
7 36
1 19
9 27
9 29
1 8
8 5
7 15
4 21
6 4
6 15
3 22
9 31
2 11
8 2
8 12
2 19
10 35
8 12
5 7
8 4
3 35
6 17
8 19
7 22
8 20
8 17
4 28
1 24
3 26
6 17
3 20
2 33
3 25
9 9
7 12
9 25
9 27
1 29
2 28
3 25
4 14
10 7
8 18
7 31
3 37
9 26
3 33
1 23
9 32
7 5
8 1
7 15
10 27
2 6
2 13
4 23
4 1
8 1
4 19
8 6
2 29
7 22
4 24
3 4
5 7
5 35
7 9
9 11
10 21
5 24
2 8
9 25
10 22
8 19
4 15
6 36
1 24
8 35
1 36
2 33
1 19
5 3
10 8
2 6
5 11
2 9
7 17
5 4
1 13
2 19
8 25
9 17
4 22
7 20
7 4
3 26
10 15
10 8
7 23
1 34
3 6
1 29
5 19
10 35
7 31
4 8
7 14
2 1
9 37
8 3
7 6
8 18
2 10
4 14
2 8
5 10
3 34
7 27
9 4
9 29
8 3
8 32
2 37
8 5
4 23
8 5
8 3
2 36
3 1
5 8
3 9
1 8
1 21
1 37
1 10
2 9
8 31
8 6
8 33
10 35
9 8
4 20
6 25
1 16
7 34
6 3
10 15
6 25
10 20
4 16
4 6
6 26
10 36
4 3
3 5
1 13
7 19
8 4
2 17
8 10
5 33
10 4
8 13
1 30
4 29
7 3
8 34
1 37
6 3
3 9
4 14
7 22
2 21
9 32
8 34
9 15
9 22
2 10
3 13
10 36
6 8
10 30
6 9
9 10
7 37
7 22
2 2
6 7
3 34
5 30
3 25
3 37
3 10
4 18
5 29
4 3
4 1
4 11
6 36
6 8
9 29
6 24
7 11
6 6
6 30
10 17
5 20
7 20
5 37
10 14
6 18
10 4
5 25
5 5
7 31
6 32
8 2
10 4
8 4
2 21
4 20
3 20
6 10
4 32
2 30
1 9
3 25
5 21
10 12
10 16
8 7
8 13
4 23
8 24
10 7
8 28
6 13
5 26
2 26
6 15
4 37
4 11
1 31
3 26
7 21
3 24
10 24
10 33
5 27
8 17
8 21
10 19
9 28
9 34
9 12
2 5
4 22
3 28
7 21
5 15
9 10
3 9
6 9
1 26
8 8
5 33
4 8
5 18
5 13
5 13
3 17
2 6
1 3
1 16
10 5
4 25
8 13
10 16
10 36
9 3
6 25
8 21
10 32
1 28
4 34
1 26
5 3
3 27
5 31
7 8
1 6
2 20
9 35
6 5
5 22
3 4
5 2
6 25
1 27
1 37
6 19
9 1
6 19
3 16
5 32
7 11
3 17
3 1
8 3
6 37
2 8
9 21
5 3
8 15
6 14
9 19
7 37
7 21
1 5
10 28
7 35
3 19
5 25
9 17
7 4
3 2
1 10
3 10
4 10
1 4
1 17
4 4
4 26
1 9
3 9
4 28
6 35
5 20
2 29
6 36
7 37
2 25
10 1
5 27
9 36
10 11
4 13
4 8
9 7
2 25
4 25
9 10
9 35
2 15
4 15
8 3
8 5
10 1
8 20
8 4
8 37
5 36
7 24
