12 28 391
2 3
4 4
1 23
2 21
6 14
10 3
12 23
11 1
6 9
3 26
4 5
4 2
8 1
3 23
3 17
5 7
12 14
10 14
1 1
12 28
10 28
9 16
10 23
2 25
5 1
5 2
12 13
6 12
6 20
5 22
12 22
12 16
1 11
7 7
4 3
11 27
12 21
4 26
7 24
5 12
2 21
10 6
4 22
12 1
12 19
10 14
7 21
8 7
3 28
4 3
7 5
6 27
1 17
6 21
1 4
8 26
7 25
7 16
2 5
10 13
7 6
11 10
12 28
3 5
1 25
5 5
4 8
4 23
2 5
11 13
4 9
11 9
7 10
9 15
5 26
5 2
5 18
11 12
5 28
4 19
9 12
1 2
5 7
6 21
3 27
11 1
2 3
6 11
3 17
2 21
11 8
8 26
2 7
2 4
1 2
9 21
11 9
9 25
9 16
4 10
12 16
6 2
7 20
3 20
2 26
4 3
3 16
12 9
10 20
6 26
2 24
5 14
1 15
9 20
2 5
11 24
3 19
5 1
9 20
6 3
11 5
8 22
1 28
3 13
5 23
7 19
8 19
6 2
6 20
8 14
12 16
8 18
3 18
6 25
1 25
7 22
7 28
5 24
9 24
2 25
12 19
3 8
1 18
1 22
10 1
1 28
8 21
4 3
7 20
5 5
10 8
3 19
11 4
1 20
8 16
9 18
7 2
9 7
7 18
4 1
6 6
4 4
8 12
6 18
11 11
8 12
8 3
4 17
3 11
6 11
9 26
5 14
4 15
11 16
1 10
2 25
5 25
11 1
2 6
2 3
10 20
6 23
11 1
11 9
4 27
5 12
12 5
3 13
8 8
12 10
12 1
4 5
12 17
3 5
3 19
6 2
12 26
11 16
3 3
11 19
11 7
1 12
8 21
9 10
4 26
10 9
9 27
8 21
3 12
3 20
4 13
8 21
9 8
7 1
10 10
9 26
1 7
8 11
5 1
10 18
10 11
7 21
10 3
10 1
3 13
9 19
1 22
10 15
12 13
10 13
1 4
1 25
11 18
1 7
11 1
1 19
5 4
10 12
10 2
6 1
3 19
9 22
1 12
8 26
1 3
9 17
6 4
12 22
8 28
10 7
7 21
12 23
2 10
2 19
5 5
7 14
3 16
4 21
5 15
4 1
9 13
8 22
2 18
12 4
8 10
6 10
1 8
9 26
10 22
1 22
10 10
2 5
10 23
3 20
5 14
8 5
8 23
5 7
4 13
2 10
3 21
12 28
3 27
9 9
12 28
10 20
12 22
4 18
5 6
5 10
8 10
10 26
5 17
10 21
3 19
8 8
7 17
10 23
12 14
2 19
3 7
4 18
7 14
4 8
3 12
1 7
5 10
3 9
12 1
2 26
10 8
4 26
10 5
4 22
11 21
5 6
6 13
7 2
8 14
12 24
10 28
2 12
8 17
2 9
12 24
8 12
4 28
2 11
10 23
10 17
1 24
11 19
11 3
7 20
8 20
7 10
2 6
10 2
2 15
2 9
1 22
6 1
3 4
4 22
10 1
4 27
6 18
5 7
1 17
12 22
4 17
6 14
6 9
6 22
5 5
7 16
6 4
2 11
6 26
8 26
2 19
11 3
1 13
5 9
2 16
7 6
7 23
7 16
11 27
10 2
8 7
6 6
4 27
12 16
1 20
6 4
6 6
7 3
9 28
1 6
8 27
1 24
8 28
3 5
5 11
1 26
12 6
7 7
6 4
4 21
10 28
