44 25 269
23 8
39 11
29 11
17 9
27 24
44 1
5 14
11 11
1 23
21 6
38 25
38 10
41 8
4 16
5 14
18 23
1 10
28 22
27 12
2 8
41 11
31 20
2 12
14 18
38 14
16 10
22 14
4 11
15 15
10 15
5 19
17 6
2 12
37 18
4 2
13 22
41 18
20 24
36 1
40 18
11 21
22 21
4 25
39 17
9 14
36 23
23 25
13 19
13 12
34 14
17 5
12 25
27 18
29 7
9 3
38 2
16 3
1 17
28 12
44 4
20 20
28 15
39 11
15 9
30 11
35 3
15 5
8 8
38 14
23 10
31 14
20 9
29 22
19 3
42 4
20 5
37 22
40 10
20 5
4 4
26 19
29 6
30 23
8 1
21 5
15 12
26 18
33 12
31 15
36 8
32 15
42 13
23 15
19 20
2 24
27 12
35 17
11 17
14 4
28 8
17 20
42 23
17 23
31 13
2 7
32 7
1 9
8 19
44 19
35 8
37 3
35 8
42 20
10 1
13 16
13 16
25 20
20 16
40 15
42 17
40 9
4 9
44 1
37 8
13 18
40 9
2 5
42 8
40 12
21 8
2 22
13 1
34 5
44 1
12 25
43 20
3 19
3 10
1 1
24 9
1 18
1 1
25 11
41 13
11 7
32 24
16 1
5 25
25 4
27 23
31 17
19 8
37 25
23 25
41 18
16 3
33 6
19 16
12 1
17 22
32 18
18 25
16 9
25 4
4 25
20 10
12 9
18 12
31 12
30 23
44 25
6 15
32 2
27 8
37 13
34 17
8 18
4 23
28 7
12 9
22 15
4 16
44 9
40 17
42 11
22 3
31 11
23 21
14 17
20 24
33 18
11 17
19 22
14 12
4 24
26 15
7 16
12 4
5 14
18 4
9 3
4 23
23 24
38 24
18 16
16 24
36 8
28 21
19 12
11 19
12 4
23 25
30 23
28 6
13 16
43 19
30 5
1 15
19 18
32 16
17 7
27 3
23 7
34 6
14 18
22 22
28 15
2 5
31 19
15 6
16 15
6 24
35 24
25 9
35 13
6 23
7 7
18 3
30 4
39 12
36 24
11 2
20 17
20 24
30 6
30 12
20 16
2 16
23 8
22 21
3 8
14 19
11 8
17 3
14 15
12 17
22 23
18 16
31 10
8 16
3 9
26 12
43 7
5 16
40 12
38 11
36 22
18 18
36 22
