9 13 646
8 1
8 12
6 7
2 8
1 11
5 10
8 6
4 13
7 9
3 2
2 1
6 11
3 12
3 2
9 6
7 10
3 9
7 9
9 13
4 5
8 3
1 6
8 4
9 6
4 2
1 9
8 6
9 13
2 3
9 13
4 11
2 4
8 3
8 3
1 11
1 8
7 5
5 4
8 13
6 7
1 10
1 5
9 7
4 3
8 13
5 3
3 10
4 4
5 4
6 13
4 1
1 7
2 3
3 2
5 8
9 8
3 13
6 13
4 13
9 10
5 10
5 5
2 1
5 8
9 6
4 1
5 1
2 10
5 6
5 12
9 4
2 12
4 6
2 13
7 8
1 10
8 9
4 11
5 10
7 10
3 2
3 5
3 1
9 2
8 13
6 9
7 7
8 7
5 6
1 3
5 1
4 12
7 3
3 13
5 2
9 7
6 11
3 2
6 6
3 2
7 1
1 13
4 7
9 4
9 8
1 7
1 9
6 5
1 7
5 11
8 12
9 12
8 2
9 5
4 13
4 2
9 10
4 6
4 12
1 12
8 9
8 7
4 4
9 2
6 2
6 13
8 11
8 5
2 3
2 7
8 12
5 3
2 12
3 10
3 12
5 8
8 12
6 10
8 8
2 4
5 6
5 11
8 5
3 9
2 11
5 4
3 13
2 5
4 8
2 11
3 11
4 9
7 8
8 8
8 7
6 5
8 1
8 6
1 7
5 6
6 1
4 13
2 10
2 3
4 9
6 4
6 4
7 1
2 9
7 7
5 11
6 7
6 5
5 10
6 2
7 12
3 7
3 6
7 7
4 13
5 6
6 7
9 10
2 2
2 11
1 13
3 10
1 2
8 9
7 8
6 10
9 5
7 1
9 4
5 1
4 9
3 4
2 7
3 6
4 7
2 8
8 5
4 2
9 5
7 3
8 12
4 13
3 11
6 8
9 1
1 9
4 6
3 9
2 6
7 5
9 13
1 7
9 4
3 10
6 12
5 7
8 13
5 12
6 12
2 10
2 3
8 1
6 2
5 10
3 1
3 6
6 10
1 7
3 10
6 13
8 12
7 9
1 5
3 13
3 11
3 8
1 12
6 5
7 11
7 7
1 4
8 11
1 9
6 8
9 3
1 2
9 10
4 11
5 10
2 6
8 10
6 12
5 4
2 1
8 8
6 12
8 6
7 10
1 10
1 12
3 8
2 7
7 10
4 12
7 10
6 8
7 10
3 4
2 7
7 12
1 1
1 6
8 2
4 12
5 8
3 11
5 13
5 13
4 3
1 3
7 3
7 9
4 11
2 7
2 1
3 3
7 11
1 2
7 7
3 11
1 8
6 1
4 3
4 12
8 6
4 12
4 1
2 13
8 8
8 12
3 9
1 2
8 8
2 4
7 12
6 5
1 6
1 9
7 9
8 9
2 11
2 9
9 9
9 1
8 11
8 12
1 10
3 8
4 4
8 12
6 8
1 2
7 9
6 6
1 11
5 2
6 7
7 1
7 10
9 13
5 4
4 9
3 10
1 4
7 6
7 7
8 3
2 8
4 2
9 5
3 11
4 9
7 12
7 13
9 13
7 4
8 12
9 8
5 12
8 4
1 7
7 13
3 9
3 9
5 13
9 13
4 9
8 6
2 11
1 6
3 9
3 4
9 7
4 12
8 5
8 13
9 11
3 7
5 5
3 8
9 1
6 2
7 12
7 13
5 6
1 6
6 1
1 11
4 10
7 9
9 12
1 10
2 5
1 8
7 7
6 1
8 1
2 9
9 6
3 9
8 7
1 3
4 1
3 1
4 11
1 7
5 2
7 4
9 13
7 10
8 8
7 13
8 5
9 7
9 2
6 7
8 13
5 11
5 3
2 1
3 10
7 6
2 10
6 5
4 6
5 4
2 6
7 11
5 4
9 7
5 7
9 11
9 3
5 4
9 3
5 1
6 13
9 11
8 4
8 8
4 7
4 8
6 9
7 2
2 7
3 9
3 6
5 6
2 13
7 4
4 2
6 11
7 8
4 3
6 11
2 2
7 8
1 7
7 8
1 1
7 3
8 8
7 2
4 3
6 6
3 2
1 4
6 9
8 10
7 6
1 13
8 13
7 8
2 11
3 6
4 1
1 3
1 5
7 13
1 9
3 12
2 5
6 7
3 12
3 10
3 11
2 5
1 9
8 9
8 12
3 13
8 6
5 13
2 7
7 12
3 5
9 8
3 8
8 2
6 9
6 13
1 4
9 8
5 11
1 4
3 10
9 8
4 2
1 2
7 6
2 9
2 13
6 2
4 12
4 11
8 6
8 5
4 11
9 3
4 4
1 4
3 5
1 5
1 13
4 3
5 13
9 9
7 3
5 4
3 4
1 5
2 7
4 12
2 10
3 3
9 4
5 11
9 1
8 1
2 2
4 11
7 3
5 9
4 13
2 3
6 10
8 10
8 13
2 2
7 5
8 1
7 8
3 11
5 13
9 10
1 1
6 10
4 1
1 1
1 11
1 3
4 6
8 1
9 12
1 12
2 6
7 2
3 6
6 4
5 4
7 8
5 6
9 7
7 8
9 2
6 3
4 4
5 1
8 2
5 3
8 13
1 9
4 13
5 4
1 6
4 9
3 10
9 3
9 2
7 8
7 5
3 13
5 11
1 3
6 6
2 12
9 3
8 1
9 12
3 5
4 8
1 5
3 10
7 11
7 1
3 9
5 1
3 13
3 1
3 8
2 2
3 11
6 2
9 7
4 9
9 11
3 8
2 3
3 2
2 8
1 1
8 5
4 1
7 10
3 11
6 8
2 10
4 1
4 2
1 7
5 7
9 13
3 8
9 9
7 2
1 5
1 13
7 10
6 12
7 1
6 1
7 5
6 1
3 3
7 7
6 10
3 8
3 12
5 5
6 2
6 10
