42 47 122
6 2
5 32
5 42
33 17
31 47
19 33
2 32
11 35
15 30
14 1
38 29
29 45
9 35
38 42
37 18
41 45
15 38
32 40
22 16
41 45
17 9
22 19
21 45
19 2
25 44
42 2
7 18
13 2
4 25
29 24
7 2
23 28
17 37
20 5
3 42
28 20
36 43
23 1
28 34
39 34
38 23
16 46
35 5
4 47
35 38
18 35
21 31
28 44
11 26
26 37
35 16
13 38
6 2
28 35
4 44
38 44
29 24
36 17
7 12
17 6
23 14
18 1
36 35
27 24
39 24
26 17
19 3
40 44
23 31
39 19
23 38
17 2
3 12
11 32
14 2
42 35
21 18
36 41
25 28
19 34
41 7
25 41
35 10
22 28
35 39
40 12
22 20
42 7
17 2
2 41
6 31
12 46
29 27
18 43
5 28
14 37
9 34
24 14
29 36
14 5
15 32
10 4
10 20
38 16
17 35
37 10
40 24
18 37
41 27
32 45
41 26
36 35
30 14
28 25
34 16
28 17
32 26
15 45
6 41
4 11
14 12
22 46
