48 50 144
7 23
46 23
32 5
40 21
45 8
2 47
18 42
11 35
4 7
28 39
28 42
31 18
47 46
38 50
33 6
39 39
3 45
14 28
43 20
9 28
24 44
27 28
16 47
11 3
25 50
9 1
13 21
16 27
37 37
30 28
36 20
14 8
41 22
13 18
26 44
21 26
4 11
36 34
48 14
7 46
47 2
47 44
36 15
25 4
11 19
2 33
5 41
3 50
43 37
48 4
3 15
24 22
40 36
26 15
25 22
43 7
3 35
25 3
39 16
21 26
42 44
6 42
3 46
30 33
19 13
11 29
2 2
33 22
7 23
22 27
19 7
9 43
39 44
33 48
16 42
19 29
8 27
33 40
2 25
2 15
4 40
46 40
20 10
3 27
47 22
3 24
22 41
19 48
9 26
30 23
14 4
13 41
12 47
13 25
16 48
17 26
5 48
35 24
25 11
14 32
27 35
20 34
42 37
34 5
30 33
47 41
6 28
7 10
27 16
36 35
41 13
14 22
32 9
44 21
11 27
39 28
36 18
1 1
30 20
5 39
1 17
25 4
46 48
7 24
2 48
43 41
47 10
11 31
28 15
40 21
33 39
38 8
39 30
6 28
9 35
29 37
26 34
10 16
27 29
22 6
38 8
6 10
9 2
26 45
