43 20 121
6 18
3 9
25 3
18 6
22 16
43 11
12 5
5 12
2 4
10 6
15 7
22 14
9 19
1 10
14 11
14 16
4 19
29 4
32 12
43 3
26 4
36 10
27 4
39 20
12 10
33 19
29 3
14 6
15 20
41 14
16 8
28 15
12 20
36 17
21 20
38 7
7 15
37 9
2 11
36 19
21 5
43 17
15 9
35 5
6 8
39 11
13 16
39 20
39 19
24 17
3 1
6 3
17 15
10 10
14 3
28 12
38 5
12 4
28 1
24 20
15 17
23 12
22 13
24 10
7 3
3 3
42 7
11 16
16 9
2 3
27 2
12 9
20 4
42 4
43 11
22 12
43 14
3 17
35 15
21 16
14 20
19 8
25 18
18 10
33 5
20 3
5 19
9 15
13 16
15 12
7 5
4 12
14 6
17 19
19 4
37 3
1 1
22 7
27 2
21 8
38 11
1 19
36 6
9 5
4 13
24 11
3 2
2 8
8 12
6 19
6 6
22 18
9 15
13 5
10 19
5 2
13 9
13 5
23 4
32 7
18 3
