30 47 758
3 41
20 11
3 23
3 6
2 11
23 45
8 16
8 17
8 8
10 12
10 5
22 38
8 29
18 3
22 36
26 41
29 38
6 33
18 5
23 29
18 13
20 46
21 18
20 6
26 28
24 10
12 30
5 1
10 36
19 32
1 11
24 43
13 27
22 4
22 12
10 25
17 8
14 2
9 10
21 44
27 35
7 34
17 4
21 11
7 13
30 27
7 20
10 22
24 29
26 47
6 5
26 34
5 45
4 10
14 39
26 45
9 21
14 44
13 10
4 30
29 43
10 16
7 2
18 17
7 40
26 36
15 38
6 44
8 18
4 22
25 46
12 30
20 5
6 23
6 19
7 47
22 45
30 39
4 21
10 36
1 42
25 26
15 22
7 24
9 4
30 26
28 5
5 20
25 43
30 18
7 40
19 46
28 4
17 5
14 3
24 30
15 24
27 43
13 5
21 8
19 5
19 28
26 46
27 9
14 36
27 42
21 27
20 34
27 4
28 3
8 45
10 41
13 24
15 29
12 28
4 35
1 35
8 19
17 32
25 27
10 14
14 12
12 5
16 11
3 34
3 36
16 42
19 30
19 12
5 45
9 28
22 33
19 11
4 15
10 18
24 15
30 46
21 47
12 17
9 5
24 25
3 15
19 1
19 21
18 23
11 8
16 40
26 22
9 35
22 21
21 34
16 10
19 45
2 29
26 35
26 21
1 22
17 23
24 29
7 14
2 34
16 20
20 38
30 15
10 4
13 38
21 1
18 7
15 40
3 44
2 16
25 10
30 11
27 39
15 2
23 27
18 44
16 33
5 45
12 10
1 44
18 32
1 46
30 19
19 42
18 9
4 43
22 13
14 30
19 21
24 31
20 1
29 16
13 33
2 45
5 24
24 45
29 3
28 25
22 13
21 9
18 14
29 29
12 9
3 34
5 20
1 14
11 12
26 21
12 19
9 31
18 3
14 14
20 14
9 30
5 4
26 37
20 7
4 17
25 36
12 31
18 33
30 45
7 36
25 18
28 10
21 36
29 8
7 34
8 42
19 5
7 22
10 25
20 26
26 7
17 40
22 2
13 1
11 44
30 37
28 5
22 3
8 17
21 34
27 17
24 3
1 3
26 3
30 2
18 27
21 36
23 37
27 25
10 30
28 46
6 31
23 12
19 44
1 46
25 34
26 16
29 5
2 27
6 16
7 33
23 26
14 44
29 3
28 38
1 19
29 34
30 27
28 20
10 17
9 28
4 8
18 26
17 1
2 18
23 34
28 10
19 46
11 12
23 9
13 40
8 3
4 42
17 18
25 4
16 40
26 13
29 5
7 39
19 41
12 9
5 11
19 13
29 35
17 29
28 33
30 6
1 44
8 19
14 3
16 38
15 45
13 19
27 42
4 44
10 31
8 26
16 33
17 6
27 8
29 11
24 30
13 32
29 8
28 28
5 33
27 26
28 34
17 32
29 26
13 15
30 14
3 7
29 16
12 20
30 26
29 36
28 18
8 36
4 15
6 41
29 9
13 37
4 35
1 24
1 8
18 37
24 19
18 30
21 44
12 28
25 23
23 46
4 2
1 16
2 6
7 33
19 41
9 9
6 45
4 28
8 45
28 17
3 23
12 24
23 35
4 10
30 29
24 38
12 10
25 30
8 31
20 28
26 46
22 1
4 11
10 33
18 30
22 18
11 44
24 37
29 46
25 15
15 32
25 38
30 30
28 11
20 14
1 4
17 32
20 11
23 14
5 9
25 24
9 45
8 20
16 7
19 18
5 43
10 41
2 43
29 46
16 22
23 36
11 21
15 16
9 13
27 29
27 41
16 41
5 12
16 21
22 31
23 36
23 10
23 38
3 28
22 34
10 30
24 45
3 17
11 39
19 2
16 36
8 27
17 36
11 1
22 13
17 36
20 28
1 30
11 6
7 9
3 41
2 27
18 46
18 47
24 1
1 38
3 38
29 45
17 41
5 18
13 45
2 44
1 40
5 8
25 34
16 20
19 34
17 40
10 43
6 34
9 30
18 43
25 11
27 16
19 21
3 23
11 41
23 38
11 43
25 36
14 24
1 28
7 41
5 18
16 20
11 16
25 22
15 14
6 12
4 27
22 19
19 25
28 6
15 24
12 10
16 42
17 1
6 21
17 25
14 35
9 34
12 21
2 33
11 8
11 9
14 9
29 33
26 6
14 28
17 13
1 9
24 35
11 37
29 16
6 20
12 27
30 27
1 29
12 3
7 8
25 12
22 32
22 17
25 32
10 23
11 8
28 36
23 14
14 38
6 18
11 44
2 29
1 44
8 7
26 31
27 17
18 33
28 33
9 41
4 21
14 11
7 47
8 9
9 15
28 5
26 1
6 41
12 22
7 10
5 33
17 38
25 12
27 3
7 15
12 6
10 37
6 21
11 17
27 21
5 3
7 38
7 36
24 16
18 2
5 39
8 40
14 9
12 17
26 37
17 5
30 29
11 20
10 38
14 32
8 35
23 46
28 28
23 21
23 8
23 20
10 14
24 42
18 9
20 24
27 14
1 44
15 32
19 24
5 12
29 7
11 35
7 27
25 1
21 20
13 22
19 45
1 44
18 24
19 46
2 32
24 12
2 24
4 25
20 10
11 23
5 17
30 23
5 33
29 17
17 43
18 8
17 15
29 9
27 40
10 29
14 21
4 28
8 43
5 19
26 41
8 43
6 9
6 20
27 18
14 7
12 26
8 34
17 15
3 13
23 46
27 1
15 20
6 4
12 6
11 35
3 12
16 22
24 3
11 21
1 16
21 14
11 27
26 29
9 41
26 18
17 4
7 1
29 9
8 31
29 17
29 2
15 20
19 28
25 9
22 28
7 17
5 17
12 25
28 47
2 12
10 5
22 28
25 17
9 9
6 45
12 21
13 31
26 23
13 26
16 16
25 10
15 5
20 33
2 40
19 43
24 43
29 17
25 38
10 33
14 42
7 9
19 11
11 32
20 39
30 28
25 25
20 12
23 26
17 40
29 35
11 34
18 10
26 21
9 3
10 6
15 32
25 30
15 13
2 20
24 45
18 1
2 11
8 27
8 31
16 41
27 30
7 7
17 41
22 29
5 40
19 43
3 46
3 13
4 47
9 40
10 10
17 32
14 28
6 21
9 20
4 15
7 2
30 42
26 9
24 23
10 2
16 22
16 31
26 4
11 13
5 46
16 38
10 37
20 10
25 22
29 30
1 41
27 3
11 31
23 24
13 15
1 23
11 34
30 41
7 7
4 15
27 15
18 32
5 25
21 33
19 14
14 41
27 24
2 8
13 20
10 39
20 17
19 7
16 35
5 41
22 42
2 29
25 35
6 10
21 12
21 13
21 35
26 40
21 14
2 5
11 46
17 47
15 5
29 39
27 31
5 45
27 4
14 34
20 13
28 16
8 33
