36 27 272
32 27
10 21
12 23
8 3
33 23
22 27
27 20
17 7
17 10
8 6
35 7
27 14
12 27
26 4
11 12
14 20
31 15
33 11
7 12
19 4
14 18
17 19
16 27
8 12
30 14
7 15
25 19
30 2
15 11
31 4
19 7
23 15
5 12
9 7
27 16
19 15
11 11
34 22
18 9
19 11
21 5
9 23
20 21
32 22
11 7
10 24
33 13
15 23
18 10
28 7
24 23
10 15
32 25
16 19
11 19
6 3
24 6
26 23
10 22
3 16
2 25
12 6
1 27
23 6
5 12
19 10
15 21
36 12
24 2
3 20
23 14
22 21
21 18
25 12
2 10
19 20
13 5
11 1
32 16
22 16
4 13
3 8
33 12
23 16
8 12
22 8
24 6
34 7
13 5
29 7
1 8
3 27
7 19
12 20
12 7
34 10
23 17
17 8
3 4
24 21
11 4
31 19
2 23
22 6
7 10
5 19
11 1
5 16
12 16
12 5
23 7
10 12
19 21
36 1
1 5
32 27
29 6
27 16
28 24
11 6
18 16
22 25
23 7
8 17
34 24
14 15
25 1
34 5
30 17
14 7
35 10
34 1
6 8
17 16
8 27
12 24
21 2
36 22
5 7
19 18
36 17
33 27
25 21
9 9
30 12
20 17
10 14
19 3
31 5
2 14
32 12
36 9
22 1
22 26
20 6
19 3
20 4
1 9
29 26
18 8
27 1
34 8
12 20
24 6
30 9
7 7
36 8
19 17
22 7
4 26
22 7
33 1
24 6
15 1
23 19
26 25
9 8
29 12
9 16
3 19
32 4
28 24
1 12
22 16
31 17
16 12
8 4
16 22
10 13
3 18
33 20
20 8
13 24
9 15
6 22
5 17
35 20
27 20
22 14
23 5
13 21
26 5
13 23
9 11
25 10
27 8
36 19
21 27
25 26
16 2
11 15
7 13
34 3
7 17
26 4
29 7
19 20
3 13
10 21
21 11
2 8
8 27
4 7
5 20
36 27
15 27
3 9
1 23
18 9
4 13
16 6
3 22
25 14
4 1
15 19
1 18
8 16
30 4
8 22
20 24
11 20
1 12
34 10
34 11
30 27
8 8
22 18
18 4
34 6
13 12
35 18
3 19
29 21
29 19
14 7
2 7
12 9
36 3
32 3
2 19
26 11
10 4
5 5
35 10
29 21
5 20
32 26
7 7
26 23
11 2
25 18
24 20
