970 208 825
773 49
369 121
420 189
611 203
841 111
448 173
830 123
305 101
597 60
661 120
717 185
682 134
487 19
455 51
953 49
310 6
81 36
369 162
781 83
272 135
469 91
29 138
465 110
385 134
326 186
631 133
845 31
799 205
743 154
417 123
161 113
64 154
208 182
511 67
122 72
34 9
571 179
616 25
282 127
620 65
154 207
304 168
6 172
531 40
758 97
645 163
51 97
826 114
657 2
308 2
540 162
759 33
800 195
343 75
734 90
338 68
514 66
208 162
50 34
780 12
206 184
742 165
471 126
82 202
286 108
498 125
516 95
39 175
349 153
706 42
770 81
492 190
238 26
121 164
11 74
581 29
145 35
42 1
185 159
2 79
706 37
631 121
958 182
897 4
502 8
673 89
182 100
95 109
523 152
300 168
351 102
909 36
227 91
800 49
730 147
115 15
887 132
155 173
870 13
834 70
823 203
239 50
613 4
791 134
908 148
484 99
168 140
1 198
613 44
194 86
721 14
592 43
408 3
121 76
797 178
596 110
856 115
475 81
502 124
79 8
112 174
490 139
616 32
373 151
193 18
258 198
311 22
587 106
396 16
462 118
492 40
74 122
289 147
452 196
970 63
282 55
57 175
614 155
963 130
857 204
86 159
844 55
112 119
761 167
802 76
390 130
697 110
328 206
661 206
221 4
441 169
705 208
754 166
637 125
55 61
900 122
925 74
432 146
429 199
258 50
254 31
295 84
303 87
610 50
919 77
472 103
566 200
813 19
573 186
798 96
923 22
237 59
752 152
760 54
35 20
589 198
344 134
465 162
33 119
400 50
355 183
365 156
884 123
164 94
676 133
907 153
742 25
64 57
334 131
775 122
106 182
857 64
594 93
301 69
371 151
254 136
299 32
607 116
783 177
942 112
229 136
351 81
232 147
653 25
283 104
708 49
670 202
651 2
402 188
765 93
218 39
619 158
289 191
123 136
178 129
858 189
87 73
549 75
845 32
414 27
12 111
892 158
326 60
775 192
100 152
495 104
490 48
819 168
144 139
597 201
734 147
518 184
723 137
335 84
897 118
484 8
758 155
237 123
557 81
545 193
290 112
515 207
720 194
364 151
388 48
257 88
25 69
620 198
927 86
180 70
65 135
176 191
142 123
155 102
719 10
85 48
259 16
564 172
82 106
554 46
587 16
640 202
515 165
116 41
252 4
665 144
793 49
470 22
621 59
563 138
774 23
798 205
779 67
901 99
794 7
317 100
425 159
142 49
742 76
304 108
761 47
627 60
968 71
443 26
497 89
851 136
544 30
70 47
930 6
178 99
640 35
941 9
613 202
226 190
630 186
688 180
106 205
457 54
373 92
9 53
490 10
32 134
21 57
607 103
453 166
674 98
906 119
829 159
874 11
281 203
640 177
854 44
156 38
410 118
87 182
229 34
809 86
941 180
786 125
740 87
527 164
869 60
244 189
735 77
160 75
280 109
554 134
36 176
414 29
736 76
762 33
416 59
290 28
890 68
622 58
480 114
480 93
394 107
336 107
220 117
956 114
922 41
748 8
919 97
579 140
938 160
263 83
766 26
908 180
90 51
307 109
270 187
64 134
663 169
719 164
556 56
386 206
502 174
192 193
155 169
342 182
915 81
824 133
84 158
277 56
681 103
246 164
552 14
493 159
750 19
550 7
771 116
84 179
288 47
163 119
397 142
356 144
176 16
657 92
525 169
930 168
382 62
391 14
3 9
920 179
970 84
97 119
897 190
171 69
13 201
655 174
362 113
878 186
853 84
565 21
161 83
405 128
807 156
855 33
171 11
387 89
572 175
290 186
346 84
570 152
102 101
425 205
450 179
207 204
155 139
573 9
29 177
500 117
70 141
469 174
905 110
157 12
904 3
515 153
201 191
433 168
832 202
465 85
248 25
101 139
401 203
937 205
906 208
485 75
330 158
522 98
280 102
290 130
892 205
240 167
62 152
179 5
688 195
626 156
340 5
139 121
108 34
483 207
783 93
445 186
746 19
260 144
507 33
847 128
507 60
282 105
654 20
185 187
89 71
172 92
503 18
307 116
3 106
797 108
372 97
631 92
498 179
226 155
92 153
568 121
936 77
422 63
856 71
654 58
554 191
299 14
135 109
814 196
330 8
329 77
829 115
502 192
128 21
261 195
640 60
209 160
309 136
190 20
266 61
395 23
415 98
818 190
565 109
340 150
81 78
7 31
60 140
629 177
221 15
798 117
661 52
378 87
736 84
912 206
136 41
934 41
449 83
6 208
32 49
262 135
607 186
960 192
27 9
48 62
872 122
432 207
724 202
164 53
801 92
820 196
444 84
254 64
187 103
730 136
94 179
458 74
258 52
418 48
193 141
848 115
824 92
12 165
101 139
955 169
164 160
250 132
477 57
525 53
958 188
269 153
415 137
627 67
853 98
335 24
896 53
677 84
220 162
140 55
681 166
537 103
523 157
937 105
953 50
564 40
180 80
367 179
512 125
321 179
920 164
520 173
653 165
924 18
350 85
729 8
118 169
724 50
378 33
579 194
23 174
512 83
952 200
777 123
556 38
167 56
379 162
136 143
951 62
236 78
696 193
910 168
109 202
145 78
433 120
676 191
31 12
234 43
256 115
658 193
419 158
511 71
176 87
882 142
641 129
79 103
599 8
330 69
446 163
159 91
117 83
683 126
222 41
370 139
149 148
703 16
770 177
162 88
463 205
211 190
318 150
491 163
511 207
432 38
490 101
195 205
40 64
510 42
636 175
477 208
323 180
429 98
793 79
797 69
814 107
291 154
134 56
526 58
735 111
464 114
596 78
585 110
14 8
807 180
18 182
244 105
879 107
504 151
829 75
835 70
198 68
777 194
754 132
601 107
448 55
261 67
184 64
332 20
423 12
181 102
23 103
502 36
378 160
75 102
86 191
500 157
418 15
146 46
514 13
156 118
786 6
403 178
110 72
145 98
760 15
386 116
377 197
717 127
3 162
766 106
450 200
544 69
789 81
663 58
401 97
124 197
859 51
928 200
722 186
127 51
215 15
587 90
282 18
232 149
772 112
335 85
349 64
15 173
655 154
287 59
216 48
122 86
344 165
395 8
715 15
322 34
630 180
186 180
925 188
590 196
728 168
213 151
740 158
829 169
7 77
609 56
866 52
71 92
779 58
167 122
178 10
655 202
385 122
800 183
121 180
57 123
516 80
960 1
529 99
691 8
139 8
721 140
811 8
772 43
260 6
723 135
877 101
923 134
85 91
912 189
455 176
890 106
396 108
823 82
376 93
275 187
239 178
844 74
770 185
851 33
931 21
819 47
761 156
109 161
443 120
595 121
219 57
209 76
250 56
53 172
37 53
901 27
775 127
917 9
681 87
682 57
115 15
725 195
183 74
838 106
511 202
674 158
492 17
150 103
488 97
121 78
662 62
226 45
448 98
952 165
334 183
8 196
854 122
944 123
614 131
405 106
228 192
568 73
794 163
800 13
478 113
239 150
181 129
966 102
742 5
224 92
125 164
71 145
249 204
479 11
194 168
861 110
80 207
540 21
114 43
72 198
489 155
210 153
518 28
83 35
398 90
415 198
797 71
951 40
441 63
221 66
799 138
485 196
131 193
895 113
32 174
499 164
243 9
226 8
232 187
856 14
885 205
360 39
784 148
443 136
84 150
959 118
934 45
937 150
311 136
608 204
775 152
430 19
492 145
284 178
758 96
628 131
