886 133 813
357 103
503 85
480 15
765 46
473 94
291 128
9 112
540 85
675 30
723 82
295 122
788 8
668 104
536 24
874 53
629 104
560 114
642 84
827 61
561 94
322 94
662 109
54 85
146 53
388 116
613 97
211 80
445 90
694 81
470 89
463 18
446 63
619 6
878 6
839 58
191 70
215 1
575 106
97 64
180 34
461 22
470 5
581 84
705 128
393 117
529 34
278 121
547 39
678 43
71 101
94 127
524 105
227 36
423 65
20 10
708 59
71 23
233 40
130 20
786 119
835 126
45 25
605 11
54 65
585 64
258 103
154 1
804 32
872 75
510 7
282 88
106 17
253 39
9 39
617 119
208 77
349 108
327 38
382 22
350 122
700 55
483 128
88 4
483 46
317 19
394 75
110 112
73 56
808 104
467 82
92 63
727 31
714 113
778 1
657 76
638 25
63 118
366 50
794 82
290 86
470 96
458 10
454 104
562 113
259 68
100 111
79 82
486 101
177 98
71 50
550 111
406 46
510 88
21 60
699 111
532 52
296 15
533 62
637 28
764 76
829 1
714 31
28 52
382 44
331 19
201 129
65 110
684 25
425 94
51 26
365 75
402 111
663 80
239 20
838 127
70 54
694 132
490 132
85 15
114 19
325 38
381 37
549 48
16 83
228 118
575 61
276 66
593 13
148 1
202 42
884 2
582 125
49 83
452 33
238 105
314 5
196 44
432 119
115 99
80 51
307 54
475 34
318 55
693 91
449 113
794 107
522 88
570 86
87 51
483 84
193 122
108 10
144 11
375 130
607 39
826 48
7 27
127 94
705 61
122 130
414 97
738 24
217 70
412 67
91 127
322 40
868 33
512 93
30 45
299 80
317 72
271 46
276 94
275 14
317 59
73 25
241 45
741 116
190 107
190 38
153 27
531 46
326 12
330 92
107 7
787 13
16 39
617 82
859 120
265 106
539 68
260 7
111 61
99 53
876 75
618 36
886 6
30 57
148 117
557 104
350 119
59 132
787 93
206 5
73 5
386 77
818 123
703 1
620 74
340 30
881 132
26 115
699 96
810 46
171 30
516 25
238 28
609 58
638 41
355 18
45 40
587 55
280 61
676 102
439 71
725 91
371 91
245 72
345 13
559 33
885 113
651 110
677 89
833 5
493 127
875 101
91 75
280 48
844 3
246 130
693 46
428 54
688 69
420 106
481 58
427 48
473 112
776 33
547 80
284 124
229 117
267 13
325 85
7 95
481 122
252 43
300 80
682 130
504 63
261 61
200 97
434 40
24 45
880 117
706 113
500 56
848 24
445 31
369 73
724 98
884 38
92 64
665 77
552 4
685 66
89 26
721 36
537 95
232 15
633 123
361 103
731 74
140 10
438 9
277 29
358 114
386 28
22 107
252 34
586 42
61 15
831 5
378 114
769 119
130 91
327 18
431 35
333 100
250 9
296 62
75 132
796 115
515 117
831 120
683 31
809 51
694 77
880 87
464 14
456 61
429 44
337 54
15 112
190 33
388 66
267 132
93 8
691 69
593 56
38 62
679 16
64 80
703 58
697 88
331 33
437 51
284 52
8 23
768 41
46 50
864 68
268 115
298 39
404 31
662 27
383 117
870 105
588 45
335 34
793 77
645 124
290 74
198 17
526 100
16 35
556 70
174 110
394 82
102 22
833 114
870 32
32 73
716 129
291 71
432 67
639 58
839 13
782 122
152 30
396 109
147 107
236 60
669 98
535 45
871 97
644 133
413 51
140 128
323 110
741 18
663 116
780 55
116 7
432 55
141 61
438 78
216 7
283 80
531 42
871 115
400 59
283 69
482 50
702 40
345 62
716 80
286 90
40 11
594 74
597 41
27 112
447 21
758 37
470 122
724 65
660 9
90 59
453 107
88 85
108 133
331 90
555 2
411 102
180 45
334 99
316 37
569 104
319 37
670 77
586 117
504 24
100 72
769 56
676 29
274 53
558 100
723 96
334 1
510 85
187 35
248 125
467 5
530 54
513 5
779 44
565 21
285 2
106 71
611 27
378 5
165 61
173 95
716 112
146 2
241 32
634 122
205 19
808 80
599 50
183 108
16 116
672 111
324 133
241 119
620 70
472 4
66 74
836 120
776 109
864 86
101 108
242 35
365 89
71 63
95 101
494 65
755 38
849 111
388 132
396 106
100 33
580 52
258 99
161 129
759 104
145 108
618 118
522 130
445 48
145 41
389 28
215 123
631 42
172 8
364 36
563 36
719 95
410 55
67 21
113 73
210 81
387 54
355 103
501 106
481 76
49 125
88 52
443 46
660 57
669 26
750 62
374 115
572 63
202 75
569 85
16 129
85 19
471 128
185 94
410 15
400 5
356 91
743 32
868 78
818 9
359 6
259 80
739 88
594 97
868 23
340 132
488 62
27 75
306 78
598 26
652 50
531 88
597 111
864 96
548 124
130 66
73 32
90 48
562 94
753 65
592 122
737 67
769 47
384 23
233 66
657 110
344 62
48 37
174 99
379 84
138 34
561 2
227 21
867 133
217 90
851 58
146 77
850 104
860 101
378 75
407 114
828 14
453 128
760 112
195 127
529 14
390 42
243 87
614 63
863 112
795 35
149 107
539 45
871 125
510 89
874 126
739 15
197 69
860 41
644 114
604 68
786 18
672 95
83 81
185 124
407 130
844 38
387 34
120 35
774 88
828 89
17 82
484 27
292 101
31 54
506 133
186 102
437 13
870 122
450 26
213 126
810 128
273 45
604 47
609 58
421 63
796 101
297 119
190 51
428 47
70 51
130 97
493 97
851 53
452 52
568 44
816 116
614 101
12 73
604 18
477 82
375 21
62 32
109 46
876 94
72 45
559 35
385 95
550 122
285 125
641 52
280 127
589 71
517 100
690 40
59 6
593 22
797 106
248 5
165 71
78 42
214 19
155 99
346 75
202 8
312 72
376 23
787 6
743 59
554 90
249 74
886 70
90 48
217 9
662 82
7 76
38 68
135 105
54 16
753 83
86 17
226 14
562 75
79 87
617 38
625 39
862 4
235 116
637 69
880 60
544 82
18 29
859 72
117 52
396 106
62 55
110 130
665 94
441 46
330 125
428 40
831 51
166 125
268 96
491 117
577 56
747 11
356 108
798 131
680 80
648 16
285 2
429 18
237 37
522 122
824 85
588 44
685 45
531 89
860 63
194 22
773 80
38 78
481 35
390 95
354 49
575 80
435 78
418 98
886 81
213 83
777 12
660 127
519 49
4 127
692 1
868 121
328 71
45 123
881 105
759 80
438 127
721 89
547 48
714 7
284 71
605 88
741 3
840 23
112 65
242 66
364 111
264 32
307 60
724 36
338 117
43 98
261 113
593 33
500 80
643 128
110 128
107 50
827 71
260 38
578 97
772 119
313 128
586 78
861 103
296 75
438 56
530 53
871 6
389 72
796 74
126 63
60 8
369 14
68 18
440 103
127 55
494 53
678 31
199 99
584 19
48 54
563 49
832 110
319 13
164 16
251 24
52 101
215 129
802 129
423 56
624 70
687 41
412 16
381 100
705 34
511 113
55 121
281 19
323 85
351 84
554 132
852 126
534 66
263 81
379 34
154 113
298 4
287 28
628 95
503 44
739 124
601 47
652 17
419 13
308 21
173 36
410 72
865 25
90 13
745 6
866 14
486 115
