419 900 193
344 402
146 130
357 124
208 5
228 851
396 892
372 232
330 787
376 392
410 676
224 541
385 255
13 290
130 61
56 327
354 210
135 303
322 375
218 587
193 251
284 546
260 834
11 810
313 430
264 134
171 121
234 385
111 796
150 707
108 677
302 609
343 291
76 863
342 424
192 324
364 200
9 196
199 874
280 376
43 331
234 588
28 235
194 391
289 347
355 609
107 25
215 813
96 141
406 427
205 36
37 630
167 181
44 51
228 161
152 39
349 172
337 195
90 169
294 241
269 790
373 656
407 246
285 228
277 810
9 316
40 885
10 866
405 725
251 540
210 263
395 826
377 887
130 755
53 208
68 777
230 498
350 274
59 405
99 287
254 84
247 67
199 481
338 818
160 319
84 694
380 97
295 413
157 771
86 891
63 124
367 416
145 520
273 328
331 2
277 636
407 471
256 121
113 471
39 174
247 176
57 54
265 70
229 510
191 390
247 102
367 562
57 680
306 348
183 861
307 226
258 835
248 524
179 200
418 292
123 19
387 756
42 586
417 447
138 22
35 766
290 225
100 88
222 433
291 748
360 774
325 753
326 795
3 721
290 606
335 588
209 130
310 292
87 63
259 21
175 226
200 428
418 615
225 743
376 863
320 169
74 778
209 689
232 93
254 753
29 790
385 46
12 868
64 366
13 554
408 626
313 654
139 508
118 502
366 326
394 268
250 108
142 416
342 287
332 258
348 451
64 28
377 650
181 771
140 663
290 593
270 168
195 248
140 634
187 847
343 231
391 191
147 27
343 37
261 426
27 413
152 84
366 421
184 184
249 567
291 381
109 149
415 296
253 679
382 48
169 8
371 417
66 701
108 482
163 668
388 196
213 621
128 536
162 840
