133 319 475
62 256
133 254
130 168
4 89
4 302
132 258
49 48
110 51
37 138
61 304
107 258
93 293
99 236
117 131
6 58
23 268
3 172
91 318
15 107
51 52
15 191
16 15
77 296
89 175
116 182
14 47
54 63
68 3
45 301
10 188
80 161
96 6
111 148
18 215
30 153
72 147
63 28
34 56
68 218
73 273
81 273
77 282
53 249
87 158
65 23
65 221
129 21
102 100
128 16
3 231
102 132
55 109
15 9
75 216
65 227
90 26
6 51
97 295
60 140
62 183
94 43
99 83
22 310
64 250
117 223
36 265
39 23
123 264
108 199
50 42
29 132
58 117
104 107
33 68
51 83
86 267
35 9
96 228
117 94
75 143
12 282
23 1
121 207
86 8
55 83
75 178
63 146
4 88
66 287
99 52
71 186
61 172
58 70
45 17
68 217
2 309
82 278
15 188
125 67
117 91
124 240
6 45
41 3
92 270
115 60
131 58
45 221
17 250
44 223
79 165
27 205
59 278
84 55
2 202
87 67
75 32
81 245
111 194
11 187
87 83
87 63
36 26
91 258
10 19
114 11
12 156
26 244
130 42
79 140
111 285
81 55
127 58
21 269
76 210
12 169
103 200
31 276
130 57
103 132
85 198
25 155
30 236
133 302
51 286
133 170
37 307
86 36
93 288
117 233
58 58
1 23
18 313
74 226
64 25
79 270
4 200
37 291
124 178
19 11
3 307
4 251
6 14
131 71
26 128
51 185
70 198
46 14
59 103
20 18
59 99
13 276
47 100
95 140
97 199
129 213
31 214
70 86
109 278
75 182
131 256
86 228
6 49
99 131
83 69
104 294
95 261
105 318
117 69
49 298
55 138
100 176
73 1
98 245
73 192
29 30
22 317
96 47
49 28
79 307
101 266
58 305
36 17
117 118
29 107
26 176
28 253
76 159
62 192
3 240
32 74
90 100
100 252
67 150
130 211
20 33
69 34
46 116
49 125
79 160
63 13
71 253
129 286
28 5
125 100
28 105
25 309
14 150
108 209
37 6
80 318
70 288
12 48
113 185
74 228
123 186
116 293
98 287
128 148
132 44
9 223
120 121
56 255
64 243
81 181
71 27
124 12
126 245
58 97
132 247
100 32
67 60
97 112
82 1
10 44
15 152
112 209
119 208
119 249
84 269
115 228
124 64
103 297
64 210
128 182
60 276
119 12
112 290
74 167
94 158
31 259
65 72
114 138
128 61
112 254
125 312
111 219
95 283
115 248
88 43
130 289
66 179
105 264
72 53
57 61
56 55
58 29
47 252
46 234
48 1
92 83
13 186
132 310
68 9
16 224
70 153
122 106
13 43
30 189
102 145
129 28
24 231
112 144
73 136
33 44
69 290
85 270
12 225
29 81
84 255
80 176
61 145
91 30
20 113
32 249
9 230
76 205
90 89
21 284
116 201
83 237
29 139
74 277
66 125
37 130
103 217
77 91
110 172
126 27
119 227
102 308
76 34
126 49
101 148
108 158
45 209
86 319
58 317
74 92
129 85
118 263
99 149
129 132
19 72
69 184
33 98
106 259
111 205
118 77
123 42
113 43
2 235
66 192
43 39
11 111
11 219
126 294
54 179
21 265
117 307
1 182
9 76
57 153
26 184
103 12
7 230
122 206
118 277
89 72
19 100
34 95
2 97
29 293
79 100
11 4
82 74
6 232
128 263
2 267
89 34
66 189
31 90
1 207
29 270
92 14
120 244
125 192
79 5
122 306
64 177
50 309
76 208
106 292
94 62
43 134
113 180
83 168
113 50
90 128
46 297
62 190
12 1
44 266
128 247
27 116
104 87
71 153
111 94
35 102
52 104
3 283
112 129
9 258
5 237
61 275
76 213
24 253
25 213
118 223
96 227
131 30
117 157
123 184
132 38
12 6
84 102
29 228
112 218
55 241
72 156
38 296
100 126
30 288
56 146
45 279
47 236
4 49
36 58
46 45
82 99
35 182
7 83
27 150
14 153
81 132
25 113
108 192
48 100
98 60
21 37
1 284
18 157
109 156
103 32
76 245
97 188
64 102
86 175
91 198
84 115
29 272
131 12
122 294
109 305
117 232
32 29
48 280
122 259
74 141
90 305
39 72
54 169
130 61
76 178
9 99
88 278
