822 319 775
433 103
724 78
161 184
628 310
218 111
217 159
400 152
743 176
732 57
595 304
374 13
304 17
763 13
77 148
670 308
612 45
402 181
113 169
591 120
732 103
821 157
424 141
559 297
749 187
308 203
327 55
25 102
462 233
535 202
194 228
743 58
577 268
792 212
487 103
619 8
636 290
669 25
430 254
184 164
647 69
161 4
808 241
133 16
622 8
138 175
818 76
575 168
90 39
42 203
441 253
294 152
294 74
401 293
810 7
76 108
738 183
314 18
78 9
699 222
542 261
517 263
251 79
14 39
269 19
482 29
763 300
313 296
523 195
467 96
670 184
178 207
674 170
745 74
327 266
801 123
253 170
644 97
425 21
292 147
322 44
653 203
61 84
607 58
704 87
610 34
173 294
110 3
382 98
266 313
554 76
400 92
436 24
289 1
128 184
214 312
175 235
397 54
173 132
637 114
381 40
86 30
470 291
756 300
349 61
691 285
384 79
557 248
641 284
818 186
32 205
596 89
257 185
566 53
221 210
165 226
758 137
748 184
610 275
80 227
488 292
669 163
794 144
121 169
256 91
598 46
407 99
609 167
440 292
673 169
369 133
171 10
66 161
706 229
790 101
304 217
85 251
242 119
627 191
250 12
541 304
495 172
560 214
550 79
659 197
755 74
231 319
120 205
55 310
787 192
231 247
143 2
526 85
779 268
214 228
118 202
453 161
433 83
142 81
281 191
184 200
615 75
280 291
232 42
88 250
770 276
178 236
705 239
318 195
288 204
760 301
427 25
457 17
570 151
162 63
695 302
608 283
580 49
75 170
765 169
297 108
439 209
402 10
99 261
359 171
530 283
459 257
352 31
503 7
123 166
565 308
410 215
617 100
438 77
449 199
25 302
462 259
766 280
46 133
516 140
23 209
572 21
149 238
661 264
316 66
413 127
297 151
48 186
618 152
706 210
550 288
743 209
512 264
144 13
508 260
35 46
143 52
690 281
568 87
258 301
478 314
218 269
389 89
313 129
38 216
136 278
547 128
455 204
645 169
646 57
609 228
393 197
303 29
413 138
52 87
715 31
177 297
89 53
320 255
726 127
194 218
632 244
440 304
766 42
264 305
331 255
306 53
16 190
543 244
678 211
795 18
756 172
24 93
718 199
744 180
346 282
324 304
519 314
30 179
661 281
279 89
767 196
464 214
238 67
395 92
447 233
567 20
227 127
505 22
818 116
170 141
542 209
595 318
8 62
257 89
444 254
529 319
701 100
354 239
328 263
303 83
96 8
217 188
545 222
311 302
745 55
16 120
174 116
34 132
732 120
710 83
445 178
301 161
226 210
621 229
22 238
784 278
323 197
162 43
560 10
32 251
143 254
238 152
609 129
224 69
585 92
394 194
411 55
37 181
166 74
241 155
776 172
390 88
358 25
433 44
388 107
652 79
590 288
487 198
729 66
543 242
761 111
439 280
309 60
298 280
377 10
573 92
225 280
507 166
544 306
294 23
243 255
539 43
82 44
216 135
125 301
728 283
363 128
62 308
592 35
432 267
460 292
23 8
496 37
704 285
237 257
336 209
172 44
456 295
452 318
632 242
28 231
813 209
204 254
806 223
591 104
270 41
555 231
541 15
330 91
732 167
256 278
390 101
743 67
86 40
432 262
104 289
774 3
330 254
782 263
541 13
371 167
440 262
416 150
260 162
588 247
764 281
251 127
295 260
795 293
741 133
394 292
52 93
218 253
704 244
401 123
424 144
187 17
653 220
143 299
559 201
79 75
600 295
214 172
489 238
350 295
615 155
605 74
561 78
808 176
695 35
624 137
510 303
801 138
786 201
534 95
793 279
805 141
350 22
414 193
178 193
641 213
161 210
174 175
20 88
387 113
713 251
483 2
409 279
589 307
555 31
462 297
414 267
59 306
239 159
124 89
506 96
539 26
124 268
126 303
532 32
629 180
454 153
438 203
583 116
692 269
514 161
657 294
605 178
214 23
590 126
204 157
634 284
215 262
147 230
524 108
224 270
370 91
394 317
514 244
579 290
202 87
251 237
780 166
441 26
803 184
118 162
223 93
778 19
85 206
276 122
46 139
645 315
496 20
12 180
686 47
289 43
36 116
504 266
583 266
523 170
121 189
71 131
508 283
769 107
331 7
317 272
98 115
199 132
478 261
326 222
603 310
87 147
308 271
539 183
748 311
773 197
767 294
577 21
566 123
246 202
390 311
352 220
158 276
561 123
259 199
674 208
66 63
406 101
732 178
691 69
27 240
256 164
535 146
675 249
185 77
110 222
390 149
266 306
686 108
755 116
659 68
40 319
411 1
90 48
627 3
271 203
268 208
271 306
377 140
559 16
201 224
688 319
511 243
207 300
625 314
209 105
241 252
586 202
706 17
146 297
736 178
144 62
136 314
3 88
486 15
485 147
767 119
142 239
325 294
115 147
801 163
696 177
708 258
647 73
221 226
719 81
759 212
386 199
277 211
469 40
815 129
91 284
287 311
187 56
553 17
250 201
782 187
409 218
347 129
275 237
637 179
245 204
464 227
136 263
468 12
591 254
309 143
474 120
95 72
189 155
114 90
816 225
284 62
168 50
670 218
101 125
753 65
240 212
358 212
518 65
239 287
515 74
468 262
532 286
219 86
499 294
775 310
323 230
776 150
713 288
157 71
547 219
803 204
544 294
468 43
630 6
371 193
589 174
437 92
649 198
793 192
708 50
155 18
377 206
663 35
478 30
121 227
150 225
503 103
126 201
309 157
683 101
348 113
749 232
203 58
268 47
208 157
276 124
190 220
409 146
323 271
811 212
424 215
129 247
595 203
382 170
122 316
288 205
221 291
310 178
3 319
246 82
62 281
408 301
137 237
650 75
22 228
232 55
94 131
566 310
67 77
594 9
101 196
771 315
116 294
370 38
121 279
25 189
545 234
391 268
236 318
418 84
4 20
730 191
360 7
422 54
58 177
817 291
780 3
536 151
262 37
611 87
217 78
9 153
454 107
289 157
617 261
344 278
592 306
154 293
146 133
418 246
739 145
738 187
424 130
304 224
782 177
403 112
820 272
161 29
532 211
177 255
84 76
233 278
5 124
319 190
767 167
156 299
23 155
631 132
628 183
225 268
495 124
444 21
655 211
450 221
816 20
593 302
306 280
754 309
471 139
758 48
459 41
165 21
134 158
124 253
632 99
426 35
773 226
515 242
749 126
294 193
302 124
510 32
640 123
477 255
325 200
78 275
476 136
808 258
344 119
662 165
77 147
119 85
281 302
131 267
43 312
71 294
495 288
428 207
215 278
606 93
17 170
196 175
57 168
62 174
195 34
262 172
732 208
671 10
192 300
65 68
62 290
424 315
279 293
176 3
450 106
513 163
205 249
601 39
629 315
201 172
188 52
422 52
222 159
215 80
153 226
99 166
613 299
361 163
125 197
204 102
457 253
102 283
96 9
287 69
560 214
536 186
415 112
472 218
177 14
769 163
86 189
333 298
602 218
