20 697 841
17 294
14 3
11 226
15 690
5 439
20 528
16 500
1 260
13 328
3 188
9 566
2 80
17 612
20 646
11 20
1 152
18 18
1 392
9 286
10 577
3 621
16 692
17 76
2 54
10 285
2 324
15 559
7 301
8 654
15 5
5 627
17 419
5 281
17 654
8 695
14 204
3 339
16 125
1 139
12 657
4 235
11 630
4 190
7 671
20 243
3 344
1 115
20 210
5 605
18 537
18 245
19 333
1 37
16 502
16 490
1 136
4 277
20 33
17 95
5 447
6 585
19 42
17 53
4 470
4 61
12 506
1 621
18 216
9 616
14 245
18 511
5 453
15 213
18 110
12 563
11 556
20 674
1 215
14 512
15 432
15 356
9 253
10 154
19 504
2 511
10 270
12 374
12 35
4 54
15 357
13 236
5 537
1 394
8 289
13 63
20 187
6 338
18 7
18 126
7 290
15 341
3 56
14 65
15 18
1 164
9 567
15 666
17 281
9 91
13 629
11 86
17 158
17 52
5 609
14 503
20 210
17 62
3 305
8 61
18 535
11 532
13 354
11 46
1 258
15 326
18 1
6 258
3 622
18 465
13 669
6 57
7 385
16 139
8 639
15 666
3 216
15 146
6 18
10 255
6 664
8 426
20 634
9 586
16 177
19 641
5 591
13 232
2 661
8 676
6 672
14 71
13 376
18 378
13 555
9 658
19 329
16 627
19 443
8 686
13 234
15 618
3 364
8 265
7 595
3 506
15 23
18 462
13 573
16 541
1 620
19 558
16 47
2 492
2 567
3 447
14 522
14 368
10 145
12 291
20 241
19 268
20 549
3 441
1 369
6 424
5 304
4 200
7 192
16 299
9 555
15 507
13 655
6 452
7 529
6 430
13 405
18 367
3 571
15 467
11 510
17 145
15 610
14 29
11 217
2 524
6 428
12 107
4 143
13 174
7 395
13 142
6 214
15 403
6 485
1 495
17 600
2 28
19 587
18 372
16 650
16 263
20 35
3 462
7 10
10 12
4 373
20 23
17 546
14 418
19 302
14 238
15 153
13 611
13 160
8 206
7 291
3 577
9 111
17 232
2 271
19 286
1 341
9 631
7 205
14 516
11 139
8 123
9 564
19 20
8 667
5 16
9 153
20 565
3 131
1 524
6 209
10 455
14 357
11 107
4 241
8 550
12 338
10 117
10 668
12 12
13 49
17 95
10 93
3 497
11 91
12 162
13 548
13 80
11 134
1 647
5 383
15 368
2 206
20 493
15 526
4 228
17 132
9 517
6 18
2 325
1 392
8 273
12 145
10 636
7 188
12 489
7 454
12 263
19 247
20 245
1 234
15 676
9 216
2 643
4 509
14 566
19 417
19 496
19 527
19 332
1 217
9 252
20 552
3 177
1 329
9 283
1 261
9 447
14 525
3 453
16 635
8 60
11 405
4 386
5 511
20 140
17 190
12 427
12 74
2 86
18 263
19 126
6 331
8 360
3 283
19 108
5 97
1 92
7 305
8 623
3 132
7 518
6 472
1 445
3 667
2 14
6 414
3 211
8 508
14 134
1 637
12 117
13 653
13 173
11 112
8 301
14 447
6 335
7 112
8 606
20 67
20 256
7 86
17 589
1 585
14 166
18 408
17 613
2 624
16 429
16 221
6 355
8 507
5 554
15 29
13 671
8 533
2 570
13 510
4 45
12 205
8 408
2 64
13 308
4 59
3 286
11 226
14 133
3 260
8 326
11 281
9 188
15 21
19 223
18 142
9 371
5 123
14 279
13 545
13 16
14 130
13 399
16 357
10 631
10 555
6 478
3 80
5 524
9 337
1 343
10 257
9 119
20 317
18 260
9 374
3 569
1 39
9 245
15 520
2 381
14 128
20 55
2 356
6 402
3 126
9 653
3 136
19 138
12 452
20 434
16 580
20 288
1 257
19 625
6 308
17 616
4 431
20 262
16 62
1 184
13 281
10 121
6 321
8 27
12 190
15 191
20 24
10 541
14 24
3 625
12 210
6 267
4 252
10 469
1 654
8 405
8 676
20 333
17 89
8 550
6 316
8 480
4 54
16 158
18 694
4 210
2 461
15 28
14 267
18 620
10 121
12 7
17 129
6 312
5 257
20 196
11 661
8 508
12 73
1 341
2 208
15 165
11 188
2 502
14 249
2 681
9 373
19 302
4 79
17 313
19 44
8 426
1 671
4 297
17 300
3 638
9 116
18 145
16 42
13 601
9 352
14 688
10 227
10 81
5 574
3 267
17 333
3 260
13 458
2 8
9 486
8 102
8 266
19 315
1 185
10 639
18 393
20 366
14 657
14 6
6 332
8 649
12 48
20 348
3 69
11 213
15 423
9 459
3 558
8 117
16 660
14 190
5 525
19 674
4 193
8 47
8 571
2 16
7 552
20 34
9 472
18 533
6 260
12 341
14 610
17 227
2 278
8 600
18 493
20 423
1 244
18 278
6 478
3 281
9 265
3 317
3 594
16 115
7 647
4 74
2 383
8 312
19 542
6 626
1 131
16 508
13 339
1 90
19 49
8 575
14 614
6 534
18 36
12 349
11 234
10 387
12 313
9 154
15 657
20 305
17 537
11 279
1 50
9 450
19 650
18 151
12 245
9 280
15 365
2 211
4 435
13 252
9 459
4 629
17 448
8 279
17 595
8 619
6 576
13 605
15 665
10 215
3 239
17 108
14 659
3 199
17 626
13 143
2 605
12 501
1 542
15 187
11 695
18 258
19 336
1 649
1 88
7 82
16 75
2 381
17 690
8 154
12 560
19 27
5 50
17 522
5 97
20 57
18 612
14 586
10 434
6 301
6 32
11 141
18 509
17 601
20 31
3 568
13 489
6 435
18 311
8 250
3 577
9 413
11 394
13 442
11 24
20 478
12 159
20 139
5 467
6 350
13 309
1 40
19 449
12 237
17 504
17 114
20 418
9 134
1 455
10 466
13 355
18 157
16 240
13 153
5 664
6 676
2 30
17 122
11 264
2 408
3 455
17 303
18 302
9 427
14 563
6 356
4 629
11 27
17 319
2 249
14 666
1 664
16 660
18 639
5 305
15 152
8 438
9 421
15 143
14 664
17 411
17 126
4 397
2 480
12 636
20 86
9 447
12 52
7 504
10 297
15 472
2 357
17 376
11 465
7 635
15 297
19 581
8 409
7 687
16 335
7 320
10 418
18 105
6 419
10 660
1 108
19 147
9 455
13 131
10 239
19 298
16 485
11 31
1 460
9 471
16 684
1 376
14 260
1 147
4 568
6 278
7 143
4 223
15 362
4 30
5 558
2 201
18 211
13 695
6 297
12 382
20 480
5 492
16 440
15 185
9 537
19 83
15 139
12 66
13 179
20 277
20 565
6 527
1 689
1 15
19 129
16 257
16 280
19 531
13 458
2 98
15 30
13 282
16 309
4 381
5 213
20 518
9 142
17 417
4 260
20 16
1 103
2 159
18 217
17 556
16 305
17 588
10 178
6 5
6 548
5 627
4 258
18 13
20 454
14 412
3 544
14 481
16 160
9 263
19 199
20 654
1 595
6 262
7 598
20 626
11 488
14 101
13 160
3 324
5 57
8 486
13 76
5 403
19 140
7 264
20 436
19 547
19 153
17 132
5 564
13 560
8 47
13 690
13 102
4 108
8 672
1 209
7 53
4 64
20 325
17 416
11 375
12 464
18 146
11 538
11 270
11 167
10 46
2 460
13 36
9 471
1 228
7 636
15 116
2 573
15 489
11 575
15 239
6 346
10 614
6 289
15 551
7 518
1 610
