258 518 279
33 260
88 141
193 408
153 499
130 207
46 61
163 225
253 455
105 285
110 261
141 429
205 246
161 442
117 194
258 176
126 259
103 6
172 490
203 252
173 84
72 220
146 518
237 298
216 96
61 168
133 360
92 408
223 154
35 117
171 489
148 233
94 490
44 58
4 265
145 303
206 210
99 339
108 507
157 338
213 165
38 86
28 273
167 152
65 210
212 358
45 110
80 3
164 297
36 210
223 258
121 261
143 437
140 455
124 275
6 188
123 71
93 358
205 112
57 418
208 352
157 347
119 19
152 454
141 461
4 161
106 273
70 77
196 186
71 509
30 421
65 147
170 448
79 107
154 273
157 252
136 312
6 358
177 244
199 86
28 86
235 444
198 433
187 152
97 124
37 33
181 439
9 500
33 251
38 314
242 454
181 1
33 440
69 272
67 389
4 409
49 351
136 201
199 312
240 215
145 253
125 228
141 469
44 307
170 117
44 374
79 475
130 25
33 427
224 459
41 448
9 91
103 436
85 187
33 51
168 477
151 240
81 218
44 482
204 212
166 70
192 347
34 266
242 359
34 15
217 255
44 448
183 95
163 176
46 100
40 194
146 267
125 31
157 295
131 4
103 295
52 10
249 198
170 189
111 327
233 105
10 384
44 246
202 110
7 214
252 109
181 95
154 493
72 188
93 386
65 499
253 328
73 172
33 500
121 323
2 67
247 135
70 441
3 178
99 236
70 301
154 97
222 372
21 97
6 339
76 113
170 195
38 10
119 80
10 308
154 238
37 384
150 488
35 319
137 183
58 412
71 280
118 350
254 239
170 483
113 446
215 436
73 15
158 436
152 312
177 350
179 421
171 65
104 166
111 468
72 295
109 312
96 368
126 446
181 199
33 83
102 424
84 19
212 214
68 494
26 396
198 492
215 483
117 242
40 89
253 95
216 160
209 13
250 166
122 330
189 468
20 186
98 309
128 11
36 80
246 277
187 407
35 408
255 99
21 490
179 409
16 348
14 202
207 9
122 27
192 57
198 378
11 383
153 343
173 165
90 303
233 179
112 189
117 352
45 321
57 4
54 288
218 149
198 26
205 389
210 283
65 11
16 226
151 222
5 196
239 208
258 504
43 76
66 130
172 446
105 486
173 165
255 424
78 339
104 275
149 132
248 27
67 162
144 110
198 227
173 82
133 480
63 183
41 147
153 269
98 423
210 148
111 287
86 251
40 54
69 72
211 224
153 500
240 501
76 379
197 398
29 79
189 272
221 27
36 299
