982 372 237
510 35
809 353
362 370
921 212
354 351
95 242
460 156
70 149
975 152
321 165
131 16
615 168
480 315
964 12
537 4
380 205
335 283
526 151
206 280
672 213
767 253
801 307
209 251
981 67
617 258
892 194
21 210
572 221
903 85
188 45
286 108
634 207
828 304
932 133
116 5
185 335
529 5
976 180
683 233
68 303
847 133
524 229
975 238
470 155
466 290
335 221
661 343
935 271
522 213
684 311
93 178
801 217
357 163
56 263
290 342
954 19
743 93
235 275
644 234
889 221
428 72
718 276
608 18
66 124
93 351
954 354
482 194
1 348
751 235
53 322
572 78
180 14
489 150
938 70
214 330
397 147
175 364
276 252
230 306
485 263
345 218
484 126
737 187
344 69
145 84
873 198
909 296
747 89
160 144
760 188
388 84
235 368
119 59
911 319
676 267
148 254
967 235
215 200
241 18
240 327
232 93
734 165
75 67
72 58
790 371
589 268
495 358
221 52
652 283
432 141
292 49
964 8
674 112
154 363
527 94
920 174
155 63
207 51
316 264
403 19
292 345
14 50
369 100
626 362
292 4
556 201
106 285
672 25
449 332
384 231
345 235
229 341
187 106
832 82
283 281
183 253
364 4
608 319
151 242
171 19
100 360
150 359
691 49
472 301
593 119
927 228
820 237
250 21
568 161
9 262
838 263
333 216
371 137
846 191
666 338
841 315
146 185
291 85
736 322
235 40
682 205
844 326
307 80
746 80
850 25
377 125
661 333
245 244
711 36
411 210
160 41
475 364
930 146
46 78
762 85
780 370
745 326
265 244
156 196
337 271
178 300
250 24
768 207
278 68
731 60
656 120
347 168
178 307
771 227
434 140
126 302
740 303
568 191
185 258
341 365
180 134
855 66
441 190
604 210
913 9
312 208
100 144
199 302
840 45
471 203
895 24
938 190
941 136
55 31
973 175
518 179
335 46
513 320
751 118
553 106
883 93
25 18
552 23
719 151
634 193
45 302
377 243
474 314
794 9
91 164
555 353
485 226
356 101
203 278
724 45
869 347
423 257
386 297
544 52
635 114
531 300
879 335
