806 422 942
501 141
764 146
431 132
426 264
690 164
531 19
117 359
461 401
391 63
284 47
174 321
575 268
528 408
485 270
674 56
669 114
187 348
442 105
96 173
204 186
650 162
424 421
279 169
666 241
632 326
106 219
207 348
532 415
562 53
557 190
547 300
285 205
436 170
697 17
40 290
266 12
477 261
413 384
779 128
80 108
146 59
10 46
328 359
621 337
404 247
430 416
621 408
12 30
788 205
180 312
381 53
446 372
647 40
355 331
543 173
84 227
763 398
648 144
474 404
164 253
327 389
467 279
195 362
436 417
527 83
338 374
74 95
87 313
604 295
248 126
145 289
288 67
634 407
626 299
244 384
723 329
582 103
469 138
259 264
359 92
50 388
228 397
116 407
747 257
722 361
146 20
702 262
262 5
720 362
66 346
69 76
612 322
490 44
745 364
678 271
784 312
90 304
395 20
604 323
481 26
132 293
488 50
161 144
6 304
546 176
63 307
183 53
150 293
601 140
416 188
46 30
38 413
453 234
263 124
152 313
281 233
49 10
536 301
622 287
550 173
776 319
309 365
224 217
31 177
373 116
738 364
419 55
656 73
234 55
456 366
532 281
283 103
598 52
263 289
263 95
355 8
736 415
393 173
552 120
467 19
37 29
565 313
568 174
473 85
297 59
570 338
704 286
287 96
657 379
584 215
456 387
207 84
453 2
688 65
697 277
169 259
712 78
351 12
499 67
10 114
243 21
363 285
371 322
422 337
329 242
709 190
82 20
767 376
427 377
785 322
265 16
633 340
661 220
479 97
664 26
112 230
135 98
724 147
606 365
530 161
263 348
316 397
783 52
3 256
446 316
150 2
176 19
626 336
581 253
438 64
137 269
211 380
656 210
661 65
698 187
543 171
33 206
363 17
79 224
690 244
547 398
466 47
83 139
478 271
303 57
781 358
52 116
523 238
15 112
583 306
384 105
176 73
625 36
524 396
310 404
540 370
147 376
557 375
636 320
451 42
300 4
356 207
698 357
372 65
69 51
681 124
583 52
229 26
683 287
377 11
675 402
16 384
71 263
364 21
489 95
717 66
631 198
684 226
736 7
131 203
658 325
366 337
783 396
674 104
802 402
209 256
556 63
514 312
473 332
576 364
157 353
205 256
714 122
777 420
100 167
405 325
271 334
479 17
290 301
508 232
393 17
460 5
466 211
93 255
524 359
222 37
214 305
14 69
532 27
65 212
630 127
364 35
161 367
563 154
261 315
208 226
402 411
555 122
497 273
187 65
283 29
184 115
123 61
784 143
792 403
767 142
802 334
503 117
700 121
571 162
630 55
711 163
34 406
343 145
681 120
165 65
280 100
297 252
506 170
194 305
723 319
603 340
493 156
212 288
507 318
556 306
800 55
112 226
385 292
419 366
448 272
340 84
782 188
148 255
674 294
559 306
486 405
65 236
383 186
694 44
160 272
30 184
357 253
450 335
29 109
408 96
359 173
577 283
444 84
535 173
344 143
689 271
257 387
136 178
307 183
347 157
741 78
436 45
217 35
226 25
260 189
240 206
496 211
214 17
319 30
708 323
270 67
639 194
313 46
247 316
167 19
667 177
622 250
482 413
507 293
632 241
204 112
323 130
263 107
677 196
45 403
55 374
747 316
573 260
501 268
320 18
131 170
530 372
499 338
151 28
532 119
442 296
139 99
228 179
345 284
485 122
286 411
580 99
728 215
457 86
103 279
235 97
84 363
367 167
308 388
493 30
399 155
400 138
768 55
597 384
115 360
410 94
721 52
20 60
798 359
139 409
637 298
754 278
619 248
416 377
380 234
220 358
713 58
697 198
624 237
484 248
631 137
169 9
544 422
188 275
386 231
412 38
97 319
373 229
182 222
572 66
361 245
281 91
124 49
566 230
41 61
146 63
381 105
306 287
487 61
737 152
48 412
366 407
621 268
360 400
8 315
687 249
806 26
543 333
435 25
33 408
767 334
121 80
262 220
223 158
368 152
145 340
536 122
125 77
609 262
432 18
528 207
505 414
708 76
63 105
49 285
481 415
41 175
193 174
165 107
201 271
141 382
2 111
588 166
393 271
349 145
164 118
748 277
658 103
550 217
590 392
213 147
42 263
703 390
154 116
321 334
454 287
287 23
627 266
141 298
446 153
288 264
251 43
684 318
579 400
244 246
423 320
526 51
25 18
268 328
342 14
285 274
628 168
475 408
351 248
290 56
715 164
167 352
77 421
40 254
405 269
178 20
551 238
496 100
720 123
434 127
205 390
284 155
9 391
374 381
417 101
35 363
324 104
392 46
351 410
348 106
478 262
752 221
742 413
394 332
508 282
140 380
317 122
687 219
167 420
368 325
143 258
317 254
642 117
310 131
616 228
87 253
105 40
64 361
734 196
710 203
794 232
400 194
796 211
101 22
759 321
507 147
665 171
316 410
175 5
422 193
507 70
87 255
62 292
441 303
74 121
487 69
366 125
341 275
664 196
187 251
546 161
777 334
334 396
386 3
295 321
407 42
506 191
275 24
638 102
352 177
589 416
247 187
384 261
555 43
503 133
505 288
469 312
551 181
533 263
490 119
81 77
206 421
791 399
128 403
560 121
665 146
485 207
336 400
656 96
722 396
106 43
767 37
617 51
205 376
490 289
675 25
108 324
228 377
503 289
530 327
463 294
89 142
158 192
98 43
182 8
511 199
67 10
794 149
244 202
336 305
38 362
753 114
369 402
549 264
505 114
229 311
609 229
259 388
456 106
747 2
188 64
763 176
356 351
716 230
755 127
394 284
739 271
164 73
9 252
187 230
799 321
139 145
409 16
204 20
765 246
38 301
93 89
28 324
735 266
143 40
589 106
208 55
330 115
766 239
137 232
274 420
596 13
644 45
551 395
590 287
487 242
344 14
346 380
305 81
81 363
76 276
541 231
462 349
593 297
287 220
429 371
340 234
734 312
377 190
360 231
752 108
766 170
285 77
369 6
355 317
585 415
554 26
726 235
103 51
669 303
414 210
156 201
373 136
740 190
90 102
166 76
144 108
536 196
317 91
461 420
376 322
762 164
41 384
766 372
730 148
397 202
564 249
88 291
566 232
685 239
227 397
738 398
282 27
283 358
706 17
479 242
368 166
99 110
162 196
337 368
656 8
377 417
371 157
155 334
399 45
663 1
615 285
645 321
276 155
639 96
445 212
797 342
331 182
664 211
57 140
512 178
307 164
593 51
594 45
704 149
801 346
166 21
728 255
289 172
327 213
247 242
225 80
798 46
131 390
116 136
704 82
389 186
337 161
241 155
412 329
780 303
141 41
135 160
93 376
130 145
605 100
514 287
283 233
486 340
209 232
333 313
667 20
691 329
670 228
373 158
680 274
691 85
234 172
27 114
522 211
619 324
412 353
385 93
6 297
262 237
23 279
143 374
565 366
658 149
302 75
372 229
489 229
85 37
564 420
403 398
193 11
561 274
94 368
786 229
515 91
61 254
133 265
781 48
603 290
61 51
559 117
473 192
180 318
138 107
644 201
344 282
324 254
306 3
500 407
337 64
218 176
556 24
105 46
771 21
128 337
755 363
58 202
45 57
178 114
343 109
519 276
155 402
246 244
10 406
226 418
533 188
441 108
44 206
769 87
303 133
628 411
464 41
437 237
691 319
159 261
241 256
784 14
235 132
458 401
51 390
791 76
583 241
344 155
378 369
603 136
746 2
764 333
781 249
555 72
655 334
356 369
135 232
430 392
477 243
47 99
428 96
327 285
17 419
193 181
803 417
46 384
641 387
70 373
275 12
181 411
35 240
563 110
587 207
540 330
585 169
247 133
150 395
551 159
561 296
594 121
184 39
432 70
731 85
624 147
489 242
572 11
549 400
421 6
526 26
183 235
520 124
706 294
703 176
570 133
363 294
179 386
116 404
248 334
101 347
312 275
695 91
239 408
28 205
531 256
763 155
386 314
530 29
234 268
792 110
340 207
42 271
744 84
171 319
383 46
624 334
105 47
712 54
322 129
222 146
248 380
138 342
14 362
185 291
267 276
189 112
253 313
132 8
219 75
110 41
391 311
510 111
618 338
330 138
733 213
626 260
524 249
91 338
679 14
592 279
62 53
397 354
804 389
196 4
637 382
120 178
614 335
321 222
608 202
246 16
715 219
339 95
469 283
346 105
588 79
486 146
619 84
36 157
161 88
156 267
663 233
89 60
720 101
756 265
70 86
278 158
283 360
379 295
205 139
376 23
633 208
447 64
