467675864 256222764 902
197731639 236776317
345264063 77981785
17161620 211181821
458443848 15913471
444963418 165728004
347714534 229729515
151429130 200184837
68640396 146258386
330966276 125774402
166610339 140386340
271872793 162145835
56852051 18096779
421857237 221138355
363125349 69632101
62546106 115539910
88871162 214459559
92450382 225434687
70259084 249612409
154225115 211663518
399045173 153311454
118203483 63407856
369197121 2127500
330791815 5576303
241457093 160733759
356076010 93933471
153004244 69052723
261034214 174670411
150955940 210029118
149837363 137620654
178241689 157943664
250870668 229291508
193541598 221129648
22490316 214037683
456837219 139082858
286260460 33078258
66300485 70671325
277094321 242802517
127316435 103600466
3155132 208483067
136157027 109986129
71208851 203084495
326741786 4874439
95741583 99095422
104097271 173539518
342451643 218317364
453236896 112397303
343388417 171872493
167800911 150019894
352701290 104112592
29757570 123705841
190419343 120104084
346495458 31928397
447329980 33377800
320494057 135697871
456344903 57869511
378953323 209886051
26164730 103627689
90098557 143293330
463763685 254400713
64424410 58072842
414163283 183740242
147037304 145915744
223351379 103139233
313325694 132670405
327841096 65665473
273872241 88917627
172509023 20692196
326817363 151282133
366654921 67115203
323170726 129193097
242802876 4935101
51199567 181139165
351823834 227129023
441294675 241315378
69236913 145005100
325443399 104928326
113427776 175103711
162476642 110721031
366423184 155424305
17667436 8999170
34897200 50910081
199131328 158705118
79266876 183238506
412615999 167017777
3144441 226065767
40042132 63633695
141474824 177129902
35441959 11448635
306214072 32830337
235890394 55223906
19969020 83876709
373186449 217638003
132488384 225335694
173672333 31325252
57411662 141393655
9901990 118008523
377147568 29534453
21705413 7564775
338747014 124628201
29341962 24720011
354602837 136379680
49323578 11711873
136045353 251406837
419701693 192588191
135697189 18227671
346084048 165051599
447602276 217632011
259370850 19076042
27094923 175431141
143737748 141825458
336349414 106059728
16312035 30052338
48924004 111320060
116195706 211241126
193792421 24065175
290148686 97097791
69746992 207391544
326443070 154233674
409554463 246694579
5517655 148539175
102399144 183019141
393987457 56635339
247024478 985296
196317482 168276375
283464417 146123430
331042397 188690047
72133065 79395698
195763107 201475228
391780268 54870198
260244799 189001221
177439077 29402646
228488368 35864601
256565342 59453921
214782339 68100304
420075510 135430644
78976721 164892404
47660931 130901378
57879721 7276990
99030184 54836410
312640211 43377840
457371034 39748697
37268801 65287516
49671430 112179952
396511521 34203055
249591063 228479394
434631651 198073293
165617028 141197207
25879915 4405535
431976910 253845592
164125269 168495752
113037185 99382021
205766286 221916340
235963772 59401468
379536501 165216528
93585697 68238642
168134275 1029319
372440558 184635212
186622133 256155088
277156694 81099802
379387276 68928369
163397886 10033818
186602138 55262160
288718418 95769203
395413913 117803500
182253855 178641840
367887565 137994262
248109011 224650401
128982201 122909596
189086282 51975126
155737612 241668651
237683161 209363954
461407094 200329642
436813589 142859715
438926479 248238076
228213002 139531902
358133310 65550851
394162544 93311375
298177886 133740172
157499326 43781112
254822863 17952251
194477978 142995591
314542414 255188233
181533318 179206388
357640405 245751058
44677541 58143893
211089324 59635283
351257610 172578040
288596040 56881530
155748005 233588553
204307855 155424556
117587230 144173496
58044152 194908790
220193835 111404797
81628276 179413732
78359245 207237797
360941035 68718877
62256465 113008617
228269827 108422712
271282680 243662460
196811562 100809743
48323441 27096936
346127104 105760655
92384412 132911450
350500599 91951552
176903989 34363908
251659605 129779788
338828791 9807238
326738777 41105075
79518540 132455195
377759895 49451038
236140902 122474771
321019400 210100333
193035664 139954809
255875865 47739359
54313685 36355967
139003871 177475003
211068068 219873897
134163890 213915408
221897963 248589100
319662472 1966210
54711416 146382127
144207783 44492183
62269769 66649351
410945947 160662359
245672487 140664167
35057868 84772073
430627894 93510975
76828490 39650213
45009035 193122336
332317652 127422620
51156517 205748482
40397179 102297778
413157240 254478057
35269556 23886638
80892638 80902746
261023414 97493733
149272275 39077809
236582900 100132310
63001418 141264760
289712224 63438408
383271842 158719389
401225935 233371747
56926927 39820201
179561251 218018575
170246718 46603174
299470371 251088694
99483246 164630051
462325795 126872735
448023893 92140970
456661986 70379691
353314921 220933750
173236977 136539826
118615037 207249573
190392752 215713972
457639885 183038060
291764537 87739878
82880377 19362757
271456729 90784447
432086368 28625838
146184089 237399710
105141945 247968561
372367901 72271303
99806049 7767015
115911443 63159016
378242679 190923885
94218303 190632805
345336436 129613784
278980272 132164242
137111841 85589325
87340133 243418963
137816418 160440905
144943029 149434058
122761875 20951010
134347264 100541160
168350051 63742733
135363566 254079184
429698808 187463878
252142203 11264636
439017148 225028642
81910118 251158286
446887105 160638446
71557776 124664489
168958346 39966005
416484629 166533333
223928180 1382692
283508011 207247939
386031627 211708128
407032075 134116245
172992739 139907399
466698917 71876164
62563850 47197015
258209291 172088150
130910514 177146151
360077367 4778119
27339944 78369516
77024716 57351400
76294051 68965232
333771583 200244735
230199427 207763505
418672312 167238951
400185177 101474560
93288550 144709231
16568423 113447832
275266711 182791330
424439801 62516709
364044408 172045315
93524608 138938422
39850503 177911445
389948027 237076538
270916398 7884881
348862628 197297668
51394664 81637539
443925681 103817418
255849187 217261958
235768167 168694445
450699617 55429249
81507569 217121991
110333777 248465162
65193630 5637772
313831282 70334276
285753593 170720796
10931544 20317044
433310460 162062392
115246398 126498360
106657108 250985585
69140820 239820036
193116481 149528224
87268734 128489953
50003837 207092781
267149908 245674781
452808035 162321153
350524682 74344942
240706046 190594343
150617761 170297330
28489912 234479400
31200092 20842609
233904122 7465734
233676465 116634203
238430698 95021781
55451529 198938349
5552059 71141205
226058858 134418290
352382642 121605761
85891223 211079047
339523517 135763099
294365824 104063876
393131805 13891140
2395069 149470586
166813472 71369916
2884524 93131696
231996279 141564232
350079613 158362953
285894269 158932156
156470895 43707658
81420231 87233182
246091767 37843741
201820831 241036335
260099789 28729246
212381273 120205119
281221035 251401973
265419660 83315562
267613065 113061221
110949728 131419261
327437035 202789638
394220984 64301707
50596453 71095657
256958303 160237328
257448151 112192918
42243072 6013968
422944159 47458526
303461894 136318011
401898361 236532300
290319979 171144137
24093728 124582819
394920966 98863264
22066506 36872587
146943736 14497520
195834956 155367610
375161320 130963870
456146431 33219704
127143634 139552458
28389288 46383409
1767228 236659999
395286461 90696263
257289136 51566526
204199042 134172779
181123205 146081346
326715831 15006116
423557340 218537189
349844518 191751329
17047553 80460104
256521632 140754637
32872194 92816231
444531871 140571629
196544167 19797437
212341013 57127050
467432438 7827479
23950697 20831492
206600118 420844
462112144 152740414
19658911 245873273
10244453 152567559
24458168 100743336
251886896 170686215
289405300 91836906
237192165 93055555
247058753 120387599
262252066 248355508
429630692 235495437
137649777 194606657
404725662 1357392
172155707 83579529
320489955 179774446
191624652 38344040
102615774 29481741
368941570 58440207
173436576 101506661
8748194 52059267
131859861 141238252
130073413 70203276
428955106 150427966
332690617 154244222
452975568 62429449
259509215 65631073
405025088 72405222
27866828 143412178
95378974 136704894
407542988 108595656
448226281 138275089
225747499 189554385
269705445 69375691
338917639 173655416
24475527 174150740
190329696 253936246
244414529 34640215
303289469 208798319
38994614 82568623
140994352 39298045
335414898 250714412
215468557 209384203
183416165 76870069
401363303 252743834
210670464 155470237
201724705 95451989
437652310 44837575
309324680 184934682
215878151 76314994
355604455 194449999
281230449 215810567
364784193 166660771
447779741 227908261
27535547 92664107
203672928 184627084
440785648 213232951
76619674 167514103
414984001 85687520
125104241 83047140
205655212 107691879
44892161 82063241
38162739 84419791
359740857 125763225
399636957 86746849
260313943 27591212
406256713 31656757
16910204 133291376
223857282 249067959
466663844 114259627
88789054 83269415
311783593 93894990
433670886 107675361
266343364 80486345
154855114 44219211
319978120 140934459
155970736 227670834
460972819 113376233
454546808 85915361
86601874 221527045
133681442 68423945
431267560 107446277
107718821 173507232
126738409 156838358
206710948 243012945
20256532 95102193
235381638 84330605
272553149 18463519
149118747 14030329
194836304 20621283
384356896 66884812
33874661 63327188
142898465 38016946
147050509 88063520
278876876 38510818
113690429 76606945
315409370 18424976
206140816 29428084
57757461 113250090
302919222 163737677
58217195 108045699
433478853 154533481
42756020 151734145
419945078 52410726
218464621 176520610
187743968 86212525
429563228 222038456
352388149 213257831
34451285 68726588
39401322 234311646
198684380 202178769
272731107 80507216
99372977 29229812
76514020 81397621
81332410 129176065
149054583 188060165
11040188 225635170
346776790 243122824
377618061 105601152
237264126 121302020
340523972 114816007
133307402 211424970
71806789 156124907
275401592 57250472
132969410 200591548
201418629 189354042
93551609 77200953
238533004 61376043
395936657 68818998
195915219 185060888
310951928 120295442
447435700 119921100
409694741 241270710
413706916 5078417
275054295 66117628
288305924 66511544
87168440 114246283
389417719 15048404
63212865 198158648
211898083 132098714
91891499 100819280
279319623 116356911
404269579 63390633
86006289 153582634
322936399 236985149
422299925 34471691
216292896 170002306
393545593 149938042
395088556 214254015
297935928 46651708
300931163 48593596
50346451 130912613
36499074 247489674
417778856 198666696
35535815 78858681
183085497 163058599
243130473 224364254
404030145 119607370
279145893 155998695
271946521 211209799
380778521 199419322
365934583 56095251
344248675 74632067
280006643 165785385
265276763 250026496
186499954 166236113
213831249 87667953
426642935 47812559
248385637 52717850
404948002 63099503
384683657 89897756
131766125 192683326
133271730 172451167
202272090 147728686
75632527 98545471
413641720 141946395
394495316 110905590
267396656 239975059
397887827 139129553
86629036 156057817
263001493 109006583
449675133 116228366
321175249 213347177
366653157 174978627
443821117 237567214
240627861 90529766
47499965 41531750
199092442 68424337
144422379 4704914
98486315 170285099
311268143 212741112
122638755 56666209
284461139 178986933
38019264 218508094
249205386 158719673
79343761 229209072
156219355 200708654
119796582 101806712
366810032 91198282
111097170 26033048
35183205 40896862
286687097 216031250
65040645 169796197
68705829 245995975
69208399 154884567
94069562 15445938
301707515 169553677
406070352 54644590
423056360 176046066
210238968 105062367
420229725 14186274
344166783 36537033
426199415 254228881
284560352 62402653
12988960 243789377
331038016 73533028
53722490 42354428
337964731 117999858
195474421 183998070
153046396 196418514
413270138 222693945
78131877 156399227
291487863 101519772
218611127 88882938
165261012 51688213
436471979 179523496
331045108 117936417
117334331 226017501
356254795 253438420
169017847 46160875
198012467 155260283
353723849 10011847
94461745 95892427
202723327 179099695
323744807 166407319
102363092 185681857
86579621 208290481
197295157 243206217
241268705 150998316
388898598 100601149
282099575 42316916
298679045 10276774
220638130 252140622
95402709 75766069
58368775 53931173
47676251 173617838
57884289 47330271
374246430 247551523
389762787 178526708
91166624 32838942
81861428 128529047
384775299 246391091
302994457 227597035
240263802 116276710
260444789 8034882
392637196 194254264
367782727 219828883
448631349 166519033
97865124 527917
111681089 187776061
140520607 51113584
457322600 107004283
328546573 146524090
288509043 217021141
353989223 205375303
369976211 141552187
284731735 112016185
261937605 68482725
143271121 123650710
9377557 35314669
329165699 31896918
9649440 47566842
369533116 163369639
181972671 140027125
196515605 54701623
188969146 224919401
4458114 66859340
365609112 91232854
210928385 166303186
82968245 93154479
24127215 6562385
390914474 230170102
59144359 6247565
205799964 121223762
186902708 107127054
422500135 133404516
263396384 246357512
464652888 63287401
216865526 114964958
18840022 56941918
37585529 218873889
294218566 202277464
345751447 16192344
123518738 130670954
83085316 74783735
78724570 141268290
20569028 141312560
197062514 156254697
407382408 39243564
283892269 140367822
125233639 248920068
181889806 31126623
309976366 80296137
273434042 109500763
326790259 179666769
225767541 177856232
351627111 115048079
204073039 211409591
305757104 202203172
384974267 46399299
188004094 50509544
224479370 23930012
128906088 234246629
101836793 8374153
393473212 21534062
290344187 710090
416036326 216267341
144594575 4079674
80361091 28889782
299430230 180120423
216854034 60637701
416783739 68771582
159564760 241541397
438778918 213361889
143303695 30320011
352004219 169827136
281100337 100591035
307822772 203567540
218347592 94324297
104498372 45938226
143215056 125195369
185487991 64568586
223174920 4077591
341518998 82549036
467078597 248378317
9233351 106999929
296354640 69316421
61860376 251170792
435442522 82387747
122065847 87163104
104242584 116514299
131723862 229192088
103092226 179152061
240708779 62589098
22944790 212742213
45335337 223339629
78136551 15508047
333808581 164332009
273248302 134190015
128552844 211694057
60662083 126523219
142918317 66448064
144647338 91804189
208166383 115739751
450528764 188849617
402803976 67428505
172637714 210633484
200024921 139122665
35162092 187206945
56257832 12887070
194664422 241945899
88875720 41255095
350243889 193924162
181033153 66589937
146033924 50108799
440639675 10566578
442950297 207542357
271769739 206213192
424577600 127017789
314370395 228887164
21586490 217998290
145822276 114248012
300454273 15999893
117739416 60229779
331619098 239523180
325785489 30400182
353283606 69659696
185553714 65012346
174475097 122833577
210315529 214738833
99933273 46877812
93322878 75119672
250052270 4625416
360411103 102640390
63683142 54466572
64428892 58467891
42468798 176798500
236594754 114671072
158103025 244946407
153891720 69677747
157690111 43442458
115581879 31980318
166373877 158532244
60904746 142710291
257744202 246858336
445947970 93571151
37962448 30536672
310191997 5657384
445804581 230887197
259110238 189788043
452033894 107446185
315262121 164995314
415368426 46700110
46537452 61436961
409034214 63582156
427557032 40699305
174241569 49762660
283637405 156662975
2934912 28085745
236141483 28675898
314728568 116162112
389609523 12502564
13747057 152619865
297110031 12475638
213566722 69323921
54690676 193002951
181224641 160885165
163629147 192250793
283177086 112142223
305460023 31417039
421231780 92120332
221418205 117987357
90157040 20017716
313123103 82132835
8142456 145839354
389908044 63784873
452783089 645860
99077012 82688499
203111398 131153053
59055818 14503901
395313139 77596779
314606032 51517449
91260876 146104067
36040123 216853982
181409025 173884046
64518974 135126263
383447545 71139123
175344777 178384005
311590019 145655518
369363208 151963855
438235397 168653549
100938868 16451058
114185456 238126074
120025896 167576576
86028691 63775527
142657502 295728
102706582 103376539
269742466 111610855
294211798 19814160
177889924 5343031
424048845 89981093
241354934 48187724
79660323 141157339
101001573 29722247
315223481 214933742
139982134 173389017
403207750 156221242
78774168 56498422
135948486 219120862
260785948 48001566
144216783 51405448
311735471 156992342
97264540 195103742
350599485 155500052
321724526 144963375
261960691 10508353
360524675 33058919
40754436 5373863
409715002 1300658
426656888 150019030
199378639 159463813
223087886 110677309
44481964 229645690
278883755 218165263
34255383 16707034
12217271 182419518
187940587 233748928
442771568 28142864
354517923 150388491
292431908 134650370
104611369 12267986
466887376 199425823
255251388 153229577
445396370 203432761
424150927 235969594
229950491 119637268
92396634 248799950
335166423 196539183
155809732 38016105
374418265 75161823
373052286 189742612
253064407 212255443
135632535 168095094
325259775 17566463
162437295 168335049
407881873 123127375
136480992 243765556
51742217 31218666
38793057 10806879
329059152 80464898
252644281 5034425
250651799 142180826
227229417 5133573
410584428 125671810
357641762 133096000
