814680456 858887897 579
691235475 733113546
44236858 472197316
517095527 3967038
794740436 485143951
84445181 431480747
557541156 775030306
114983758 289430701
615892877 341697175
435541585 460212075
702807655 561043801
421487337 763363864
648365002 487592036
347171848 103049796
527335890 24194813
611812996 737652972
261420183 348827514
515061275 516371377
239394029 704475573
427505946 697923919
275817375 579408347
307388472 118330941
754564866 349939903
104030770 446600144
191764517 339432546
240150434 443339440
712081808 532752271
194294991 652647325
389160489 66633227
483450165 698437721
390043053 326331772
136183766 516157099
494939905 618604558
99711000 631185135
241364456 80411610
586905725 411181770
172571762 698227964
654673516 224743680
307933180 543942
255526204 713063740
609308875 568843996
514431841 808277804
578843681 764025169
382173245 122614833
615466036 663486539
404312709 686385097
630865142 3111466
74612262 427873196
615256283 693913862
182559775 405700319
22250774 107667520
430756148 80455609
360788520 66236541
649812753 69914994
30007795 768954480
629561720 799225998
184042439 327609275
324391939 203964517
165008960 792543311
43784582 619644650
57246051 716628816
746977058 277371522
788724462 636477059
80162791 812964823
750361772 154489992
774714087 733853105
570084853 291717405
562590397 260749590
409229540 734399549
493042707 284730502
682553593 658482658
733133940 650635964
581863470 507776147
129763244 394401881
787166249 432380935
518996234 595685497
714715637 260826805
331413885 467894541
300335368 147838447
526258455 678935200
529432169 825814617
741845194 247733832
131568889 848084893
241076841 73115448
352100183 294210495
403278241 687042923
75268027 283787885
527311383 581342839
326088576 506517836
22391674 73523908
719437208 226329198
340436960 249681235
290855368 60219421
50409882 43728369
24358411 509483520
801420416 782861940
377818115 524182746
636440290 559577421
74642515 382192221
57531066 529295587
713173026 485511623
83305432 330326024
62380561 675653035
718539941 463716057
760412895 269712317
312086659 80884117
285392479 349773047
739347309 463895645
296595294 87835859
587360337 737848866
231217996 246698896
164583468 433925455
797387201 491429899
126400411 623059757
499867927 81151525
729047169 533651107
812855248 570881780
31939520 227177967
305758477 489339894
80106989 746120156
244632157 778005326
433989282 846577477
389861223 171639028
670398948 718186458
343893424 846707097
802341358 289640732
338706346 228046248
291151789 648713411
451943294 252636661
43940304 508221345
396243623 722144093
499536216 554901073
655016562 44871798
368037778 53148619
761581230 552176909
456109455 532025215
208721592 392207729
625668099 482097843
638724319 272072145
181707669 458273283
535785911 246291559
597487838 701884732
383303668 760852624
306528334 272391483
50450154 597728675
708297931 633112906
62990622 498795378
212778683 327023522
577633209 234855160
135135947 328031610
627771651 626321681
359719976 725980208
104882686 645380366
764248805 80330947
117853809 697464885
333132749 208056887
811946395 648490723
144154385 360642229
130020860 40726231
340934794 721455153
269160610 547609882
407528825 806476742
415796947 254886416
384587415 792536690
770696554 132241873
490989408 135695847
601810198 11473210
145879781 12496856
694117720 807551838
203864018 148901725
181111734 200047940
793845065 264394634
460266047 363051132
337151890 299729591
676431252 166298783
711814380 225245699
415985909 172825422
79970311 566689625
645272021 768095868
270168399 725563688
508164505 642153124
630372193 275866918
290346430 753130075
386450968 756893182
207223865 619807369
386248234 443698663
642133206 163972058
663074143 664447097
658435502 247312974
746092980 123831682
13275607 539859079
604588507 302956642
692644261 517165250
664425408 440225840
86377159 35899520
721706191 584053878
140177490 217991796
87383234 747332807
295100625 110702757
622924930 501539981
30965132 302107664
630106273 534697438
537255382 771493584
269418021 172445132
559795508 509034804
90023917 115700410
493997487 114414037
265548172 115207575
134234783 692702068
108650669 205016827
133803385 159045507
172739809 812532118
661212102 418603729
193394768 334410142
6101515 82644122
408019367 717839932
572609016 189091160
738974597 722841101
399320611 842784245
534298875 204360967
143356389 596907161
749260759 752666963
114716391 58265608
454490078 637508042
506794853 763446324
240107419 216035402
151687079 657437982
702151454 752282865
496271968 543960849
30577491 510446217
133936444 670412250
442354909 629069113
40297427 380890218
787964245 405307520
469391400 692843532
358495112 201534881
769129436 35822297
538805458 595931578
646580761 36509399
776619847 615724917
234241309 12148498
39978252 53262918
660472231 1827758
787407678 400956423
112404479 292867847
470986701 401803142
321029229 706096652
473078898 702932707
27584894 210049335
496317630 650447943
223317877 438166739
779927554 328392754
442410595 737544050
65430372 737067844
547111761 776546419
691153715 501186218
730705863 717516358
503415069 374525042
582086006 214919277
263659291 381690828
569714514 225547621
385539216 371462875
127144761 385003215
338743922 816285185
46063526 527163980
265316129 141415624
560141019 204537739
543007793 436700251
396143660 44849886
773060953 624490208
242334340 601475970
674684475 639740944
81964693 612212144
472467085 504197716
122667351 271448197
528608010 277389069
79950451 103294207
389311100 450166364
557406444 582135698
545432568 238078793
83246442 426889410
326663467 578467627
633291826 606856405
603278177 215305680
805143075 91545676
296195780 243364056
36105873 417772519
25857594 191211379
557711835 554201056
401673236 416757266
517375150 501452367
162848264 208755677
451129543 276841865
504093988 741137521
296678745 391158064
324348268 351364042
341479983 717407679
72191754 707025865
374186499 474882627
237747873 788771568
521907437 784807337
651178178 140527805
558236633 51002725
367132265 637219160
581848813 801911921
715218628 752474461
578711505 93185809
743270093 416051183
547572851 622989777
261763141 477862625
479829429 846673327
722510867 747199430
347815122 644922367
439090648 782118818
797265358 4895251
678821023 853151240
513820726 235148678
481103308 841837265
813508334 789616096
803856722 340494193
544374840 669642217
707285570 123719039
792844348 60368818
783326513 308751458
694335127 521282240
626909371 16382954
478567039 64187128
216490853 781246546
504998035 459785192
710186122 405463079
75528889 51931355
50057771 571145131
376639051 5831851
673340931 699685519
624428501 650428057
759443274 715338980
160274593 699840699
694108220 706651769
632119849 264794294
78552989 821418560
328009669 821455725
282140647 798613143
632800827 108010957
379646608 525026173
130038599 399968686
361039490 705830080
171615988 411969245
806505942 465335887
384428755 541943876
448946866 783072305
254817123 622824048
116124593 599990725
153978559 857593375
740380692 522655496
628600406 195151655
430449682 462598561
396294163 529840748
248267854 834148034
737963384 651415025
270410552 652748989
71622479 697535100
230904687 796287565
72548407 261829991
51544290 396067540
27756497 3278024
174321358 120372546
637721044 57603667
181932766 86982315
759799783 794946542
709312401 851350074
118983716 381306847
567541542 854051349
665517481 818031614
684577577 704234846
195171 283666218
276245171 767354162
791521768 716425874
128117082 542811263
392593335 878166
627332717 215528295
465276669 612630427
663751469 6913073
585021304 546162007
270714120 455231453
630966760 153651500
810345666 514510153
265083932 196613437
464793363 369594019
151082872 337091536
232330717 422783932
271424182 436471424
807109172 857197186
168277428 326101266
219301446 187559351
336912469 347427097
404895919 755418447
619229373 117816446
352317446 210458006
81694262 286288357
240379425 537565141
274366623 675177686
150086609 386593631
573941478 417735407
332065674 442710981
475832167 6469573
696100880 270555395
658416426 1386655
108544001 825144946
218605443 732870715
248053625 91668716
152542412 644541386
731647925 402683283
127027695 748074978
22395410 635602344
639573226 363896782
56994359 338426214
505847100 838129805
617813940 828377654
795837159 801368791
10064858 792465813
510959350 846939795
159065612 107713342
709027317 542844993
644714610 95238919
520950095 49787273
23309596 814359905
131748782 402525508
166447113 722792146
384317478 498293891
187169223 136814253
134856684 611722675
105963933 787788839
384024259 437528841
118936906 391361689
643348477 374189865
454860796 357571135
693693961 534929066
176384420 772461842
425103385 462225752
18300349 597796419
334939242 644029313
130572302 688800779
84375703 46787042
380371125 398958617
32908827 740422427
779953676 413455444
230145989 451805886
726127842 386419443
415186082 837789396
379621157 658414333
41824246 278499288
240565336 292429331
578528268 186783022
643087322 384135536
432883651 775353274
349593914 756511397
66132091 121325249
276828487 488575533
377073349 632435425
434507601 703424685
74816332 578610475
619492841 533093611
172205739 369525720
596993762 727523787
398353911 364725639
93108415 686354062
538983070 576391419
805676848 432312506
510540501 675501152
162832241 401354768
789265887 438363275
453209569 775181676
757138546 810832692
156444903 813167824
576655108 38505963
395378252 451420713
208731466 315468154
11339054 677173120
10191154 95495484
377276222 480378234
340067244 518413930
249428171 192306856
47436541 479320512
686430500 493601497
136654097 64867862
643497847 513183447
121652208 461887007
349172164 795938783
204082416 661100445
608244649 312927910
310855636 598692589
592104145 814641624
245003214 74440004
711314381 597147221
560306195 108319861
121019573 238415981
506461619 311235045
812670286 851363152
260055721 119702622
9735974 565211698
94025124 561543212
726934342 144065935
474706241 215760082
98095881 406851536
211259082 299269803
630361661 121753546
702411538 216378034
513418102 296268523
262817272 349270834
699198622 573059758
362593401 627006591
590034321 779420702
486222727 447128455
116893365 27941987
524685799 727192637
336316979 303478549
743829365 810189604
566639923 811320296
171337239 592829938
227218892 820956230
133533574 657143300
619953424 642695337
431692335 318695687
605692117 213767514
607838481 185027580
98017342 795546126
614793461 340454529
759524208 410295299
713416153 334811898
344347121 515734291
237271576 463171260
169817203 236903853
677231765 308467482
750544328 309736367
712792923 100298669
291110223 798877136
747567645 837641946
530467083 564037607
671336235 833230667
373449727 233999182
586120589 572247514
491954284 511732149
270014129 552563863
186377918 396730207
43898258 800270387
178545791 30389443
176814921 706640000
598132021 172501229
344475516 785731912
742089596 90528580
501843195 271104208
103999012 267033409
287377717 416475122
284588570 32577288
512737086 96016247
570677261 837939934
623237691 56764080
651208127 372405192
788422232 464950379
379919484 603403815
357412635 764489447
222160444 764177762
220818153 463565490
166023829 293620996
545306061 479192909
389302764 312008629
740163140 352120917
314512347 145650575
582729675 473151657
768074586 502305905
198036233 827427911
399126785 299814659
236133440 98119047
211294781 668963767
59631826 69223456
158940520 846374642
317774852 105680876
645872939 846907899
455094249 644262430
802896805 663239136
