165621154 840799355 491
129724151 721620054
33898821 59660742
47779023 758381214
116170259 13256222
143194714 815894777
5185910 57641079
100814822 424349281
2098438 468304789
54265780 249077268
67044310 328613654
93129193 171028041
102978032 740359723
139764078 625688021
57160009 677966719
116910187 292865102
150481061 478756483
90880227 582292667
15662284 762825507
80275818 718408383
69906599 674028249
48051523 833857095
105682145 750301398
63557152 545881585
76869333 605504997
51623160 369275071
22945621 491061178
36352206 317071789
4335326 831893031
160578442 466400910
147063161 648790367
49120122 122029157
102539813 143499998
97507505 698152462
154775794 359206914
52021962 246454372
69416870 31546369
146715057 54847533
15682268 662243683
105972132 651627669
117719017 143820103
123520108 669690344
34349206 245038590
143003660 324040199
104323132 584263246
78783424 380431122
126833665 821867111
32958508 176505778
93625187 383979387
124709354 734780531
122506768 739048977
110852814 795593346
143066501 837840659
106107185 798007659
132570446 558031945
77964701 349541721
78989439 467861863
69828339 828087056
52714903 100187525
164275914 338160529
88963498 472922577
145561846 409141402
73387972 476917554
156177445 158297655
137131366 55898774
456104 140618796
55866406 487919818
108319417 370074239
143051455 481936180
117817725 215194893
38577511 287558841
57879434 621532229
104493354 657477311
66829729 578492065
29774777 487749355
64788690 726921917
38543625 532861217
68534201 797655844
128423545 703446152
61877308 339808410
1362043 653767124
162806217 734336195
19554543 273703312
125892087 200033056
88371320 57388631
36114218 93821049
41396452 538386886
16323042 628545922
42429962 321255522
109383923 319707503
136797209 551650451
79398728 439498504
43642936 780201054
13758711 574372904
5786502 770901722
18571714 506142105
151749411 57546053
13034434 682784531
53978648 213057780
87530346 158140531
20772859 56745486
143830109 158041236
138415515 573457747
161402561 361572980
67165141 414335970
142444880 243529968
94736849 384951289
294310 649226482
153524911 781021464
122234487 543016928
165528785 77776437
14787622 754887165
71418341 136684310
21838585 1646241
148460548 24913875
137177321 26520012
22356991 250918542
129660664 720455435
154595914 270912044
28143723 392445351
109501109 135523443
81975866 725869829
52286015 371390551
38344831 220424013
145781217 106057576
75018266 611590882
77658793 718224989
51652976 229466656
121507001 532684205
117971505 103533053
14268164 270155562
55886600 356643943
8951466 163151263
153273096 233959542
159747426 500679631
144559981 231525194
127889845 305918699
48544787 256490824
10639812 552967032
38873452 506574321
43049194 337261046
60752306 209675053
68142415 53522434
149317761 64165071
119142193 201783121
97836402 768672157
103792694 832703103
50575179 237316592
122007700 10831895
123600056 402950095
58833990 615507909
60935855 80055264
136225095 233723356
124424523 24585606
84443030 609230495
99512982 358599837
51505059 40710148
86934316 448937699
95177738 668753430
37817026 481133651
51599403 473040817
66667380 442427306
50642079 555961889
28413767 149550207
126966956 294756379
49115822 476667357
155391192 622781031
113457055 508728413
47146005 54193563
108093431 548792619
96637557 676145038
97309993 123243627
6470074 81690340
49223267 417662002
152218561 552479933
136431560 166294019
102085058 361176259
108873522 239548546
142711213 146314918
121410631 703494499
146979254 513613713
16724106 657768934
117787226 376256147
90178687 423905710
33209500 254545502
87167171 627184117
148451214 92186349
95060978 411189891
40051129 818477515
28307227 358811549
131057087 796422751
22273753 616870827
91240821 521274572
79926492 545419700
142893758 487159815
77175059 310097320
158693838 688217433
72616073 205304639
66740333 764919279
13817180 825556277
143953787 451512943
157800145 486324262
158780710 836218589
54263043 505923557
21577750 430789981
134965701 385700617
31699312 69035114
55965707 548338649
161185784 268375244
80953276 552909299
36687273 580528869
67819872 488937712
17458261 165161076
160599917 296244563
57520019 505519231
82895904 703297426
74371940 523951515
125966787 24728283
149682220 229059272
12438543 568210966
155729004 579742803
145243321 35339311
30079163 155637974
113193967 828072642
107719624 835885924
111912822 446342445
7780686 628604681
41945863 457601388
102363665 324017300
75423253 270301355
26629254 133117206
154599565 330344134
85490411 99723899
601071 193395073
52535459 798403456
76313317 571382073
149027879 107598440
117094057 794137569
28791863 18889806
120739583 675878427
44860992 493682744
5944565 671343353
28580513 675821343
34892453 783003835
54576434 506217568
35160252 692119230
65855486 562199469
131994305 704278145
23199551 446840635
573114 649315437
89922578 5755497
84321725 714933404
56313323 314264107
138736726 765816316
87974550 376701119
24490600 44337642
66940478 86254648
22677427 703860362
45463514 66387740
56972876 757988045
25939158 24877842
29404021 309940401
148295275 622654036
20618984 672799848
109208872 806748624
69737662 570040220
152526674 89186425
151942780 693288039
35359393 216835445
6610022 215266093
22457981 112918299
27923798 459254462
105417194 713278190
43706289 36623039
8726364 572252719
95511359 604317911
31037637 69891343
153516946 328747639
73815209 394352985
124220881 585112426
87085251 508134766
148025415 114680397
125970170 577901384
35325474 85940466
111194862 795392776
147739780 584268557
71276400 714028103
80468740 115577515
93639497 635656195
161383317 825086736
66451256 527096239
43169006 438910369
42807462 335658755
139172681 64052575
28605317 408920178
71758822 722691814
107393599 459773763
120080544 370832292
107645002 821113099
98007487 737845186
108851379 715317985
1029721 29238485
30127282 58150122
85982761 740393969
153511698 153010678
596444 322031736
121831893 514932130
91225270 447093988
20488237 175966961
117394412 643661894
44589472 313394717
45984724 740144904
103005286 415901093
77168462 99571794
98508061 594779086
163686325 158499242
41855878 458181485
67042535 644380737
562583 708320033
90413455 768988844
76605048 231235113
90001445 543189022
88139192 537742595
29196726 371789363
15740048 57080480
123821426 440499707
49212712 395706227
140367143 56459645
301457 335167348
150778518 819312666
69346172 354795776
91514896 24921622
48263182 763361662
53435013 409042946
148887954 589455796
51378954 599911658
101128952 379144029
7243405 195957655
159206375 38133529
62234396 168007926
42419237 633507380
149968597 509378027
16516408 640089768
22510369 835905084
13622500 515005697
63560871 748035969
72558544 834641341
140106340 282002811
13695979 517942743
118966521 515300626
116370020 794367859
144812885 500222798
120953660 707891471
90384574 13960884
72297554 608396392
87169582 446975896
94743542 394282510
29983231 295993932
26685399 173127649
89833509 799264608
157762665 104299927
136444448 335195711
11515233 306578717
98269841 617258953
30568095 420791870
78079347 379642252
59716344 225215509
150574466 649304760
24058057 723189968
162895006 44796057
163561462 136204861
1819051 199862515
12218519 628180266
39730095 784999835
92811691 417365492
132748267 681835582
57481490 682483466
39753454 712881730
69261288 565079075
97854530 706641359
13749682 805456374
66751074 183881629
4395487 357170694
23232109 166058904
21432323 151263131
3462003 195069024
10935072 482975709
161800411 354583528
142734535 450619021
83951465 548280032
124466653 244093118
32275392 697584236
102055653 260921354
25206402 12450574
118703282 47167386
6299322 354488773
9587364 182893584
101333588 835752328
161355303 414844640
122254676 243744040
51664527 83830992
162654954 784561620
16892512 139440272
40926135 819356573
79049033 322445639
28334299 409390236
28196003 132069876
165376539 531961389
131991514 507135481
13168683 483977110
77190939 260897765
18271865 334113238
57194589 20609762
91563091 526413586
153829137 168147911
64976820 622341520
46390350 786352297
137323542 483045561
160911093 604960641
7489068 100594898
54199570 434364493
8385873 444299571
155926736 831135313
64758171 466999910
158107258 626634677
103877674 497278182
40536985 10922439
114842861 58688530
96982292 397871703
84579184 427903564
129466572 469097846
84964776 603102516
1050427 507590077
157980297 531290249
103764087 187572185
128832973 469163337
145799064 433423795
11119087 27130841
156791772 130537004
48407911 596639321
80825385 270544229
41736912 300395567
93919272 538230024
55696019 453867992
161798547 644202934
139511670 745915262
40451798 734653218
44478010 783827866
23307810 205680978
156258096 415639053
118455238 438957528
36502267 255664325
94288597 776405465
100579703 451908326
97139723 65821939
45930320 526514532
102269094 438775726
70052014 158725342
64350204 590936543
50619208 285260705
104262814 710351727
47980054 356212345
113088036 536944180
121891432 703868807
17210947 477985706
9401646 52840911
125019217 787331695
61143916 54809047
55661206 767401633
154480808 174455868
13948205 561701986
137607362 73642005
8992807 621906441
58173045 212709813
62492871 763664787
133210523 141402223
118276814 527184361
117204992 725405036
93571894 385222882
62824078 173264001
41125256 321237080
49528348 715795419
150718703 379983669
161088779 497471893
37134579 342831381
127391063 530091829
64025064 421969380
95784528 507439215
145337568 308344765
139058081 329361476
67418739 596908872
20171153 623906018
