893589194 858113296 952
117787584 120798657
288771322 842173161
478230156 72060556
543043769 450351305
115053114 138618040
782434271 509898925
768673663 200649784
132593465 196718785
821575658 698354253
628096624 230370454
588204308 798354954
111927001 361768
401027526 635242449
164655486 67818719
429304061 619584749
60263682 300132858
686391999 378926795
757996602 47404511
64407201 75281579
153142947 535677459
144286521 644877444
362550016 319250065
19676078 368572341
565297698 275510596
747523102 706078711
656949115 352730821
669051760 815178259
511808788 186582994
515055278 636044877
345599741 614326165
216683928 314178563
773077661 197670238
514368923 596817758
399847320 208231269
566020728 139007710
350262826 538555381
452637560 181571807
223490065 752205595
445443337 847977024
786198728 384612919
657609956 133346461
768152439 264822833
732321901 516007678
632402694 665368749
327926790 69200381
444674560 53699493
363599116 11435893
491709662 588156133
429547187 855495891
333965164 495996421
589731364 407607286
816610111 631757378
610533288 742130229
757008228 65984432
315589777 662224508
487959806 470775239
254486579 13243540
811751644 148209354
269347755 507407318
893211498 138827316
877414842 174458575
519514831 415893403
185667468 518649313
143067694 541110528
865726853 506447964
184418416 211678499
773851190 116655265
120218776 455917008
670321862 744088947
303333409 841380023
638870321 62938777
311708631 843092869
341861585 631264190
92764008 327901844
427460139 159593073
883253140 517715496
372380457 564973319
546339580 138559035
285712476 851969101
646733517 102168607
135867950 338320294
225744148 62656372
373649854 546074042
805242755 292910174
103139207 247630574
773374461 79597613
295604128 590638949
431689221 49084900
893281973 301977071
484890476 501009806
313506213 306580454
442622307 743496982
798292488 788762714
385661396 821261193
631116892 843061168
635237586 335754334
626832087 32907186
843106680 55185901
288435161 819272943
327605235 584177497
579436733 105618442
135373469 198879927
483419506 778016940
495898411 429750524
779202459 690005657
570881709 846550489
64899619 176709982
501871808 820347052
64842356 772423611
268264096 793490930
107739621 677624701
636389435 402989360
218668009 34642486
151744738 311794940
11593465 367790791
508055381 200796636
703267123 304979171
717130511 659322749
397906169 437886416
71078132 411270486
582796724 753224407
364098882 755581012
175017575 815056623
221560756 157348018
876958574 683963559
31969931 46444148
133319387 851709573
620486782 225185627
150882786 784654151
152879907 424255115
574318775 107832362
403297716 16314105
531064399 306476341
884669054 743926273
496566543 857890558
114522294 329292269
409074595 472933820
18664305 18171138
86610378 453150300
603654910 161582303
441223554 547010260
848136514 654791038
728177229 711750595
759041511 374561735
474609812 242144774
650218606 830756293
220183093 691721197
351360913 455357177
329834780 484833592
757105685 713341130
400888358 182726824
837856828 185795934
575568564 765015903
781382761 354485886
469522963 548623146
641131182 725468871
607296833 580417716
424870183 420213699
793985028 74820290
215600839 115252624
132883464 482410429
110326957 262975696
744272685 520474297
817030665 608773984
31050538 437405355
609207298 176298233
506372587 54196749
59195263 339425621
487602120 655918743
772285522 467242225
154972598 806286062
88793376 476981701
601724450 434404663
643237041 258381352
514890801 582817901
90522652 464440516
504994256 587116828
564588227 128343507
529772971 293958352
565651322 805885831
327189805 782993550
673292275 671216162
143920217 462411856
22839627 484521060
77538286 605082104
237321504 294169417
697444319 833279624
316788687 705992195
275868664 456978389
728558308 470520112
130164481 448587463
866762500 439990338
543369169 812369199
254470409 406651025
89543683 275790287
436468476 574112204
651331369 27212047
248339099 234275517
486887251 315702467
212975546 463701604
21115018 386693214
180018363 330546915
181848847 326026498
521914867 188776863
57606161 651732459
689387373 368020889
124153797 236230617
448841672 732331681
529559052 712847418
45831828 185286397
321825699 484699076
261485056 42492037
288030173 77710318
573160518 815305974
849189587 497699763
659539100 650565164
609559460 719954223
223430627 483625467
659174578 513183024
566771985 261197762
771962301 558912176
85622963 796651657
662420773 160483595
262795462 329254592
252152928 674755953
36565656 825667403
187650320 839760399
224998647 724448864
28636495 328068126
87844879 629420142
117794802 768651716
483804467 404030551
863726544 739343407
67776311 637441851
850426616 399039625
305703952 593020536
319362793 763779946
387014618 264210794
257699064 842418686
304624185 60817513
483312240 65126711
809461859 142523169
295760693 767590829
93052949 425117607
133414046 461137699
92288350 740370444
454116417 781096045
157767893 577565102
861234973 578442979
354065642 204300425
93933145 574901480
292326253 212076796
17696227 534835817
780670258 297278849
875851340 412621178
53959664 328885785
333689006 14467841
469750995 845493510
123860502 448821118
117874036 250392376
433733756 671677770
194494125 371420374
302043221 336745148
315929546 6943731
12006492 570424081
35210186 57532056
472450377 106708160
55450527 60597548
117971920 432764640
416718974 503001011
213529997 760380163
86859841 12540915
858217462 144586263
150429738 789758791
515226968 429456771
60253497 55230867
872731198 238160403
595106821 595262239
693710801 101944764
699418592 538088911
795142727 27371863
614221198 432509966
849495088 481729020
206020853 342278632
883579328 223537579
879050824 779671426
578691916 35023155
472779749 269291352
670996292 758462676
372446597 267370141
627320845 732264400
578073015 86620904
424665187 570010982
321562802 165523519
850142364 129533149
837962963 204114223
28125344 854539695
830106207 123106058
320675489 836250537
816008396 483737771
106237084 322786869
69731693 516363402
208930616 12002797
890553536 555186851
253081148 510874635
214848521 324468825
757000176 409175186
622410731 695964607
497688361 572197094
398419635 653568086
463778644 773128756
654325232 650824455
567863598 380326291
311245164 367838922
271368383 394307000
372358196 197441544
96981256 739812741
207218656 61403530
120014480 773369856
442752763 213248693
331324127 357695094
681487926 539770107
787681544 803181515
801507603 459321170
130849101 809684633
423544151 112723473
144369672 309753539
257346384 529512100
597698094 738483643
249281955 53940450
324920522 278235791
56826377 91301451
377404921 745862817
652093205 139196032
604801025 379093771
825737383 89077097
145906667 780626228
184735110 38571111
853094776 764481565
214340691 244970848
608555833 591786522
42732328 188082869
837294775 253234061
279213244 152290014
242780876 853370131
769258168 729323672
582216379 415732131
68840157 741608696
35208402 26638335
124226271 127925426
687306618 673419912
426118421 226053748
575635560 376660546
700576988 183721997
626442094 473555628
93786179 63277292
294071945 319044036
192904622 200202973
29046244 676823618
25826648 775833059
628155970 594490889
324787829 24027976
230307399 673629574
183219995 474300900
467168600 483234440
769690370 425755391
338171459 15534390
162367527 608650448
737024397 815264090
164193198 513532455
706966143 2887584
340270979 728703396
654082298 661667397
89876375 486369130
844039647 171140700
259944740 276934385
103121720 320978178
212181648 275348366
333154160 96241390
546834266 454028355
158441137 231046918
258211108 757719736
441601440 378500037
512196089 46411668
864391284 54949474
232102621 689662644
330917225 614628529
349544151 208912386
593505128 72679548
545632397 774505554
586806912 136059642
833881814 714054497
300017842 347485366
530279402 541638267
102914035 674139245
716565083 233825379
146263408 167783005
254943508 112436981
674491785 619827666
880320686 463154999
645789845 59333333
674615267 559250224
10793313 112815110
205535727 272499584
756682539 457666125
741922944 669993032
221680588 828226473
709786683 486616643
403866305 14293186
449960146 646230837
645471351 178028810
497908806 407333000
80946520 697774834
703484503 130988335
863708192 380866069
701034709 500222702
735194539 4373416
166689644 468247842
607741258 247120372
100624988 79655123
379575384 631260951
538593839 658430764
769882168 493266608
578119406 562794675
269082100 525793216
94036644 175175354
744669795 198175719
642304010 196708121
611399363 474472562
685336471 765360430
565303732 173728685
84560959 67311495
75402958 459239016
269683708 516611375
239940008 102264248
715058432 484621964
506559157 543695850
310523115 751563160
775662672 576537649
877915767 42342484
465424669 578968740
714653266 197789505
880843931 124608092
37296575 133289916
697741616 378069406
701891886 227041192
44828599 532921913
877786339 428632205
101858379 213818163
228570481 337641676
260462206 544301439
253437850 505361250
758946178 172925025
1574476 131885720
668296510 30108628
192979856 132128142
443108347 304563161
228684553 759339259
315128255 393121466
187721462 193908465
594637154 241552432
689371934 87214484
751662144 666852381
554695299 454923021
209570903 439573601
80683112 44335576
348464312 799619344
580373854 122450262
848475234 516615037
258647526 706727244
543763874 90582310
659911752 133105810
846279622 535750159
162306051 360364558
478837175 844659839
7228898 31042386
56381570 428814967
467511352 283002402
234681897 676013802
433370612 113392333
501538567 186640244
801246262 154898580
400377258 579202514
31412898 162260130
88133237 449534591
129519530 322631659
540828082 659659230
315709037 149738878
278030651 78427911
70578414 492583683
121901917 448541862
146878181 127565322
757743192 409234050
236007616 121489299
727739224 726767120
10242401 298096221
810808447 393872569
221794043 122045761
323929725 675283466
378166467 493895062
769804525 242549028
544497986 107153000
442704069 526102844
845617829 802979394
469292390 265519934
276293153 428701612
527300916 633709932
887866043 581658731
324535707 679234734
474864866 435420619
639944457 434337280
114376629 815802147
417503404 15999977
260651918 106119860
376817159 43043905
482663450 759720784
330751798 152518567
430583321 146897638
399048644 5297480
126063653 65350499
514353244 639511701
182692225 225815030
85809491 68928817
562244771 293347135
594567569 169062694
785334375 609765929
181279187 629804965
560298895 618047717
190306316 502673924
813073577 515575227
89465671 240634013
285612625 603081994
719362845 522552105
712746411 430579790
370946128 437125228
463853542 736260929
750999612 522853747
671318621 748800559
590265433 594022785
307729662 829508710
605619710 592818972
562021262 819735085
22393999 818445761
278619507 820310856
622449842 714887273
304595903 772724819
779124031 617204913
75800055 224311412
87688074 384928396
449136690 416960825
605474392 424252055
350313247 151138536
704412077 574003594
461589087 348367786
306370815 841005289
454519233 710314492
835354506 324537750
380765708 685821840
808293334 326179721
874471863 742944744
699343642 783346270
32128218 412574069
293263554 223015922
376126643 366161303
677728640 566198169
314934650 106420118
610789407 83549335
282690569 12620936
418901473 783137505
436299237 441001566
707551256 317168706
860997324 51617622
677305748 509010799
626635659 191057027
580580160 740896512
627173529 712590271
710269106 599421519
883218758 625276393
452377866 206256654
836667311 430496235
637675712 755685068
436419031 173985846
541752314 102183511
65275828 78569281
584811667 14927258
521394327 725372259
154013296 433448576
343636121 154457484
520159232 383613528
420885463 548409380
488465979 189216822
662524711 782397049
331543184 283227848
889190337 403592573
676589695 298127268
693623801 634478550
304722378 643142974
187097023 5389403
310453591 807846939
410996545 426729499
631975635 822961117
319716038 588459217
195973539 528042160
206341370 701936867
12756029 567482259
26356717 250189577
60837420 556005243
643592427 256755805
104586829 374631835
655036476 698392965
776171836 321663519
891665560 727836778
141545338 613032520
82529670 342919224
37898227 199586421
681457623 786327010
551826847 200686477
81434157 677990652
672581129 641713038
608406123 583260362
736632521 816359338
259489206 456964914
508605690 250904111
8377208 814547693
629890448 216607168
506323968 856887056
120174347 367523746
522453508 567100574
371242364 573625205
725970045 439656033
507443134 388832070
315875149 309593418
226851713 471750339
432922209 97651464
613657560 78084675
303648963 310252246
479588256 535356730
306101251 129171016
738958985 93986943
858449831 444030824
107343308 90964249
871467001 833614191
826728338 307977403
82493975 667403951
137167020 344433704
796129327 483678230
432599599 243648729
189801009 680516081
291049357 756580857
705500706 644299189
857825218 408444361
329255203 360598913
343192731 553967321
473666324 384926860
582788237 284582681
68303484 548132021
363068306 744645218
853783146 125977451
68393846 535966730
25993494 357125321
155359069 203682799
460786390 68027670
293714459 357762246
544681220 676737053
300338838 528522038
422690174 286007283
328821439 661552315
145116296 294994100
471943160 742452846
660473972 330172630
17452422 281231740
397435987 195959789
322905988 547245416
263195547 143369767
527244791 326794565
324294739 298265196
198434679 794661704
500794949 142042970
99792784 769448985
65618838 432667411
242665013 384682469
488634078 97803555
614909631 660143378
138263800 389146889
116078163 122533043
347664539 818207245
236324615 473332314
618613227 828943842
26980516 698918701
376583768 717675722
444795193 480819917
551041364 768578718
63076695 400936066
231192265 1810450
436670269 643031595
847518109 113181888
83005274 29466358
246124 123686154
622779667 149396905
772429627 237015980
425401344 138902777
163066829 373079289
382059810 281861377
395082153 202106644
1335175 772338825
378507552 274295618
213334978 715407824
684269890 293768674
286736552 185385795
304429751 623913393
703239112 124068978
879579744 146482277
465413261 752203224
446736267 105755961
354939299 531197769
290891253 386071186
241238120 752237853
754744238 306924996
509368274 97271187
216272206 238804837
27517495 596277101
204492099 160949395
856289744 809419715
523131906 354705193
390751473 676058045
25536174 274183455
69013537 368853269
103055865 734992925
340723953 433769360
644755473 371145994
779098319 523158740
322564609 380810241
721324020 386450788
77817142 695942843
719079538 406643810
51363006 821940157
162870016 804431544
60259790 56064876
880370184 177959871
885850827 152502191
234963276 437844919
75305560 10341570
243996349 174912611
561957052 262364600
232380257 165002259
778219017 348951946
764548104 188185068
761445593 332560631
198186125 422112437
502589104 313441623
635612904 162675307
91241233 126479586
458290144 832259435
580612503 370906030
824535099 601393375
115614668 256486172
78444288 718676742
398828667 758882533
513739465 495416204
462444265 573608573
635725827 469925315
516635940 795142225
439774625 414515184
677913333 424413780
693727074 587843532
524321651 672814240
770647842 101057994
864897669 749570278
820369493 481602554
808864340 511633026
118001855 388478852
558049011 377705446
13041932 161838960
504280137 610200903
742028712 791830032
69791886 462260242
875523031 143823687
493529379 43351407
381021829 694568560
889613473 430628386
529771514 556937984
320665756 71266184
628975697 192788623
12504389 353085141
850311832 693003783
324708333 778971536
221992293 569161793
556657716 129046359
736105855 822438144
234467897 817785397
235074217 855054322
38193565 766860005
578648508 425504665
594143421 758743047
528584963 784279035
825145839 40538010
123003126 524893526
791202696 318859335
681279628 749705317
139696006 260998897
661341596 127188855
535974859 529936993
281619138 378297728
278871197 290584721
202300972 817214045
198357738 78268179
318734743 96699192
310896605 848085686
607825008 425843558
462157238 272516056
231074389 440268770
813451502 375308722
762998236 582805909
551992383 773720729
589337728 160380190
313581074 745167977
504513544 475181942
495328637 703098854
362378746 701386638
48138984 659953985
660403584 4926393
147292483 133177506
516597299 248145925
880840387 300376456
802865082 485630378
125085728 6263280
672338005 310966477
863407159 43329092
114532442 610312038
885127882 482189992
459402852 577380712
433188051 666976421
253363637 49336413
501365707 598917590
59394537 186877787
461962647 164754276
287317413 663571657
333016932 584285426
128737658 396637747
187726549 679983690
36535086 333952683
653468593 452908051
382011289 45589626
269749501 256397404
158646912 221143808
286639250 711766486
522408380 627662963
153878659 461123226
846026160 23986888
877841526 22323467
632132440 590681119
514160247 62333192
395231694 496264315
877239322 308782959
644833693 506072269
748338652 227725873
187800754 764486732
874671052 484103967
589342781 10391951
537625781 703835981
817906074 109528427
702493803 84236668
889128553 689747689
744409339 90456638
10181191 363905841
620043175 116072753
426978511 635340251
120312370 55630218
390241238 627869575
8094563 364596088
616964674 640043627
651219256 549577818
871883315 296785873
223624753 15826181
135254941 2524712
391513470 55068110
539823362 302318522
340127808 760388700
721398958 199535039
145298108 350860891
155885767 593400475
384071009 831246500
5501129 695900100
291273329 546855444
569419988 108171458
333009025 486015534
820593717 129236837
504694473 677449045
671840138 6399194
243893209 525028961
51911418 132872221
83277474 21967427
428270998 639253411
289069445 231011862
465739027 29329759
289180093 352479902
157141724 265803957
377999129 182665274
533751721 85414523
847232475 419386298
187325667 600074389
218496646 394098648
140539398 578663445
401789098 699760012
525219441 727788972
535312044 625239608
458253495 326827558
16331938 92181632
158875734 644988428
173213427 411910448
749813451 388113752
769554558 826849757
217802028 103272534
824017902 790903913
166799965 508704264
694046307 582977074
363157806 162938432
753765634 627285013
114802591 37372881
195607075 377394969
197388649 737890383
247793575 537198294
120564620 730969763
287625327 311480841
583137878 464696456
889079694 503900439
671455329 566693844
455444372 829236423
167529276 811681776
252087019 27883295
636744811 162629739
709037600 476834507
36105939 726902304
873882574 271492804
726128831 516686275
111769873 733867629
463967571 325275728
696541647 841743103
658076144 670564512
201980107 740168517
779374761 243117370
562046726 185605093
633502057 271430428
503706752 446903780
311891832 609026776
211919107 418089593
49884245 426433866
757361726 449534933
98618862 834540283
17186554 158037424
426831632 702085888
662871978 658427118
