981430918 376406627 927
931318697 331488418
321086715 78054363
485518125 246355594
391831846 199669639
801255397 39304284
693185760 20454087
237655239 139848087
689519904 310234370
2498154 125920919
203522037 215307389
394487461 309273231
61467732 10161786
193010463 99975190
538345102 278352294
870777597 214088544
902486810 366820164
437803033 197091242
866592118 297263567
330764392 153397396
962031744 123696729
926072403 249654291
737380757 322153509
97406612 17476090
813251154 134918388
298840347 5301523
106635872 27466119
748302101 240059245
394861056 216597833
742059935 155406569
109164657 241951947
647392882 355915308
593236939 222012413
600304262 363247165
727623600 266329808
699635367 223378264
908460902 119502023
160984194 270553599
607604130 21356945
843706569 53040199
952265169 220732670
773782132 129272969
882286604 356536712
74999554 353494294
86045065 14124645
719996600 133731095
645441997 359467333
332017655 151471986
864384793 159428830
795752816 309818216
137724654 2768536
126025646 119625143
492588486 90507125
544160033 94279927
558526559 40502779
721204541 322374847
17924859 166482729
371671189 30792671
292988063 252722224
862065336 76010394
158397837 333778986
511448714 375378201
911786969 234798165
409728041 309062150
363295804 85824632
77445027 265848535
269942538 65453864
743044972 104541155
581943798 210295797
129895314 226568151
932217667 47820716
384089262 93115585
896417150 327155206
570419106 19030926
18764292 367711787
27238388 102239714
292291114 363660368
544314444 129561184
806024906 313277840
504249590 150337375
947172894 346174088
124703087 89501983
149702658 242809784
24312623 99415188
553485829 253216356
678124000 252796987
901501268 364984645
876084149 371795527
723523626 24695679
370065704 41043442
39600123 227552388
76216619 91912424
236720315 110985116
205087126 269259717
713749117 6055874
831571096 80030215
691996054 270754066
626171468 210470617
795400841 265319262
805000860 146432504
310740848 238294919
768276830 58204817
349449441 271832212
923553036 23048306
527978561 163018966
822353998 69808494
286591419 123597765
782531601 36726361
431669142 109474255
581570210 196769671
225910720 338760011
133027232 56784792
605119255 303187706
980406977 159485918
395760311 211180861
21523700 37358924
429436898 233212825
80108693 280828878
432296206 268549420
190013354 256153959
85904122 348262837
920428642 233735464
747323786 185030805
609374254 207048823
964400843 151920765
902343154 365661126
623050594 303602614
697009886 248512227
391435356 142209652
158172494 156652329
332681515 356038574
352152096 359451916
114267464 31417571
533390088 141426832
77716668 114920945
569888662 293180208
568505626 80855064
535064758 308828092
911561943 195547366
875044992 35676202
915434827 376362886
256693130 300718832
155517278 363719577
407136818 55475415
897171924 72215740
484525362 5490935
528368510 313028478
611854939 205181529
479897431 109815460
130195914 252999054
290056904 24602734
870516900 111559711
607582572 84851683
172644010 158403799
208998182 157426341
676658688 329557479
366816677 84994565
700084674 305801260
658064303 75243350
275966934 78478838
819131121 77488087
852173117 278015777
346080053 365196508
229456626 329100798
424227595 170994322
558231903 212334320
970496769 13960113
816553851 107065098
690111466 367270893
568651037 365572221
377338749 249159863
229282439 164364906
925288233 79180624
903820470 317573197
832310998 362920785
86825430 23920648
726833754 73546188
884878537 195409216
110834980 234821155
855639187 112139923
434696572 329698416
292709574 59529028
107929848 225657499
667032853 271009094
206075790 51347839
954628249 171871112
726025226 250219438
225949169 320833192
857100536 375235898
698932194 275352581
713947116 156174004
305505700 313591479
412988813 187763799
734647583 278947978
935606285 255147424
153342353 336011339
135293978 149860155
383544036 275755034
881951649 155844951
627364281 83493824
426409730 123196711
718344122 74192665
826772690 149967207
696954663 302681606
219651278 11393308
735929859 186879180
583462457 101714418
371767776 140158955
106878018 18130221
929162887 51696759
436930209 245606809
34282822 138794849
9936391 208826724
964506122 304943825
888210659 270599824
329613830 318155756
696059615 300370688
586875125 65081545
880052231 151854398
399537255 323137045
323350373 111744073
269722330 188727623
45174253 102303473
105661687 165586015
897016862 29683781
57436051 272898156
489990836 203265593
506639926 224010060
275524854 215588867
76798493 170487809
460358402 21911147
38701442 357713511
237349955 298582206
586982227 53059640
865551742 143960016
45775204 136513968
777879457 55449500
524383560 334364197
622176139 149308098
640420203 190832067
520739821 155531732
251228569 63123580
477424101 274095792
238191940 5301165
791707357 30091344
544003171 298152378
596837110 88080989
836604141 278038428
506642332 306173676
323340973 258858669
865648164 109415299
713326258 227612147
251342785 240812200
3963359 361971410
585684327 191221473
107057643 310242380
935831618 24706377
628500424 282521227
470143759 204565278
927600382 361647757
411270257 309564212
841513397 70240306
80746650 82171626
268226608 363030986
307847280 78680903
134791652 216301811
771661086 360609083
860855926 33091686
549181485 28638215
55614779 55951511
19081442 140500730
829669223 358961310
561379995 253945817
964959349 312465830
415850049 111643732
935966211 366960695
573673673 228714592
783590741 75893389
400113106 314824035
341791573 154166530
625664580 37026008
350814509 63886783
398913364 358616246
964466435 342872549
412383932 299893305
202223022 244989981
501985905 368983310
421438603 323855103
588183148 65539627
341106209 213228831
573976178 3492981
464230666 53081289
767922313 337745603
589130969 226277411
583682401 159719214
336424466 288944085
453950948 55265596
230836857 299856091
576712877 71121964
948518674 55490030
621278631 146288942
763052967 221554221
840404446 180508274
483215966 151832612
7932557 152154945
876090417 26852518
286500166 141803569
327351931 213825931
342504166 65944313
181905167 320273122
384307687 668086
966646766 25615437
927446113 142871139
610915091 20977015
661124602 22180036
116991169 278299569
66529640 327712544
6929519 58953679
265510552 136958971
63668027 365403752
534306151 288685374
613529232 107154473
380580876 307109761
444260552 201560899
76551880 116194903
479841741 167294776
798170950 370925149
626035599 24352517
945214316 335508137
251171509 215770425
592541953 120318987
556609317 231925278
34240840 106185923
228342455 51931892
778080934 173785872
292373032 27492783
392903536 86227726
130611870 9469043
661192972 307553325
556702622 146976766
46590427 17615007
672929605 323367480
499482031 288976599
825617345 294243991
959151716 344211247
781828663 349230145
134448632 252557120
94760310 187825099
431795226 8509512
862127684 375864853
329942343 788720
529136094 23309260
24866874 112573641
10571439 353270620
378638713 51038641
804838718 332315066
582241503 189195533
20686973 127412704
840485443 126806653
209455976 129538089
259049075 287301687
88619882 249878006
71631129 196303740
128185665 222923240
320171510 202048056
659356643 104152368
431119972 121822386
293896623 342315212
310842319 34725917
447567351 209989710
20123619 8458457
519592357 291039326
782334805 64694973
41161310 278433483
69593837 338753300
433878592 147324310
835115181 87836351
576809383 1717141
454116533 299937905
303148678 145636232
685226739 92107780
59246703 86570594
151594988 210857148
405443059 230275568
446460981 61577292
56192651 181069474
447806431 301866315
750082567 199535639
581157907 187134903
750801093 341890267
860146065 222572364
773946700 307902534
872700094 11869343
498573263 376355187
505704776 286684973
193192405 240110982
926825687 361354595
359996405 314142823
257214660 219569975
216094764 171348460
419162713 338084169
408378671 178353471
780858098 54242918
320339780 137634799
249057505 324624778
807128964 130072418
602604613 361882256
977236796 93740005
527726567 88929216
543652675 132615726
438840811 192925915
328217820 127463405
637728842 140049272
3869398 45007937
829035325 70378732
88266825 171845944
18962838 123068811
824841862 205259154
724260736 58125564
426123064 280887239
682983317 13525353
418853829 298846463
201018745 126168442
519616133 358631156
195558548 2769112
770016212 283689006
587856282 91383546
184627828 105664006
141649679 75549980
2930612 34243937
610581682 117196410
441777467 310964355
785374451 246706680
23717890 195274326
419431760 134959631
856305217 76485426
145185286 30781171
929025154 238786840
578929775 108930165
699485182 43968149
709837285 17844316
51869944 84844350
736827458 199354072
205208171 372769546
926412814 177636408
156764334 109680076
391877979 107058027
169149211 136181432
930832169 176555735
164620728 325743202
77345456 230773105
840354539 195536543
980675816 80566810
776919627 112549420
526163995 314672215
677564598 130560668
337977842 237525462
654113905 42360809
941151514 141943358
773426825 160737694
339806287 244347822
697473711 210416652
941400716 57685840
980968628 29529206
448008834 213448410
468028936 217021161
906813112 357013788
57585881 256291174
909374299 141931641
622309171 314299362
172669447 311133013
416077351 221756830
365842187 93670731
779299290 161373340
592582267 188737716
832684101 24104889
411955819 42020301
690435635 215703355
309628260 166054838
892764529 73206176
883327581 102022214
919637012 49055427
102213217 125511779
688108927 325245036
579770308 49106428
738665114 130946495
768810122 266546782
205514513 42613192
874698394 206482895
90848054 181111712
974025632 35407389
868679164 65693474
377716701 261025864
591080218 27462330
480214255 228971746
250735490 44939000
870046502 33198166
712850685 157777867
286324851 155631845
195915461 326132042
739886771 263618867
16361649 133140370
298288552 243722484
209233240 241639438
893581660 323700132
667918361 251518535
141371081 289774449
924080786 132527674
876428410 301813895
915039079 107268949
271911073 340046015
722636404 266788836
487244578 25352905
263737196 229337292
751386333 96502290
829237590 278991406
951479500 129512447
821272397 168461905
761736541 151124988
220769862 243792769
234463845 172303083
231716688 205515559
386183864 77163865
48859054 365500054
715323755 64996709
612956104 124886657
967764888 172807398
864057037 263960836
291812227 26164770
101442010 72567287
321794572 235483747
930044905 32032905
433060979 311231902
97874183 248633788
715235069 73319272
363604895 17445617
41288752 196153373
742956683 39172791
125472840 273492067
404420618 275793452
810000490 332102840
788785382 129408974
146685918 287683489
495073671 25050622
315870947 282979404
916359601 188514769
228529054 321508957
765036180 233205126
694601821 65505367
72645553 183458981
36107276 151991785
537312422 47248358
734168221 89577370
740258335 216733993
892062234 138780611
646920488 334788188
114845036 309140531
502981692 193265698
368702464 341220024
868798841 3542836
810559766 270665339
726650049 119988246
581844357 52539354
797338109 358416126
926592209 299853314
510008939 273555609
920321818 297088275
405415609 91184032
399330857 159552870
235638416 26022471
187646023 370686030
830451536 291590955
222363422 65893517
354077805 307820943
169749135 244733266
924941876 266506196
775518030 267248556
315868797 302967215
867880927 58042655
824153686 329844309
410095756 137578065
441137779 180888723
634842608 295102301
441777203 58192306
683593998 235233642
144610674 269929200
303807554 376330058
89870432 82600720
210498748 62874013
450458631 31986252
79837817 29626136
49265611 227168125
458497518 229970858
909122442 182835829
502731669 331078886
402672749 241957304
808246437 238205298
13248312 316972460
155874426 45662830
87958733 224322764
388289275 217685108
460099933 135299204
236690138 124207494
944577322 296165500
44119573 23104177
164421382 147519074
703768914 198950556
296164161 193855214
338225271 242907999
71217012 327198450
720545776 18704206
920893614 326974617
416640548 281468752
50110550 97834985
406735894 199835150
374693827 23655100
99565336 226136207
892984060 42615712
129168534 157351410
649632245 190116306
381717694 223008308
519671218 315512005
367479516 263915647
437765996 320490963
382157301 103082134
972575396 244442101
410000534 285220528
480211259 191685376
646768914 223617060
884416290 323625880
524937489 111286970
900767580 241763878
91298741 251056144
268527889 142721136
95131927 98200182
494278218 206962632
250064758 190209291
248427821 272132442
793545356 196712547
62802420 60413315
638293977 180875120
354755388 313177581
711509201 324774631
393543489 215119072
896760816 81195977
876210950 109929401
806588517 137952882
466163214 165141060
769864782 193512532
155041986 339595017
101002440 60881269
551661046 217735671
541922179 288786773
184202192 83024623
961002089 18017488
328844198 209031965
66959664 303423288
686279328 180593149
751992320 232836340
681232213 368032155
976442731 46255373
303178878 150603823
405919436 10285632
242275437 268100387
165842670 341296489
780139148 279172004
58910520 11693057
133587458 281842808
250532158 188445466
586816191 238963675
56033235 143414210
845296003 277941147
380379757 65629960
651276264 29156971
741596414 206565826
865558513 39687173
405319158 54078654
326724481 252603654
784163558 119600026
396769173 169477720
508681431 126757150
48877968 246890471
947355973 312405181
262291445 356721461
110209505 120815239
249567944 227775643
62517597 253003727
248570036 263909737
169365481 18859516
444123472 72919795
508931630 128787914
870012486 149180738
79223207 364803127
559529900 9126995
425293094 185999874
854811486 98965465
933276513 52942304
800288557 201430518
304179616 58053149
622498490 332552020
81109774 181454769
520038911 362069617
761159183 76099834
599911519 102305803
821029890 375836957
889659848 342310001
389425212 303016078
363059641 93004336
483917354 92188429
35256050 284729611
633745884 122618607
955607761 169364789
335308719 277056484
889033406 97288845
700757063 198039646
474924458 314327293
427775973 309829623
747806290 319436410
687124778 299842566
479198201 349576316
803024626 110625589
576849004 121953853
233486203 17815524
626536653 93884201
604174357 83183909
884075269 82358976
616234700 323766358
726195977 196891338
167118494 81991334
661088548 289120254
501567277 186591572
722791661 144689511
415747080 282046452
657158972 234166894
125441052 262113670
171860548 278128220
519851292 298882360
54241181 278651075
669428166 184035365
121665143 81981991
729441797 156463698
517270975 256906919
268712807 242611142
881598007 290470589
725039578 249887507
337239895 102392179
234491554 10055663
67646726 232355516
484228539 100324940
157278454 362189684
848505864 145159182
487751771 351030451
108694492 356472000
967003520 21125346
522403076 263161923
286039733 176072389
567384896 97180143
47102208 265442652
961745071 306066292
615364346 289644493
720063679 322887047
699673318 160873198
593259582 35677540
977951686 57711367
151929594 112432878
457524702 10156196
539670348 45267461
279771427 372291509
795048445 100696943
697104673 81819667
195328884 249028052
755534524 264140831
372892093 277352308
708716971 180422496
824427178 371596220
395506240 350358182
159592916 142628797
3998473 136395194
646940196 1409216
840442109 12452956
89922370 321015398
232314900 325626355
302476521 303995972
20261946 251954476
87364602 12782844
611218990 189551923
777054357 335069563
312501756 96721336
941891647 60255327
812491602 68532560
93637746 294562944
568583450 194962598
527777839 363208548
273082654 364730626
448232546 42400759
721115962 212993484
638512443 216232178
957659603 296475065
892112889 145798534
871292255 51412467
787074453 4008924
353384155 269551488
661265310 239992071
889206037 331039851
475077228 276558175
583370989 184992576
548493784 277818691
234197780 168867455
835213024 313472076
742158254 320555285
345633938 363109403
589730078 201781877
572202870 259742563
604005440 43814270
381748003 161241080
236018759 317361207
96225214 371771842
429877322 201890337
818534824 122748798
971376860 110759731
219610874 73719106
133324099 222983123
687965993 24594808
645942294 73832881
177402356 141932270
298498024 281342911
35332316 90279931
570438107 242864676
662228053 64027279
761117462 147393781
884778759 51802221
361319276 315627507
861592953 150553617
924688442 184620889
726325526 122687817
124840859 102546552
775265497 230377507
906199535 306218408
908116635 21081980
160204189 186637272
912069923 346686626
727025256 206068170
364745678 240548929
123919629 101900392
734263042 76801046
299899985 330321203
540604303 155825847
187414636 35612601
2824751 339459607
523038062 68676688
382490969 134211676
447207177 314216062
913777409 190253636
833485008 222102338
132686824 136353483
23972476 31891840
796336983 10971432
740517184 158956530
374879466 205362672
362103253 227856965
133046820 307632302
48513703 373733599
428154611 240149222
286614429 17969826
80643859 54065282
225312593 114455173
207704837 71226803
473521037 21271875
717971518 152532605
260938456 133578257
831556356 217424989
71168026 209661908
864972232 234230824
980436063 120528508
68265223 92751585
688985763 78860442
50249359 122102043
665744750 181754295
503228964 36030153
682345298 232743314
84933512 286515022
835709606 284292421
959628462 131622465
797587651 238867586
860344692 264486106
441490116 3989466
88289354 62986359
215657279 370787527
715944522 289013691
660563210 157878287
862835961 196743454
502184640 313427762
650020802 320384463
77969738 25038510
103677694 127551837
303911950 23351036
799503562 258173769
643146225 374012431
951926420 29152390
974375168 264997068
499736246 42428887
780363815 281879335
186788643 80351686
917202789 16312096
416530756 285625232
134097447 276575687
158479282 300680629
631014313 121654556
244134090 218350779
953254295 273009316
853059958 185535670
900859223 272100946
343411005 205307793
723895506 296484582
656704139 278793811
14908591 17704033
53102444 241966645
401717509 2946533
476233289 282021164
817773302 368096213
355238560 79423313
869315491 278413883
864602898 129990697
711789522 168561644
522396854 357313572
878075974 299045841
159166678 214447717
12769251 300574156
