835356560 597971308 845
103446780 27161014
351735831 256290427
515757732 464624068
791236139 287503190
444260928 535406937
557296344 137349088
553693247 14708489
239846889 183419268
316930483 547181389
336987097 22694541
458914578 412106997
410013426 315151563
687372900 328363364
220030435 579013060
469157435 502633632
492739080 229397814
490868623 439865986
356393195 449448916
171233554 58307123
454935493 350058862
496868309 484423321
410522741 491508430
172203575 5953324
320524766 410898582
602461017 193629620
82192839 452257908
240682971 357936944
15478589 179356432
373021825 152039328
65524987 449761598
543548089 356434319
8909305 238580104
792260776 166306936
808465977 368760243
725761946 219136427
656522085 149584022
578669496 346493662
35162987 223675845
374885744 53629950
349401314 370609752
56187162 494128880
758057189 556766570
825217112 485594802
91958606 369500832
604752434 63637217
170228332 20100898
418848159 387785526
696391358 361433029
40257960 306532792
172835914 405597226
244568094 134471650
724891547 63469334
316103987 248374472
590340575 309111842
791948854 183179684
298389792 328495937
629732728 453783562
463444264 506533377
523211609 406910409
204349977 224820289
450168253 521016919
587505970 501229229
740526944 218547712
674493856 461505836
491225474 475162502
250200110 490998969
72009624 354359355
46489536 314013917
269053723 558834606
815793699 286083243
377908581 378048702
31972990 391143996
647666758 17654391
73791197 336937215
226624370 255266741
106583763 259426450
204938902 375741767
747089039 339573211
524408796 567984626
329680920 158795471
614220007 81043915
292447661 293368653
464916128 280324109
496166607 90714790
144811376 258121366
189498721 334948543
728755955 332677316
815651452 559847350
361535375 133837458
371060374 48275327
714224245 363833175
798694900 308009117
462611882 8363257
486430975 221013454
459032158 55872115
723248363 264223580
770520759 352152199
337714635 565392052
238514208 515648600
40498081 92349885
398990794 241415055
315782434 350208558
236094737 497983867
1426153 15134564
241089457 84316288
828394358 515784099
202455431 454682570
683804955 140172806
343918572 586691962
208892061 454725579
637077879 558795273
748436057 575363319
391207052 286374724
771271948 465070171
148628327 578037214
178723492 145715730
790689937 308065369
23840208 449895904
552267858 30693166
112371523 299199839
802087213 576808392
383424769 387932541
632702936 459031212
102451325 53139673
774435650 85264622
454467812 439406486
160547606 25674617
158924602 589760317
730859950 248961093
522170980 471218491
196092691 347066354
670877709 415819320
398795176 454426233
560224337 461984122
517649473 389919581
266994081 225061176
74817666 515129080
275428294 542821410
96349208 85139304
117282612 536394072
66320717 319028949
586743628 52272667
50469898 376457103
617960992 94651589
127321920 163441378
645998977 230787301
375694460 60210983
146664198 553375908
495794934 302723651
659059079 330441108
431198433 485226884
354519755 558919414
341126402 178235949
677061 549047535
271496509 12470671
590281800 50841916
714428752 390513834
249283809 544567812
218171253 577744709
593762418 591646452
815326748 359391512
141434144 575085072
451713877 152666311
287459652 339676947
216440674 494877594
579426456 241247375
826712127 225753514
35661785 370953170
750838673 495970697
245721805 439586107
792731626 493505572
73770881 291292215
659246044 126794807
757781469 141764149
220742012 48905861
713827149 561390132
650514013 424006630
339903767 410426634
385103830 594786213
107129798 56632396
369172166 169208757
267559014 298644323
209326066 429028512
663265691 584077686
117535977 114399854
553113001 531064656
517640008 190126176
145008368 353779119
599327754 44474307
368551887 489069794
515485372 132673557
373005989 459402180
427143889 483713392
809285101 54499592
674129200 283610156
802238007 4238840
47173239 340912665
35937736 72602571
833530161 136164012
464064316 548576949
600284626 76084895
382191995 207101918
16254137 73848627
367457325 494931942
332642204 56272171
671522446 123354343
148483319 492547318
776771695 211401840
264374399 465183373
283057923 133719225
196482899 486007665
180343134 439635112
588565619 315461266
291718646 440112952
345334400 13038618
376620767 574650973
590323150 399234169
266842668 468040681
262337719 332781551
740750044 152697471
364837767 294194373
397896247 114221938
694179102 39670693
354399935 37462914
209989616 472136429
71332182 121745110
382066893 109546597
167324389 276843656
691967678 343119233
715391912 223399732
784112103 105648247
607321245 360448616
667794429 340709249
152135363 436448876
49658002 587176094
723769072 1218242
347274948 247134038
548526795 8013287
335130351 231026098
16017648 549337676
704329595 142165018
562009245 1724762
799214305 82341204
713156745 239497375
334892138 587311840
142947731 325655745
161713563 532831205
234677659 73886385
641998227 23023066
298203568 375058036
657149667 592292510
721549816 421539330
93548390 467818232
458864124 407135288
535870365 342010543
734581916 508941246
397809684 391474886
81111128 82897992
348921098 4799124
338219114 430403076
53965060 210165935
200339155 154554952
542144565 319290519
21062835 73934145
303046886 525876427
245892448 366730021
421264683 514936452
741820160 186457398
772832802 161642599
130544312 234909798
134469989 415641223
507099053 414046163
115706092 321973652
196159388 249216363
542293853 367305060
734935927 409648079
486209279 510803308
26435337 580138240
292409785 298216061
249385527 512007514
310307442 379714116
106758686 537066005
760154762 475508350
291827528 351569116
600880539 557240529
431079081 539257065
433887728 239549427
392684613 394900065
434763005 39805493
318739624 389766294
141972118 156700814
780487587 489052402
92857590 68846640
818029147 47148699
50407421 79198634
793715102 428594631
208405978 549175282
744585968 433642206
149774214 457095916
704877262 546116033
722711406 485695856
689598294 137420419
455750413 145547237
715011157 331542062
590141259 275005436
63343054 481077683
59778952 347738575
739264772 130531666
358942059 92665171
607558119 304967144
225909892 560948864
404011404 207631762
448922903 571864148
308263555 79324888
54829792 509697954
116013809 438541406
495459839 456327597
112742389 566853688
563045032 507980137
172879346 478245463
763303810 444694384
619130990 190910031
251261685 265627096
64040873 358779154
209286014 187592123
396826675 506788935
692066676 76438867
233657265 257092063
124835680 377548170
320463061 296807712
79434780 304003295
760740942 209372843
669920075 237705342
556766877 578892952
69100934 129960423
792581049 20269841
45405748 181703128
661618939 583975799
15147769 213097926
70474820 392749770
472298253 94944232
249362165 416211180
113316462 199850740
179880759 178665499
233036928 112383520
1986224 132911960
621864222 497438636
139854223 567444119
534633865 151120296
267565652 419210925
491456152 19165646
314577456 567840235
748097969 90156481
233146657 242020724
401736975 196451684
283945068 43667491
570664447 277978022
471595245 515430270
98776573 109123450
763543662 68074725
747632734 178927763
518711512 182989715
434251573 260013755
89854540 296869080
162062024 268506018
81199700 287499840
112859078 223216185
496629610 212644701
484454979 413139387
337183856 108023895
273781448 301207053
233025791 398710469
693244446 512274379
291038202 159066259
21656027 482281041
199481421 254368761
737054977 559596061
264130732 216791904
233197185 269957171
818233968 535743292
651644740 320264579
550528023 437991562
279448014 496171037
312152765 60273868
587511658 342725120
459886668 280169208
409640664 21085195
166356320 76769285
832247956 104378974
715215515 482820188
821114174 478288922
83674039 84309175
613362582 437670536
510259087 253647689
720972697 438712481
392651650 142796795
182851909 398133348
614224956 551227538
474070742 244595275
281824013 44905924
288448871 51614593
304840653 364048936
370720046 536576171
788558994 451978226
644790022 121665369
141303738 361022974
205226839 293361589
441211436 441208784
129821821 48249352
703400442 481127696
131609333 117571097
166738486 471834790
480847120 188551215
338158423 224684885
780700849 252931850
340259919 181973348
109148518 134418307
565580616 32235696
586424287 232073086
167576887 587262611
107605235 589802761
608504967 5475418
600111163 592277926
225958528 34885052
453574766 504526246
767949994 310452138
347582069 408901822
105584997 544423737
383775023 268563990
515980573 72168502
435640740 596325815
279741774 439238604
660240998 539836678
650919123 516408143
306091583 81173380
422781241 533992476
194383411 552756627
340305723 482452103
808106814 189941947
499697 213767955
245445204 480329220
510532298 90921166
668547438 508767686
165100394 230150760
716651364 249926652
665116146 240381455
756649308 591561144
788343391 394354774
465866065 199957957
201861401 59515573
334048075 238080600
314554925 438241543
597394049 556970591
823191941 58276884
68948399 543964398
40097394 312192707
582285459 347512857
210733892 543801433
828983641 237850058
406555995 444210377
199896172 212510987
459235207 131110513
201972069 454678069
115603986 452387099
11851136 573809387
649616041 163771099
220592420 460438911
669072095 367306607
25239420 557059767
740517163 138365903
621735894 458004606
82231782 575640896
451583903 525272420
250716708 267696823
26497723 345701554
349936023 317207679
703298273 407806804
473715233 519236388
102894878 326351130
762699147 70065576
761387186 69892839
628740566 485139718
557637091 191256654
536645588 165254471
184231325 499291358
373375046 264294165
187091393 209262828
628945754 308863967
496709808 276820006
722712584 180174816
444752682 366372550
56087911 202227243
301884799 193370065
545362689 255121297
438359599 48409617
88998931 400183334
270553578 509562393
88757949 150278832
163803545 305569045
570230298 200756691
803145221 448134422
459324478 566442515
162720730 378055555
271334169 379850515
650198931 8088970
400195215 414541248
323990282 173244267
137136333 248177566
9468331 93821273
683693326 95700171
558608996 544058117
252968789 346654108
1435927 304365167
789104692 478484874
212859626 61341925
740717862 452649408
762260405 187604943
179921625 193258250
356257987 455985451
484699532 179612406
743897625 452598906
435083266 411721234
746919440 317828088
103095076 477848040
572697337 189157143
705306269 27745995
344409290 35867820
14212111 160434055
538594649 96836504
686989789 3341796
332128148 326009332
694715515 119748479
10263520 442910051
595326427 432071594
651825298 50743175
232301168 257131963
135016869 348500637
24535437 96969189
641958970 384784768
641684046 155894507
175711751 271557702
337109634 447838382
93145860 196539851
339110348 71895301
374698872 535325592
421586092 361226968
230125257 373314865
36853495 239880925
779023255 213166700
327559927 507208119
488721821 480458331
663414340 403248528
212392842 521215270
406422825 401583912
524446538 333714370
787335331 22901706
610442577 428563101
750909532 465100901
15404887 97339136
388089406 434398635
767329927 398417410
189919777 357349727
405592569 501267888
625945549 370716826
482639478 380025440
258387314 445652757
481856820 125503350
211359844 151571528
59612933 157623557
734591270 298989511
397227893 437354221
102614402 558992221
800438641 565830586
11366175 538701371
196327968 74204778
118592064 13984306
476606416 454188419
363639492 240194147
201606577 187229065
469253661 18099150
126442646 3084072
627618373 448557406
409110445 479265554
496021461 577657487
54901290 252428074
143981667 19039696
403844818 113807146
354144393 480354561
385034722 356714521
156544490 389473096
134560423 371849482
520607906 182787918
817584684 245338972
356775885 146714268
528610570 65186918
379214889 533733034
451082228 186112895
519998825 420859164
742611604 561406612
362998028 553138977
15300562 407598518
773902644 151090152
319483943 133513660
740350769 441383025
725810995 369581533
57327505 442313629
122054869 489488272
623942716 197678934
589806004 252060942
445571259 515582400
140609727 221374011
697980440 403094209
732496945 116079794
772128885 548389585
461605742 37320970
355371089 331797928
56095963 515622561
614774473 382566077
517839518 352449380
71340447 146922733
709230894 293606449
127850417 414259465
190551065 417991830
282396220 91074682
257719620 181842151
271584284 576575790
135929011 136110302
42084660 582745148
424734677 234437484
75483298 187201093
174209493 303697106
180308373 413697272
788319043 560344738
301989741 527639380
814555897 128493857
256409883 564475384
456399483 11465142
572268075 249996209
150330079 279510485
749866584 460077502
751577400 535603210
71522890 247053623
445605410 76127113
448746110 292191816
438853382 119060769
62494169 338318256
811844258 533074287
53104027 110744525
451981657 338051767
230523985 556480203
533597544 132808803
593608618 241385223
365346782 325607419
534843496 52332856
280894808 149056943
502404692 317065590
586544946 117264511
540398571 340682841
481971483 493672234
553688087 381406353
654545029 454410497
124276044 263600613
467948308 338982436
503325595 105431427
323074001 107593436
706192066 541533309
371375119 98785296
769754906 323645918
140225262 527720299
382314087 75119668
506791820 184872553
468680765 66116571
3824888 291209241
551576734 480707842
389492791 577959835
780603808 494109678
504283295 109392609
120258242 255274032
163028091 76422475
10672676 144338734
548620377 428649170
680432008 124844664
779643934 286283606
483839564 538143077
147925970 363023582
420823615 591267015
291948373 380866430
137834345 262974671
5028464 583541682
208272346 207845828
384714591 38951597
129352915 422116282
505504653 153177473
816115693 20298025
103291894 512936224
765389619 483572501
108250228 522221978
569247751 567603267
811217484 90732204
356900218 142194352
823497567 317345492
75942968 215620898
710189831 203550288
636304651 260879928
223109270 485144768
253313335 35770684
74761907 398103095
431491853 318845488
776570702 431717655
256776746 416191838
785886736 289227793
698336079 217578608
421942146 506233681
84090824 128661744
627364343 275809017
554195378 160280586
97256848 372633077
786625350 258942305
242606136 365759794
161319742 299647841
178808499 587066405
790142606 431361247
488562799 301744834
349713119 339356149
608359009 125180911
27236278 477855641
134654913 197022695
665519286 220137499
628505026 334534514
133163634 245522995
376902547 20180258
239370296 592343626
815135492 424373725
74344667 88028174
761967378 308167374
528235771 61177618
338911594 88253541
175347173 497317257
760779493 88362945
816866418 56692016
747323100 583537732
328237344 179866094
258898247 289760993
163058822 17548697
531945188 553013475
422265504 489288782
547711350 131921321
385258777 249551233
281883607 127000827
347159431 290351884
117606007 59709406
376018351 385029819
128922516 303215797
379455239 58799232
267109352 6487802
135739376 95081138
225929108 464255494
356210334 470387329
781063087 20706862
316266626 410626206
722591635 494305798
796625164 102938012
512867567 337076837
607771538 341763642
782710689 195631906
318532326 200179006
80075310 567469914
402750560 247239339
57371887 480182369
341827662 525056624
216216033 532070227
659827657 22951318
507931924 417126847
175016494 245100921
241394329 271771199
281772233 1876526
332263724 336882610
292833556 183630061
138532528 462281440
773825787 408516897
28539387 108166467
279265545 452287597
616810531 382096773
443685143 28798205
161065214 267125793
166919936 548723583
235536577 542758930
723293343 465253175
747086879 117389351
274686682 467230750
51162447 393458009
472990921 247669350
54250767 97817186
342624031 570227674
30271169 357209515
629885712 69113460
618776037 433392565
90580032 254755496
117882212 207067189
276908106 346410176
358034740 196148558
201487033 278749197
702523310 547884810
218461314 330479218
787917546 245356398
492764151 422347971
161678212 422166749
659314376 349729376
433330401 33792465
538586987 179407527
523831374 267582730
758554607 131067284
330606166 86438816
733252634 283563911
464751903 527288854
597738851 447571809
626844262 45879322
340924069 502114965
147509914 33667995
409053400 104676897
250661104 207953209
481456023 76575806
316834736 345877010
625813989 434313380
614460769 150265932
11233295 182690876
207724758 335008792
768148149 39406249
560188982 432991755
646943474 581845186
793459784 300048226
296505001 527802682
233080050 156903880
568118534 324345925
751254512 111141088
142801840 69418555
89657128 402195031
758304118 283357191
401910408 283561704
123316459 261509100
209581626 31831030
87216427 432947919
427732522 326015031
203586156 492091494
571141654 159481303
