578846114 631402316 54
573954072 455100253
106280689 590076482
38582398 339169781
320435812 233722978
132959176 244841587
508908450 607228009
127257235 442788092
267418156 31461662
142992132 558661583
20738719 314287484
211909901 464475984
71442085 254160828
213550364 170441547
336550712 211625630
217016197 410388158
378582291 184832246
300748936 493518541
202826306 309995424
22933791 343590092
64812565 563839919
370961651 422622079
546289708 265622454
463986689 433126171
388376596 520411888
509567079 317792694
391586540 192469880
254722597 298531915
486558701 494594622
299732 434942361
341267600 263439403
298681058 174959780
340636003 6311760
427872698 618470565
358439457 606658163
543809302 584195609
116619103 418814597
112892041 608921790
188851986 568978333
162862606 288576909
497125333 341482649
132342456 140367626
85270267 140335558
338983517 69135276
204137205 166481551
183902434 286576375
427889987 472955714
530283327 511432019
451558650 38410618
216141524 109643623
43388397 244264147
296855846 613394035
186107874 289499974
455919034 276258114
88632314 357458787
