1000000000 1000000000 1000
677260615 618510556
237795336 481769638
165506041 880598457
160224563 622968514
860499213 370284360
231551603 575868436
113385120 736344907
531769400 695934932
114999740 438103132
799901770 290529
991874866 102950582
433001802 399682569
274742709 688361119
896124112 135544079
118260573 662572649
651653819 858584779
865178647 510777476
487059164 366361444
273272520 868649528
747210994 748194772
660636158 855330205
316409742 729263014
774027475 890772403
905146576 357913595
339506628 35691039
499800125 558446893
724438447 365221208
461327866 847532972
409871268 52787179
143878371 588076576
144986323 482307181
46973830 62597201
727174850 180323720
750430941 292725546
326881380 622728800
981911276 209989337
349441776 805225950
100874358 639870575
7668378 902689467
157431395 255313735
294397498 310044730
742019156 246919126
769035813 872211942
944947776 133418969
1699201 355731970
20622754 849018805
686565434 56173091
930710799 262930678
368205519 863809721
135926478 27167959
709867093 835364179
624990812 299121933
535504603 755036671
957913290 606992635
737182840 679338100
199046940 734031610
470684033 568418070
718645343 42866294
219438950 389743137
892837684 888712499
338276859 208739605
646818090 28346360
159722859 734841575
379476280 485403820
697007741 5708124
247351373 937344512
382940062 573132334
474110984 767540107
36868670 893965204
385433285 557730970
507670462 729624824
332642659 672406929
623374169 850247998
51892404 804928620
286252411 574332330
634594107 594102678
883516774 304744992
317083880 500342112
651531126 691358636
680864325 271209361
573662596 104006416
782801616 291036924
607336197 476412010
500489351 342825055
97833942 571555764
894876635 542498296
624752852 484110467
856377226 104164487
111505262 145563772
794050803 778448808
188980250 715965881
84372456 184976270
170088200 317964467
905244897 212977457
926827958 470896257
18143527 691427261
935422641 599610436
907374716 354149218
756369214 666184622
661995582 932221067
663459450 635113422
689305204 261536570
886908213 210927340
48608498 441303554
52720821 958678843
247364441 409649431
946513841 339395865
170654395 256475486
518750795 68655194
211781867 363090401
425169324 879678017
36571464 309745799
566557689 224143276
407934373 394135758
19622753 886798595
1832513 525050444
883078992 105147999
542481291 481898384
661560981 804140884
900291411 746090066
604762269 178680404
468378006 755045020
352271013 383918331
505501916 440563445
314790354 25141498
639867664 355673127
72417341 423103122
97110496 710387385
150770952 448602604
501128384 271609239
480110720 727476123
152273472 400226392
998788731 199751536
217781405 728177962
159516405 435315701
291697991 870594514
894084121 408226942
704216570 186950176
72040738 339641862
609524695 890792145
890625140 245112401
706293439 458901387
934409685 482613493
608705785 247979044
277932595 942918690
368228303 993501569
311374473 813033850
818191306 214464190
528686336 320068544
455039789 312679365
469389660 871384048
55714494 481051321
693383033 477362194
912522330 184009643
580797242 679561821
39413371 250731791
848415671 177949073
979531734 864097963
328160710 818554482
515769833 396778165
11222001 143645514
107841839 660733330
614009744 879728414
121035351 511999737
431712849 856184063
986114548 161203070
116101496 283269153
17305441 351961438
228736785 276481728
619591740 178484923
567538480 99256361
191694111 664345682
720938770 50263782
958558665 866578424
74422325 891546931
759431808 998517266
698398517 840169540
30296012 361879277
282339196 992376591
624950796 376231442
402363604 890453872
979248680 671984100
749556944 330122730
86234275 266684189
27156958 113885443
223612632 340331275
41408116 370564968
961456933 622038886
65654721 348423398
256964858 131517522
426659767 243429682
468547182 421675196
777882433 12348088
545326171 574181465
275925850 404355233
587553554 690716694
903873852 948594895
252651220 788008502
315615395 904446194
282109846 297879831
310466149 911923911
268129756 658789919
809546162 812907041
836178209 504631504
796483708 681259822
535102169 138709313
114939456 870266695
958121513 838480888
522342460 346412523
40453356 479473000
138730901 603598836
638651977 224853558
426932542 171234136
752296371 900995428
896489345 157943176
763450960 927257925
942416297 957058781
57182573 291458224
328327658 47878698
934035526 191804485
968367728 667871291
904931808 277455031
125929336 46925830
557954950 725786123
253782159 579423815
952674159 380414492
70404120 669542985
387582079 187969265
683544334 864909846
136392433 125213756
564155827 526975829
174211865 289137332
217599838 318542246
768561552 867341261
481927206 12100674
998830588 510318142
260995714 426160926
89225696 344192608
613447652 84450253
460510945 352424178
237870503 366299395
110249653 400978814
567724807 850136037
11768485 572524773
586053543 407721368
569984181 701791991
218534779 822433318
693837398 978444378
655117487 599486362
227286845 910505559
795257262 112024342
167396382 661579432
908389687 126597230
493945150 367082602
598658640 212381154
435781644 399621493
980403891 251433960
120472443 798670361
23609369 495762735
651666694 788619386
298423090 791536649
526598440 495929108
826964873 140998064
566240163 148607517
852700591 787661562
421905734 559428243
182628947 605975810
436205154 385801574
344697171 365857314
315595343 11711197
786763220 503022087
292290294 618115025
878441114 211937797
989184420 828166242
439434128 264018509
381980080 264282746
625870230 57600516
450184172 835515788
242695342 112857968
842785856 916283253
642973266 658305587
94809901 60672395
695358274 531735812
238169758 673021695
714087528 764881860
984193167 484126976
753504037 675572173
503836962 147705341
992766595 942205844
827856390 238176120
27994901 270391047
491040813 103616474
660687005 631302325
333586194 770106690
440103257 315820306
436785178 221409881
537887973 117137157
642507815 19068094
870720333 643094829
346358698 270987787
82614752 408003271
313391706 484749407
431957168 430367110
522965702 835861982
483161773 720522298
906121924 366467569
862771771 397654664
590435 432864507
176092997 818451006
930488562 63673789
992353500 650967619
622334283 510285817
668351590 966486538
29033520 767380526
823920020 701592499
305417206 493748209
402189232 24201614
173812548 79984831
198957050 571667684
843238263 121164947
776325270 266538599
8316581 559557108
640164052 901023653
217461839 91869259
308969059 491852272
614538008 223846714
13466041 61009997
930428654 424311226
79844643 38669705
702074435 490892132
199123708 774153269
286670500 196926146
649366217 192336115
133272478 646700220
183039037 684178143
431267706 80275829
804519431 319217438
158011959 752889507
592744316 544080678
778320676 6178865
402990833 79385725
642028082 257245078
268579383 180389130
571230469 66733350
221601151 293423311
773828598 207871128
511822670 682916861
148575589 345024135
93314729 593915683
971429375 478657175
613510222 13357941
77243042 180172908
777668266 158498344
640927435 611726567
390957643 138920864
371914405 899113294
792818173 821170354
976208345 41712791
236487171 429019539
269768915 420742735
22675553 529128750
274586190 352373990
445541908 310579734
521568829 508233245
223091228 304140270
414373750 558703191
490849545 662345930
367284300 526878529
425112326 726436254
221557583 867639758
255301554 205744665
705421058 487794224
233612231 759736155
888324012 951017956
192062648 318550250
510353867 520575228
405905511 362178565
785606103 112974076
669918643 139675867
302929310 987065793
367489604 653306749
262134743 50751179
503278472 824444599
672893243 630853081
467657529 585971199
297706367 448460059
663647728 79804829
358640484 857718438
290103592 288443945
416275435 529989792
111934323 188601008
290279759 847484525
907556662 111984260
887124122 395660448
300801680 384206711
878221093 44818916
242436116 960425939
449750762 327759918
697624297 60303042
68116932 754976882
360741163 295820579
880172538 242523310
882482201 338570355
28433384 475153558
77552796 42262597
382368098 13773973
341495352 66306270
117219691 873786149
945702287 822138613
889512899 550032959
251082381 528010057
197296384 563663116
283277786 505950521
703031310 949996028
892257297 534936702
714237920 440941087
561235569 931111880
367511652 74273639
554954498 475659259
786092690 962748354
238949549 872863959
143117119 828148894
45898743 196940468
103539036 329081649
502093120 43982738
776803214 164838700
823956872 109484687
722798406 385919406
94801131 179219835
663780394 982865241
752859915 681586016
851717298 923616641
772021733 462817411
561267527 839865096
284683543 996618036
47766118 96008233
727721923 238962160
161630531 940666711
320054746 557015314
115744599 260416386
803386808 155229309
17534994 442325779
65890562 699773642
357638285 238304375
13436442 974216379
710633444 846687690
731303705 693223705
390852738 623566805
886144808 407903614
639053515 474256027
412049462 621762521
475862906 443462415
915894812 939901814
915084863 560630218
911247128 618969314
612259451 899304569
303549940 511562287
73982077 840623413
935222305 787380837
744404136 910676981
44175856 310264229
737059987 152867541
748842053 121543749
460424887 821911844
993248716 845132109
751837491 47001568
601123534 497686526
398244876 73571059
761194872 251022131
8605370 306643929
519819793 127502887
702630625 714129609
862653619 90232609
17022069 308247732
839175810 874609544
15328167 671463246
35300342 836986304
805402066 184031177
864795999 629118609
284209566 120967698
879445364 89056047
146693109 575660325
714487713 717365131
234355691 220451326
503338315 820275182
797807671 465921434
544579882 301241870
497529563 960860781
222040565 254286557
780670184 973948578
793019727 679513294
28650132 531705841
37590142 878287669
701658804 898472864
386983469 339487635
366426054 365331662
979425946 56228862
944093640 582951563
351273856 169613484
467954840 272375215
250656327 605499469
630775637 835632032
774213120 408763327
286832355 983334369
239173901 671612333
857871062 365638813
849285584 627888349
182798230 397965731
634358904 610648927
841104996 929122044
825949444 475859951
624282480 282840893
194054735 802718974
36058508 605595780
888583302 869017792
427877301 404773749
988331894 555076215
763182256 504654470
834790521 560467389
93364819 389016970
927528801 483529377
419056483 238068642
42569735 279481700
175506159 934542029
262219414 350805468
633063591 248804072
196917959 318267295
275448709 287751235
347032419 769599362
289559791 269950554
953945106 814494414
526837261 278894143
661826524 571427885
494453512 580074019
483467175 569146977
834188711 658707171
525654958 541365362
814586678 858959195
189352505 235894458
699963099 486434460
593380686 262263995
595152516 803843085
284671016 298810961
150821904 369846786
21628434 617427653
520250775 530148418
683528294 40482777
964458256 762723454
146155968 661054092
704818017 542303942
227295781 96970005
659742850 325935188
497871827 554963875
31485358 103431744
309337723 672922534
96769282 775002472
657498935 713977757
635930077 370130397
265015452 577446266
462968593 538418926
279842992 572051842
925518180 765448311
684112093 808921086
761996133 136294971
734105331 572888061
184027436 804255737
150268862 117314178
801353044 438024656
620790915 269567589
316655273 856801997
772862831 328891239
729349698 517535910
518169475 233121717
846805565 752349617
48662449 971814744
399920691 987910191
223275832 737397215
418666846 721700069
907410080 316301400
905440764 381998950
349250612 859490854
493070705 766684485
926993281 896896269
891396894 257943074
10517204 227532630
892108927 402452171
486582800 409932105
888264750 904531516
258164949 632203994
923620720 694097420
823690614 133126237
175503714 554220694
956668797 665003266
460864745 653814599
495907904 927254633
924418730 799775707
469880339 704411639
993378238 427911659
825080062 826047272
88677372 198869380
268243175 483356953
466613261 582765804
574065221 449493800
211805145 758250057
520619461 930607431
142928639 175744287
556497685 965857158
404118677 651684703
673783612 482311542
854631532 675114727
684053863 295103951
525767453 458787812
798314082 356663046
732304999 248210052
524197725 660286205
204348996 227705735
8467355 142915103
934534791 767435617
687916770 777926722
11314278 18828721
616865748 218773826
642807836 886191142
302844396 172468342
207758750 116693879
55914958 402287116
423527818 826594830
393309240 436350938
331183449 428726411
593202121 763777806
653650497 542674481
210975584 446518104
236673847 190371799
380052653 64311852
584067071 489559471
889946734 164282565
787806041 70688045
692061890 67146878
849456338 569734755
999100449 142048839
428571257 325293780
893657195 114443341
996700355 182259486
675200812 800333858
506581127 727242750
865740541 598690481
934102295 331428504
336274849 170155052
179301465 956441120
754682345 358230419
638943102 663402062
921480487 972380580
291221625 810478220
791427173 15135862
43404735 73996824
625435892 706536451
815552191 625651194
426464220 908357004
676814226 906101180
739832327 170579540
794534536 301967820
29239222 377449580
88793895 672807216
482703920 953102586
593696416 657576947
218232446 908190327
304771994 303534889
39626234 484588819
930554075 919954004
891087526 616373723
420278920 514303425
379701451 893666941
556062033 2200383
933116306 913070511
833809740 854768598
795620256 626950821
203162456 570289769
947466337 670412749
425786686 365206298
118691667 149082569
933945893 477181354
105206103 910059718
19109728 738305868
419211282 725997506
161334391 198295675
239473710 981437481
848880124 742205327
13041516 936221969
335710470 908931565
7377766 830342304
321671539 123911491
188381512 311677707
692765423 551376414
814348690 712134020
452947816 302179360
968173502 402150492
418021010 706054833
445454 99891246
877845163 166502412
785780919 571279883
808210617 423073460
650745148 164728623
61019018 830283187
431742618 485417952
58430966 704884122
877957583 729168184
617507304 810706287
938985715 316572049
176679580 220985594
203934154 19413333
30664217 727230153
11137947 992507739
344445509 910840158
744765402 861502605
127945953 982593533
781996137 5370788
177007077 971411176
988308816 774771066
413506700 436529718
894911101 35746895
538102143 459972858
963574582 296677897
135507272 710817429
604360065 755401428
685606461 346818377
425223325 367481155
103301001 486461557
707973350 95298282
576535223 101926730
706649217 21255208
618807838 164439517
823690116 128270247
230016702 94560917
778350065 357265004
397572464 491527401
114246722 224785730
205831729 862907
78514148 816603449
755217286 478200631
571569134 526955866
243115113 340134247
877561107 523704888
359556918 30984852
565204996 671445032
928988476 880268049
177319872 266410596
51230245 130169096
873144169 744508772
820266344 360134345
689407081 944601951
297066727 616067151
392570680 685152377
368067460 359511842
851604058 238113303
328663709 743598097
954944028 882250236
403691466 96081774
426101827 826923340
797382649 816202938
464269333 62460725
583516491 949810470
653532514 635314597
436089220 766892813
334559411 498846102
78147693 822828856
131332296 27152813
23191562 781583511
516918440 399054570
405027918 588302031
325350439 426353379
832860858 273510411
971388062 86089490
906634157 563788892
699147807 658136103
793617793 553225812
387452479 667840661
670690421 567075309
466256336 658077006
761280544 243900878
5540259 680938382
234771995 212200099
279401910 397665425
257251764 810574589
120675318 86553804
598992210 316048767
358553847 519899379
873205131 858698535
674457366 254162116
410698006 427164798
87565107 796454376
919879388 884268558
866968719 544647391
95650682 544563876
280686728 954742890
390848861 230607937
509907278 136745208
818008164 765974231
366549675 463671101
842622205 821818645
936393789 746001309
692164181 656221135
31733221 23831568
99107346 820339782
201683460 33563532
259967563 507863803
531713291 188450649
362614074 597677204
318332526 160186036
706088579 18435865
821671167 142876708
665040674 2620900
857968142 842844679
779411313 659416563
499961914 155599618
997852536 280856180
614133910 973626451
969159606 484548046
481547218 824908865
608839888 523098819
870193696 350506479
160063070 560776476
70585002 159562492
463484383 433635092
751474308 483341943
923145358 361994655
668502041 429969379
399059593 780656351
5657127 959339714
819291558 725516249
629458135 159374882
345183413 205063912
855555514 224031541
847999142 940024825
432067805 2878887
390346675 74849283
523002358 479684578
105677566 831337335
335986750 241274381
348965875 217046748
186066704 168374289
465673916 182093703
257174239 928511007
540529255 221443100
308024072 553538900
501092277 790959461
312490831 287281986
404649908 921780668
142334567 692622291
200665663 260112190
21063280 379430530
680590773 90878719
692760263 665032920
12947379 513204069
156903893 302038374
761317104 972012155
724725797 998360456
570100582 910579127
994667946 414689847
353028801 405405345
941487282 326591893
94976447 921794211
242315409 455601867
460283669 17675062
449032569 74394657
611073880 299866544
244651814 954491707
30035348 476605631
803050535 852327750
99256134 405904571
297578807 867146852
277732357 633258352
818056523 866310853
17229766 131623355
923487681 115627643
782290144 98213961
32100670 608795658
805299747 700135147
68190315 315710200
374607535 338736603
61925613 952281669
660314604 587575030
400736339 350040778
966471099 182033830
438746001 532645267
839505809 835992039
458101264 666893727
210833351 619105130
26977563 477407247
725466311 570890715
722978885 950242677
478910778 141845543
750118148 848347174
630825625 115532181
516565120 689252082
161701599 796152585
441731608 479691213
585257368 910142361
243644068 684635733
433688027 976756990
265290318 706899686
515229046 29745395
478722805 192348112
339925021 255670314
378354047 943929850
161191384 138885017
969095348 230816047
266421828 251711900
853173207 21072483
548035380 209918520
886335246 503123624
12015664 755904737
884531298 305428568
394520188 136733612
673731730 78893911
681052821 645030528
867348777 686378187
933999504 249508418
873384800 137474765
33759158 415108745
799061916 975311914
342349596 113450325
930066504 132793543
586080462 548181199
157836451 538697022
229153750 550245440
753080374 394651045
530566901 24222195
511857425 149146038
720570734 71746405
243714850 208518468
660532178 812824319
254001503 545195256
73838721 809432378
880258188 347213984
770871997 888238389
793317867 769694863
319055693 103518567
59133748 846310406
413703183 618777161
989822560 406069638
305369872 840507784
553667865 985066015
538633696 627402739
217641650 911653725
339425946 709396588
85342416 416613693
501272527 983251001
685185558 645339870
592600503 767195310
261199726 934225599
597169812 353681517
432316794 158439561
626358025 808487003
861048842 248411503
381942042 97635007
155722685 399606726
884845490 306022027
891780197 196483669
260996362 405682613
917894961 643718592
273910490 726649889
696501949 559530453
678782305 602834843
813609969 515364110
104912900 49063738
31107614 507485130
360560617 216505359
601733465 182253431
212564732 598439044
186967060 921683935
200358249 375323391
488466147 427049292
904899002 379612557
679587826 714261340
371819519 362709016
734551335 51734998
633775608 387796796
912844060 756825180
340915905 966549126
902441558 420845902
638535998 253997979
627035452 692721640
576608834 821305110
857677407 524595066
489067875 169229002
942350391 918843680
908778917 927082171
498550395 547358493
6919903 906089070
742994548 11566979
939156443 784039370
384083753 594319090
51955065 880726628
385371353 470632134
573945987 352491427
777937017 8774719
222602113 963972259
534063182 858117019
298991698 286861369
847631285 129868602
44203995 303795993
