1000
8 2 540
2 7 187
2 4 548
10 7 609
3 2 801
6 2 145
6 6 325
7 2 595
5 5 420
7 4 330
10 9 36
5 4 460
6 8 180
4 4 478
3 10 85
6 8 857
2 9 87
5 3 422
2 9 961
3 1 49
1 3 78
4 3 902
8 1 142
3 3 641
3 8 92
8 4 910
3 4 275
10 10 706
9 7 111
3 3 342
4 3 11
3 3 222
9 4 719
3 3 523
2 9 356
5 9 257
4 5 388
9 6 668
10 7 443
6 9 761
5 8 834
7 3 934
1 9 307
5 8 338
3 8 991
5 4 413
9 6 807
5 1 928
7 7 22
6 10 62
9 2 178
1 6 981
6 10 249
6 10 591
8 6 233
2 8 466
10 3 809
3 3 572
2 4 121
8 3 109
9 2 702
5 6 152
10 3 432
8 9 870
8 7 243
4 8 785
4 7 224
2 7 939
9 4 891
9 5 883
6 8 215
1 10 828
4 3 734
10 6 158
4 1 976
6 6 840
9 4 501
7 8 113
4 2 201
6 9 366
8 1 815
3 7 999
5 5 903
8 6 421
7 4 593
4 1 676
5 7 964
2 4 904
5 9 337
4 3 447
9 4 639
7 5 1
8 6 322
4 4 508
5 8 281
5 3 276
6 9 672
8 9 219
4 2 225
3 9 136
4 4 935
8 4 557
4 9 148
6 10 119
2 7 929
8 7 474
7 8 61
1 2 493
4 10 216
5 7 689
7 10 86
7 5 155
8 7 931
1 6 56
6 4 211
10 5 80
2 4 633
6 2 165
3 7 754
7 7 25
4 10 747
5 4 875
6 10 75
9 8 46
3 2 487
10 7 402
4 10 229
8 2 649
5 10 574
3 6 617
7 6 681
9 10 968
8 5 798
6 1 8
4 9 770
5 8 147
7 8 170
5 6 347
5 3 429
6 8 528
7 5 824
7 10 921
8 4 733
5 1 951
3 1 321
3 8 570
1 5 72
7 6 344
1 4 495
6 4 475
8 3 320
7 3 638
5 9 552
2 4 651
10 1 306
9 6 310
8 6 578
10 9 323
3 5 316
10 4 425
6 6 831
1 10 971
4 9 510
9 9 453
9 5 588
3 2 262
1 8 131
1 6 716
5 5 833
6 7 544
9 8 893
9 8 378
4 10 805
10 5 988
8 6 700
10 8 14
4 1 718
5 5 924
2 4 994
7 3 925
10 2 139
6 1 451
4 3 728
2 8 973
8 10 442
9 5 784
5 3 154
9 3 301
8 1 115
6 6 946
7 7 476
7 7 974
9 5 724
1 1 898
1 1 919
3 2 177
9 6 778
7 5 371
2 8 259
9 10 484
8 2 54
9 4 428
7 4 462
2 2 179
6 3 368
10 8 863
4 10 59
9 5 937
3 7 236
2 2 663
10 1 377
4 7 602
6 6 416
4 9 745
3 8 852
8 4 200
5 6 313
2 5 708
1 2 814
4 7 730
4 9 397
1 1 373
8 4 525
8 8 622
5 9 204
1 8 753
1 10 434
2 4 621
2 2 855
4 5 795
1 7 285
1 6 132
10 8 405
3 5 710
9 7 685
10 1 162
7 9 481
5 1 391
4 7 97
4 4 707
9 7 282
9 5 696
1 8 60
5 6 596
2 9 615
9 4 33
5 9 580
9 5 339
4 4 839
3 2 516
2 1 489
6 8 445
2 4 600
8 4 701
8 1 986
9 1 312
8 8 345
6 9 242
9 1 329
5 6 874
10 9 208
4 5 174
4 4 861
1 2 305
7 3 827
4 8 217
9 6 401
10 10 2
1 5 908
1 7 799
5 6 627
2 10 952
5 7 359
2 7 645
7 1 314
2 10 843
10 10 511
4 8 39
3 6 105
9 7 477
7 6 587
1 4 884
10 8 998
7 2 441
1 8 157
9 8 197
10 8 297
5 7 726
8 10 882
8 9 836
7 8 942
10 6 483
9 5 821
8 7 612
9 1 352
3 2 390
1 9 389
2 5 5
4 7 703
4 5 661
10 3 545
5 1 372
9 5 789
8 2 565
1 5 620
4 8 912
10 4 586
2 8 430
10 5 787
7 5 906
7 8 556
6 10 584
6 1 804
1 3 143
7 4 547
1 3 84
6 1 395
3 5 380
2 10 226
2 2 993
8 9 740
3 2 117
6 2 739
3 3 423
5 6 168
4 2 850
6 5 114
9 2 650
6 9 856
5 6 980
7 5 816
3 8 869
5 4 160
9 3 569
7 8 832
10 10 91
4 1 576
3 1 950
1 5 619
1 10 47
10 8 470
4 9 182
2 8 24
10 10 403
5 1 963
1 5 665
7 5 647
6 9 469
3 2 446
5 9 410
7 1 597
10 6 13
6 7 253
8 1 354
9 7 985
8 10 682
6 3 27
5 3 500
9 8 601
5 6 533
10 1 454
9 1 611
8 1 98
10 9 267
8 1 30
10 10 497
3 9 756
7 7 917
10 1 683
2 10 103
10 3 920
7 1 335
5 1 970
9 5 300
4 10 880
7 5 736
8 9 332
1 10 244
6 7 526
8 8 327
9 5 965
1 6 543
7 3 997
8 6 212
5 4 744
5 2 738
6 9 286
10 9 644
1 6 599
5 4 153
6 10 479
5 4 141
7 6 865
8 10 457
3 3 237
9 4 714
10 10 50
4 7 353
4 1 42
9 9 792
8 5 837
1 10 848
4 7 252
2 3 385
6 9 679
8 5 324
3 9 369
1 3 844
5 1 509
7 8 16
10 1 796
3 1 536
7 7 94
2 10 407
2 8 713
10 2 172
1 2 945
7 6 947
2 2 311
6 7 618
6 8 664
4 5 774
3 9 915
7 6 317
1 4 431
6 5 943
6 4 383
10 5 762
3 6 343
7 4 492
9 3 274
1 1 782
4 5 362
3 5 104
9 5 768
4 6 823
5 9 505
7 4 812
7 4 186
8 10 853
2 6 693
1 10 849
2 1 688
10 4 218
9 4 763
3 4 518
3 2 118
3 9 960
5 7 769
2 7 116
6 4 566
2 7 361
4 1 990
10 8 909
6 8 635
3 7 294
4 4 625
3 2 192
5 4 670
1 7 936
3 10 394
4 8 498
4 7 982
1 1 605
7 5 878
3 6 690
1 3 40
5 10 167
2 3 711
1 2 938
4 1 554
6 6 735
1 6 858
7 6 628
4 2 238
7 8 83
2 10 287
8 2 520
2 5 400
9 5 626
5 1 866
2 4 674
10 3 592
9 3 582
9 7 34
5 6 766
9 5 752
5 4 624
3 4 731
3 7 491
2 10 348
1 3 780
4 10 467
3 4 52
2 1 894
10 2 265
1 3 144
1 7 564
10 3 949
2 2 412
3 7 978
1 1 755
6 3 194
3 4 646
4 2 632
3 7 873
1 6 269
3 1 550
1 7 957
4 7 304
10 1 743
9 10 485
6 4 506
3 5 504
7 7 63
8 2 71
5 4 184
5 4 666
4 7 48
3 5 962
6 9 742
10 8 955
8 2 531
9 9 55
10 5 984
5 10 684
7 7 149
10 1 555
3 2 486
10 9 473
7 3 15
1 4 573
3 3 822
3 3 699
3 1 885
3 2 424
1 6 482
3 1 819
1 9 541
6 7 125
6 1 333
6 3 438
3 2 205
3 7 842
2 2 210
10 5 959
6 10 427
9 7 10
2 8 637
4 2 126
5 8 248
3 4 409
10 3 53
2 5 932
2 9 887
9 9 127
4 6 560
6 6 868
4 1 691
4 8 872
3 7 653
7 6 575
10 7 355
3 9 488
7 4 251
7 6 150
1 9 867
4 1 895
6 5 667
6 6 32
4 6 357
8 4 471
8 9 31
6 10 607
4 8 750
6 4 864
6 9 272
9 8 813
5 10 43
7 6 308
10 9 825
6 4 232
3 10 44
5 3 926
7 8 414
1 10 777
8 8 775
9 1 188
6 3 295
2 8 21
5 7 28
4 4 408
6 6 859
6 9 279
2 7 589
10 5 318
3 7 808
7 6 521
6 6 58
4 7 930
7 4 374
7 8 911
8 5 68
3 10 732
2 1 594
1 10 913
1 5 392
6 6 235
6 7 449
3 1 365
1 5 977
1 8 876
5 3 221
1 8 364
9 5 45
7 8 234
3 5 737
5 9 181
8 9 860
1 1 907
1 4 106
5 3 135
9 2 803
5 6 341
5 1 411
6 4 290
9 5 673
2 8 783
5 2 448
1 1 315
4 9 350
9 2 66
2 5 291
4 3 643
7 3 604
1 9 845
8 8 529
8 7 694
9 4 191
4 3 562
3 8 811
8 8 164
1 7 537
7 9 261
1 10 657
9 9 692
5 10 749
9 3 206
2 10 568
6 6 289
8 9 138
2 7 176
9 1 393
6 10 173
9 5 793
7 8 123
8 2 958
6 6 296
9 5 502
9 10 496
9 3 871
9 4 899
9 8 967
5 2 781
8 7 655
3 5 100
5 6 82
4 7 820
10 4 851
9 6 542
8 9 658
4 9 240
1 8 933
10 2 698
5 8 886
7 10 512
10 5 185
6 4 263
5 9 171
7 8 1000
2 2 629
4 9 6
7 4 241
9 4 456
4 1 360
9 9 652
5 8 284
3 7 326
10 3 367
2 9 376
2 5 905
5 8 900
2 2 65
9 5 468
3 6 349
4 1 99
10 4 198
8 8 695
10 7 613
7 2 433
10 3 969
7 5 631
6 3 260
3 1 120
6 4 830
4 7 723
8 8 12
5 7 140
5 2 227
4 7 741
1 5 190
7 1 280
7 9 134
9 2 583
4 7 209
8 9 309
10 9 680
5 9 23
6 9 292
9 3 254
3 2 175
3 8 88
7 7 896
8 8 396
9 10 623
9 1 358
8 8 546
10 7 79
4 3 862
7 4 517
2 2 255
6 8 77
5 1 437
7 5 169
4 4 9
9 7 889
7 10 436
6 4 95
3 5 4
4 9 561
4 4 715
7 3 879
9 8 610
7 7 381
7 10 112
10 9 461
3 6 336
2 2 786
3 9 659
10 7 519
8 2 370
8 7 897
2 9 439
3 3 940
4 9 697
7 9 379
2 2 128
2 2 223
8 6 538
7 10 20
8 2 230
2 1 767
1 6 522
6 9 74
10 8 463
5 4 603
8 6 507
9 6 759
4 1 19
7 7 989
4 7 465
9 7 418
2 1 817
6 3 579
5 10 954
9 5 108
8 9 835
5 4 129
4 10 256
10 3 687
10 2 278
8 9 535
10 10 57
6 9 18
3 10 38
9 5 472
6 4 319
4 5 559
5 6 764
7 10 268
3 5 299
1 10 514
10 6 660
3 7 608
6 1 847
1 5 455
5 1 806
4 2 247
1 5 258
5 6 64
2 1 183
5 5 293
6 4 199
10 9 452
7 9 606
5 1 892
3 9 563
9 9 686
2 3 881
9 1 398
7 8 406
4 10 213
1 1 966
10 5 -1
10 4 551
4 2 399
5 1 640
5 2 426
1 7 771
10 2 758
10 2 89
2 5 746
5 2 797
4 3 642
2 7 553
4 4 490
1 9 17
3 6 37
3 6 829
7 9 41
9 5 916
2 3 669
1 6 93
10 7 239
2 2 941
8 2 791
1 8 459
1 1 616
1 2 266
5 5 480
5 8 846
6 8 283
1 2 748
10 1 440
7 8 877
2 7 794
7 10 802
10 7 567
10 8 927
8 10 534
1 6 382
5 3 351
4 6 288
1 9 751
2 3 340
6 3 435
8 8 790
2 10 914
5 7 923
6 3 110
9 8 571
4 9 231
2 6 270
6 4 818
6 10 35
3 5 721
6 7 161
8 1 779
4 10 854
8 9 29
9 9 890
7 1 122
1 1 195
4 5 137
7 3 720
4 6 264
8 2 788
7 8 159
10 6 630
9 2 69
1 5 26
9 10 334
4 5 214
9 2 193
4 9 419
4 4 450
4 5 133
5 4 156
4 1 901
4 5 826
4 1 515
2 8 725
1 9 146
10 8 70
9 8 328
6 9 499
9 9 558
8 8 678
7 5 712
10 10 415
4 1 196
8 4 888
5 5 948
3 9 363
6 8 992
3 3 331
9 10 527
7 4 207
4 6 717
3 3 987
7 4 956
7 2 549
6 8 303
8 4 675
7 6 996
6 4 598
8 6 634
1 7 90
1 7 577
7 6 838
4 5 513
2 3 918
10 8 944
1 6 387
2 9 7
1 1 581
2 3 102
10 9 722
9 5 273
6 8 800
4 2 776
4 8 727
5 1 654
1 9 81
1 4 614
1 5 101
2 4 203
5 9 532
7 9 51
4 4 677
1 8 67
8 10 590
3 4 444
5 10 841
2 9 810
2 9 189
10 7 975
8 7 922
8 3 298
6 6 503
7 3 302
6 1 765
8 5 729
4 10 384
5 8 524
1 7 124
3 2 671
8 4 494
2 9 375
1 6 3
4 2 656
3 6 163
9 8 76
4 6 246
9 1 585
3 8 662
5 10 705
7 7 277
3 5 464
8 7 96
5 3 151
5 2 709
2 9 995
10 6 704
4 6 250
5 2 458
6 10 417
6 5 245
10 8 386
8 7 220
10 2 773
2 2 271
2 6 404
6 5 972
4 7 648
10 8 107
5 5 636
5 5 539
8 6 228
7 2 530
7 6 166
1 8 760
8 2 757
7 4 73
5 5 346
5 2 979
6 3 953
6 1 202
5 9 130
1 3 772
99
