1000
98714 835063468 744
24825 909282632 276
79810 393680701 249
92281 776424043 939
53792 2960643 149
72748 63431322 259
57685 43897725 910
37650 43483717 727
38372 380909483 326
87186 418248861 709
72758 835618449 240
51189 127309337 251
89204 889669047 11
25993 607653107 930
78256 721822124 874
24607 724060076 537
10812 400440959 645
17101 591806852 544
45073 894160452 531
26061 775660803 619
48233 385169301 692
81948 12352115 247
1797 917195790 175
14588 46524003 953
43272 682135248 211
70355 400521254 127
60347 936479487 860
94729 257591378 303
63719 703937092 742
34894 16276801 27
50334 738982732 417
3857 925801363 267
57842 645371975 848
37962 56455338 545
89980 960879978 15
30066 571938093 784
68950 543965037 177
43141 157354374 58
55393 758285 156
52647 76029540 776
40833 414109323 381
92956 13203769 892
63996 596306476 399
19790 664167613 111
46846 381500599 88
76459 583687017 336
78264 294582010 962
32644 821422589 185
4476 817015109 965
61711 597150715 257
12867 176511469 811
79494 721081385 241
89767 323759051 708
8710 242326291 904
9546 695833787 367
95986 211467655 517
88557 166110237 515
25517 597469975 957
25689 739826007 28
14147 23659674 843
30650 108923472 201
70432 469535404 790
54942 984603127 382
31607 832281641 90
37211 699350714 995
77117 823542966 452
66598 808065296 75
63947 168155960 7
97213 179755503 103
60096 621686875 823
20606 571816278 851
76125 68996364 650
82062 64336581 77
65927 178831615 799
25587 681364928 778
51176 770965802 816
72409 609820752 253
74670 223008328 780
78673 646850946 459
26730 843144023 217
20718 613279205 373
18354 955780123 113
42214 290762768 538
84096 542696345 266
90519 30041882 488
47986 39193244 307
52543 956179744 985
28232 875435571 258
24067 476808643 485
50248 245945905 707
31081 272006311 937
9597 508998572 993
55133 997047286 300
50740 3757439 905
7888 877275867 362
45950 201756872 198
23381 342748167 158
72496 677221226 274
83522 891647023 501
78662 789767820 342
16085 329756811 592
52124 996780824 927
1772 492125528 67
179 99557949 6
50316 603466840 577
85426 750549998 431
89563 973462349 134
71843 598783328 771
50758 920377986 457
90962 213485456 947
33531 587457346 603
98897 940303803 416
60752 208625246 125
50007 208079844 182
65147 45841067 899
48316 391421265 738
13271 997118850 209
93822 90755854 236
19302 507094847 766
19775 41957993 333
87241 959880642 101
7525 33751924 447
17609 489332465 504
82169 790814599 703
96562 566475060 655
15080 85651387 565
32147 299538423 297
13509 259048304 889
35679 68632620 188
79717 305391304 665
89135 20388039 735
82658 440271145 96
70302 339684671 990
51128 896730047 288
65387 717998100 520
51307 318826487 375
30459 524732227 371
23487 194903557 264
4372 281328851 546
90239 298601312 473
70147 658855245 508
22775 169310529 108
18391 72680507 734
99417 190108455 235
20195 22510768 944
61404 115627350 548
62880 397960128 332
56888 418368339 380
84713 423189251 721
43659 11140713 994
74621 304825622 909
88119 9499688 725
46529 961041947 73
94786 648821985 573
33659 200632884 351
14901 20088875 964
83320 310406155 660
93662 550438240 679
68807 207768397 407
51790 81329697 970
84379 75334442 63
1883 395888846 598
6477 224342231 574
67966 344487183 551
53784 628963853 112
9334 9501262 193
92603 58229640 270
12548 877717562 404
74587 173782920 941
26669 273535302 855
18398 635083859 377
98460 21335336 392
99025 244644528 903
83901 778253659 129
30819 911348846 475
71202 891055517 722
76552 474327771 938
66402 292582001 287
27318 155948365 82
76437 774420381 631
91403 875227037 523
44057 488216237 564
26822 231975079 922
34353 929009007 354
97545 899684556 155
89664 631475318 54
35038 362154096 782
17938 274060695 676
1967 648232572 945
89524 938666607 260
15435 484470492 628
94647 893323995 143
23272 3438338 8
10961 562807677 466
85628 312338017 142
2972 653298750 547
2211 543277300 159
25877 949155527 285
6460 542906805 586
26814 853470470 39
61900 43785510 888
32540 600637360 273
80089 843523019 978
90233 991806649 284
73136 97203373 496
77444 580765149 52
2848 59807193 48
48108 46642459 388
81917 909824735 813
18921 353037621 971
88798 276150612 842
24467 536914993 263
85439 625140560 484
90761 62367194 120
73471 171080689 581
66923 804081728 763
17795 121589718 165
98656 669613108 887
71825 856531876 118
57905 851260365 74
30006 925670021 669
83756 864299238 203
71297 12149412 246
84994 698659741 840
4454 51176370 486
20809 420307158 653
31516 166945636 752
37883 444043446 44
53023 502049779 329
78389 329786664 827
31630 980825243 890
2552 397131868 913
77262 332972060 61
87660 790205250 119
46886 789183804 880
39544 139738131 824
69984 635956547 218
17196 264680649 502
33742 326851197 844
89463 807850402 702
22851 674651836 992
32753 984829857 911
88406 641104339 572
69298 930542349 832
36963 92321820 697
90265 495203824 584
13834 4679923 26
36102 859408026 340
92141 119825721 116
10144 377329179 881
58006 492561874 579
86768 755185356 390
19535 488434215 847
90148 15335622 350
43016 599731877 831
5869 721961577 695
47253 637973308 55
68929 656222935 846
10637 744411616 184
64794 941444215 406
32844 924771596 310
73365 913070451 456
32913 180813370 951
82676 733391930 250
41697 608250988 657
89469 456496638 988
34467 354636454 974
72952 837401911 510
92482 132812402 196
67829 517868574 979
95662 742469211 76
20067 325693235 505
76858 188233842 355
12698 728409015 84
90944 59572428 942
17682 32574515 97
81721 770035713 580
54666 327143664 43
54533 689117615 427
10211 172259964 356
41609 240108277 758
10818 442557483 525
18252 226523385 439
11281 136816788 137
98937 829626210 664
37214 5836816 699
20800 203464415 271
92826 40501566 563
63637 183221150 661
69179 884714370 644
96847 853597141 616
59387 148965761 841
53706 83285565 316
6551 165584294 148
49701 172859538 677
1041 939588257 931
63781 141563413 30
66479 287281635 499
56753 496160265 117
82489 14488099 216
10836 81035833 560
23391 954488284 140
64158 41780593 567
99248 824926668 341
63267 943770113 617
12676 271643510 141
19386 561674301 686
56052 993959841 803
22623 930157823 17
5116 245956824 136
27602 33189411 674
97696 41069544 559
9238 901927690 315
7172 479359077 191
91954 14695704 199
99762 220877604 483
29299 221219895 977
13336 449896642 663
20328 779659089 104
19847 952842780 324
13061 106410201 85
33654 719940821 176
87714 377072451 773
13693 365138388 632
42233 544565640 83
48218 922713027 858
48490 839599523 468
7919 92894609 150
6362 426108694 916
74305 970494192 772
29424 22616422 747
11067 43268824 743
35319 899986074 46
6730 114859011 753
85919 254839232 277
44446 308982638 595
10460 139459945 681
97359 302336222 934
65701 956172840 47
16566 965777753 190
44534 992145686 306
13648 939610025 666
56015 919498321 226
41470 395625180 346
81587 377159544 926
69479 101860551 152
78378 592230961 453
69716 84639870 794
46367 156447396 304
15955 35449053 339
64578 63369725 387
62614 388642563 51
32903 826932462 262
17969 849672402 516
40677 271116842 376
87039 667201392 233
59577 580520171 683
13918 651099593 668
61312 989796205 102
78990 491775754 -1
5120 807471473 487
8693 46453543 764
9920 964058811 384
74494 853532502 599
52491 861637012 718
48054 834398354 849
69266 190506313 656
56814 2715162 845
86886 342178985 775
20667 434613743 360
69218 51961995 578
42137 25202009 2
77535 301682246 507
59588 948422499 275
55454 230516280 857
57341 534424410 482
10754 158970432 10
11596 71704914 183
42322 989117507 768
55000 952892065 272
62108 54700714 553
6352 450296930 282
85581 84650210 238
73093 646463987 42
75258 616729051 167
59694 888068471 745
4186 418267786 636
80515 132394069 428
17706 610639464 490
48514 38579639 837
51271 506019824 358
57165 139794700 900
95799 631498533 476
92490 129351815 929
4865 55475721 449
17378 670002078 128
72624 385413415 693
34051 579683723 400
86357 804962826 153
2974 57039822 151
88162 897675715 983
70985 282668201 411
52975 952739176 455
84733 470795683 87
55608 351934095 798
14969 960328198 470
16125 996362711 875
80862 534739297 370
75937 666850656 93
45617 855502342 980
15820 14183758 861
5884 829033357 532
61385 114146377 792
32781 234857807 533
57193 726103552 513
50678 803480812 312
68510 968999330 368
81675 449255621 105
68448 701161059 678
77160 59213955 814
68715 54315517 879
82216 846796175 446
19327 344615212 435
18126 261707159 403
6719 317516337 121
12384 54442768 958
79059 179535696 587
4647 643625902 434
49511 964481874 786
20337 38649069 720
3689 907102724 522
16783 622970508 713
15502 77825718 609
76823 534335244 331
41646 319881917 896
9282 305957941 654
74371 488584177 878
68175 589355410 320
70062 952058672 558
95071 547518192 765
71058 172741337 289
94391 141121251 808
38263 550032721 69
32514 937884993 195
88936 975500162 115
44 77000101 173
11446 796427095 535
5511 10739694 301
90163 155684417 518
28778 221135037 788
7319 2268597 38
78061 377416698 873
73758 183554988 124
45231 542392143 214
46696 388087073 762
61264 8428715 481
73625 284982423 477
40407 214725825 302
31766 366161553 154
88269 925417863 357
68014 870750743 425
4352 972839096 536
86062 379463480 383
82977 777779282 164
73579 449635714 917
28262 803675928 225
65565 183444108 72
25928 755542801 575
76862 57348204 145
31302 523405319 973
65711 53981761 179
26465 723774985 421
6387 169743531 445
28255 690171881 94
1554 552878158 611
1512 356653503 817
64088 836895827 627
62059 664592229 347
13139 178354919 464
11578 345512696 740
92312 743692729 853
14858 891542365 583
18367 130418816 804
58900 385467066 556
35746 565167987 604
91478 886912249 398
14530 519038415 503
38547 383522377 57
74019 953256021 726
23119 445487516 20
27787 424312778 479
69332 592650025 795
7334 523710325 463
47376 848896748 779
40101 178357156 268
948 672414497 361
96378 284981287 170
62870 704915149 200
91229 425930451 70
19408 896724021 31
51339 551392768 296
18207 376670053 854
93282 110829324 65
32677 140781739 731
35718 3605718 366
70055 43039001 810
86911 905323076 50
21328 310127366 178
82457 117856445 777
65388 537986189 760
36130 901777071 940
55310 32489996 519
86927 4965387 667
77418 895143 710
35320 115763908 675
4412 160637123 172
74007 471161172 550
43807 420806795 295
5741 619973943 430
91191 685485679 37
94462 594442093 323
90728 287145376 819
82800 236428540 908
63644 870110869 981
94159 342818156 746
72256 354723208 210
23244 186386761 325
22664 457922810 868
37689 3287205 410
59975 925888555 3
25263 929976723 109
56344 880515491 131
48200 242626221 891
68088 836952492 441
84805 152786320 290
49257 23261397 424
69322 93752666 408
6480 813881969 997
50077 416195890 281
9464 949287702 395
78026 311483073 828
56653 385083166 208
3394 701878449 41
1634 222718249 163
58871 285185333 943
55724 163221657 313
88514 840710273 35
72164 927682581 206
49693 320959309 474
63497 905686023 696
43305 573529431 436
54747 991525150 305
79690 701576158 299
6209 427535052 597
77958 758853671 265
6757 834941385 202
73225 747400700 239
9202 178186894 593
33060 286057000 189
23805 285252571 374
58665 24043772 414
7961 6882610 252
74289 504345805 796
12417 857931097 996
46647 624280691 527
16818 444604636 157
5082 62291916 472
84654 522162313 629
68350 859641911 442
67739 690503666 162
66603 41808666 897
8833 277566446 717
71821 763491421 402
82416 893718808 689
56019 534840044 932
60696 67113039 465
70992 77584697 871
79982 140230453 998
51805 40410039 422
88718 690068144 749
65716 533987168 907
40628 881901931 311
24790 262176816 528
12257 378912854 865
47335 620406695 530
81660 480783138 729
87117 800449355 542
81710 638220998 314
96629 9497380 862
77669 7123453 393
19693 359905343 36
45587 305417669 16
36811 766642988 739
78860 783413218 806
86692 105349759 670
28843 979951961 514
40598 42006354 820
29069 961335029 920
69791 574498242 625
47316 714822085 413
10308 573149038 622
9446 287063452 761
25003 738407931 856
11468 593559440 812
90529 819531666 640
72883 604277884 728
628 283363168 894
40942 569237374 963
91738 801489941 419
27826 545982585 543
57224 818691686 781
87929 672582292 959
48764 455927691 248
36479 37322937 620
34804 642293698 687
30344 72371735 231
18421 770358474 255
23576 61048993 741
51365 243687529 92
22361 430898060 991
76337 695951078 700
67737 308175829 948
71656 290534799 613
89098 669431993 801
49629 503025973 972
59360 721992251 228
45385 689333419 975
82998 323784609 9
7559 841453386 736
16938 927430135 925
94550 719393648 123
12924 752189067 960
39930 727506173 805
27346 291429743 394
8188 241113045 555
51287 974440443 651
71525 899094112 126
49208 204694344 642
85607 903661581 62
52518 27588790 186
5973 728940490 448
63927 994670183 626
71269 910543502 954
87300 26173377 933
19861 506238416 492
82956 986075632 624
94627 522675725 29
35568 222948449 571
79508 497081670 230
60469 929910088 78
59214 44945791 330
71621 364019228 444
6270 4993857 830
75150 916696086 397
30035 34257433 585
39074 454534837 181
83680 726392087 643
81365 510520893 919
73342 65026895 19
25154 114283059 906
59496 442144860 379
45095 30758370 639
93341 305872088 680
91620 785244378 294
85602 668396261 751
9824 317696363 68
39133 579977895 541
20324 497514287 835
74267 347828936 166
32541 382705533 32
59403 130789107 723
36638 445631991 232
43776 279295577 694
51260 26612477 197
89811 198601263 415
11633 828113463 882
80223 30602285 870
24922 342253839 244
36291 859602193 982
45369 981591348 641
6404 220066586 562
31539 553976601 401
60808 86761614 335
46994 588500084 757
56572 503599669 529
21060 299359935 614
19503 326127067 602
36731 885481914 935
58293 782391505 495
89739 836867560 319
19013 41324141 471
21936 502330125 554
23098 263472774 923
229 885544630 521
90838 290147320 864
99213 965001905 615
57594 815178534 557
19854 53764497 688
17104 563798131 524
28721 387438379 534
19778 658902728 750
94916 752569116 884
95872 68606993 40
68984 48122689 724
71901 945787328 730
10979 477194300 24
88402 712820553 280
87487 229416438 607
58234 522153124 443
34409 867500568 363
68116 461868750 229
26434 351765136 901
20133 358705224 914
48946 694957075 45
37300 251639702 955
89696 181645461 298
86699 463611329 114
77499 217712082 509
77756 196164822 389
83157 39479753 22
25562 16739941 825
23747 241449787 242
39836 721955331 797
16254 565230641 317
10334 724796361 460
54372 105784435 327
93663 554855122 291
29432 368733714 969
42468 513634240 921
45821 39986143 596
14259 75111224 968
50463 795292145 637
51097 104322145 95
57483 928346147 737
43397 378427241 852
67058 59816595 568
87659 356865 213
98698 886734885 506
57250 188320732 462
72429 454805246 261
73222 252864819 5
57976 28491529 467
87670 285852996 283
5261 632065654 690
5559 258680527 34
59250 966879797 966
4368 422215831 98
26223 368211071 227
17676 304551911 18
58259 285944654 168
5755 526973707 133
21264 67575008 86
39280 996313042 714
28251 485812280 386
66148 842039827 589
16557 453965725 469
64242 98187813 987
21317 453153561 652
66618 982467429 160
39907 221162747 712
50495 183122611 989
50702 964262486 56
31560 70262005 767
37519 798314880 321
12962 177188244 1
99572 524097683 576
8604 90270970 396
57358 410469359 591
8682 862363418 612
42931 869459126 180
77571 655221224 221
94717 581519183 59
69923 715903964 426
33193 660513252 590
59753 214059635 99
64889 899699428 606
7418 339417262 872
59890 983904129 701
84989 481027474 733
90495 225436211 433
59773 445780646 924
24620 118151475 66
75658 127316600 49
34092 46974209 359
76952 919375640 716
9748 110372574 81
73502 284147867 391
65757 319549267 365
89496 950490010 662
29574 468069544 212
50789 381878192 883
31727 673270126 269
51882 243166720 706
22879 440687350 821
64878 431820716 886
98335 547487704 60
33756 223216735 21
2269 227823213 839
32580 86642884 322
97514 398578516 146
70650 951330060 372
8349 39395313 769
39573 922219373 440
19278 760572137 800
67665 183211678 412
82907 230241447 334
50861 129058907 215
6406 231840219 630
21326 20405735 570
4788 360123894 793
53019 310612101 648
99952 978011055 605
32319 233046014 420
99430 402168193 64
77674 27312926 438
97321 276174890 187
81616 205352503 345
47566 876740909 1000
17640 4525981 224
39534 312929617 759
87310 479869480 405
43816 838335265 14
27330 783108533 756
15037 802295146 122
40487 39351205 601
83506 157129151 659
15172 42292060 876
24945 193726200 511
90982 661865155 838
3080 727260079 245
12893 250244295 12
55848 101350594 497
11003 612874200 53
81639 158251988 91
9752 871918187 243
56255 69203404 343
18544 147987320 809
51981 499220820 633
386 987162876 936
5492 927083867 4
81267 573554297 569
56919 857214867 437
15082 867314545 278
46690 629498612 867
47282 85740015 949
12897 752186935 946
52891 961983742 950
79271 832416348 566
90713 347344687 684
12041 251560229 807
14244 959518999 915
88160 585153433 833
11478 179591119 594
50731 104302722 540
53743 994954098 454
21995 759284462 429
77460 64875427 106
37381 801489074 869
54604 710537221 254
76675 961917154 902
78562 838783680 292
6803 562891354 219
16038 463514371 898
31751 743508537 192
98188 266486140 220
60243 840057441 293
93036 386920674 755
14098 805877752 698
34528 29688428 866
21505 7934441 649
31305 523425367 71
12418 988862308 171
91913 492029539 498
13723 15496282 719
54026 959897686 634
97333 404589058 999
31350 423287416 552
93533 782268759 205
7934 887641110 791
62982 793003416 549
7156 691133440 754
51429 70149830 337
86288 884180747 33
3668 213427241 682
37806 469014159 385
73167 27680460 748
43950 900017897 110
46394 695186428 13
49363 518004218 135
31065 914119117 309
47973 392802726 348
29207 855492501 526
32175 99655255 635
76416 422519919 409
39585 609088888 961
86246 328680889 770
18767 331525114 432
90720 625229206 234
88688 423440594 494
77542 974158189 450
42305 26415992 500
70806 517959784 685
93760 767900266 539
37330 568222198 418
21713 121514407 815
96352 449127498 461
83835 470964533 859
71081 454361818 491
29260 591403931 895
87898 106573024 783
91185 686822503 349
49542 308884444 834
15807 582336170 352
3298 799185424 451
65805 734790519 912
12616 422572291 704
38200 693854312 732
81461 222529535 338
48093 380804633 344
20394 761014931 561
33698 965580458 600
94767 109145873 174
70830 45433409 673
41803 25433361 967
72845 11421062 489
91245 994079724 80
15565 569439781 986
84263 81492290 194
92067 153772368 802
10637 201635700 647
95974 864113723 328
71386 724960299 204
12019 778918558 691
53804 569616080 23
10728 529415990 885
12387 889853713 826
89993 955175492 863
84134 919685986 130
3773 356761612 147
94 929732474 582
60338 9514327 144
2488 486677202 646
92917 242130930 829
56455 604815145 984
70459 440410413 364
79744 126535427 353
2940 393984092 25
72573 289729573 638
72050 199794522 318
14811 302976539 478
47326 393691905 705
88604 34042034 79
49795 679578035 161
91461 148146814 711
2633 403515861 256
6560 770237269 671
27259 772280398 918
15964 817824466 107
50602 227202828 952
28584 152956627 138
70184 152554367 715
8380 257145340 100
46925 517735709 893
80368 209363506 369
4822 485329884 789
76994 850837280 608
79777 764251835 423
89557 31028917 822
16082 191244857 222
90925 967556516 818
4049 499924700 610
27283 907973091 207
11145 23268780 836
56759 462998829 308
28746 509878453 877
50345 758034816 623
81385 684813705 850
87263 813744543 588
77147 818007995 286
44563 39720337 774
76797 480034149 237
85378 956922656 480
31919 821151651 928
92238 812699739 132
16981 79454485 512
42300 645314068 658
93525 497071201 672
31927 19692643 223
72923 875399855 139
37259 581786401 618
11191 538657324 378
9611 694120558 956
6910 747394184 976
5099 405917484 785
55525 340618616 89
87527 652057986 169
98218 638882100 458
94298 975684442 621
41995 281268985 279
2695 69019874 787
237086310057
