1000
961 15 928
988 91 283
71 80 280
499 58 295
153 90 774
679 60 52
440 89 970
58 35 149
303 46 496
556 42 667
998 2 237
341 61 965
297 48 931
341 47 265
369 55 798
973 31 506
66 97 310
251 76 120
956 19 102
162 37 316
451 43 537
695 57 309
903 16 657
69 67 345
476 25 851
930 19 929
195 7 78
263 80 5
295 62 121
100 44 917
793 96 717
394 67 163
421 2 161
383 36 230
850 69 207
614 86 953
686 18 826
261 25 585
152 15 679
997 35 208
92 80 223
477 91 86
306 14 383
878 5 538
607 44 976
256 28 609
562 85 264
52 74 191
793 87 868
617 76 55
650 23 157
280 4 174
170 22 58
399 73 674
865 37 306
50 42 418
612 46 669
437 99 685
162 25 648
851 50 441
136 1 796
370 19 115
421 4 490
236 65 46
166 78 930
184 27 896
707 3 18
639 8 701
744 88 907
791 43 421
725 2 572
748 12 165
262 67 47
274 37 301
763 60 449
356 18 908
602 17 405
824 41 706
689 15 521
449 39 890
60 49 462
908 53 59
149 3 461
651 16 617
22 94 721
637 37 166
297 95 810
195 37 147
977 4 512
693 23 640
294 25 15
243 45 229
621 100 855
876 55 485
293 46 829
211 24 432
532 19 567
21 51 369
40 18 663
564 43 977
254 95 259
967 63 775
910 27 655
608 18 73
333 84 749
933 92 228
58 26 510
111 36 883
913 47 532
622 24 762
796 3 605
386 80 576
333 41 850
412 51 878
796 36 578
859 77 530
55 67 468
511 31 600
133 2 199
554 90 284
674 47 217
458 40 382
471 10 426
968 1 966
799 80 185
316 72 636
467 24 357
135 36 377
983 29 474
71 95 114
250 86 201
903 50 790
34 54 622
420 47 262
525 88 954
553 65 529
353 25 105
972 52 916
69 57 748
775 86 932
886 1 692
344 80 739
460 60 563
913 27 935
770 85 666
472 47 239
49 95 755
592 31 82
501 37 645
367 82 488
6 70 329
710 16 556
993 74 396
68 87 205
93 91 376
307 83 227
958 70 362
729 38 971
630 71 902
464 5 830
446 92 142
375 69 713
737 59 26
703 23 388
298 67 110
790 84 758
321 35 44
704 29 653
482 19 616
321 49 122
718 49 849
756 26 534
392 21 323
799 12 785
313 66 9
892 6 524
476 43 554
74 27 672
19 98 588
610 34 729
752 56 799
955 82 546
853 11 694
583 42 473
805 3 792
507 26 469
256 22 101
306 13 111
147 88 564
994 93 148
541 35 41
70 70 894
971 76 290
451 84 909
725 8 235
667 12 607
400 57 815
709 31 637
754 58 141
979 10 344
720 62 391
682 75 479
651 22 509
510 51 861
711 22 354
99 62 974
59 100 367
93 98 626
860 77 13
449 36 361
393 74 782
73 98 187
624 72 843
28 3 549
712 53 527
988 70 639
213 41 244
423 35 210
376 21 32
782 64 184
580 100 465
913 17 791
954 41 711
121 45 787
253 69 507
644 35 731
735 35 913
189 63 24
498 15 921
465 26 523
704 91 251
603 69 987
812 31 771
505 46 892
734 44 610
85 77 353
595 12 277
348 84 182
970 32 574
610 44 92
848 97 116
869 94 107
285 44 422
326 59 252
869 78 94
523 56 765
112 16 895
567 19 173
91 96 993
800 80 412
197 54 328
368 72 978
842 28 980
133 18 249
555 43 324
721 89 647
220 39 857
882 16 129
165 95 594
259 58 841
466 99 2
986 58 423
859 56 153
808 100 308
220 40 547
252 6 634
421 39 712
704 31 536
219 75 470
539 100 926
630 49 35
85 98 464
369 25 747
214 33 276
326 42 741
63 57 806
303 96 397
950 67 336
150 80 155
127 80 451
366 7 693
446 35 586
471 88 124
758 98 750
862 41 197
53 40 770
50 98 494
94 10 346
512 62 408
510 22 326
832 92 870
511 83 319
286 52 134
24 8 215
618 23 613
690 84 189
641 98 730
677 67 22
594 99 487
241 59 21
385 31 709
182 84 321
791 10 738
916 81 325
704 23 333
587 97 164
740 17 113
685 96 241
854 3 783
303 7 757
704 13 416
131 47 437
677 92 123
825 66 846
726 2 821
586 92 250
102 20 453
187 92 87
69 42 231
1000 20 162
233 82 364
510 40 253
184 94 375
944 4 630
312 1 81
747 82 99
95 62 698
370 25 517
411 90 759
946 93 71
115 36 818
863 92 248
500 84 193
270 82 300
213 5 924
977 62 267
83 1 407
214 75 997
582 46 957
240 12 238
450 95 986
508 32 869
407 95 704
269 14 214
186 82 838
457 86 533
2 58 808
26 79 689
75 31 740
758 84 282
958 47 292
7 27 255
311 4 40
347 36 828
517 57 135
885 51 541
878 68 138
83 33 608
153 83 209
998 75 332
994 34 339
757 72 413
922 6 291
674 42 772
316 58 557
443 16 577
992 5 643
546 91 234
668 81 104
910 61 348
830 99 737
8 25 862
907 100 452
623 62 723
484 62 769
68 71 108
532 37 604
382 60 390
291 18 955
175 31 583
301 60 631
997 49 76
172 42 221
931 7 171
442 50 206
422 41 140
640 57 801
512 82 839
682 32 673
552 61 962
552 68 347
751 2 867
438 59 482
93 4 60
645 78 831
130 100 817
56 33 168
333 60 286
472 86 57
793 70 543
97 1 598
595 4 873
307 21 797
573 35 526
977 14 79
326 64 947
277 2 776
272 49 170
410 45 188
656 82 552
401 56 477
674 29 247
829 9 246
890 51 949
286 77 36
940 4 632
210 9 330
485 35 373
951 57 581
744 15 350
882 28 823
498 79 12
44 59 481
261 22 687
263 37 54
9 8 726
453 54 341
815 20 752
298 25 393
812 69 910
357 19 186
588 49 91
475 27 399
269 76 23
700 25 183
447 34 551
300 90 840
34 92 584
651 51 998
696 39 428
926 65 338
31 78 89
860 35 654
745 11 51
713 63 518
956 46 923
830 49 719
314 54 981
239 17 475
1 81 204
443 79 63
876 52 167
656 38 825
81 93 192
908 38 904
689 64 331
750 81 480
547 18 877
155 91 832
9 61 945
681 93 137
873 62 936
567 90 38
981 65 568
731 74 885
683 33 404
947 13 504
566 42 289
212 90 853
196 69 619
79 21 513
158 67 327
950 7 150
491 34 820
708 70 392
437 90 96
930 91 190
3 54 20
250 54 589
925 56 436
528 22 7
779 1 842
924 90 489
886 43 442
394 93 940
468 92 555
258 95 795
505 62 854
57 25 865
225 53 809
333 21 298
935 23 764
949 39 522
850 65 305
447 38 136
602 67 414
503 93 144
55 32 756
911 6 128
498 95 690
585 99 728
866 23 211
655 48 311
113 84 592
180 34 243
92 80 562
576 75 53
511 98 29
944 71 242
494 7 898
724 13 982
765 88 304
591 56 888
337 38 98
795 70 370
948 90 718
682 20 106
533 89 368
725 32 145
862 33 676
953 90 963
565 45 6
149 52 152
643 25 318
869 82 263
264 16 542
931 30 232
93 17 777
489 18 458
208 91 411
935 33 27
772 73 366
939 57 381
30 22 561
84 12 257
553 33 419
719 30 985
642 42 802
938 92 886
765 60 668
628 73 349
831 61 571
875 16 625
522 9 195
179 43 893
428 67 457
990 67 1
928 79 302
734 41 508
851 98 959
885 71 296
992 45 14
238 73 994
317 18 633
241 68 194
356 61 307
11 10 425
283 29 84
884 56 724
500 48 103
255 19 656
238 19 860
781 44 859
666 16 703
90 48 601
206 86 688
463 25 681
581 60 212
30 79 695
125 82 612
889 51 80
136 10 225
444 19 371
885 80 887
230 64 358
12 31 836
468 11 450
572 90 427
142 21 773
409 76 662
904 83 528
998 100 946
322 94 596
240 42 445
376 80 973
827 24 545
595 97 491
946 90 968
894 35 991
603 10 969
474 51 812
457 5 68
978 26 590
553 4 629
488 80 258
461 40 516
198 36 406
148 2 359
494 31 714
479 63 62
451 76 440
597 30 117
365 15 10
321 57 514
553 74 25
55 28 275
423 17 132
819 94 271
258 88 236
290 26 519
419 63 439
958 3 378
814 49 948
206 52 126
20 78 833
996 36 858
415 40 314
965 71 109
145 39 814
45 4 297
798 25 74
208 29 460
461 63 845
602 94 85
411 57 736
728 94 312
816 86 677
149 69 664
135 74 213
198 72 389
754 34 472
182 96 710
677 67 780
219 67 70
998 19 618
894 45 680
3 91 686
503 17 745
620 19 761
687 34 911
13 58 1000
156 38 317
453 23 789
513 82 990
410 21 429
515 16 88
434 96 447
21 7 881
283 81 287
189 99 579
581 82 751
61 30 16
186 20 595
619 37 665
293 99 254
985 73 531
240 10 270
573 62 700
804 72 169
602 75 735
597 100 266
877 15 922
932 78 621
970 58 652
523 31 558
925 58 565
900 25 725
497 27 824
491 8 216
284 79 198
455 51 778
16 35 343
317 33 880
923 28 456
413 84 544
888 7 279
370 90 455
677 89 233
446 98 515
715 19 768
445 48 844
369 52 875
13 54 410
450 30 548
932 12 582
2 77 996
730 25 240
4 28 483
347 79 753
495 26 61
158 19 696
628 74 288
224 55 793
938 63 467
138 35 852
714 76 879
511 44 379
700 33 763
583 95 649
640 93 337
655 27 72
797 46 675
862 79 351
806 1 130
442 81 200
112 7 938
873 22 800
421 48 627
816 19 660
980 28 876
743 90 387
775 97 847
771 87 569
851 46 176
611 12 340
315 27 220
731 25 992
230 51 691
348 100 848
589 24 871
242 6 942
182 55 50
741 52 920
515 26 64
584 79 995
363 12 356
597 25 380
640 4 30
976 57 386
472 78 550
335 67 611
140 28 49
712 70 919
148 38 988
939 28 424
921 79 587
916 70 804
705 38 964
826 17 975
279 23 720
138 6 273
944 55 979
669 82 196
655 99 395
886 99 874
210 45 93
237 42 661
594 85 914
151 15 941
111 9 915
907 56 90
82 18 746
566 17 658
505 1 486
720 93 805
839 91 912
502 92 293
210 1 646
886 15 900
971 33 180
789 24 360
297 19 511
556 44 779
398 12 218
655 26 603
504 55 961
101 98 28
465 11 918
130 36 863
583 19 999
672 53 492
741 22 925
746 66 17
785 67 972
216 80 834
580 54 591
678 77 435
141 37 443
60 17 575
566 91 901
424 50 34
165 21 715
503 76 872
645 4 697
480 70 984
346 80 722
89 88 670
704 29 811
720 90 172
285 12 471
227 23 315
347 30 385
360 72 659
807 30 734
702 69 19
52 18 179
594 100 342
432 73 430
675 69 889
374 40 827
550 99 219
83 41 56
627 46 956
449 43 178
206 42 807
383 53 505
192 26 156
134 10 320
595 83 906
398 86 495
249 81 269
279 43 154
421 13 580
504 37 112
480 66 365
980 7 882
446 51 352
152 41 438
63 71 281
103 8 203
879 97 566
286 100 599
909 80 143
631 57 540
904 41 75
162 53 766
117 56 476
791 16 45
810 78 707
406 37 202
191 78 118
984 74 -1
815 11 125
195 99 402
636 11 927
33 8 160
576 72 493
490 51 905
532 34 943
238 15 864
277 94 127
91 84 819
434 78 705
245 60 260
248 34 732
521 59 43
366 61 139
193 48 642
106 34 788
979 26 131
938 91 478
82 4 177
731 50 560
787 77 767
677 10 466
465 88 384
236 15 33
418 22 401
793 51 684
664 63 837
639 14 784
641 97 374
455 71 83
55 17 498
317 36 944
792 83 781
321 34 699
903 79 303
366 35 334
90 2 431
334 6 835
66 41 497
596 90 500
438 47 4
961 56 754
760 14 8
8 8 620
326 6 989
434 16 937
738 93 520
26 29 539
811 60 716
41 49 525
922 85 891
916 19 272
365 51 133
177 73 967
608 69 950
286 49 903
559 23 803
538 24 899
661 79 146
314 78 733
424 78 95
461 57 939
867 17 682
696 34 743
682 16 884
35 18 934
154 14 299
218 66 400
470 42 708
301 32 224
363 92 417
889 8 742
957 19 256
412 75 158
744 8 222
989 99 760
80 1 3
618 1 66
841 68 261
615 46 614
815 83 175
254 67 602
439 11 951
946 13 597
429 78 683
274 57 11
35 83 727
692 93 952
161 81 501
520 18 434
423 1 245
761 88 31
917 68 702
480 40 983
644 66 48
592 77 638
210 50 444
818 83 623
785 43 77
706 63 535
384 72 37
833 78 502
9 28 559
978 2 100
938 48 606
469 63 958
892 96 794
62 79 573
255 42 615
143 63 119
140 35 651
858 84 355
41 51 67
32 70 448
265 42 446
933 24 42
73 53 409
777 30 744
100 57 816
616 42 65
280 9 933
907 12 403
407 19 463
853 42 97
55 7 628
751 45 454
490 72 635
989 1 499
70 36 415
606 93 363
894 88 420
1000 77 960
351 94 866
562 18 313
756 66 786
608 65 69
363 25 285
602 8 593
142 53 459
333 36 856
707 59 181
761 66 644
93 43 151
569 66 624
944 8 394
542 91 278
864 6 322
101 40 822
299 58 897
36 72 39
490 49 671
521 16 335
132 37 268
795 12 484
123 18 553
694 25 159
941 83 678
140 94 570
165 2 813
879 18 372
783 12 294
264 40 433
8 71 274
907 95 650
179 57 641
64 34 398
877 40 226
24235
