40 5
-25 17 33 -27
42 7 -36 -27
22 39 -8 40
-42 -11 18 -2
-43 -6 -50 25
5 -44 -31 10
-6 13 19 6
-26 5 3 11
14 -16 6 23
28 -12 -46 -41
37 49 17 22
33 -2 -49 14
-34 -19 43 -6
42 21 -27 -40
-15 14 11 -43
-27 42 46 -29
50 -15 47 17
41 47 -31 -23
-46 -31 -17 -20
7 23 43 31
-19 -48 33 0
-32 -29 17 25
8 -3 -34 -38
43 -41 26 17
-36 -30 3 -35
9 -15 -2 -46
-7 22 40 4
-7 37 27 0
-11 -47 -21 -38
26 29 -21 -42
4 -12 20 -29
-6 41 -43 31
19 50 2 -9
-21 -24 14 12
36 48 -38 -44
-16 9 43 -33
-45 29 -1 4
26 42 4 -3
-13 23 37 -29
-46 41 26 25
