20 6
-38 22 -41 25
-45 29 14 -34
-49 26 21 -44
-25 0 -30 -32
34 -39 -22 -21
-36 0 18 37
37 44 46 36
-37 -41 -43 13
11 -28 7 -49
-50 10 31 -42
38 -37 -3 22
-20 21 -47 20
-29 -1 7 -47
18 -26 -7 26
-24 2 30 -9
32 -35 14 18
-25 48 37 -43
-24 -25 -28 -41
17 -27 50 -23
-13 7 33 -12
20 41
-35 22 -28 -7
32 25 -43 -16
-1 45 25 35
-3 13 -19 40
-30 -13 -11 17
-46 -8 1 -12
-17 8 17 19
38 18 -4 20
45 33 -19 16
30 2 26 0
-46 40 13 29
-1 -11 -4 -42
0 -35 -42 -33
-28 23 7 40
12 33 46 -7
-18 -24 -42 26
-40 -10 -16 10
-41 20 36 20
-31 6 32 -49
18 -10 31 11
20 25
-47 6 22 -50
-29 -31 24 -9
-40 -29 -12 46
-30 -6 43 -11
-36 -24 31 40
-28 16 -48 13
10 -49 1 40
19 47 -21 -26
12 -43 -7 -17
29 -2 -13 -30
44 -1 -29 28
-22 4 -50 14
-32 13 -13 6
6 21 -13 -4
-17 -49 35 24
50 49 41 -34
30 -18 -34 -32
25 5 46 45
-37 -13 -20 -2
11 -17 2 -48
30 8
19 -49 37 22
0 -41 8 44
5 5 7 -14
0 -6 -12 2
-47 -50 5 -29
-29 23 -12 6
16 -4 -20 -42
-1 16 8 37
-18 -10 -8 -5
-17 -18 -22 -47
29 48 45 7
0 -33 31 39
23 9 -2 26
-27 44 -28 17
12 12 25 -27
6 20 21 23
32 5 3 35
44 29 -14 41
9 1 -42 -13
22 9 4 46
-20 -46 4 25
-42 50 -19 -10
-33 28 -41 3
18 12 9 -47
-46 -11 4 20
-10 46 17 3
-28 -33 -23 47
10 -7 36 -35
-37 -50 -40 -43
13 29 9 2
30 100
28 11 -34 23
-42 50 12 -23
-20 30 -43 26
-35 3 30 -23
-6 27 25 15
-3 -20 34 36
-32 -41 -9 12
-49 32 -34 28
-45 8 -50 30
-46 -14 1 -23
-19 -48 18 -12
33 -31 -32 -43
50 -20 12 -39
17 15 5 -47
41 28 -23 -21
-17 39 35 -43
-34 44 -36 40
-19 -41 -12 -3
-34 -45 -16 -5
9 -26 -37 -19
-18 26 -6 -45
-36 -3 44 32
-50 -43 36 -34
14 -42 40 -6
-13 44 25 -45
-28 2 19 32
10 41 -21 38
47 42 29 20
-15 -30 -1 22
-18 32 -37 42
30 11
23 49 34 29
30 12 -25 -49
25 27 7 -24
-17 18 -17 -42
-48 26 34 41
-19 16 -45 -24
-35 39 36 -7
19 -1 -46 12
30 16 16 13
-31 35 -22 -7
7 -45 0 -24
28 -10 19 20
40 13 -40 17
35 -39 -49 32
-15 -28 -9 -26
-2 -8 17 -43
-14 25 6 -17
26 18 -17 -35
19 -3 -29 20
-49 -41 -2 -8
-10 27 23 15
13 32 16 -25
-29 26 18 -21
-36 -28 -47 -17
-14 -26 10 28
24 8 -30 32
20 -22 0 19
-16 41 -22 26
5 -4 42 28
35 13 -6 -49
40 5
-25 17 33 -27
42 7 -36 -27
22 39 -8 40
-42 -11 18 -2
-43 -6 -50 25
5 -44 -31 10
-6 13 19 6
-26 5 3 11
14 -16 6 23
28 -12 -46 -41
37 49 17 22
33 -2 -49 14
-34 -19 43 -6
42 21 -27 -40
-15 14 11 -43
-27 42 46 -29
50 -15 47 17
41 47 -31 -23
-46 -31 -17 -20
7 23 43 31
-19 -48 33 0
-32 -29 17 25
8 -3 -34 -38
43 -41 26 17
-36 -30 3 -35
9 -15 -2 -46
-7 22 40 4
-7 37 27 0
-11 -47 -21 -38
26 29 -21 -42
4 -12 20 -29
-6 41 -43 31
19 50 2 -9
-21 -24 14 12
36 48 -38 -44
-16 9 43 -33
-45 29 -1 4
26 42 4 -3
-13 23 37 -29
-46 41 26 25
40 68
34 -45 40 -42
33 13 -2 35
10 -1 24 -23
-37 -41 11 -35
43 48 9 -32
-36 43 6 -41
1 18 3 3
21 9 -8 -24
16 -41 31 -35
42 41 13 36
-19 -30 -5 -29
22 42 -22 45
-3 -40 14 -43
-5 -48 -12 21
45 -14 39 10
41 18 -13 16
32 -12 4 36
-11 -4 -44 45
-18 23 48 -43
-41 48 -8 -31
9 -2 -41 -34
28 5 5 -30
48 37 48 -26
-44 -22 -45 16
-31 49 25 -39
-4 42 22 5
39 -36 -11 -35
-31 8 -7 -35
-22 49 -18 -9
-34 24 -17 16
20 12 -43 33
-42 -16 -9 -5
-28 26 42 35
-1 -15 -21 -21
14 -2 10 6
20 -11 -26 47
-18 -26 29 -9
-36 27 35 10
-40 -48 -21 44
-48 -38 48 21
40 93
4 6 -28 15
-28 2 9 -10
41 -17 43 42
-50 10 9 38
24 6 43 12
-38 -32 36 6
-49 6 49 -39
-13 -31 -41 30
6 -1 13 -37
9 8 -17 27
43 4 13 -28
0 -10 -46 49
2 8 -50 24
6 -34 -46 -45
-26 -31 -20 -10
-46 22 14 -49
-16 41 27 21
-35 -4 16 -21
0 48 11 -31
-9 -8 0 -31
-2 31 46 -16
-34 50 -8 6
-36 25 -21 21
41 -18 32 -14
41 14 -49 37
-17 36 32 35
46 -34 7 35
33 37 44 26
29 -39 -28 -9
16 26 35 -2
-2 35 -32 -40
-28 -21 49 12
-49 20 47 38
-26 -10 31 -43
-8 -50 -5 -17
8 -15 36 48
-34 37 11 -14
48 -10 -7 6
-32 34 24 -7
-42 -17 36 50
20 10
50 -35 14 -22
39 43 -21 -42
23 -50 -10 -14
-34 50 -39 4
38 12 -17 22
50 28 -1 1
4 27 19 -37
-25 -37 42 36
-20 -20 39 -38
15 -19 7 -14
-23 -32 43 27
-28 -27 44 -39
-22 24 38 -41
-35 -32 30 21
38 -39 -33 -4
-43 25 -22 -17
34 46 38 -6
-45 -46 21 38
38 0 4 -16
-35 27 38 -35
20 26
13 30 41 31
5 -37 26 -17
21 32 -26 42
-2 -18 -5 -46
-16 -38 -49 24
-13 34 31 41
-26 -33 17 20
-7 14 29 46
-27 -23 20 39
-40 7 -23 -6
-36 -43 5 29
14 -10 -23 45
-45 3 21 0
49 9 -49 -47
-42 37 31 18
22 -18 28 -31
-25 40 -12 9
-33 -7 -32 -2
-40 -3 -18 -6
-10 -42 18 -17
20 76
-23 -44 -48 -47
17 26 -2 -28
-1 2 -45 -37
39 -16 25 24
-50 26 -37 32
39 -15 12 50
-15 -17 -20 13
46 -32 36 0
30 34 -44 23
-5 -20 -18 -23
9 39 9 38
29 -25 47 6
-46 46 18 15
-6 -13 25 18
3 25 3 -3
10 46 -8 20
20 17 -48 -22
24 8 9 34
49 4 5 34
47 -30 -21 19
30 3
-2 24 -34 48
-25 8 49 -24
16 -4 4 27
24 23 25 2
-48 -18 -31 -29
-31 -39 36 25
-49 -32 -26 -22
-39 -10 26 8
-28 -16 2 49
-45 1 38 35
-1 -26 -5 21
-43 -44 29 36
-12 33 -40 -26
-28 11 12 -14
44 -31 -45 -50
35 -3 39 -5
-9 49 -48 31
-22 9 22 -13
-37 -3 -45 9
-25 15 -34 -24
21 9 -24 3
-14 49 -28 47
17 7 0 -15
-30 -2 -14 10
12 -46 41 -44
11 33 -7 -47
-25 -34 -14 -21
-25 -41 0 16
32 23 -22 -11
-26 13 24 -22
30 89
-38 -28 21 -22
-40 30 11 -24
-25 37 -18 -46
27 -40 -40 -50
36 34 -45 -13
-9 17 29 18
27 -5 -33 -50
-19 -41 9 -23
40 -7 -49 21
13 -40 -5 -20
-31 15 7 25
27 31 -37 6
29 -9 -29 -37
17 11 24 7
28 42 10 -41
28 -46 0 -34
2 -49 -39 50
-47 47 -38 -22
35 -33 33 -2
-15 -18 31 -40
2 12 35 2
17 6 -2 22
2 49 36 36
6 -38 0 9
26 5 -17 30
13 -46 25 45
6 -24 -1 -22
-12 -42 48 -22
15 29 -16 -50
40 -2 -23 -7
30 73
-38 -45 -50 -22
-23 21 25 35
-3 43 -33 -19
-27 -18 12 -40
-35 18 -11 -13
-31 -6 27 10
-21 29 -35 6
-1 -49 -19 46
35 -24 -16 25
0 15 3 20
-9 -16 -10 -28
13 29 6 -22
49 -46 -43 16
-8 46 -43 -26
10 -5 33 -1
3 -21 26 38
26 -17 -48 38
-8 31 1 12
-27 43 48 37
-32 40 40 -34
27 40 -18 20
-46 -22 34 -15
-22 19 4 14
23 34 6 -4
-12 -15 -36 32
42 40 2 32
-9 49 -15 17
-31 29 30 -18
4 -17 -16 -17
-22 50 37 10
40 10
19 15 18 -19
-46 -9 46 -34
-20 8 -32 -18
15 -19 24 -16
28 43 27 -50
-22 -22 9 -42
48 -13 50 -33
-10 2 -36 -13
45 4 9 35
-35 -10 -6 -34
4 22 -29 -32
-30 7 -6 -32
15 38 -9 15
-4 -7 -44 -33
-38 -49 17 -26
12 42 -27 20
15 7 -28 12
-23 30 -14 33
-46 -48 -9 41
-31 49 -28 14
-23 47 -12 -17
7 36 -35 48
18 -47 48 -13
-33 48 34 -20
41 -7 -40 -25
12 39 50 -16
-35 26 -13 -1
19 15 -23 48
17 7 -7 -13
-1 42 -27 0
49 5 30 20
25 30 -45 36
13 -37 31 14
-15 13 48 0
-24 37 -4 -27
39 30 32 16
-28 44 -12 -32
36 -1 -13 -34
10 15 -8 -48
3 25 24 -19
40 16
-44 -28 7 -5
-28 -19 18 -11
34 -6 -43 -49
-33 -9 6 -40
48 -47 13 -44
41 -12 41 -9
7 -20 -33 -1
-18 11 -45 -12
-48 -6 4 -37
6 -23 33 0
-1 10 -42 1
-23 37 13 -24
41 6 7 29
24 -48 -1 38
-1 22 14 26
-30 -35 40 50
-14 43 -23 -15
1 33 -37 -43
-29 -38 -33 -25
34 39 -47 24
11 49 9 -17
-3 -37 -44 -5
15 -4 -7 -15
12 -36 -26 17
-40 -32 6 0
-49 46 -46 -10
16 2 50 -3
17 16 8 28
-27 -29 -11 11
-15 39 -36 -26
5 -29 6 20
8 16 -16 38
16 29 -30 -25
-45 16 -21 -18
32 26 -40 42
15 -49 46 -29
3 20 -28 35
5 9 40 -32
-44 22 -8 -7
46 -3 -35 -32
40 43
-31 19 12 -1
-4 16 -42 -26
48 -33 -45 35
12 -40 25 5
-14 18 15 17
23 -45 -36 20
35 -37 -42 -32
14 43 -41 27
-40 8 27 -35
9 -47 0 -22
-47 -19 -29 -39
5 48 -25 -21
-28 39 17 2
49 13 35 -24
-15 -12 -39 -41
-18 2 41 -4
-6 -22 -16 -37
19 3 28 33
1 27 29 -43
9 -23 28 -39
1 49 -34 3
-3 34 -31 20
-36 50 -49 -40
-15 32 -30 18
30 -36 22 48
-14 -45 42 -28
-22 36 43 -40
26 -27 -27 29
-31 43 0 37
30 16 -18 -45
4 16 -34 -4
23 3 23 27
-48 -23 -13 -30
50 25 -19 17
-23 46 -27 -31
28 9 30 -28
-7 11 -29 37
23 20 48 16
16 10 12 -40
-35 -35 22 -49
20 6
48 -10 -31 2
24 -19 16 6
-28 -16 -45 47
-40 36 0 -11
-35 30 -11 21
-41 25 23 -46
35 42 31 16
3 -15 7 5
10 19 -18 -1
18 4 42 31
-38 33 -1 -5
34 -33 33 19
-25 1 41 5
-41 -39 43 50
12 10 -50 -15
13 -19 -18 13
-40 37 -6 40
-29 17 35 8
-39 -9 38 -2
21 15 -41 -24
20 100
40 -35 45 -22
40 -41 -30 25
-28 21 -16 46
-10 35 40 -24
33 -34 12 -34
-43 48 -44 -24
-37 25 8 -25
-47 24 25 11
27 33 7 44
-18 -40 -44 25
-32 -47 27 -33
-7 -34 -32 29
40 9 21 25
-21 -5 -44 13
28 -26 -32 43
-17 28 -8 44
-47 -32 20 2
-28 -36 -46 -23
25 -42 -44 -24
29 32 28 -40
20 74
29 6 -46 -2
-15 10 48 24
22 13 -6 11
-2 50 34 9
-30 26 6 -9
-45 -32 20 0
6 48 -2 3
-45 30 -15 41
-17 -38 32 -35
-44 34 40 -22
-41 30 -50 -45
19 7 49 -46
26 -20 -20 26
-25 -18 40 -18
13 -25 29 3
16 21 -17 -42
8 0 44 -26
-25 14 -25 42
28 -3 -11 -45
-7 -32 -11 46
30 6
-46 -6 14 50
34 -42 45 50
43 -32 -36 -5
38 43 -11 -16
-9 -42 -10 -45
-23 34 -16 -21
32 31 -12 -31
-31 16 41 -43
-23 -27 -27 -39
44 -37 2 25
-3 -49 -3 37
33 8 10 -2
43 9 43 15
43 -29 3 -41
34 -33 2 -47
50 -39 -21 46
32 17 -44 29
10 -22 -18 39
3 30 35 38
28 -33 11 -42
-26 -31 12 47
-45 20 -45 20
7 12 19 36
-50 12 -1 31
-32 39 46 13
1 35 21 36
-17 26 -10 34
6 -35 -29 35
19 -46 18 33
14 -42 -34 -17
30 84
-10 23 4 -19
26 41 -11 40
-25 1 -44 -5
-38 -1 16 25
35 19 14 -38
-29 -2 -9 29
40 12 7 -31
-17 9 -11 -35
-14 15 -49 -7
-35 36 33 8
-25 16 24 -15
46 6 -37 10
-28 -12 -19 44
28 -50 -29 -44
-18 48 -18 -36
-19 28 33 30
20 16 32 35
5 -23 12 -7
24 21 -8 33
-29 -44 18 -28
-7 -42 35 12
-18 10 50 -39
-49 -9 -24 -13
-9 6 -11 31
-18 3 -15 -27
-21 -8 -12 -46
43 -18 0 35
-23 -17 41 45
-16 50 -50 41
-39 50 12 46
30 35
-47 14 37 -33
-33 -49 50 29
-46 49 32 -39
49 -35 23 -32
-43 -25 -15 45
-22 -50 -38 45
-17 -49 10 5
20 47 31 -44
-4 15 -3 39
24 -15 14 -23
47 -17 -47 -46
15 -40 -9 6
-5 -43 -45 10
33 -8 -50 -23
-29 16 -14 4
-5 46 36 -16
25 44 35 -11
18 13 17 21
-42 17 20 -27
-8 24 25 30
-23 15 -44 -18
40 48 46 -26
36 -6 25 12
45 -38 -29 -8
26 -15 -14 -12
2 2 -7 0
-5 49 -18 -27
-12 42 -7 30
-37 16 39 -10
-13 -8 -38 -29
40 5
12 40 -35 11
-27 -6 0 -42
-22 -46 39 -19
19 -49 -11 -47
38 5 -47 34
-5 -47 -49 -28
-19 -2 -3 23
-34 0 35 -14
-41 -18 -40 10
-3 -49 36 41
-1 -32 42 -14
48 -20 -12 -48
-45 7 23 -28
-39 -48 -7 40
11 34 33 24
-33 -36 33 -13
37 0 1 -36
21 12 40 -35
-36 26 -11 38
-4 3 -21 -37
-4 3 12 17
-48 -6 -6 13
-5 -26 -41 17
9 29 -18 45
-45 6 -14 33
-31 -39 -13 16
5 -33 36 -21
-26 -38 21 33
-32 12 -23 -4
-17 5 24 17
39 22 -50 -34
49 -27 30 -34
26 -25 2 -46
36 37 -21 14
0 -28 14 42
-50 -30 49 14
-4 -35 15 -48
15 -50 -47 4
-6 -33 15 -32
-36 -42 13 50
40 54
12 -44 -2 15
33 27 40 -18
18 48 -5 -33
5 3 39 2
38 -29 -20 -35
-8 -27 -3 41
6 32 -3 -38
-3 -34 -38 10
26 33 -31 -21
1 49 -22 31
-6 -33 9 2
20 -10 -50 28
46 41 -5 29
2 -22 -11 -38
-4 -10 -28 8
1 13 24 20
4 -26 27 -28
23 9 15 49
7 14 -39 20
-27 -2 33 42
36 -43 -17 -22
-16 -50 11 36
-26 -5 5 -15
-50 -18 -44 18
-18 -47 42 -11
36 -46 -35 -23
-43 -41 -4 -1
25 12 -11 46
39 -12 -9 24
6 -13 -31 11
-27 -27 -13 23
-34 -14 -9 38
-44 25 47 4
7 -33 27 41
19 -42 13 8
43 -21 11 -46
-46 41 -44 28
-37 -12 -38 -12
-32 47 -22 -7
6 -11 -40 16
40 20
6 22 -19 6
-13 -26 -25 -37
-48 13 -8 47
-4 -40 -1 -46
12 4 -19 33
-35 29 -18 35
1 26 -47 40
26 12 21 43
48 -11 9 3
-17 16 29 -2
49 1 -45 -8
-31 3 46 -27
-27 2 31 -33
-27 46 -43 -22
-42 50 -21 23
-34 18 10 -43
14 -25 45 11
-16 0 -35 1
25 -49 3 -9
-22 3 -49 17
-36 -24 -4 7
35 -6 -11 -19
-15 34 -19 -37
-4 -46 50 30
-16 50 -26 -34
-37 21 19 4
-5 25 -48 32
29 41 41 -50
-40 -7 -34 17
-8 -28 43 -15
11 37 -44 -20
37 1 -48 1
-24 37 14 48
-28 33 20 -3
31 -46 42 31
-26 -16 44 26
46 -14 -3 46
-43 -15 -30 3
33 -18 44 50
12 -22 -45 22
50 2
-45 -28 -18 -47
37 -38 14 1
-27 -38 19 -42
-26 44 -7 42
38 -43 -49 28
-5 10 -16 1
46 46 -13 20
18 -22 -35 -24
-46 -43 -38 -6
26 47 -18 17
-38 7 30 8
15 -49 24 -33
24 -33 -40 -48
-25 -3 -46 36
-48 30 10 41
-48 -19 -45 -7
-46 24 -48 22
-6 33 -39 33
39 21 41 10
-33 34 -45 -9
37 -39 45 -49
-21 -30 10 30
-11 5 -46 41
-44 42 -30 -6
-27 44 -40 -25
-16 42 -8 -31
-11 43 32 -10
-13 -7 7 -12
-33 7 24 -17
-47 -42 -34 -20
-18 -2 12 -4
27 31 48 34
32 42 -22 31
27 42 34 6
41 -14 -48 -13
35 -23 -41 16
-34 -12 -27 -8
14 31 -20 33
24 -6 29 -48
-15 -10 -15 31
44 -41 42 44
-49 -46 -36 2
-12 -11 -39 20
-37 -32 -8 -45
5 9 50 20
42 26 6 -28
-17 41 29 45
42 -22 40 -31
40 14 20 5
-32 -27 18 20
50 8150
-16 -10 0 0
46 -26 0 0
35 33 0 0
47 44 0 0
44 25 0 0
-23 19 0 0
-30 28 0 0
-27 14 0 0
-14 -48 0 0
-35 -11 0 0
45 8 0 0
17 -18 0 0
-39 -26 0 0
-47 -4 0 0
26 28 0 0
-24 -37 0 0
-28 27 0 0
-27 -19 0 0
34 -18 0 0
0 30 0 0
34 16 0 0
-49 15 0 0
-30 31 0 0
9 42 0 0
-44 34 0 0
9 -6 0 0
-21 14 0 0
28 9 0 0
10 32 0 0
-3 -15 0 0
-46 -46 0 0
6 28 0 0
-34 -46 0 0
29 -13 0 0
1 -8 0 0
17 -4 0 0
28 41 0 0
-46 -39 0 0
50 28 0 0
35 -24 0 0
31 -17 0 0
28 42 0 0
-30 36 0 0
-12 -36 0 0
-41 34 0 0
-7 4 0 0
42 39 0 0
-1 -18 0 0
38 50 0 0
-16 5 0 0
50 5926
-13 -5 -5 -38
-27 -48 3 -33
-4 -47 -9 -43
15 -1 -5 11
-15 -32 -32 26
-34 -44 12 -23
-4 -5 14 12
-39 -35 -27 50
-37 0 -17 5
-22 8 41 28
7 25 45 -6
-13 25 7 -11
-41 -17 -3 -11
-14 -28 -10 -25
4 19 40 -24
28 41 -31 -20
-1 43 2 -6
11 -16 29 -7
-22 10 26 1
-9 6 -34 -11
-17 -41 -39 42
-46 48 -22 -40
29 -33 8 -41
-5 21 -2 5
30 -31 -5 -19
-27 -39 -21 -6
-21 -31 26 1
35 5 2 -27
11 -44 -11 48
24 -20 -6 33
48 -3 28 -37
-43 -35 43 39
40 -31 -28 -15
20 -46 26 32
-28 16 41 -9
26 43 1 -18
-36 6 39 32
31 -27 23 3
47 44 18 36
6 41 -12 -34
-18 -19 16 -28
-8 32 22 19
34 -41 -48 -43
41 -1 -47 49
-38 -28 -50 31
-33 -31 11 -45
11 -44 -45 -46
29 15 39 18
25 49 15 -7
-13 -36 -35 5
