40 10
19 15 18 -19
-46 -9 46 -34
-20 8 -32 -18
15 -19 24 -16
28 43 27 -50
-22 -22 9 -42
48 -13 50 -33
-10 2 -36 -13
45 4 9 35
-35 -10 -6 -34
4 22 -29 -32
-30 7 -6 -32
15 38 -9 15
-4 -7 -44 -33
-38 -49 17 -26
12 42 -27 20
15 7 -28 12
-23 30 -14 33
-46 -48 -9 41
-31 49 -28 14
-23 47 -12 -17
7 36 -35 48
18 -47 48 -13
-33 48 34 -20
41 -7 -40 -25
12 39 50 -16
-35 26 -13 -1
19 15 -23 48
17 7 -7 -13
-1 42 -27 0
49 5 30 20
25 30 -45 36
13 -37 31 14
-15 13 48 0
-24 37 -4 -27
39 30 32 16
-28 44 -12 -32
36 -1 -13 -34
10 15 -8 -48
3 25 24 -19
