40 16
-44 -28 7 -5
-28 -19 18 -11
34 -6 -43 -49
-33 -9 6 -40
48 -47 13 -44
41 -12 41 -9
7 -20 -33 -1
-18 11 -45 -12
-48 -6 4 -37
6 -23 33 0
-1 10 -42 1
-23 37 13 -24
41 6 7 29
24 -48 -1 38
-1 22 14 26
-30 -35 40 50
-14 43 -23 -15
1 33 -37 -43
-29 -38 -33 -25
34 39 -47 24
11 49 9 -17
-3 -37 -44 -5
15 -4 -7 -15
12 -36 -26 17
-40 -32 6 0
-49 46 -46 -10
16 2 50 -3
17 16 8 28
-27 -29 -11 11
-15 39 -36 -26
5 -29 6 20
8 16 -16 38
16 29 -30 -25
-45 16 -21 -18
32 26 -40 42
15 -49 46 -29
3 20 -28 35
5 9 40 -32
-44 22 -8 -7
46 -3 -35 -32
