40 43
-31 19 12 -1
-4 16 -42 -26
48 -33 -45 35
12 -40 25 5
-14 18 15 17
23 -45 -36 20
35 -37 -42 -32
14 43 -41 27
-40 8 27 -35
9 -47 0 -22
-47 -19 -29 -39
5 48 -25 -21
-28 39 17 2
49 13 35 -24
-15 -12 -39 -41
-18 2 41 -4
-6 -22 -16 -37
19 3 28 33
1 27 29 -43
9 -23 28 -39
1 49 -34 3
-3 34 -31 20
-36 50 -49 -40
-15 32 -30 18
30 -36 22 48
-14 -45 42 -28
-22 36 43 -40
26 -27 -27 29
-31 43 0 37
30 16 -18 -45
4 16 -34 -4
23 3 23 27
-48 -23 -13 -30
50 25 -19 17
-23 46 -27 -31
28 9 30 -28
-7 11 -29 37
23 20 48 16
16 10 12 -40
-35 -35 22 -49
