40 5
12 40 -35 11
-27 -6 0 -42
-22 -46 39 -19
19 -49 -11 -47
38 5 -47 34
-5 -47 -49 -28
-19 -2 -3 23
-34 0 35 -14
-41 -18 -40 10
-3 -49 36 41
-1 -32 42 -14
48 -20 -12 -48
-45 7 23 -28
-39 -48 -7 40
11 34 33 24
-33 -36 33 -13
37 0 1 -36
21 12 40 -35
-36 26 -11 38
-4 3 -21 -37
-4 3 12 17
-48 -6 -6 13
-5 -26 -41 17
9 29 -18 45
-45 6 -14 33
-31 -39 -13 16
5 -33 36 -21
-26 -38 21 33
-32 12 -23 -4
-17 5 24 17
39 22 -50 -34
49 -27 30 -34
26 -25 2 -46
36 37 -21 14
0 -28 14 42
-50 -30 49 14
-4 -35 15 -48
15 -50 -47 4
-6 -33 15 -32
-36 -42 13 50
