40 20
6 22 -19 6
-13 -26 -25 -37
-48 13 -8 47
-4 -40 -1 -46
12 4 -19 33
-35 29 -18 35
1 26 -47 40
26 12 21 43
48 -11 9 3
-17 16 29 -2
49 1 -45 -8
-31 3 46 -27
-27 2 31 -33
-27 46 -43 -22
-42 50 -21 23
-34 18 10 -43
14 -25 45 11
-16 0 -35 1
25 -49 3 -9
-22 3 -49 17
-36 -24 -4 7
35 -6 -11 -19
-15 34 -19 -37
-4 -46 50 30
-16 50 -26 -34
-37 21 19 4
-5 25 -48 32
29 41 41 -50
-40 -7 -34 17
-8 -28 43 -15
11 37 -44 -20
37 1 -48 1
-24 37 14 48
-28 33 20 -3
31 -46 42 31
-26 -16 44 26
46 -14 -3 46
-43 -15 -30 3
33 -18 44 50
12 -22 -45 22
