50 2
-45 -28 -18 -47
37 -38 14 1
-27 -38 19 -42
-26 44 -7 42
38 -43 -49 28
-5 10 -16 1
46 46 -13 20
18 -22 -35 -24
-46 -43 -38 -6
26 47 -18 17
-38 7 30 8
15 -49 24 -33
24 -33 -40 -48
-25 -3 -46 36
-48 30 10 41
-48 -19 -45 -7
-46 24 -48 22
-6 33 -39 33
39 21 41 10
-33 34 -45 -9
37 -39 45 -49
-21 -30 10 30
-11 5 -46 41
-44 42 -30 -6
-27 44 -40 -25
-16 42 -8 -31
-11 43 32 -10
-13 -7 7 -12
-33 7 24 -17
-47 -42 -34 -20
-18 -2 12 -4
27 31 48 34
32 42 -22 31
27 42 34 6
41 -14 -48 -13
35 -23 -41 16
-34 -12 -27 -8
14 31 -20 33
24 -6 29 -48
-15 -10 -15 31
44 -41 42 44
-49 -46 -36 2
-12 -11 -39 20
-37 -32 -8 -45
5 9 50 20
42 26 6 -28
-17 41 29 45
42 -22 40 -31
40 14 20 5
-32 -27 18 20
