50 8150
-16 -10 0 0
46 -26 0 0
35 33 0 0
47 44 0 0
44 25 0 0
-23 19 0 0
-30 28 0 0
-27 14 0 0
-14 -48 0 0
-35 -11 0 0
45 8 0 0
17 -18 0 0
-39 -26 0 0
-47 -4 0 0
26 28 0 0
-24 -37 0 0
-28 27 0 0
-27 -19 0 0
34 -18 0 0
0 30 0 0
34 16 0 0
-49 15 0 0
-30 31 0 0
9 42 0 0
-44 34 0 0
9 -6 0 0
-21 14 0 0
28 9 0 0
10 32 0 0
-3 -15 0 0
-46 -46 0 0
6 28 0 0
-34 -46 0 0
29 -13 0 0
1 -8 0 0
17 -4 0 0
28 41 0 0
-46 -39 0 0
50 28 0 0
35 -24 0 0
31 -17 0 0
28 42 0 0
-30 36 0 0
-12 -36 0 0
-41 34 0 0
-7 4 0 0
42 39 0 0
-1 -18 0 0
38 50 0 0
-16 5 0 0
