50 5926
-13 -5 -5 -38
-27 -48 3 -33
-4 -47 -9 -43
15 -1 -5 11
-15 -32 -32 26
-34 -44 12 -23
-4 -5 14 12
-39 -35 -27 50
-37 0 -17 5
-22 8 41 28
7 25 45 -6
-13 25 7 -11
-41 -17 -3 -11
-14 -28 -10 -25
4 19 40 -24
28 41 -31 -20
-1 43 2 -6
11 -16 29 -7
-22 10 26 1
-9 6 -34 -11
-17 -41 -39 42
-46 48 -22 -40
29 -33 8 -41
-5 21 -2 5
30 -31 -5 -19
-27 -39 -21 -6
-21 -31 26 1
35 5 2 -27
11 -44 -11 48
24 -20 -6 33
48 -3 28 -37
-43 -35 43 39
40 -31 -28 -15
20 -46 26 32
-28 16 41 -9
26 43 1 -18
-36 6 39 32
31 -27 23 3
47 44 18 36
6 41 -12 -34
-18 -19 16 -28
-8 32 22 19
34 -41 -48 -43
41 -1 -47 49
-38 -28 -50 31
-33 -31 11 -45
11 -44 -45 -46
29 15 39 18
25 49 15 -7
-13 -36 -35 5
