24 6
3 1 4 2 23 21 7 8 5 10 6 12 13 14 15 16 11 9 19 20 17 22 18 24
9 10 3 4 6 8 5 7 14 13 11 12 21 22 15 16 17 18 19 20 2 1 23 24
7 2 5 4 13 6 15 8 9 10 11 12 19 14 17 16 1 18 3 20 22 24 21 23
1 2 24 23 5 6 7 8 9 10 3 4 13 14 12 11 19 17 20 18 21 22 15 16
1 18 3 20 5 4 7 2 11 9 12 10 13 6 15 8 17 16 19 14 21 22 23 24
1 2 3 4 5 6 10 12 9 20 11 19 14 16 13 15 17 18 22 24 21 8 23 7
8 4
2 1 4 3 6 5 8 7
3 4 2 1 7 8 6 5
5 6 8 7 2 1 3 4
7 8 5 6 4 3 2 1
50 1
2 1 4 5 3 7 8 9 10 6 12 13 14 15 16 17 11 19 20 21 22 23 24 25 26 27 28 18 30 31 32 33 34 35 36 37 38 39 40 41 29 43 44 45 46 47 48 49 50 42
3 2
2 1 3
3 1 2
3 6
1 2 3
3 2 1
1 3 2
3 2 1
2 1 3
3 2 1
3 20
1 3 2
1 2 3
1 3 2
1 3 2
2 1 3
2 3 1
2 1 3
1 3 2
1 3 2
1 3 2
2 1 3
1 2 3
3 1 2
3 1 2
2 1 3
3 2 1
3 1 2
3 1 2
2 1 3
2 3 1
3 40
2 3 1
3 1 2
3 1 2
3 2 1
3 1 2
2 1 3
3 1 2
2 3 1
1 3 2
1 2 3
2 1 3
1 3 2
2 3 1
2 1 3
2 3 1
1 3 2
1 3 2
2 1 3
3 2 1
3 1 2
3 1 2
3 1 2
2 3 1
1 2 3
3 2 1
1 3 2
1 2 3
2 3 1
2 3 1
2 1 3
3 2 1
1 2 3
3 1 2
3 2 1
1 2 3
3 2 1
1 3 2
1 2 3
3 2 1
1 3 2
3 57
2 3 1
3 2 1
2 1 3
1 2 3
3 2 1
1 3 2
2 1 3
3 2 1
1 2 3
2 1 3
2 3 1
1 2 3
2 1 3
1 3 2
3 2 1
2 1 3
3 1 2
3 1 2
1 2 3
2 3 1
2 3 1
1 3 2
1 2 3
2 1 3
3 2 1
3 1 2
2 3 1
3 1 2
3 2 1
2 1 3
3 1 2
1 3 2
2 3 1
2 3 1
2 3 1
3 1 2
1 3 2
2 3 1
3 1 2
2 1 3
1 2 3
2 3 1
3 2 1
1 2 3
3 2 1
2 1 3
1 2 3
2 1 3
3 2 1
1 2 3
2 3 1
1 2 3
2 1 3
2 1 3
3 2 1
3 2 1
2 3 1
3 100
1 2 3
2 1 3
2 3 1
2 3 1
2 1 3
2 1 3
1 2 3
1 2 3
2 1 3
2 3 1
2 3 1
3 1 2
2 3 1
1 3 2
2 1 3
1 3 2
2 3 1
1 3 2
1 2 3
2 3 1
2 1 3
2 1 3
3 1 2
2 1 3
3 1 2
2 3 1
2 3 1
2 1 3
1 2 3
1 2 3
1 2 3
2 1 3
1 3 2
3 2 1
3 2 1
1 2 3
2 1 3
2 3 1
3 2 1
2 1 3
1 3 2
3 1 2
1 3 2
3 1 2
1 2 3
3 2 1
1 2 3
2 3 1
3 2 1
2 3 1
2 1 3
2 1 3
3 1 2
1 3 2
1 3 2
3 2 1
2 1 3
1 3 2
1 3 2
2 1 3
2 1 3
3 2 1
1 2 3
2 3 1
1 3 2
2 3 1
1 3 2
2 1 3
3 2 1
3 1 2
2 3 1
2 3 1
1 3 2
2 1 3
1 3 2
3 2 1
3 1 2
2 1 3
2 3 1
2 3 1
3 2 1
2 1 3
2 1 3
3 1 2
3 2 1
1 2 3
2 3 1
3 2 1
2 1 3
2 3 1
2 1 3
3 2 1
3 2 1
1 3 2
1 2 3
1 3 2
2 3 1
3 1 2
1 3 2
1 3 2
5 2
1 5 2 3 4
5 3 1 4 2
5 6
2 4 1 3 5
1 3 2 4 5
4 3 2 5 1
5 4 1 3 2
1 5 3 4 2
1 2 5 3 4
5 20
3 2 1 5 4
3 5 1 2 4
2 5 4 3 1
2 5 4 3 1
3 4 2 1 5
3 4 5 1 2
5 3 2 1 4
2 4 3 5 1
5 1 4 2 3
1 5 3 4 2
2 3 4 5 1
4 2 5 1 3
2 3 4 5 1
3 2 4 1 5
2 5 4 3 1
2 3 4 5 1
3 1 4 5 2
5 2 1 3 4
2 5 4 3 1
1 5 4 2 3
5 40
4 3 1 5 2
5 4 2 1 3
5 4 3 2 1
2 1 3 5 4
2 3 1 4 5
5 4 2 1 3
3 2 4 1 5
3 5 2 1 4
4 5 2 1 3
2 3 1 4 5
1 2 5 4 3
3 1 2 4 5
4 2 5 3 1
5 1 4 2 3
1 4 5 2 3
1 3 2 4 5
1 2 5 4 3
2 1 3 5 4
5 1 2 4 3
4 1 2 5 3
5 3 1 2 4
2 1 5 3 4
3 5 2 1 4
5 1 4 3 2
4 3 5 1 2
3 5 2 4 1
1 3 5 4 2
4 1 5 3 2
4 3 2 1 5
1 4 3 2 5
5 3 4 1 2
4 2 5 3 1
1 4 5 3 2
5 2 4 1 3
4 3 5 1 2
4 2 1 5 3
3 1 2 4 5
3 5 4 1 2
2 3 5 1 4
3 1 4 5 2
5 57
1 4 5 2 3
3 2 1 5 4
3 1 2 5 4
2 1 4 5 3
5 2 4 1 3
3 1 2 5 4
1 5 2 3 4
5 3 1 4 2
5 4 1 3 2
3 5 2 1 4
1 4 3 2 5
4 5 1 3 2
2 1 4 3 5
5 2 4 1 3
3 2 5 1 4
2 1 5 3 4
3 4 1 2 5
1 4 5 3 2
4 1 2 3 5
5 3 4 2 1
1 4 5 2 3
5 2 3 1 4
4 3 2 5 1
1 2 3 5 4
4 2 5 3 1
1 3 5 4 2
3 2 5 4 1
2 3 4 5 1
3 5 2 4 1
5 2 3 4 1
1 3 2 5 4
4 1 3 5 2
3 4 2 1 5
2 3 5 4 1
4 3 1 2 5
2 3 4 5 1
2 5 1 4 3
2 3 1 5 4
1 2 5 4 3
1 5 4 3 2
4 3 1 5 2
1 4 3 2 5
1 4 3 2 5
3 5 4 1 2
5 3 4 1 2
1 2 5 3 4
4 1 5 2 3
4 2 1 3 5
2 1 3 5 4
2 3 1 5 4
3 2 5 4 1
4 5 2 3 1
3 4 2 5 1
2 3 1 4 5
3 4 5 1 2
1 2 3 4 5
3 5 2 4 1
5 100
4 1 2 3 5
2 3 5 1 4
3 4 5 2 1
1 4 2 5 3
2 4 3 1 5
1 2 3 4 5
5 1 4 3 2
4 5 1 2 3
1 5 2 4 3
2 4 3 5 1
1 2 3 5 4
3 2 5 1 4
1 5 3 2 4
4 1 5 2 3
5 3 1 2 4
5 4 3 1 2
4 3 5 1 2
2 1 4 3 5
4 1 3 5 2
3 1 4 5 2
3 1 5 2 4
4 1 3 2 5
2 4 5 3 1
2 3 4 5 1
5 1 4 3 2
2 5 1 4 3
4 3 1 5 2
3 4 2 5 1
3 2 4 1 5
3 2 1 5 4
3 4 5 1 2
5 1 2 3 4
2 5 3 1 4
1 4 3 5 2
3 2 1 5 4
3 1 4 5 2
4 1 2 3 5
1 4 5 2 3
1 5 3 2 4
2 1 5 3 4
1 4 2 5 3
1 4 3 2 5
3 2 5 4 1
3 1 4 2 5
2 3 1 5 4
3 2 4 5 1
5 2 4 3 1
2 3 4 1 5
1 5 2 4 3
2 1 4 3 5
3 2 4 5 1
3 5 1 2 4
4 3 5 1 2
4 2 3 5 1
4 2 3 5 1
1 3 4 5 2
3 2 1 4 5
3 4 5 2 1
2 1 5 3 4
5 4 3 2 1
3 2 5 4 1
2 4 1 3 5
4 5 3 1 2
4 3 1 5 2
1 5 3 4 2
1 3 4 5 2
2 3 1 5 4
1 2 3 5 4
1 3 4 2 5
2 4 1 5 3
1 4 3 5 2
3 4 2 1 5
2 4 1 3 5
1 2 5 3 4
4 3 1 5 2
3 2 4 5 1
3 1 4 5 2
1 3 5 4 2
4 3 5 1 2
1 4 5 3 2
2 3 4 5 1
4 5 1 3 2
4 1 3 5 2
4 2 3 1 5
1 4 3 5 2
3 5 4 2 1
1 2 3 4 5
3 5 1 4 2
4 3 5 1 2
1 5 2 3 4
3 2 4 1 5
2 3 5 4 1
1 2 3 4 5
2 1 5 3 4
4 3 1 5 2
2 1 4 5 3
2 5 4 3 1
4 2 1 5 3
3 5 1 4 2
3 1 4 5 2
7 2
2 4 6 7 1 3 5
7 3 2 6 4 1 5
7 6
3 2 6 5 7 4 1
2 1 7 5 4 3 6
7 5 4 1 2 3 6
6 7 1 2 4 3 5
7 5 4 2 6 3 1
2 1 3 4 5 7 6
7 20
7 1 6 5 3 4 2
6 7 4 5 2 1 3
7 3 5 6 4 2 1
5 2 1 6 7 3 4
6 4 5 2 7 3 1
5 3 1 2 4 6 7
6 3 7 1 4 5 2
4 6 2 5 7 3 1
2 4 3 5 7 6 1
2 3 5 6 4 7 1
3 6 7 1 2 5 4
7 5 3 1 2 4 6
1 4 2 5 3 6 7
1 2 6 5 4 3 7
3 1 5 7 4 6 2
4 3 6 5 1 7 2
6 4 1 3 7 5 2
2 1 5 7 4 3 6
4 7 3 1 6 2 5
1 5 4 6 3 7 2
7 40
6 3 5 4 1 7 2
4 6 7 5 1 3 2
3 2 5 4 6 1 7
4 5 2 3 7 1 6
2 1 7 6 4 3 5
6 2 4 1 3 5 7
3 4 5 2 6 1 7
3 5 6 1 4 2 7
5 4 6 2 1 3 7
2 7 1 3 5 4 6
3 6 2 1 7 5 4
4 5 1 7 2 3 6
3 2 7 1 6 4 5
3 1 6 7 2 4 5
6 4 7 5 3 1 2
3 2 4 7 1 6 5
3 4 2 6 5 1 7
4 2 5 7 3 1 6
1 7 6 4 3 5 2
2 5 6 7 3 4 1
1 3 2 7 4 6 5
6 4 1 5 2 3 7
5 7 4 1 3 2 6
7 1 2 6 3 5 4
5 4 2 6 1 7 3
6 5 2 7 3 1 4
6 1 2 3 4 7 5
4 1 6 3 7 5 2
4 1 7 3 5 2 6
6 5 2 4 3 1 7
2 1 4 5 3 7 6
1 5 7 3 2 6 4
1 5 2 3 7 6 4
4 7 5 3 6 1 2
1 2 7 4 5 3 6
5 4 3 7 2 1 6
6 4 3 7 2 1 5
6 4 5 3 7 2 1
5 6 3 2 7 1 4
2 4 3 5 1 6 7
7 57
4 7 6 5 2 3 1
3 5 2 4 1 6 7
7 6 2 5 3 1 4
2 4 1 5 6 7 3
2 4 7 1 6 3 5
6 1 5 2 3 7 4
4 1 6 5 2 7 3
3 1 7 6 4 5 2
2 5 3 6 1 7 4
4 5 6 1 7 2 3
4 2 1 6 7 3 5
3 5 7 1 6 2 4
4 7 6 2 3 1 5
7 3 5 2 6 1 4
3 4 5 7 2 1 6
6 7 5 3 1 2 4
4 1 5 6 2 7 3
6 2 4 5 1 7 3
2 5 4 6 1 7 3
4 7 5 6 2 3 1
4 5 3 6 2 7 1
2 7 1 6 3 5 4
4 2 3 6 1 7 5
4 7 1 3 6 5 2
1 7 4 6 2 5 3
7 5 2 1 6 3 4
1 3 6 4 7 5 2
2 7 4 3 1 5 6
2 6 3 5 4 1 7
2 6 1 3 5 7 4
3 1 4 2 6 7 5
3 5 4 7 6 2 1
3 6 4 1 2 7 5
5 2 7 4 1 6 3
7 6 3 4 1 5 2
2 6 1 5 3 7 4
3 6 4 1 7 5 2
7 5 4 2 1 3 6
2 4 6 7 3 1 5
4 5 6 3 7 1 2
3 7 2 4 6 1 5
1 4 3 7 6 5 2
1 3 6 2 4 7 5
1 4 5 3 6 7 2
3 2 4 1 7 6 5
2 3 1 6 5 4 7
6 3 4 5 7 2 1
6 1 2 3 7 4 5
5 6 7 4 1 3 2
6 2 7 1 4 5 3
6 2 4 3 1 7 5
1 2 4 7 6 3 5
2 7 4 6 3 1 5
7 5 1 6 4 3 2
2 1 6 7 5 4 3
1 7 4 6 3 5 2
2 7 3 1 5 6 4
7 100
5 4 6 3 1 7 2
5 7 6 1 4 2 3
7 2 4 6 3 5 1
6 5 2 4 7 1 3
4 6 1 3 5 2 7
5 6 7 4 3 1 2
4 5 7 2 3 6 1
3 6 5 7 4 2 1
1 4 7 2 3 6 5
7 1 4 2 5 6 3
4 5 7 2 3 1 6
2 7 4 6 5 3 1
5 4 7 6 2 1 3
4 2 1 3 5 6 7
1 7 2 6 3 5 4
2 1 7 3 5 4 6
5 3 1 6 2 7 4
3 4 7 5 6 2 1
5 3 4 6 1 2 7
7 5 2 6 1 3 4
1 2 4 7 3 5 6
7 6 5 3 4 1 2
7 2 4 1 5 6 3
5 6 3 4 7 1 2
2 3 4 1 5 7 6
1 7 4 6 3 2 5
2 7 4 3 5 6 1
2 7 1 6 5 3 4
5 4 1 6 7 3 2
1 6 3 7 4 5 2
7 3 2 1 6 4 5
1 7 5 2 6 4 3
5 6 2 1 3 4 7
1 5 7 4 6 2 3
1 4 2 7 3 6 5
4 3 5 1 6 2 7
2 4 7 6 1 3 5
1 4 6 3 5 2 7
2 6 5 7 1 3 4
3 4 2 1 7 6 5
7 4 5 3 6 2 1
6 2 1 3 5 7 4
6 4 5 1 7 2 3
2 1 4 6 7 3 5
6 1 4 2 5 7 3
1 3 7 5 4 6 2
3 5 2 1 4 6 7
5 6 1 7 3 4 2
7 4 1 5 6 3 2
4 5 2 3 6 1 7
1 6 3 2 4 7 5
3 4 1 6 2 5 7
2 7 5 4 6 3 1
2 5 7 6 1 4 3
4 1 5 6 3 7 2
2 4 1 6 7 5 3
2 7 5 4 1 6 3
2 6 4 5 1 7 3
7 6 5 1 3 2 4
2 6 1 5 7 3 4
1 5 6 3 4 7 2
2 1 3 5 7 6 4
6 2 3 5 1 7 4
1 2 5 4 7 6 3
5 3 7 2 4 1 6
1 5 6 3 4 7 2
1 6 2 7 3 5 4
1 2 3 5 7 4 6
2 4 7 5 1 3 6
2 3 6 4 5 7 1
5 7 3 2 6 4 1
4 2 6 3 7 5 1
2 5 4 6 3 1 7
3 6 5 1 4 7 2
6 2 4 3 7 5 1
5 7 6 1 3 2 4
3 7 5 1 4 6 2
1 3 2 7 5 4 6
6 3 1 5 7 2 4
1 3 7 2 6 5 4
3 5 7 6 1 2 4
2 4 7 1 5 6 3
7 2 5 4 1 3 6
5 6 4 3 1 2 7
6 5 3 1 7 4 2
7 5 2 6 1 4 3
2 7 4 1 6 5 3
2 3 4 7 5 6 1
2 5 3 1 7 4 6
3 5 4 1 6 7 2
1 5 2 4 7 6 3
1 3 4 2 7 6 5
3 5 4 6 7 2 1
3 4 2 5 6 1 7
3 1 2 5 6 7 4
7 1 2 3 4 5 6
2 5 1 4 6 7 3
5 3 7 1 2 6 4
2 1 6 7 5 4 3
4 5 3 1 2 6 7
20 2
1 15 13 5 9 18 17 2 19 11 14 16 6 3 7 20 12 4 8 10
14 13 7 6 17 18 16 15 8 4 12 11 3 19 20 9 5 1 2 10
20 6
2 3 17 5 15 18 14 20 16 8 12 13 6 4 9 7 1 11 10 19
1 18 8 14 4 19 17 12 2 6 10 3 7 9 11 20 16 5 15 13
15 4 9 16 8 10 11 13 2 20 7 1 12 14 5 17 6 3 18 19
17 18 3 19 12 2 1 9 13 14 4 8 16 10 7 5 11 20 6 15
8 5 4 13 10 17 12 7 2 11 1 14 9 6 20 15 19 16 3 18
7 5 12 8 1 19 2 11 20 6 18 3 15 4 14 10 16 9 13 17
20 20
5 6 15 17 11 7 1 3 14 2 13 9 8 16 19 18 12 20 10 4
14 5 9 20 19 10 6 8 3 1 15 12 18 4 13 11 2 7 17 16
14 6 2 4 17 10 12 5 8 13 7 1 19 9 16 20 15 18 3 11
1 11 16 17 14 18 7 2 20 8 19 4 15 6 5 9 3 12 13 10
2 5 8 14 9 11 6 18 7 3 17 20 19 12 1 15 10 4 13 16
15 4 10 11 2 20 12 17 13 18 7 19 16 1 8 3 6 9 14 5
18 4 10 2 16 11 9 6 12 3 17 1 20 19 5 7 8 14 15 13
18 4 11 10 15 13 3 12 17 1 2 19 9 14 16 8 6 20 5 7
4 5 8 18 12 13 15 9 20 6 3 19 7 14 16 1 10 2 17 11
3 5 6 10 12 9 13 4 2 8 18 7 15 16 19 11 17 20 14 1
19 17 18 14 12 10 15 2 9 8 4 6 20 16 7 11 13 1 5 3
20 8 1 2 19 4 13 17 10 18 14 11 15 16 6 3 12 7 9 5
11 10 17 1 2 12 9 15 20 4 14 13 3 19 18 5 16 7 6 8
19 17 9 2 18 15 3 14 13 7 20 5 1 4 10 8 12 11 6 16
6 16 8 7 11 19 2 3 9 20 14 15 4 18 10 17 13 1 5 12
18 14 10 9 8 6 3 19 4 15 1 13 2 7 16 12 20 17 5 11
9 19 7 17 13 8 5 16 10 14 6 20 2 4 3 18 15 12 11 1
6 17 14 13 10 7 5 18 11 4 19 12 15 1 3 9 2 20 8 16
3 2 19 7 17 8 11 16 5 20 1 6 15 13 4 14 12 10 9 18
11 15 10 8 5 7 16 9 20 6 18 17 3 12 4 19 2 1 14 13
20 40
2 11 9 17 13 16 18 8 10 6 15 12 4 1 19 20 5 7 3 14
18 7 6 19 8 1 9 11 20 15 16 13 5 17 10 12 14 2 3 4
10 11 18 12 17 7 1 19 2 15 3 14 20 4 16 6 8 5 13 9
17 7 2 9 19 12 13 8 6 1 10 4 20 18 16 5 14 11 15 3
6 13 5 15 1 10 11 4 20 18 17 3 8 16 7 19 14 12 9 2
10 6 7 2 12 18 5 20 17 13 8 15 1 11 14 19 3 16 4 9
19 4 1 8 20 12 13 3 15 16 9 10 6 18 2 14 17 11 5 7
6 8 7 15 2 18 5 12 17 13 4 3 14 16 10 19 9 20 1 11
17 2 3 8 9 5 13 20 18 12 6 11 14 15 4 19 10 16 7 1
20 3 19 2 14 10 12 16 4 15 13 6 17 18 11 7 9 1 5 8
7 20 6 5 1 13 11 3 10 17 2 19 15 18 16 14 8 4 12 9
13 1 15 12 3 4 8 6 5 20 2 9 7 11 10 18 19 16 14 17
15 13 19 14 7 5 16 11 9 1 4 6 10 17 18 2 8 12 3 20
7 8 11 15 9 12 1 10 20 6 16 4 19 13 17 2 3 18 5 14
9 7 1 16 19 6 17 10 12 2 4 11 3 13 20 5 14 8 18 15
5 3 9 7 4 11 8 20 10 18 16 15 12 14 17 13 1 19 6 2
6 15 4 20 5 11 3 9 13 8 2 12 17 14 7 19 16 18 1 10
4 11 10 6 19 9 8 2 16 15 3 5 1 12 13 14 17 20 7 18
2 3 15 4 5 7 10 12 14 6 18 11 16 17 13 19 8 1 20 9
20 18 16 10 3 2 8 11 4 12 7 14 15 17 13 6 19 1 9 5
16 2 5 6 8 19 20 9 3 15 17 14 7 10 4 1 13 18 12 11
2 4 12 10 7 13 16 11 3 9 6 15 14 5 19 17 8 1 20 18
10 5 11 17 14 13 9 1 18 7 12 6 3 16 15 8 20 4 2 19
9 12 8 15 4 2 6 13 1 3 20 19 11 16 7 14 5 10 17 18
4 5 8 19 14 20 2 9 13 11 3 6 7 15 17 1 18 12 16 10
3 12 1 15 19 7 6 18 17 11 2 13 14 10 4 16 9 8 5 20
12 11 6 14 10 5 2 1 8 20 3 15 16 18 17 7 9 13 4 19
7 1 2 5 8 19 12 20 10 15 3 18 13 4 11 16 17 9 14 6
13 18 1 12 14 3 11 9 2 17 10 5 7 6 19 4 15 20 16 8
18 6 8 12 14 16 2 15 19 11 13 10 4 9 5 20 1 3 7 17
12 13 5 15 1 17 19 9 6 11 7 10 4 8 3 16 18 20 14 2
8 18 7 14 5 19 2 12 17 13 11 1 20 6 16 10 3 15 9 4
12 7 3 18 6 13 9 10 16 8 19 4 20 14 2 17 5 15 1 11
10 16 17 8 7 9 2 19 20 14 13 12 4 11 6 5 3 18 1 15
8 10 3 11 2 12 15 14 13 1 5 7 4 16 9 18 17 19 20 6
10 18 2 9 8 14 19 17 11 16 7 5 1 6 12 20 3 4 13 15
6 13 2 8 17 4 1 15 7 12 20 14 5 11 16 18 9 3 19 10
13 4 14 16 1 7 19 12 5 11 3 10 20 2 18 6 17 15 8 9
10 11 6 3 8 15 9 1 13 17 18 7 4 20 16 12 2 19 5 14
15 18 7 16 4 3 8 17 12 13 11 2 20 9 19 10 14 5 1 6
20 57
6 2 9 10 16 5 11 15 20 12 13 8 1 17 3 7 4 18 14 19
7 9 11 18 10 17 2 19 6 20 15 14 8 12 13 1 4 3 16 5
1 14 4 10 3 13 18 16 2 8 11 6 5 7 9 17 12 20 19 15
10 6 15 5 2 11 17 8 12 16 3 18 20 14 9 19 1 4 13 7
10 4 3 2 6 20 11 16 15 7 19 17 9 1 8 13 14 18 5 12
2 20 5 14 4 7 9 13 6 11 18 19 8 15 3 16 10 17 1 12
5 6 11 13 7 18 20 16 1 2 17 15 12 4 10 8 19 14 3 9
18 13 15 14 4 1 10 6 3 8 19 16 7 2 9 17 11 12 20 5
7 11 15 17 9 14 6 3 12 13 4 2 19 8 5 1 20 18 16 10
8 14 11 7 20 5 2 13 6 3 9 1 18 4 12 16 19 15 10 17
13 1 12 5 3 14 2 7 16 11 10 8 18 4 15 17 19 9 20 6
16 10 4 6 13 19 11 12 8 5 18 17 2 15 20 1 9 3 14 7
12 2 9 5 3 11 1 19 13 7 16 17 14 8 6 10 4 15 20 18
10 5 11 1 8 17 19 15 13 14 4 12 16 20 9 7 3 6 2 18
12 8 20 17 3 13 2 16 15 11 19 18 14 4 6 7 1 10 5 9
14 1 9 5 2 20 8 11 13 16 7 19 3 10 15 4 18 17 12 6
15 3 11 19 8 12 14 6 20 13 5 2 7 16 17 4 18 9 1 10
16 4 13 2 14 10 8 11 17 12 5 19 7 15 3 18 9 6 20 1
12 7 4 11 5 16 19 14 17 1 13 10 3 9 2 15 8 20 18 6
16 18 4 11 12 15 19 14 6 7 17 8 10 20 1 9 3 2 5 13
1 20 6 15 8 9 18 17 10 2 4 11 16 5 7 12 3 19 14 13
10 3 8 14 15 4 11 7 19 5 2 20 16 13 18 9 17 1 12 6
7 5 15 18 10 9 11 13 19 12 2 1 8 17 20 3 4 14 16 6
5 11 15 19 14 7 9 3 6 13 2 12 10 4 8 17 18 1 16 20
10 16 5 18 6 1 13 4 15 3 11 8 2 19 17 7 9 20 14 12
13 11 4 7 2 9 8 17 6 16 15 12 14 3 5 10 1 20 18 19
2 15 20 9 14 16 12 7 6 17 1 18 10 4 5 13 3 8 11 19
10 8 16 12 9 15 18 14 11 3 7 19 20 6 4 1 2 13 5 17
9 18 7 17 15 11 6 16 3 4 2 10 13 8 1 12 20 5 14 19
11 7 16 19 1 3 5 15 4 9 10 18 17 2 20 14 8 12 6 13
20 5 2 14 19 17 8 15 7 1 10 4 18 9 6 12 11 16 3 13
17 16 20 6 5 4 1 18 12 11 13 14 19 10 15 9 2 8 3 7
3 5 18 15 7 13 2 8 17 19 11 14 10 4 1 20 16 12 9 6
12 20 1 10 7 16 13 17 14 11 18 9 6 3 2 19 4 5 15 8
8 12 7 18 1 9 5 16 6 10 15 3 20 14 17 2 4 13 19 11
5 18 19 17 9 7 4 13 20 3 16 14 15 6 1 2 12 11 10 8
8 17 13 6 10 19 15 11 16 4 2 14 7 20 12 1 9 3 18 5
4 18 20 16 11 12 5 17 14 7 3 2 6 19 13 8 10 15 1 9
15 17 3 18 9 19 16 10 6 13 12 20 11 8 4 7 2 14 5 1
12 11 2 13 7 18 1 10 20 16 5 15 4 3 9 19 14 6 8 17
16 4 13 17 14 20 7 8 15 6 1 3 12 19 5 10 11 2 9 18
9 7 6 3 12 20 10 14 1 15 13 11 2 18 5 4 8 19 17 16
8 14 6 16 2 9 3 11 13 10 12 15 19 1 18 17 4 5 20 7
10 3 15 12 11 8 19 7 4 18 17 2 14 20 5 9 13 6 16 1
18 1 14 10 20 12 4 13 19 6 3 11 17 9 8 7 2 5 16 15
11 3 8 15 17 9 19 14 2 5 7 12 10 20 18 4 1 16 13 6
16 1 6 8 2 13 15 4 17 7 20 3 9 11 14 18 19 10 12 5
7 18 17 12 14 13 15 16 9 8 6 3 10 5 11 2 1 4 19 20
8 19 18 10 12 11 7 9 3 4 2 1 16 14 5 20 6 15 17 13
10 15 6 17 19 14 9 2 1 11 5 20 18 3 16 7 4 8 12 13
15 5 10 8 6 14 11 13 2 9 4 3 1 12 17 16 7 20 18 19
3 18 5 12 10 4 2 6 1 13 16 8 7 20 17 14 9 19 15 11
16 17 14 13 18 9 15 7 8 11 1 20 6 5 10 19 12 3 2 4
9 4 20 11 14 17 2 1 5 18 8 7 13 19 16 15 12 6 3 10
12 4 14 2 11 7 20 17 5 19 18 8 9 6 16 15 3 13 10 1
7 13 14 8 4 19 5 20 1 12 2 16 9 6 18 3 15 10 17 11
12 14 7 19 18 20 15 11 13 4 3 16 2 10 9 8 17 5 1 6
20 100
8 19 2 15 7 17 14 20 10 1 16 4 6 12 9 3 11 18 13 5
8 11 3 5 6 1 17 15 16 18 4 14 9 20 13 19 7 12 10 2
11 6 5 8 12 14 1 10 3 16 18 17 15 7 20 13 2 4 19 9
2 4 20 6 19 16 11 17 18 1 14 5 10 9 3 12 7 8 15 13
12 2 14 8 5 10 6 1 7 13 16 9 17 3 19 11 20 18 15 4
9 6 1 2 13 7 12 11 10 4 17 14 8 18 3 20 19 16 5 15
19 1 11 17 13 8 12 6 10 16 20 14 7 18 3 4 15 2 9 5
17 4 10 12 1 11 9 20 13 15 3 5 8 14 16 7 2 19 6 18
10 20 11 14 9 15 18 8 6 1 4 5 16 12 19 13 7 17 2 3
5 16 17 10 8 3 13 2 11 1 7 12 19 20 15 14 6 4 18 9
7 19 17 20 4 2 18 5 1 8 6 13 14 16 15 3 10 9 12 11
8 16 11 5 19 2 13 9 14 17 10 20 6 15 1 4 7 12 3 18
9 16 7 1 10 5 11 3 15 14 4 12 19 20 2 17 8 18 6 13
5 16 15 2 11 10 6 18 14 4 7 1 8 19 20 17 3 9 12 13
9 6 16 18 7 13 15 17 10 2 12 4 20 19 8 3 14 11 5 1
6 8 10 4 7 9 1 11 15 5 18 19 2 13 12 20 16 14 3 17
19 10 5 15 16 8 14 7 9 3 2 1 20 17 11 18 13 4 12 6
6 11 19 13 9 4 8 1 2 7 12 3 17 10 14 20 16 15 5 18
17 1 2 14 3 10 8 20 15 16 12 19 9 4 11 5 7 18 6 13
19 10 9 13 6 17 2 12 11 16 20 8 4 3 15 18 1 5 7 14
19 16 17 8 9 5 3 12 18 7 14 20 1 15 11 10 13 4 6 2
9 19 14 10 3 20 8 17 18 12 1 5 2 11 16 7 6 15 13 4
13 15 16 20 19 10 4 11 2 17 12 1 6 9 8 7 14 3 18 5
8 9 11 12 5 13 15 3 1 6 18 7 16 14 19 10 4 17 20 2
10 19 6 11 1 4 17 15 9 12 16 7 18 13 3 5 14 2 20 8
5 3 10 1 19 8 11 17 18 7 15 4 6 13 20 12 14 9 16 2
11 16 12 8 20 10 17 13 1 4 2 14 3 15 9 7 6 5 19 18
17 13 11 14 20 2 18 10 15 7 5 16 9 6 3 4 19 8 1 12
1 20 18 10 12 15 13 5 11 2 17 19 8 7 6 9 14 3 4 16
17 11 19 6 12 2 9 18 16 1 4 7 10 5 14 3 15 13 20 8
18 13 15 12 2 17 19 4 7 11 3 1 14 20 8 10 9 5 6 16
10 2 4 8 12 18 3 16 1 6 14 15 5 9 19 11 17 7 13 20
13 11 19 14 5 1 12 10 7 15 16 6 9 17 2 3 8 4 18 20
11 10 7 3 5 6 8 13 17 12 20 14 4 9 1 18 16 19 2 15
1 19 12 7 13 9 11 6 3 8 14 15 20 10 18 2 17 4 5 16
13 12 4 9 2 1 11 19 7 15 5 16 10 14 20 3 18 17 6 8
7 6 8 10 18 14 13 16 9 17 4 5 3 1 15 2 20 11 19 12
5 15 6 19 13 12 9 10 4 11 8 7 16 18 1 3 17 20 2 14
11 10 4 2 12 9 3 20 15 16 1 13 8 14 7 5 18 6 17 19
5 11 3 1 18 14 13 16 12 7 4 6 8 15 10 19 20 9 17 2
13 14 1 16 8 11 7 15 18 2 10 12 20 6 17 5 4 9 19 3
1 6 8 5 3 7 4 11 10 14 20 19 13 2 16 9 17 12 18 15
16 12 17 4 7 19 6 1 9 13 8 11 2 3 20 5 14 18 15 10
11 17 8 15 12 18 5 6 7 14 1 10 16 3 2 4 9 20 13 19
15 6 3 4 16 9 10 14 19 7 12 20 18 5 11 2 13 8 17 1
12 2 3 16 8 18 10 20 1 14 7 13 15 5 4 17 6 9 19 11
4 18 1 20 17 12 16 10 5 6 2 9 7 19 3 8 13 11 14 15
20 17 5 2 11 9 13 10 16 1 19 18 8 7 15 4 3 14 12 6
4 8 2 7 14 6 15 9 1 19 12 3 13 18 10 16 11 5 20 17
8 7 10 12 9 4 14 13 2 15 18 1 20 3 16 6 11 19 17 5
13 3 9 5 7 19 12 15 20 11 18 10 17 6 4 14 2 8 16 1
2 16 8 6 1 7 13 9 20 11 14 5 15 19 12 17 3 10 18 4
3 14 5 1 4 2 20 6 17 13 8 9 16 15 10 18 11 19 7 12
4 8 13 16 10 9 7 3 19 1 17 20 14 11 2 5 12 15 6 18
13 10 2 5 12 14 17 15 9 1 18 3 16 6 7 19 4 8 20 11
11 16 6 3 18 10 19 1 8 20 5 14 13 15 4 2 9 12 7 17
16 6 15 14 7 19 8 1 11 3 12 20 5 13 10 18 17 2 9 4
4 5 9 10 12 2 3 8 15 11 7 19 18 13 14 16 20 17 1 6
4 3 13 15 7 20 6 2 12 19 11 16 14 17 5 9 1 10 18 8
6 3 15 10 8 9 2 7 12 14 19 13 1 17 11 4 20 16 5 18
7 2 14 10 5 11 9 20 13 12 17 18 4 15 1 3 19 16 8 6
3 18 15 16 8 19 11 1 7 6 20 14 5 17 9 4 13 10 2 12
2 9 7 4 17 10 19 3 15 1 13 16 14 12 5 6 20 8 11 18
17 5 12 10 15 8 13 9 4 20 11 2 18 19 14 7 16 3 6 1
6 12 5 3 4 8 20 2 14 17 11 16 7 9 18 1 10 19 13 15
8 1 2 19 20 12 3 6 4 17 13 7 10 11 14 9 18 5 15 16
3 9 8 6 12 10 14 4 1 2 13 15 18 11 19 7 5 20 17 16
8 9 5 18 19 15 12 13 11 16 2 10 20 1 7 14 17 3 4 6
8 12 15 19 20 4 6 18 9 11 13 2 3 17 5 10 16 1 7 14
11 19 9 13 10 6 18 12 7 17 5 14 20 8 4 15 3 16 1 2
10 8 4 18 13 5 12 14 16 15 9 20 19 6 17 3 2 1 7 11
10 8 7 13 11 2 18 6 20 15 16 5 1 3 14 9 17 19 12 4
8 5 20 12 17 6 3 1 2 4 11 15 10 9 16 18 13 14 19 7
17 9 1 2 7 19 15 12 10 13 6 14 11 5 16 8 18 4 20 3
9 14 8 10 16 17 15 5 7 20 19 11 18 13 3 1 2 12 6 4
4 7 10 12 3 14 18 2 17 20 5 1 9 6 13 8 16 19 15 11
12 15 10 13 4 18 7 2 16 5 20 1 9 14 11 17 6 8 3 19
3 18 13 14 11 15 2 7 6 9 5 1 16 17 10 20 19 12 8 4
5 17 18 8 20 2 13 10 14 3 1 12 11 9 16 19 4 7 6 15
19 12 3 11 4 16 14 20 13 7 9 6 5 18 10 15 2 1 8 17
10 8 4 11 20 2 1 3 17 16 12 18 7 9 14 19 15 5 6 13
16 20 18 3 10 14 9 2 8 1 15 13 4 6 7 5 11 12 17 19
9 3 5 7 6 11 18 10 14 1 13 8 16 15 20 4 2 19 12 17
9 16 4 20 13 17 12 5 10 1 8 11 14 19 3 7 18 2 15 6
15 8 2 9 14 11 6 7 18 16 17 10 1 4 3 12 5 19 20 13
3 10 12 19 2 13 18 15 8 14 11 1 16 7 9 17 5 6 20 4
16 8 13 18 17 9 5 10 6 11 20 3 19 14 4 1 7 12 15 2
5 6 14 20 4 10 17 7 16 18 8 11 15 9 3 12 19 2 1 13
8 10 19 12 15 13 17 14 3 5 2 20 18 6 1 11 7 4 9 16
13 5 7 14 4 17 15 10 18 3 20 9 19 12 8 6 1 11 2 16
13 16 6 20 9 8 3 11 19 15 2 7 5 12 18 1 17 10 14 4
2 11 10 5 17 3 7 9 20 15 8 14 6 16 1 12 4 18 19 13
8 9 4 15 2 18 13 5 6 12 3 7 14 11 1 17 10 20 19 16
5 17 15 1 12 19 6 10 2 8 16 9 7 18 4 14 11 20 3 13
3 8 1 9 16 15 10 13 19 7 6 14 20 5 2 4 18 11 12 17
9 13 3 17 20 5 11 12 14 2 4 19 15 1 7 6 10 8 16 18
3 6 13 8 10 12 7 18 20 11 1 5 14 16 4 17 2 15 19 9
13 20 12 5 18 10 19 6 2 9 11 15 1 17 14 8 16 3 7 4
1 8 16 5 7 17 20 4 9 11 14 19 3 10 15 6 13 18 12 2
11 7 9 8 2 18 1 15 10 4 12 5 13 3 20 19 6 14 17 16
40 57
4 28 3 19 9 20 32 31 13 27 17 22 40 11 2 39 23 36 12 8 14 5 33 29 26 30 6 37 15 35 24 7 18 34 10 1 38 16 21 25
22 2 37 40 30 4 38 10 8 11 25 14 18 9 15 23 35 24 20 26 32 3 33 29 13 27 34 19 21 31 12 16 6 36 7 1 17 39 28 5
12 10 18 13 3 8 2 9 16 27 22 6 39 1 26 31 28 33 7 30 23 37 25 35 34 17 11 20 24 21 32 15 5 29 4 14 36 40 38 19
19 32 3 9 34 16 10 35 17 27 37 25 39 31 6 29 28 38 5 33 12 13 21 11 26 1 2 22 23 30 7 24 18 20 36 14 40 8 4 15
19 35 7 13 24 15 23 18 34 2 5 28 29 6 8 25 37 14 1 31 40 11 20 9 26 3 17 10 32 21 30 16 38 39 22 36 4 27 12 33
31 16 6 40 19 7 20 38 32 1 37 28 27 23 5 26 13 25 35 36 4 29 34 15 14 30 2 8 3 10 33 17 22 39 18 24 11 9 21 12
17 30 7 38 15 14 29 40 27 12 26 22 28 1 23 4 8 16 6 37 5 3 9 33 13 32 36 31 21 35 2 11 34 18 24 10 39 25 19 20
37 5 28 34 8 22 4 2 27 20 40 9 26 25 15 29 14 10 23 36 18 38 30 31 32 3 6 1 12 33 11 39 7 24 16 35 17 19 21 13
16 28 21 30 17 15 37 20 11 14 34 3 38 1 27 26 12 13 33 24 6 8 32 18 31 22 40 9 35 39 19 23 7 5 25 10 36 29 4 2
40 11 6 3 18 5 22 29 19 21 20 37 4 16 14 30 25 26 2 17 27 33 8 10 7 1 28 35 9 34 39 15 32 24 12 31 36 13 38 23
13 39 11 24 19 20 22 4 29 33 21 17 12 30 35 38 23 34 15 14 27 28 16 3 37 5 32 25 1 6 9 8 7 36 2 18 31 10 40 26
36 17 6 14 10 18 34 38 23 16 31 21 40 12 28 4 29 5 33 24 7 1 26 25 27 35 9 22 39 15 11 2 3 30 32 20 37 19 13 8
18 2 40 14 13 5 25 19 21 3 16 31 27 32 12 35 6 7 10 34 37 29 28 9 8 15 30 36 23 4 22 11 38 33 26 24 20 17 39 1
6 12 37 28 24 33 18 31 26 16 17 29 5 22 4 2 27 38 8 3 23 34 25 15 13 14 10 20 11 32 7 40 21 19 35 1 36 39 30 9
22 36 6 11 2 10 7 15 5 28 20 39 37 12 23 24 31 9 3 13 25 26 30 38 33 1 17 21 8 4 27 14 18 29 32 19 16 35 40 34
14 24 40 19 5 31 27 32 18 20 10 22 9 21 4 39 37 26 33 12 25 34 16 30 6 2 8 38 29 23 3 15 13 36 35 1 17 7 28 11
20 23 28 9 5 8 19 32 4 10 14 2 12 21 6 36 25 13 29 15 38 34 26 24 37 3 16 11 33 18 17 30 27 31 22 39 40 7 1 35
20 2 18 36 27 21 8 23 10 13 28 30 16 19 11 37 1 26 33 3 35 38 15 9 32 14 24 22 31 17 25 39 29 6 40 4 12 7 34 5
7 11 14 23 38 9 20 10 36 15 24 12 17 3 5 32 6 33 35 2 34 22 1 8 39 30 13 29 27 28 37 26 18 25 4 40 31 19 16 21
9 13 14 15 16 39 26 17 28 10 8 4 11 7 27 21 20 30 3 6 2 23 25 19 37 40 22 34 35 31 36 33 29 12 5 24 38 32 18 1
7 28 34 8 40 2 14 15 4 1 5 16 35 21 25 36 33 3 9 22 20 38 23 18 27 17 29 37 10 31 26 39 13 24 30 19 32 11 6 12
3 31 8 17 4 12 23 24 29 35 20 15 11 34 13 7 18 26 6 21 25 39 19 27 32 30 28 10 16 38 1 2 36 37 40 14 22 33 5 9
17 10 16 9 3 25 24 29 32 12 15 13 22 23 33 19 1 18 30 5 27 26 21 34 37 14 28 20 39 31 35 36 8 40 11 2 4 38 7 6
5 30 22 23 8 12 32 35 13 19 2 25 4 21 15 29 28 1 20 37 36 33 6 14 26 11 17 31 10 27 24 34 7 16 39 3 38 40 9 18
36 29 15 31 4 7 26 18 25 17 32 6 12 28 5 39 16 27 11 40 34 2 38 13 37 8 33 22 10 1 3 9 21 14 19 23 20 30 35 24
3 40 10 35 33 11 2 26 27 13 18 9 23 37 16 1 30 29 4 28 22 24 19 7 32 14 5 21 34 39 25 38 20 17 6 31 36 8 12 15
40 31 26 28 23 9 5 17 11 38 18 12 16 8 4 22 39 2 20 1 3 30 34 14 13 33 29 27 25 37 35 36 6 7 10 24 15 32 21 19
3 30 27 6 21 12 29 13 26 17 35 1 18 22 33 7 5 34 9 11 19 15 40 4 14 10 8 25 31 2 37 16 32 36 28 20 24 23 39 38
28 24 33 13 3 29 17 7 37 14 36 38 32 20 35 2 12 4 34 1 25 26 16 15 40 8 39 31 10 6 11 5 9 21 19 23 27 18 22 30
34 18 11 13 14 24 36 30 17 33 19 12 3 32 23 8 25 38 22 1 15 7 37 4 5 39 27 6 35 10 9 2 26 31 29 20 40 21 28 16
4 20 3 1 17 22 8 37 14 30 7 21 15 29 27 10 18 34 31 11 28 23 6 33 35 26 19 25 12 36 32 39 16 38 2 40 13 5 24 9
4 1 22 9 12 25 11 13 24 2 27 36 37 15 26 17 20 10 38 16 5 39 31 28 33 34 7 29 18 40 8 6 14 21 30 3 23 32 19 35
27 18 34 1 12 39 21 35 20 24 7 19 13 36 38 3 30 26 2 40 33 32 9 15 29 11 31 37 4 5 8 23 14 17 16 6 28 25 22 10
23 27 8 22 16 19 5 13 34 10 17 4 40 29 21 7 30 38 14 6 33 39 12 31 2 26 18 35 11 24 32 28 3 36 9 25 20 37 1 15
4 18 1 40 11 24 10 28 23 33 14 34 17 31 22 15 27 20 21 26 2 12 5 16 32 13 29 9 19 3 37 36 8 35 25 7 38 39 30 6
24 20 15 13 1 37 30 38 4 31 27 17 19 36 26 8 16 11 35 6 7 12 39 25 10 28 23 33 9 22 5 18 2 34 29 3 14 32 40 21
27 4 12 7 26 14 15 16 9 24 34 21 20 39 22 6 10 11 8 30 17 28 3 5 23 29 36 18 1 32 19 25 40 38 13 35 37 2 33 31
35 12 6 18 32 15 11 17 33 21 14 20 36 34 7 24 3 19 27 30 39 31 10 29 16 8 40 26 4 37 28 22 23 5 25 1 2 9 13 38
2 24 27 37 3 36 1 23 22 40 12 33 25 5 18 17 21 29 26 6 39 10 28 35 14 9 32 16 31 34 11 38 19 15 4 30 13 8 7 20
6 11 2 36 3 13 16 26 28 30 40 21 17 10 23 5 15 14 20 31 38 8 7 24 27 4 32 12 35 19 1 34 9 39 33 37 29 25 22 18
22 7 2 10 18 33 4 28 26 37 12 17 15 16 11 5 21 34 9 25 40 36 6 31 14 27 32 8 3 23 30 13 29 1 19 39 35 38 24 20
20 32 37 16 2 36 13 33 30 21 23 34 11 18 27 26 39 15 25 31 1 29 14 19 6 35 24 8 5 10 22 28 17 4 38 40 12 7 9 3
11 17 25 8 2 4 5 6 37 12 24 39 32 38 31 23 34 35 1 10 15 30 28 27 26 36 29 18 21 33 19 22 20 9 13 40 7 14 3 16
16 40 8 9 22 30 18 7 1 27 14 13 38 10 28 19 21 32 39 17 25 33 36 26 24 6 20 37 5 31 4 34 11 2 15 12 29 23 3 35
35 17 16 30 21 6 38 31 3 18 2 9 26 27 15 8 11 10 1 23 7 4 24 32 40 39 13 37 33 22 36 34 14 25 12 19 5 28 29 20
25 6 19 21 1 12 35 22 2 29 14 15 31 7 5 24 38 37 18 36 20 27 26 17 8 40 30 9 3 11 34 13 32 4 23 39 28 10 33 16
6 1 7 27 36 15 20 5 12 34 24 14 30 11 17 23 32 13 9 8 18 31 28 22 26 33 40 35 2 10 16 29 4 3 19 25 39 37 38 21
35 22 4 29 16 7 13 34 23 26 30 32 33 18 17 38 20 40 6 9 39 1 19 36 28 11 3 5 12 21 31 2 14 37 10 27 8 24 15 25
16 25 33 35 8 30 14 18 1 34 24 7 39 12 11 10 20 17 4 3 31 27 37 38 2 32 9 19 22 6 5 28 13 40 23 15 21 36 26 29
30 3 12 31 18 4 16 33 36 37 34 9 23 13 32 26 38 27 14 40 7 20 19 10 25 1 11 8 35 39 22 2 24 17 6 28 5 15 21 29
5 3 13 19 7 17 18 10 35 24 36 15 1 40 32 20 28 6 39 22 26 23 25 21 29 38 11 2 31 12 14 37 30 16 34 8 27 4 9 33
5 8 11 16 24 2 25 6 28 20 32 40 31 39 3 33 26 19 38 17 12 29 27 13 37 7 14 22 36 34 9 23 4 18 35 10 1 21 30 15
16 12 24 14 37 25 13 4 21 36 35 22 1 26 10 20 5 7 18 27 3 6 38 34 17 30 15 9 2 28 40 23 32 19 29 8 39 11 33 31
37 26 9 33 5 14 39 36 1 23 4 16 24 13 35 20 8 32 27 28 30 10 11 17 40 22 12 19 29 34 2 31 7 3 18 38 21 15 25 6
36 14 17 21 2 11 20 12 4 15 7 22 10 3 27 40 28 6 16 8 26 19 39 31 38 30 32 23 1 18 33 9 35 29 34 25 5 24 13 37
31 20 34 18 22 23 10 15 37 6 35 26 12 30 40 24 7 27 17 14 25 2 28 5 9 29 13 1 33 3 32 8 39 21 36 19 38 11 4 16
23 36 4 35 34 24 17 11 5 20 31 30 8 12 16 15 6 14 28 10 3 25 33 27 19 29 38 2 40 13 32 7 22 21 9 1 26 37 18 39
50 6
10 15 13 49 26 27 24 35 11 33 47 29 43 45 30 37 20 42 22 28 19 23 36 3 48 12 40 9 18 41 8 5 2 16 50 4 25 1 6 17 46 44 31 14 32 34 38 39 7 21
20 10 28 26 14 30 12 22 2 35 47 38 4 46 31 6 19 18 3 23 41 40 17 29 1 16 42 33 21 43 9 49 24 13 50 11 8 5 7 39 48 45 27 36 25 37 34 32 44 15
23 44 17 12 34 16 6 35 13 18 27 39 43 49 46 48 33 41 24 2 37 10 14 25 15 4 21 40 19 36 42 38 22 30 1 32 50 8 47 31 45 5 20 26 7 9 3 29 11 28
43 21 30 8 2 38 37 24 26 1 6 40 33 50 46 18 42 13 23 14 17 48 28 25 19 20 39 36 3 7 22 49 34 32 45 16 44 27 29 5 47 9 10 15 41 11 12 4 35 31
37 15 6 25 48 3 44 45 47 24 1 38 18 13 28 8 10 4 23 20 43 31 41 16 29 49 30 19 17 32 26 33 39 5 14 27 42 36 21 40 2 46 22 11 35 34 12 7 9 50
38 21 34 36 14 37 6 50 43 28 11 7 1 47 25 15 18 5 48 24 20 33 42 30 23 9 32 31 49 4 41 16 35 22 12 13 45 40 8 3 10 27 29 26 46 39 44 17 19 2
15 2
13 10 2 7 8 1 9 12 15 6 5 14 3 4 11
13 1 6 8 9 2 15 4 7 10 5 14 3 12 11
15 3
13 10 2 7 8 1 9 12 15 6 5 14 3 4 11
13 1 6 8 9 2 15 4 7 10 5 14 3 12 11
6 2 3 5 7 13 11 8 4 10 14 9 1 15 12
15 5
5 14 7 6 9 12 10 1 4 15 11 3 8 13 2
8 14 2 1 6 3 15 7 12 4 11 10 13 5 9
13 8 7 14 12 2 10 9 15 3 11 1 6 5 4
15 4 7 2 3 1 10 14 5 8 11 12 13 9 6
2 1 7 3 14 13 15 12 4 10 11 6 5 8 9
15 3
9 15 11 8 2 10 3 5 13 7 1 12 14 6 4
15 9 14 6 10 1 8 7 11 2 5 12 4 3 13
8 7 5 6 1 3 9 2 10 11 4 12 13 14 15
6 4
2 1 3 4 5 6
1 2 4 3 5 6
1 2 3 4 6 5
3 4 1 2 5 6
32 31
1 2 3 4 5 6 7 8 9 10 11 32 13 14 15 16 17 18 19 20 21 22 23 24 25 26 27 28 29 30 31 12
1 2 3 4 26 6 7 8 9 10 11 12 13 14 15 16 17 18 19 20 21 22 23 24 25 5 27 28 29 30 31 32
1 2 3 4 32 6 7 8 9 10 11 26 13 14 15 16 17 18 19 20 21 22 23 24 25 12 27 28 29 30 31 5
1 2 3 4 5 6 7 8 9 10 23 12 13 14 15 16 17 18 19 20 21 22 11 24 25 26 27 28 29 30 31 32
1 2 3 4 5 6 7 8 9 10 11 12 27 14 15 16 17 18 19 20 21 22 23 24 25 26 13 28 29 30 31 32
1 2 3 4 5 6 7 8 9 10 13 12 11 14 15 16 17 18 19 20 21 22 27 24 25 26 23 28 29 30 31 32
1 2 3 4 27 6 7 8 9 10 12 11 26 14 15 16 17 18 19 20 21 22 32 24 25 13 5 28 29 30 31 23
1 2 3 4 5 6 7 8 9 10 11 12 13 28 15 16 17 18 19 20 21 22 23 24 25 26 27 14 29 30 31 32
1 2 3 4 5 6 7 8 9 10 11 12 13 14 15 16 29 18 19 20 21 22 23 24 25 26 27 28 17 30 31 32
1 2 3 4 5 6 7 8 9 10 11 12 13 17 15 16 14 18 19 20 21 22 23 24 25 26 27 29 28 30 31 32
1 2 3 4 5 6 7 8 9 20 11 12 13 14 15 16 17 18 19 10 21 22 23 24 25 26 27 28 29 30 31 32
1 2 3 4 5 6 22 8 9 10 11 12 13 14 15 16 17 18 19 20 21 7 23 24 25 26 27 28 29 30 31 32
1 2 3 4 5 6 20 8 9 22 11 12 13 14 15 16 17 18 19 7 21 10 23 24 25 26 27 28 29 30 31 32
1 2 3 4 5 6 29 8 9 14 11 12 13 10 15 16 22 18 19 28 21 17 23 24 25 26 27 20 7 30 31 32
1 2 3 4 17 6 13 8 9 23 20 28 7 32 15 16 5 18 19 11 21 27 10 24 25 29 22 12 26 30 31 14
1 2 3 4 5 6 7 8 21 10 11 12 13 14 15 16 17 18 19 20 9 22 23 24 25 26 27 28 29 30 31 32
1 2 3 4 5 6 7 8 9 10 11 12 13 14 15 18 17 16 19 20 21 22 23 24 25 26 27 28 29 30 31 32
1 2 3 4 5 6 7 8 16 10 11 12 13 14 15 9 17 21 19 20 18 22 23 24 25 26 27 28 29 30 31 32
1 19 3 4 5 6 7 8 9 10 11 12 13 14 15 16 17 18 2 20 21 22 23 24 25 26 27 28 29 30 31 32
1 2 30 4 5 6 7 8 9 10 11 12 13 14 15 16 17 18 19 20 21 22 23 24 25 26 27 28 29 3 31 32
1 3 2 4 5 6 7 8 9 10 11 12 13 14 15 16 17 18 30 20 21 22 23 24 25 26 27 28 29 19 31 32
1 21 18 4 5 6 7 8 19 10 11 12 13 14 15 30 17 3 9 20 2 22 23 24 25 26 27 28 29 16 31 32
1 2 3 4 5 6 7 8 9 10 11 12 13 14 15 16 17 18 19 20 21 22 23 24 31 26 27 28 29 30 25 32
1 2 3 8 5 6 7 4 9 10 11 12 13 14 15 16 17 18 19 20 21 22 23 24 25 26 27 28 29 30 31 32
1 2 3 31 5 6 7 25 9 10 11 12 13 14 15 16 17 18 19 20 21 22 23 24 8 26 27 28 29 30 4 32
1 2 3 4 5 24 7 8 9 10 11 12 13 14 15 16 17 18 19 20 21 22 23 6 25 26 27 28 29 30 31 32
15 2 3 4 5 6 7 8 9 10 11 12 13 14 1 16 17 18 19 20 21 22 23 24 25 26 27 28 29 30 31 32
24 2 3 4 5 15 7 8 9 10 11 12 13 14 6 16 17 18 19 20 21 22 23 1 25 26 27 28 29 30 31 32
4 2 3 1 5 25 7 15 9 10 11 12 13 14 8 16 17 18 19 20 21 22 23 31 6 26 27 28 29 30 24 32
3 24 1 18 5 19 7 16 25 10 11 12 13 14 30 8 17 4 6 20 31 22 23 2 9 26 27 28 29 15 21 32
7 11 13 29 16 10 1 17 32 6 2 21 3 25 22 5 8 26 23 24 12 15 19 20 14 18 30 31 4 27 28 9
16 15
1 2 3 4 5 6 7 8 11 10 9 12 13 14 15 16
1 2 4 3 5 6 7 8 9 10 11 12 13 14 15 16
1 2 11 9 5 6 7 8 4 10 3 12 13 14 15 16
1 5 3 4 2 6 7 8 9 10 11 12 13 14 15 16
8 2 3 4 5 6 7 1 9 10 11 12 13 14 15 16
5 8 3 4 1 6 7 2 9 10 11 12 13 14 15 16
4 11 8 1 9 6 7 3 5 10 2 12 13 14 15 16
1 2 3 4 5 6 7 8 9 10 11 15 13 14 12 16
1 2 3 4 5 6 7 8 9 10 11 12 13 16 15 14
1 2 3 4 5 6 7 8 9 10 11 16 13 15 14 12
1 2 3 4 5 6 10 8 9 7 11 12 13 14 15 16
1 2 3 4 5 13 7 8 9 10 11 12 6 14 15 16
1 2 3 4 5 10 13 8 9 6 11 12 7 14 15 16
1 2 3 4 5 14 12 8 9 15 11 7 16 6 10 13
13 10 14 16 7 8 5 6 12 2 15 9 1 3 11 4
