20 20
5 6 15 17 11 7 1 3 14 2 13 9 8 16 19 18 12 20 10 4
14 5 9 20 19 10 6 8 3 1 15 12 18 4 13 11 2 7 17 16
14 6 2 4 17 10 12 5 8 13 7 1 19 9 16 20 15 18 3 11
1 11 16 17 14 18 7 2 20 8 19 4 15 6 5 9 3 12 13 10
2 5 8 14 9 11 6 18 7 3 17 20 19 12 1 15 10 4 13 16
15 4 10 11 2 20 12 17 13 18 7 19 16 1 8 3 6 9 14 5
18 4 10 2 16 11 9 6 12 3 17 1 20 19 5 7 8 14 15 13
18 4 11 10 15 13 3 12 17 1 2 19 9 14 16 8 6 20 5 7
4 5 8 18 12 13 15 9 20 6 3 19 7 14 16 1 10 2 17 11
3 5 6 10 12 9 13 4 2 8 18 7 15 16 19 11 17 20 14 1
19 17 18 14 12 10 15 2 9 8 4 6 20 16 7 11 13 1 5 3
20 8 1 2 19 4 13 17 10 18 14 11 15 16 6 3 12 7 9 5
11 10 17 1 2 12 9 15 20 4 14 13 3 19 18 5 16 7 6 8
19 17 9 2 18 15 3 14 13 7 20 5 1 4 10 8 12 11 6 16
6 16 8 7 11 19 2 3 9 20 14 15 4 18 10 17 13 1 5 12
18 14 10 9 8 6 3 19 4 15 1 13 2 7 16 12 20 17 5 11
9 19 7 17 13 8 5 16 10 14 6 20 2 4 3 18 15 12 11 1
6 17 14 13 10 7 5 18 11 4 19 12 15 1 3 9 2 20 8 16
3 2 19 7 17 8 11 16 5 20 1 6 15 13 4 14 12 10 9 18
11 15 10 8 5 7 16 9 20 6 18 17 3 12 4 19 2 1 14 13
