20 40
2 11 9 17 13 16 18 8 10 6 15 12 4 1 19 20 5 7 3 14
18 7 6 19 8 1 9 11 20 15 16 13 5 17 10 12 14 2 3 4
10 11 18 12 17 7 1 19 2 15 3 14 20 4 16 6 8 5 13 9
17 7 2 9 19 12 13 8 6 1 10 4 20 18 16 5 14 11 15 3
6 13 5 15 1 10 11 4 20 18 17 3 8 16 7 19 14 12 9 2
10 6 7 2 12 18 5 20 17 13 8 15 1 11 14 19 3 16 4 9
19 4 1 8 20 12 13 3 15 16 9 10 6 18 2 14 17 11 5 7
6 8 7 15 2 18 5 12 17 13 4 3 14 16 10 19 9 20 1 11
17 2 3 8 9 5 13 20 18 12 6 11 14 15 4 19 10 16 7 1
20 3 19 2 14 10 12 16 4 15 13 6 17 18 11 7 9 1 5 8
7 20 6 5 1 13 11 3 10 17 2 19 15 18 16 14 8 4 12 9
13 1 15 12 3 4 8 6 5 20 2 9 7 11 10 18 19 16 14 17
15 13 19 14 7 5 16 11 9 1 4 6 10 17 18 2 8 12 3 20
7 8 11 15 9 12 1 10 20 6 16 4 19 13 17 2 3 18 5 14
9 7 1 16 19 6 17 10 12 2 4 11 3 13 20 5 14 8 18 15
5 3 9 7 4 11 8 20 10 18 16 15 12 14 17 13 1 19 6 2
6 15 4 20 5 11 3 9 13 8 2 12 17 14 7 19 16 18 1 10
4 11 10 6 19 9 8 2 16 15 3 5 1 12 13 14 17 20 7 18
2 3 15 4 5 7 10 12 14 6 18 11 16 17 13 19 8 1 20 9
20 18 16 10 3 2 8 11 4 12 7 14 15 17 13 6 19 1 9 5
16 2 5 6 8 19 20 9 3 15 17 14 7 10 4 1 13 18 12 11
2 4 12 10 7 13 16 11 3 9 6 15 14 5 19 17 8 1 20 18
10 5 11 17 14 13 9 1 18 7 12 6 3 16 15 8 20 4 2 19
9 12 8 15 4 2 6 13 1 3 20 19 11 16 7 14 5 10 17 18
4 5 8 19 14 20 2 9 13 11 3 6 7 15 17 1 18 12 16 10
3 12 1 15 19 7 6 18 17 11 2 13 14 10 4 16 9 8 5 20
12 11 6 14 10 5 2 1 8 20 3 15 16 18 17 7 9 13 4 19
7 1 2 5 8 19 12 20 10 15 3 18 13 4 11 16 17 9 14 6
13 18 1 12 14 3 11 9 2 17 10 5 7 6 19 4 15 20 16 8
18 6 8 12 14 16 2 15 19 11 13 10 4 9 5 20 1 3 7 17
12 13 5 15 1 17 19 9 6 11 7 10 4 8 3 16 18 20 14 2
8 18 7 14 5 19 2 12 17 13 11 1 20 6 16 10 3 15 9 4
12 7 3 18 6 13 9 10 16 8 19 4 20 14 2 17 5 15 1 11
10 16 17 8 7 9 2 19 20 14 13 12 4 11 6 5 3 18 1 15
8 10 3 11 2 12 15 14 13 1 5 7 4 16 9 18 17 19 20 6
10 18 2 9 8 14 19 17 11 16 7 5 1 6 12 20 3 4 13 15
6 13 2 8 17 4 1 15 7 12 20 14 5 11 16 18 9 3 19 10
13 4 14 16 1 7 19 12 5 11 3 10 20 2 18 6 17 15 8 9
10 11 6 3 8 15 9 1 13 17 18 7 4 20 16 12 2 19 5 14
15 18 7 16 4 3 8 17 12 13 11 2 20 9 19 10 14 5 1 6
