20 57
6 2 9 10 16 5 11 15 20 12 13 8 1 17 3 7 4 18 14 19
7 9 11 18 10 17 2 19 6 20 15 14 8 12 13 1 4 3 16 5
1 14 4 10 3 13 18 16 2 8 11 6 5 7 9 17 12 20 19 15
10 6 15 5 2 11 17 8 12 16 3 18 20 14 9 19 1 4 13 7
10 4 3 2 6 20 11 16 15 7 19 17 9 1 8 13 14 18 5 12
2 20 5 14 4 7 9 13 6 11 18 19 8 15 3 16 10 17 1 12
5 6 11 13 7 18 20 16 1 2 17 15 12 4 10 8 19 14 3 9
18 13 15 14 4 1 10 6 3 8 19 16 7 2 9 17 11 12 20 5
7 11 15 17 9 14 6 3 12 13 4 2 19 8 5 1 20 18 16 10
8 14 11 7 20 5 2 13 6 3 9 1 18 4 12 16 19 15 10 17
13 1 12 5 3 14 2 7 16 11 10 8 18 4 15 17 19 9 20 6
16 10 4 6 13 19 11 12 8 5 18 17 2 15 20 1 9 3 14 7
12 2 9 5 3 11 1 19 13 7 16 17 14 8 6 10 4 15 20 18
10 5 11 1 8 17 19 15 13 14 4 12 16 20 9 7 3 6 2 18
12 8 20 17 3 13 2 16 15 11 19 18 14 4 6 7 1 10 5 9
14 1 9 5 2 20 8 11 13 16 7 19 3 10 15 4 18 17 12 6
15 3 11 19 8 12 14 6 20 13 5 2 7 16 17 4 18 9 1 10
16 4 13 2 14 10 8 11 17 12 5 19 7 15 3 18 9 6 20 1
12 7 4 11 5 16 19 14 17 1 13 10 3 9 2 15 8 20 18 6
16 18 4 11 12 15 19 14 6 7 17 8 10 20 1 9 3 2 5 13
1 20 6 15 8 9 18 17 10 2 4 11 16 5 7 12 3 19 14 13
10 3 8 14 15 4 11 7 19 5 2 20 16 13 18 9 17 1 12 6
7 5 15 18 10 9 11 13 19 12 2 1 8 17 20 3 4 14 16 6
5 11 15 19 14 7 9 3 6 13 2 12 10 4 8 17 18 1 16 20
10 16 5 18 6 1 13 4 15 3 11 8 2 19 17 7 9 20 14 12
13 11 4 7 2 9 8 17 6 16 15 12 14 3 5 10 1 20 18 19
2 15 20 9 14 16 12 7 6 17 1 18 10 4 5 13 3 8 11 19
10 8 16 12 9 15 18 14 11 3 7 19 20 6 4 1 2 13 5 17
9 18 7 17 15 11 6 16 3 4 2 10 13 8 1 12 20 5 14 19
11 7 16 19 1 3 5 15 4 9 10 18 17 2 20 14 8 12 6 13
20 5 2 14 19 17 8 15 7 1 10 4 18 9 6 12 11 16 3 13
17 16 20 6 5 4 1 18 12 11 13 14 19 10 15 9 2 8 3 7
3 5 18 15 7 13 2 8 17 19 11 14 10 4 1 20 16 12 9 6
12 20 1 10 7 16 13 17 14 11 18 9 6 3 2 19 4 5 15 8
8 12 7 18 1 9 5 16 6 10 15 3 20 14 17 2 4 13 19 11
5 18 19 17 9 7 4 13 20 3 16 14 15 6 1 2 12 11 10 8
8 17 13 6 10 19 15 11 16 4 2 14 7 20 12 1 9 3 18 5
4 18 20 16 11 12 5 17 14 7 3 2 6 19 13 8 10 15 1 9
15 17 3 18 9 19 16 10 6 13 12 20 11 8 4 7 2 14 5 1
12 11 2 13 7 18 1 10 20 16 5 15 4 3 9 19 14 6 8 17
16 4 13 17 14 20 7 8 15 6 1 3 12 19 5 10 11 2 9 18
9 7 6 3 12 20 10 14 1 15 13 11 2 18 5 4 8 19 17 16
8 14 6 16 2 9 3 11 13 10 12 15 19 1 18 17 4 5 20 7
10 3 15 12 11 8 19 7 4 18 17 2 14 20 5 9 13 6 16 1
18 1 14 10 20 12 4 13 19 6 3 11 17 9 8 7 2 5 16 15
11 3 8 15 17 9 19 14 2 5 7 12 10 20 18 4 1 16 13 6
16 1 6 8 2 13 15 4 17 7 20 3 9 11 14 18 19 10 12 5
7 18 17 12 14 13 15 16 9 8 6 3 10 5 11 2 1 4 19 20
8 19 18 10 12 11 7 9 3 4 2 1 16 14 5 20 6 15 17 13
10 15 6 17 19 14 9 2 1 11 5 20 18 3 16 7 4 8 12 13
15 5 10 8 6 14 11 13 2 9 4 3 1 12 17 16 7 20 18 19
3 18 5 12 10 4 2 6 1 13 16 8 7 20 17 14 9 19 15 11
16 17 14 13 18 9 15 7 8 11 1 20 6 5 10 19 12 3 2 4
9 4 20 11 14 17 2 1 5 18 8 7 13 19 16 15 12 6 3 10
12 4 14 2 11 7 20 17 5 19 18 8 9 6 16 15 3 13 10 1
7 13 14 8 4 19 5 20 1 12 2 16 9 6 18 3 15 10 17 11
12 14 7 19 18 20 15 11 13 4 3 16 2 10 9 8 17 5 1 6
