20 100
8 19 2 15 7 17 14 20 10 1 16 4 6 12 9 3 11 18 13 5
8 11 3 5 6 1 17 15 16 18 4 14 9 20 13 19 7 12 10 2
11 6 5 8 12 14 1 10 3 16 18 17 15 7 20 13 2 4 19 9
2 4 20 6 19 16 11 17 18 1 14 5 10 9 3 12 7 8 15 13
12 2 14 8 5 10 6 1 7 13 16 9 17 3 19 11 20 18 15 4
9 6 1 2 13 7 12 11 10 4 17 14 8 18 3 20 19 16 5 15
19 1 11 17 13 8 12 6 10 16 20 14 7 18 3 4 15 2 9 5
17 4 10 12 1 11 9 20 13 15 3 5 8 14 16 7 2 19 6 18
10 20 11 14 9 15 18 8 6 1 4 5 16 12 19 13 7 17 2 3
5 16 17 10 8 3 13 2 11 1 7 12 19 20 15 14 6 4 18 9
7 19 17 20 4 2 18 5 1 8 6 13 14 16 15 3 10 9 12 11
8 16 11 5 19 2 13 9 14 17 10 20 6 15 1 4 7 12 3 18
9 16 7 1 10 5 11 3 15 14 4 12 19 20 2 17 8 18 6 13
5 16 15 2 11 10 6 18 14 4 7 1 8 19 20 17 3 9 12 13
9 6 16 18 7 13 15 17 10 2 12 4 20 19 8 3 14 11 5 1
6 8 10 4 7 9 1 11 15 5 18 19 2 13 12 20 16 14 3 17
19 10 5 15 16 8 14 7 9 3 2 1 20 17 11 18 13 4 12 6
6 11 19 13 9 4 8 1 2 7 12 3 17 10 14 20 16 15 5 18
17 1 2 14 3 10 8 20 15 16 12 19 9 4 11 5 7 18 6 13
19 10 9 13 6 17 2 12 11 16 20 8 4 3 15 18 1 5 7 14
19 16 17 8 9 5 3 12 18 7 14 20 1 15 11 10 13 4 6 2
9 19 14 10 3 20 8 17 18 12 1 5 2 11 16 7 6 15 13 4
13 15 16 20 19 10 4 11 2 17 12 1 6 9 8 7 14 3 18 5
8 9 11 12 5 13 15 3 1 6 18 7 16 14 19 10 4 17 20 2
10 19 6 11 1 4 17 15 9 12 16 7 18 13 3 5 14 2 20 8
5 3 10 1 19 8 11 17 18 7 15 4 6 13 20 12 14 9 16 2
11 16 12 8 20 10 17 13 1 4 2 14 3 15 9 7 6 5 19 18
17 13 11 14 20 2 18 10 15 7 5 16 9 6 3 4 19 8 1 12
1 20 18 10 12 15 13 5 11 2 17 19 8 7 6 9 14 3 4 16
17 11 19 6 12 2 9 18 16 1 4 7 10 5 14 3 15 13 20 8
18 13 15 12 2 17 19 4 7 11 3 1 14 20 8 10 9 5 6 16
10 2 4 8 12 18 3 16 1 6 14 15 5 9 19 11 17 7 13 20
13 11 19 14 5 1 12 10 7 15 16 6 9 17 2 3 8 4 18 20
11 10 7 3 5 6 8 13 17 12 20 14 4 9 1 18 16 19 2 15
1 19 12 7 13 9 11 6 3 8 14 15 20 10 18 2 17 4 5 16
13 12 4 9 2 1 11 19 7 15 5 16 10 14 20 3 18 17 6 8
7 6 8 10 18 14 13 16 9 17 4 5 3 1 15 2 20 11 19 12
5 15 6 19 13 12 9 10 4 11 8 7 16 18 1 3 17 20 2 14
11 10 4 2 12 9 3 20 15 16 1 13 8 14 7 5 18 6 17 19
5 11 3 1 18 14 13 16 12 7 4 6 8 15 10 19 20 9 17 2
13 14 1 16 8 11 7 15 18 2 10 12 20 6 17 5 4 9 19 3
1 6 8 5 3 7 4 11 10 14 20 19 13 2 16 9 17 12 18 15
16 12 17 4 7 19 6 1 9 13 8 11 2 3 20 5 14 18 15 10
11 17 8 15 12 18 5 6 7 14 1 10 16 3 2 4 9 20 13 19
15 6 3 4 16 9 10 14 19 7 12 20 18 5 11 2 13 8 17 1
12 2 3 16 8 18 10 20 1 14 7 13 15 5 4 17 6 9 19 11
4 18 1 20 17 12 16 10 5 6 2 9 7 19 3 8 13 11 14 15
20 17 5 2 11 9 13 10 16 1 19 18 8 7 15 4 3 14 12 6
4 8 2 7 14 6 15 9 1 19 12 3 13 18 10 16 11 5 20 17
8 7 10 12 9 4 14 13 2 15 18 1 20 3 16 6 11 19 17 5
13 3 9 5 7 19 12 15 20 11 18 10 17 6 4 14 2 8 16 1
2 16 8 6 1 7 13 9 20 11 14 5 15 19 12 17 3 10 18 4
3 14 5 1 4 2 20 6 17 13 8 9 16 15 10 18 11 19 7 12
4 8 13 16 10 9 7 3 19 1 17 20 14 11 2 5 12 15 6 18
13 10 2 5 12 14 17 15 9 1 18 3 16 6 7 19 4 8 20 11
11 16 6 3 18 10 19 1 8 20 5 14 13 15 4 2 9 12 7 17
16 6 15 14 7 19 8 1 11 3 12 20 5 13 10 18 17 2 9 4
4 5 9 10 12 2 3 8 15 11 7 19 18 13 14 16 20 17 1 6
4 3 13 15 7 20 6 2 12 19 11 16 14 17 5 9 1 10 18 8
6 3 15 10 8 9 2 7 12 14 19 13 1 17 11 4 20 16 5 18
7 2 14 10 5 11 9 20 13 12 17 18 4 15 1 3 19 16 8 6
3 18 15 16 8 19 11 1 7 6 20 14 5 17 9 4 13 10 2 12
2 9 7 4 17 10 19 3 15 1 13 16 14 12 5 6 20 8 11 18
17 5 12 10 15 8 13 9 4 20 11 2 18 19 14 7 16 3 6 1
6 12 5 3 4 8 20 2 14 17 11 16 7 9 18 1 10 19 13 15
8 1 2 19 20 12 3 6 4 17 13 7 10 11 14 9 18 5 15 16
3 9 8 6 12 10 14 4 1 2 13 15 18 11 19 7 5 20 17 16
8 9 5 18 19 15 12 13 11 16 2 10 20 1 7 14 17 3 4 6
8 12 15 19 20 4 6 18 9 11 13 2 3 17 5 10 16 1 7 14
11 19 9 13 10 6 18 12 7 17 5 14 20 8 4 15 3 16 1 2
10 8 4 18 13 5 12 14 16 15 9 20 19 6 17 3 2 1 7 11
10 8 7 13 11 2 18 6 20 15 16 5 1 3 14 9 17 19 12 4
8 5 20 12 17 6 3 1 2 4 11 15 10 9 16 18 13 14 19 7
17 9 1 2 7 19 15 12 10 13 6 14 11 5 16 8 18 4 20 3
9 14 8 10 16 17 15 5 7 20 19 11 18 13 3 1 2 12 6 4
4 7 10 12 3 14 18 2 17 20 5 1 9 6 13 8 16 19 15 11
12 15 10 13 4 18 7 2 16 5 20 1 9 14 11 17 6 8 3 19
3 18 13 14 11 15 2 7 6 9 5 1 16 17 10 20 19 12 8 4
5 17 18 8 20 2 13 10 14 3 1 12 11 9 16 19 4 7 6 15
19 12 3 11 4 16 14 20 13 7 9 6 5 18 10 15 2 1 8 17
10 8 4 11 20 2 1 3 17 16 12 18 7 9 14 19 15 5 6 13
16 20 18 3 10 14 9 2 8 1 15 13 4 6 7 5 11 12 17 19
9 3 5 7 6 11 18 10 14 1 13 8 16 15 20 4 2 19 12 17
9 16 4 20 13 17 12 5 10 1 8 11 14 19 3 7 18 2 15 6
15 8 2 9 14 11 6 7 18 16 17 10 1 4 3 12 5 19 20 13
3 10 12 19 2 13 18 15 8 14 11 1 16 7 9 17 5 6 20 4
16 8 13 18 17 9 5 10 6 11 20 3 19 14 4 1 7 12 15 2
5 6 14 20 4 10 17 7 16 18 8 11 15 9 3 12 19 2 1 13
8 10 19 12 15 13 17 14 3 5 2 20 18 6 1 11 7 4 9 16
13 5 7 14 4 17 15 10 18 3 20 9 19 12 8 6 1 11 2 16
13 16 6 20 9 8 3 11 19 15 2 7 5 12 18 1 17 10 14 4
2 11 10 5 17 3 7 9 20 15 8 14 6 16 1 12 4 18 19 13
8 9 4 15 2 18 13 5 6 12 3 7 14 11 1 17 10 20 19 16
5 17 15 1 12 19 6 10 2 8 16 9 7 18 4 14 11 20 3 13
3 8 1 9 16 15 10 13 19 7 6 14 20 5 2 4 18 11 12 17
9 13 3 17 20 5 11 12 14 2 4 19 15 1 7 6 10 8 16 18
3 6 13 8 10 12 7 18 20 11 1 5 14 16 4 17 2 15 19 9
13 20 12 5 18 10 19 6 2 9 11 15 1 17 14 8 16 3 7 4
1 8 16 5 7 17 20 4 9 11 14 19 3 10 15 6 13 18 12 2
11 7 9 8 2 18 1 15 10 4 12 5 13 3 20 19 6 14 17 16
