40 20
3 13 23 40 9 30 6 27 29 10 15 8 36 17 32 34 33 20 35 21 25 4 14 38 11 28 22 5 7 37 39 31 19 18 2 1 16 26 24 12
19 31 33 17 29 24 14 8 26 10 36 25 6 30 18 37 11 20 35 21 1 40 23 13 27 15 32 2 39 9 7 5 28 16 4 12 22 3 38 34
19 22 34 3 33 8 37 28 21 26 14 2 31 17 16 24 29 4 30 36 20 38 11 13 39 12 6 35 23 40 1 7 10 9 15 27 32 25 18 5
7 8 33 15 31 20 18 21 28 13 4 32 17 5 22 16 38 27 3 37 34 9 26 39 1 10 36 29 19 14 40 6 23 12 30 2 35 25 11 24
11 6 9 21 28 18 19 14 17 40 5 15 30 10 24 31 1 33 8 22 29 26 38 7 4 23 34 2 13 32 3 16 12 25 39 35 27 37 36 20
5 28 30 14 2 15 27 33 20 25 10 7 18 3 26 36 38 4 24 11 6 32 8 35 22 23 9 37 17 1 12 34 29 21 16 19 39 40 31 13
8 24 23 19 9 6 25 26 33 5 21 12 16 38 3 35 39 20 32 30 40 27 7 28 1 18 31 15 36 37 10 13 14 4 22 34 29 17 11 2
26 8 27 25 4 22 37 5 2 12 13 9 14 17 10 6 20 19 34 36 24 29 18 23 38 32 16 31 28 21 3 33 39 11 40 30 1 7 15 35
14 12 6 13 15 40 8 29 31 19 9 21 20 26 39 33 24 38 22 27 1 2 30 16 18 5 17 25 28 32 23 34 37 3 11 36 7 35 10 4
28 19 21 37 9 32 5 13 36 10 33 31 38 17 35 34 1 29 27 4 6 24 3 18 15 12 2 8 20 23 26 7 11 40 16 30 14 39 25 22
5 36 25 11 9 8 26 12 6 34 18 19 20 17 2 38 3 24 16 35 10 7 39 23 37 15 31 21 27 13 28 4 14 40 30 32 29 22 1 33
13 37 17 7 35 3 38 27 15 19 10 31 1 29 32 30 20 26 39 22 21 12 5 6 25 34 33 36 4 24 23 18 16 9 14 8 11 40 2 28
17 36 18 11 3 2 31 12 1 29 21 10 28 34 38 25 14 37 15 6 8 30 33 4 22 16 27 32 20 5 13 9 7 19 35 40 24 23 39 26
26 32 6 13 15 3 22 24 7 10 17 19 14 16 21 33 25 29 31 28 2 36 34 8 27 37 35 11 40 38 12 30 20 1 18 23 9 5 39 4
16 3 37 24 19 32 25 33 31 9 30 15 34 21 36 5 23 18 27 26 11 8 35 10 13 6 38 20 14 2 28 4 1 29 7 39 12 17 22 40
15 18 4 23 7 31 16 14 24 22 29 17 30 11 5 2 27 13 3 40 25 8 19 1 36 38 33 26 35 6 20 37 12 39 28 9 34 32 21 10
20 24 29 9 7 6 15 1 31 19 21 14 28 3 32 17 34 2 18 38 23 27 39 16 12 36 33 5 13 40 4 10 25 30 22 35 11 26 8 37
5 21 20 6 9 3 34 10 33 27 15 8 35 13 12 23 28 16 7 1 38 26 40 11 31 29 18 24 32 4 37 30 22 19 2 36 25 17 14 39
9 5 33 28 37 20 23 11 12 17 38 36 32 26 34 13 40 10 39 35 24 4 6 25 14 21 31 8 22 1 19 7 15 3 2 30 16 18 27 29
37 5 15 35 23 4 14 9 22 6 32 28 39 21 10 30 8 11 40 33 25 16 19 18 17 31 27 1 24 3 13 12 34 29 20 2 38 7 26 36
