40 40
31 33 37 36 35 23 18 1 39 10 11 16 25 21 5 40 15 12 22 26 8 24 9 7 20 34 2 27 28 13 4 32 38 6 19 3 30 14 17 29
10 6 22 33 19 18 3 29 37 32 12 11 28 21 26 34 20 15 17 7 27 16 9 5 1 8 40 36 2 24 14 35 31 25 30 13 39 38 4 23
27 14 13 5 15 12 33 18 17 21 39 22 32 35 9 1 8 4 19 6 11 3 7 25 30 37 24 29 16 26 34 36 40 38 31 2 23 20 28 10
30 19 8 7 9 5 17 32 22 38 14 36 13 28 16 24 40 31 1 34 21 2 37 33 6 11 3 35 20 27 10 29 39 15 26 25 18 23 12 4
7 18 15 14 28 9 10 34 24 35 40 5 1 23 26 39 22 19 16 21 33 4 27 36 8 32 38 2 25 11 20 37 6 13 12 30 17 29 3 31
4 3 6 21 28 39 12 35 30 25 36 15 26 18 23 5 40 17 19 13 24 8 27 14 16 10 31 37 1 11 33 22 38 34 32 20 7 2 9 29
12 8 22 19 36 3 18 21 2 17 37 34 27 15 23 6 32 11 20 35 14 13 24 39 40 28 16 33 10 7 4 9 25 38 31 26 29 5 30 1
14 37 30 27 35 12 16 10 22 19 38 6 18 8 4 31 33 21 11 7 13 15 36 26 25 9 5 17 29 3 28 20 34 32 39 40 1 23 24 2
9 27 5 37 1 23 2 7 39 22 34 4 6 21 38 14 20 16 25 19 29 26 17 28 15 11 10 24 13 40 32 18 35 3 36 12 33 31 8 30
34 4 12 27 6 33 16 1 30 13 36 11 31 15 28 7 2 19 8 39 18 29 22 5 38 32 26 10 40 24 3 9 14 20 23 37 21 35 17 25
38 35 20 18 28 36 26 33 37 14 13 17 15 40 24 29 12 7 21 23 4 30 27 25 2 6 22 5 39 31 1 16 34 10 19 8 32 11 3 9
39 7 6 14 12 16 23 9 22 4 40 10 27 15 38 3 28 34 11 18 1 24 32 35 31 13 21 19 37 2 5 26 30 29 20 17 8 33 25 36
24 16 9 39 6 37 8 5 13 11 28 27 18 31 20 12 33 34 35 21 32 25 4 38 26 3 29 40 30 7 1 2 15 10 22 14 19 36 23 17
15 20 13 9 22 8 26 19 3 5 30 17 24 36 2 29 10 27 12 1 39 31 25 40 23 16 18 33 37 7 21 14 32 35 34 11 28 4 38 6
39 25 32 19 22 33 35 13 8 38 24 27 17 3 20 5 1 37 4 23 11 6 2 34 36 12 28 9 30 10 7 15 16 26 14 29 40 31 18 21
31 6 29 16 4 37 10 9 17 19 5 21 35 23 36 7 15 25 30 40 22 34 27 20 12 3 1 14 8 38 18 39 24 28 26 13 32 11 2 33
27 14 37 6 26 15 34 10 23 39 30 16 19 17 24 20 32 18 4 31 7 33 3 2 29 1 8 21 13 5 28 12 25 38 11 36 9 40 22 35
30 32 28 7 5 12 3 13 38 34 20 6 4 22 10 24 25 36 27 23 14 19 17 2 39 16 1 26 40 8 21 37 35 33 11 31 9 29 15 18
3 9 25 8 15 40 13 21 28 16 19 1 14 34 30 17 12 6 32 27 22 36 11 31 24 35 39 23 7 10 38 20 37 33 2 26 29 4 18 5
35 38 7 22 11 23 9 31 32 18 20 1 26 40 8 27 10 24 25 12 30 37 16 6 28 29 15 21 14 36 34 17 13 19 4 39 33 3 2 5
1 24 27 4 37 31 9 38 6 7 28 30 18 14 33 15 17 20 3 34 21 19 8 11 16 22 39 40 26 12 36 32 29 5 2 10 35 25 23 13
5 8 33 24 27 7 12 1 10 4 17 31 20 23 38 34 26 15 9 18 32 36 19 22 11 29 21 30 3 25 6 14 39 37 28 16 2 40 13 35
15 39 11 19 16 24 20 38 1 29 3 7 21 2 8 31 36 33 32 12 18 35 27 26 14 9 17 25 30 10 28 13 37 5 6 23 4 34 40 22
35 14 27 18 15 24 28 3 17 12 22 2 36 20 6 29 9 8 26 37 7 33 5 34 25 1 10 30 39 31 21 38 4 19 13 11 40 32 23 16
34 11 20 1 4 13 39 24 40 27 15 22 28 29 21 10 36 6 32 5 37 23 9 2 18 8 3 17 31 38 30 19 26 12 25 7 14 33 16 35
1 5 23 39 22 28 35 38 9 30 37 7 24 27 15 16 10 11 31 6 12 26 20 3 8 14 34 36 40 17 33 32 13 2 21 19 25 29 4 18
8 15 32 3 24 11 23 12 38 16 2 29 22 31 17 33 7 28 9 18 20 39 37 35 5 10 34 40 6 14 36 21 27 19 26 25 1 13 4 30
2 6 10 24 39 9 1 16 14 20 23 8 15 22 19 4 21 27 13 26 32 3 7 25 36 35 37 18 34 29 28 30 40 5 12 33 31 17 11 38
27 10 2 6 14 18 35 16 33 5 28 11 8 13 30 25 29 1 38 37 9 15 32 19 17 3 39 24 22 31 36 12 7 20 4 34 26 21 23 40
26 25 17 9 13 8 20 29 37 40 2 34 1 39 7 28 31 24 32 5 10 33 30 16 36 27 22 6 11 14 19 21 35 18 15 38 23 12 4 3
32 9 30 35 13 18 22 19 34 33 26 27 39 15 31 7 12 4 28 8 16 10 17 38 25 3 6 11 21 37 14 1 40 20 2 5 23 24 36 29
33 3 31 21 8 6 2 13 7 9 5 24 28 18 10 26 32 30 34 11 16 20 38 19 17 12 15 1 40 25 35 29 36 22 39 23 37 4 27 14
19 16 12 25 11 18 30 20 24 27 39 1 2 8 9 26 31 29 4 5 37 34 10 36 32 15 7 13 40 35 22 28 23 6 21 3 17 14 33 38
20 22 11 13 19 34 18 6 1 21 27 12 2 25 36 35 7 24 31 8 26 30 3 32 17 38 10 15 5 28 16 29 23 14 33 37 39 40 4 9
17 39 15 29 11 7 22 27 6 16 26 14 25 21 10 18 36 34 31 5 28 33 30 1 40 37 32 8 38 12 2 9 35 23 19 20 3 24 4 13
14 26 9 10 18 7 25 12 1 4 3 19 37 8 39 35 20 34 40 21 27 2 29 6 30 23 24 22 32 5 28 36 13 15 33 38 31 16 11 17
38 27 24 16 11 9 2 36 31 29 13 34 39 19 5 15 14 6 23 10 8 25 28 20 21 30 32 40 26 33 12 35 22 1 3 37 17 18 7 4
4 20 5 2 11 21 18 40 26 32 22 8 15 16 10 1 36 13 35 28 39 30 33 19 38 29 3 14 37 34 12 25 6 17 23 7 27 9 24 31
31 9 2 40 12 33 24 1 34 29 18 13 16 20 17 15 35 28 7 10 25 36 19 26 27 32 14 6 3 22 5 4 8 38 21 11 39 30 23 37
34 24 11 5 36 12 10 17 18 26 19 27 40 39 23 21 30 13 20 35 16 31 25 29 37 3 9 22 8 2 6 28 32 14 15 1 7 4 38 33
