40 57
4 28 3 19 9 20 32 31 13 27 17 22 40 11 2 39 23 36 12 8 14 5 33 29 26 30 6 37 15 35 24 7 18 34 10 1 38 16 21 25
22 2 37 40 30 4 38 10 8 11 25 14 18 9 15 23 35 24 20 26 32 3 33 29 13 27 34 19 21 31 12 16 6 36 7 1 17 39 28 5
12 10 18 13 3 8 2 9 16 27 22 6 39 1 26 31 28 33 7 30 23 37 25 35 34 17 11 20 24 21 32 15 5 29 4 14 36 40 38 19
19 32 3 9 34 16 10 35 17 27 37 25 39 31 6 29 28 38 5 33 12 13 21 11 26 1 2 22 23 30 7 24 18 20 36 14 40 8 4 15
19 35 7 13 24 15 23 18 34 2 5 28 29 6 8 25 37 14 1 31 40 11 20 9 26 3 17 10 32 21 30 16 38 39 22 36 4 27 12 33
31 16 6 40 19 7 20 38 32 1 37 28 27 23 5 26 13 25 35 36 4 29 34 15 14 30 2 8 3 10 33 17 22 39 18 24 11 9 21 12
17 30 7 38 15 14 29 40 27 12 26 22 28 1 23 4 8 16 6 37 5 3 9 33 13 32 36 31 21 35 2 11 34 18 24 10 39 25 19 20
37 5 28 34 8 22 4 2 27 20 40 9 26 25 15 29 14 10 23 36 18 38 30 31 32 3 6 1 12 33 11 39 7 24 16 35 17 19 21 13
16 28 21 30 17 15 37 20 11 14 34 3 38 1 27 26 12 13 33 24 6 8 32 18 31 22 40 9 35 39 19 23 7 5 25 10 36 29 4 2
40 11 6 3 18 5 22 29 19 21 20 37 4 16 14 30 25 26 2 17 27 33 8 10 7 1 28 35 9 34 39 15 32 24 12 31 36 13 38 23
13 39 11 24 19 20 22 4 29 33 21 17 12 30 35 38 23 34 15 14 27 28 16 3 37 5 32 25 1 6 9 8 7 36 2 18 31 10 40 26
36 17 6 14 10 18 34 38 23 16 31 21 40 12 28 4 29 5 33 24 7 1 26 25 27 35 9 22 39 15 11 2 3 30 32 20 37 19 13 8
18 2 40 14 13 5 25 19 21 3 16 31 27 32 12 35 6 7 10 34 37 29 28 9 8 15 30 36 23 4 22 11 38 33 26 24 20 17 39 1
6 12 37 28 24 33 18 31 26 16 17 29 5 22 4 2 27 38 8 3 23 34 25 15 13 14 10 20 11 32 7 40 21 19 35 1 36 39 30 9
22 36 6 11 2 10 7 15 5 28 20 39 37 12 23 24 31 9 3 13 25 26 30 38 33 1 17 21 8 4 27 14 18 29 32 19 16 35 40 34
14 24 40 19 5 31 27 32 18 20 10 22 9 21 4 39 37 26 33 12 25 34 16 30 6 2 8 38 29 23 3 15 13 36 35 1 17 7 28 11
20 23 28 9 5 8 19 32 4 10 14 2 12 21 6 36 25 13 29 15 38 34 26 24 37 3 16 11 33 18 17 30 27 31 22 39 40 7 1 35
20 2 18 36 27 21 8 23 10 13 28 30 16 19 11 37 1 26 33 3 35 38 15 9 32 14 24 22 31 17 25 39 29 6 40 4 12 7 34 5
7 11 14 23 38 9 20 10 36 15 24 12 17 3 5 32 6 33 35 2 34 22 1 8 39 30 13 29 27 28 37 26 18 25 4 40 31 19 16 21
9 13 14 15 16 39 26 17 28 10 8 4 11 7 27 21 20 30 3 6 2 23 25 19 37 40 22 34 35 31 36 33 29 12 5 24 38 32 18 1
7 28 34 8 40 2 14 15 4 1 5 16 35 21 25 36 33 3 9 22 20 38 23 18 27 17 29 37 10 31 26 39 13 24 30 19 32 11 6 12
3 31 8 17 4 12 23 24 29 35 20 15 11 34 13 7 18 26 6 21 25 39 19 27 32 30 28 10 16 38 1 2 36 37 40 14 22 33 5 9
17 10 16 9 3 25 24 29 32 12 15 13 22 23 33 19 1 18 30 5 27 26 21 34 37 14 28 20 39 31 35 36 8 40 11 2 4 38 7 6
5 30 22 23 8 12 32 35 13 19 2 25 4 21 15 29 28 1 20 37 36 33 6 14 26 11 17 31 10 27 24 34 7 16 39 3 38 40 9 18
36 29 15 31 4 7 26 18 25 17 32 6 12 28 5 39 16 27 11 40 34 2 38 13 37 8 33 22 10 1 3 9 21 14 19 23 20 30 35 24
3 40 10 35 33 11 2 26 27 13 18 9 23 37 16 1 30 29 4 28 22 24 19 7 32 14 5 21 34 39 25 38 20 17 6 31 36 8 12 15
40 31 26 28 23 9 5 17 11 38 18 12 16 8 4 22 39 2 20 1 3 30 34 14 13 33 29 27 25 37 35 36 6 7 10 24 15 32 21 19
3 30 27 6 21 12 29 13 26 17 35 1 18 22 33 7 5 34 9 11 19 15 40 4 14 10 8 25 31 2 37 16 32 36 28 20 24 23 39 38
28 24 33 13 3 29 17 7 37 14 36 38 32 20 35 2 12 4 34 1 25 26 16 15 40 8 39 31 10 6 11 5 9 21 19 23 27 18 22 30
34 18 11 13 14 24 36 30 17 33 19 12 3 32 23 8 25 38 22 1 15 7 37 4 5 39 27 6 35 10 9 2 26 31 29 20 40 21 28 16
4 20 3 1 17 22 8 37 14 30 7 21 15 29 27 10 18 34 31 11 28 23 6 33 35 26 19 25 12 36 32 39 16 38 2 40 13 5 24 9
4 1 22 9 12 25 11 13 24 2 27 36 37 15 26 17 20 10 38 16 5 39 31 28 33 34 7 29 18 40 8 6 14 21 30 3 23 32 19 35
27 18 34 1 12 39 21 35 20 24 7 19 13 36 38 3 30 26 2 40 33 32 9 15 29 11 31 37 4 5 8 23 14 17 16 6 28 25 22 10
23 27 8 22 16 19 5 13 34 10 17 4 40 29 21 7 30 38 14 6 33 39 12 31 2 26 18 35 11 24 32 28 3 36 9 25 20 37 1 15
4 18 1 40 11 24 10 28 23 33 14 34 17 31 22 15 27 20 21 26 2 12 5 16 32 13 29 9 19 3 37 36 8 35 25 7 38 39 30 6
24 20 15 13 1 37 30 38 4 31 27 17 19 36 26 8 16 11 35 6 7 12 39 25 10 28 23 33 9 22 5 18 2 34 29 3 14 32 40 21
27 4 12 7 26 14 15 16 9 24 34 21 20 39 22 6 10 11 8 30 17 28 3 5 23 29 36 18 1 32 19 25 40 38 13 35 37 2 33 31
35 12 6 18 32 15 11 17 33 21 14 20 36 34 7 24 3 19 27 30 39 31 10 29 16 8 40 26 4 37 28 22 23 5 25 1 2 9 13 38
2 24 27 37 3 36 1 23 22 40 12 33 25 5 18 17 21 29 26 6 39 10 28 35 14 9 32 16 31 34 11 38 19 15 4 30 13 8 7 20
6 11 2 36 3 13 16 26 28 30 40 21 17 10 23 5 15 14 20 31 38 8 7 24 27 4 32 12 35 19 1 34 9 39 33 37 29 25 22 18
22 7 2 10 18 33 4 28 26 37 12 17 15 16 11 5 21 34 9 25 40 36 6 31 14 27 32 8 3 23 30 13 29 1 19 39 35 38 24 20
20 32 37 16 2 36 13 33 30 21 23 34 11 18 27 26 39 15 25 31 1 29 14 19 6 35 24 8 5 10 22 28 17 4 38 40 12 7 9 3
11 17 25 8 2 4 5 6 37 12 24 39 32 38 31 23 34 35 1 10 15 30 28 27 26 36 29 18 21 33 19 22 20 9 13 40 7 14 3 16
16 40 8 9 22 30 18 7 1 27 14 13 38 10 28 19 21 32 39 17 25 33 36 26 24 6 20 37 5 31 4 34 11 2 15 12 29 23 3 35
35 17 16 30 21 6 38 31 3 18 2 9 26 27 15 8 11 10 1 23 7 4 24 32 40 39 13 37 33 22 36 34 14 25 12 19 5 28 29 20
25 6 19 21 1 12 35 22 2 29 14 15 31 7 5 24 38 37 18 36 20 27 26 17 8 40 30 9 3 11 34 13 32 4 23 39 28 10 33 16
6 1 7 27 36 15 20 5 12 34 24 14 30 11 17 23 32 13 9 8 18 31 28 22 26 33 40 35 2 10 16 29 4 3 19 25 39 37 38 21
35 22 4 29 16 7 13 34 23 26 30 32 33 18 17 38 20 40 6 9 39 1 19 36 28 11 3 5 12 21 31 2 14 37 10 27 8 24 15 25
16 25 33 35 8 30 14 18 1 34 24 7 39 12 11 10 20 17 4 3 31 27 37 38 2 32 9 19 22 6 5 28 13 40 23 15 21 36 26 29
30 3 12 31 18 4 16 33 36 37 34 9 23 13 32 26 38 27 14 40 7 20 19 10 25 1 11 8 35 39 22 2 24 17 6 28 5 15 21 29
5 3 13 19 7 17 18 10 35 24 36 15 1 40 32 20 28 6 39 22 26 23 25 21 29 38 11 2 31 12 14 37 30 16 34 8 27 4 9 33
5 8 11 16 24 2 25 6 28 20 32 40 31 39 3 33 26 19 38 17 12 29 27 13 37 7 14 22 36 34 9 23 4 18 35 10 1 21 30 15
16 12 24 14 37 25 13 4 21 36 35 22 1 26 10 20 5 7 18 27 3 6 38 34 17 30 15 9 2 28 40 23 32 19 29 8 39 11 33 31
37 26 9 33 5 14 39 36 1 23 4 16 24 13 35 20 8 32 27 28 30 10 11 17 40 22 12 19 29 34 2 31 7 3 18 38 21 15 25 6
36 14 17 21 2 11 20 12 4 15 7 22 10 3 27 40 28 6 16 8 26 19 39 31 38 30 32 23 1 18 33 9 35 29 34 25 5 24 13 37
31 20 34 18 22 23 10 15 37 6 35 26 12 30 40 24 7 27 17 14 25 2 28 5 9 29 13 1 33 3 32 8 39 21 36 19 38 11 4 16
23 36 4 35 34 24 17 11 5 20 31 30 8 12 16 15 6 14 28 10 3 25 33 27 19 29 38 2 40 13 32 7 22 21 9 1 26 37 18 39
