40 100
36 37 31 10 29 8 40 27 11 25 2 12 17 22 26 23 39 6 7 20 28 32 21 14 30 34 35 18 5 38 15 3 19 1 16 4 24 9 13 33
25 39 1 29 22 32 20 12 19 34 26 6 17 35 21 9 15 8 28 23 33 11 5 14 27 18 16 37 30 3 10 31 40 4 36 2 7 24 13 38
38 7 15 28 23 32 17 10 6 13 27 35 37 21 16 14 8 5 20 26 22 36 33 11 9 31 3 29 40 12 1 24 2 25 39 4 19 18 34 30
12 15 25 14 16 1 2 33 32 35 11 20 36 38 27 39 5 8 10 6 28 29 18 40 19 37 13 3 7 31 21 4 34 23 26 9 30 22 24 17
35 24 19 5 33 17 1 39 32 12 27 34 25 16 40 11 4 7 20 22 26 14 31 2 3 15 36 8 10 30 21 38 13 18 37 28 9 23 6 29
24 39 27 29 17 21 31 5 12 33 40 13 3 32 22 8 20 10 25 18 19 34 9 28 11 1 4 15 16 38 6 30 35 23 26 36 7 37 2 14
33 12 9 14 26 5 37 3 28 31 20 8 36 17 6 4 16 13 38 24 23 29 10 39 27 25 32 2 11 15 7 30 22 35 1 40 19 21 34 18
24 7 8 36 23 16 38 6 15 18 20 33 1 19 32 37 28 27 17 22 34 26 39 12 30 31 21 10 14 40 4 11 29 35 3 2 13 5 9 25
28 21 25 1 30 12 17 39 37 35 29 19 15 24 6 26 10 40 16 27 4 22 8 5 11 14 23 18 31 2 9 13 20 36 3 32 38 7 34 33
18 8 15 12 40 17 26 22 36 1 3 28 14 7 11 19 33 4 10 25 30 32 9 16 27 37 35 2 38 29 34 20 6 39 23 5 24 13 21 31
8 19 13 23 4 14 36 17 28 31 37 25 35 26 11 40 22 30 39 1 24 21 33 38 3 29 12 10 5 32 20 34 27 6 2 16 18 15 9 7
19 18 36 21 5 10 24 12 13 23 40 39 26 1 33 34 7 32 35 14 16 6 29 17 11 8 30 25 2 3 37 20 31 15 28 38 4 9 27 22
30 13 2 6 21 18 31 16 25 24 26 39 32 7 28 37 22 20 40 35 1 5 3 4 34 38 29 11 10 9 33 36 15 27 12 19 14 23 17 8
23 3 20 22 11 6 1 31 25 19 33 16 30 29 38 18 14 39 36 35 24 8 32 27 2 15 9 7 26 4 17 10 5 37 28 21 34 40 13 12
28 26 7 37 35 23 25 18 29 13 2 24 21 16 6 1 3 10 5 33 20 32 9 31 30 38 8 4 27 12 11 22 39 14 40 36 17 19 34 15
4 10 2 34 26 3 9 32 38 29 27 35 22 28 15 17 33 23 8 36 12 40 31 24 30 37 21 16 19 39 14 7 1 6 25 20 13 5 11 18
3 36 7 27 26 2 13 14 34 37 4 32 16 21 5 22 10 24 20 9 33 18 17 29 28 38 31 30 15 39 19 12 1 8 40 6 25 35 23 11
7 32 20 26 37 21 17 1 22 28 24 38 18 34 23 3 29 8 33 40 36 2 12 5 30 14 9 35 4 27 31 15 11 25 39 13 6 16 19 10
13 4 26 7 25 20 16 12 14 24 1 3 8 39 37 35 18 5 32 38 6 28 40 2 31 17 27 15 23 22 11 34 10 30 21 29 9 33 36 19
24 1 9 20 2 14 31 23 13 29 8 19 10 21 16 3 35 38 26 7 11 5 39 12 6 28 34 37 17 4 33 30 27 40 32 22 18 15 25 36
26 1 12 11 16 17 18 19 21 25 28 14 9 23 33 34 32 31 20 7 24 30 5 35 40 38 37 6 2 27 8 29 10 15 36 13 4 39 3 22
29 14 11 5 33 6 35 26 27 25 32 30 12 17 2 36 40 22 31 20 34 7 4 37 18 16 10 28 9 8 19 15 39 13 3 21 24 38 1 23
1 24 26 39 11 3 16 21 10 14 34 2 22 36 9 35 13 5 32 18 27 17 19 15 30 38 4 33 29 28 31 37 8 23 6 25 40 12 20 7
29 26 17 40 27 38 16 34 33 35 39 19 11 30 28 37 15 20 13 24 5 10 3 6 31 2 25 36 9 1 4 21 14 32 12 18 8 7 23 22
6 24 11 14 5 23 2 8 20 21 40 16 19 28 34 36 22 17 31 4 35 9 25 15 13 30 12 1 33 38 3 29 10 32 27 37 39 7 18 26
19 22 39 26 1 20 23 18 33 34 15 8 17 4 10 28 21 14 7 29 24 6 16 38 11 5 32 36 9 37 25 30 12 2 31 13 3 27 35 40
21 24 39 23 15 14 26 9 1 30 10 5 38 7 20 29 28 16 37 32 8 34 3 35 13 36 6 19 4 18 31 25 11 33 27 2 22 12 17 40
37 13 6 20 25 11 18 2 31 28 32 8 7 29 16 10 9 22 30 3 5 21 15 24 26 33 12 38 19 34 4 27 36 23 35 17 14 40 1 39
23 4 20 24 14 39 27 32 12 10 16 15 29 21 22 9 37 1 18 35 6 17 26 40 30 36 2 13 3 33 31 19 5 28 38 25 7 11 34 8
12 26 14 15 40 29 4 23 16 22 34 25 6 2 37 5 24 13 20 31 7 8 9 39 30 17 32 1 38 27 33 35 21 3 18 19 11 36 28 10
32 29 40 37 31 12 26 8 11 13 38 4 15 18 16 14 10 21 6 36 33 5 2 9 1 25 39 27 34 3 35 7 23 28 22 17 19 20 24 30
40 37 3 7 12 32 21 10 14 22 26 5 9 16 34 8 18 23 2 4 13 30 20 28 33 31 11 19 35 25 15 36 6 39 38 24 1 17 29 27
24 13 11 38 6 28 12 33 25 19 7 5 30 36 1 18 32 10 35 14 37 31 4 20 8 16 29 15 27 26 9 34 23 3 39 17 2 40 21 22
19 21 32 26 38 13 8 37 28 23 22 16 3 10 14 20 15 24 31 4 1 36 33 34 11 29 40 25 35 5 30 18 7 27 17 9 39 2 6 12
21 18 16 27 35 15 14 31 2 30 1 12 24 4 33 9 28 13 25 26 19 37 20 8 29 22 10 6 38 23 32 34 36 39 3 17 40 5 11 7
3 33 27 20 29 21 35 15 32 24 23 26 22 30 19 1 4 40 12 38 2 7 9 25 6 34 16 11 36 31 18 28 10 37 8 13 14 39 17 5
37 6 4 2 24 27 21 19 14 39 15 8 40 32 22 10 9 3 30 13 26 36 35 7 31 33 34 20 38 5 11 1 28 29 25 17 12 16 23 18
20 1 13 23 19 34 9 40 28 14 6 15 33 22 12 3 7 36 26 11 30 25 35 10 17 5 2 8 31 18 24 32 29 39 38 16 4 37 27 21
15 21 40 5 35 22 30 10 3 28 23 13 2 16 9 36 33 24 32 27 12 6 39 8 14 4 26 29 17 18 38 1 19 20 7 34 11 25 31 37
20 33 39 11 31 14 5 28 25 32 8 13 22 9 36 3 16 10 29 2 1 6 38 21 7 34 24 17 26 4 40 30 18 12 35 19 23 27 37 15
30 16 28 18 31 9 24 7 17 23 1 22 4 8 38 27 12 21 32 2 3 36 6 35 39 40 29 33 26 15 14 13 34 19 37 20 11 5 25 10
9 38 34 5 13 24 10 21 40 11 18 7 17 26 6 33 31 20 29 35 8 23 12 36 4 22 14 25 28 1 39 2 32 37 27 30 15 19 3 16
12 17 8 31 27 22 11 32 39 37 26 38 13 24 33 18 10 30 3 36 6 35 29 40 4 1 16 19 2 23 25 34 9 7 14 20 28 21 15 5
13 20 18 24 11 5 33 9 2 1 31 39 23 36 28 26 14 35 29 22 30 6 40 15 17 38 3 27 4 16 25 12 34 19 32 37 7 10 8 21
25 16 24 27 11 33 7 17 13 26 3 2 12 15 10 29 22 30 18 4 5 21 14 35 20 37 28 32 40 9 38 34 23 36 8 19 6 39 31 1
8 12 28 31 15 30 25 23 2 9 14 32 1 7 18 19 39 27 11 36 6 13 24 35 22 21 3 4 29 34 10 40 17 5 16 33 20 26 38 37
38 31 36 13 18 17 3 11 24 30 39 6 34 8 26 16 33 1 27 37 22 25 5 23 7 10 12 2 35 28 21 14 4 40 19 20 9 32 15 29
19 21 5 39 2 11 35 40 18 34 9 28 17 24 15 8 14 25 1 33 31 37 23 29 36 12 16 27 20 26 3 7 22 6 4 38 30 10 13 32
5 22 37 16 12 7 13 20 3 30 33 35 24 15 2 26 25 38 8 17 11 10 23 36 1 34 6 27 21 39 40 28 9 18 29 19 31 32 14 4
18 24 10 13 21 28 14 4 30 27 22 19 23 11 34 33 8 12 35 40 17 6 5 9 15 37 39 20 16 31 7 38 2 36 1 29 32 26 25 3
14 7 2 4 16 18 10 28 25 39 5 36 32 22 37 12 17 27 19 33 8 34 3 20 29 40 24 30 35 15 26 1 31 11 9 13 6 21 38 23
39 9 13 12 7 34 23 40 25 18 5 11 8 3 15 31 36 16 30 20 19 37 4 26 27 2 21 35 17 10 38 29 33 22 14 32 24 1 28 6
22 26 21 16 20 17 15 11 10 36 35 30 6 19 12 2 23 4 9 24 39 1 38 7 40 5 8 18 34 13 3 25 33 37 32 31 29 14 27 28
3 35 33 9 13 34 20 14 22 24 17 19 27 15 2 21 37 26 4 1 11 39 32 31 18 16 36 38 8 30 23 40 28 12 10 7 29 25 5 6
37 13 1 5 10 34 38 29 24 7 18 17 15 16 20 3 33 9 35 36 32 19 39 27 30 11 23 12 26 4 40 14 6 31 25 28 2 22 8 21
6 30 2 24 28 3 27 11 17 22 20 29 18 26 9 34 21 32 10 16 7 8 38 35 14 31 39 33 5 37 15 1 40 12 19 23 36 25 4 13
8 13 19 26 9 39 6 18 16 33 3 25 22 27 21 17 36 30 15 31 20 29 32 5 28 10 2 24 34 40 12 11 1 38 35 37 14 23 7 4
25 36 19 33 28 2 14 30 32 40 1 29 24 4 39 6 3 18 8 17 5 13 9 15 34 21 11 26 20 22 27 7 16 37 12 10 38 35 23 31
16 19 33 12 5 9 28 34 21 1 3 38 31 37 36 22 40 32 14 13 10 29 11 24 2 26 35 6 39 25 15 8 30 27 18 7 4 17 20 23
21 1 17 16 12 24 10 8 23 14 35 2 31 11 28 36 18 22 26 6 13 29 15 39 25 27 9 34 38 40 7 19 3 30 33 5 4 32 20 37
31 35 40 16 11 3 15 23 20 18 29 28 34 37 36 8 12 14 27 2 4 10 17 32 9 1 33 39 24 21 19 13 6 22 26 5 38 7 30 25
40 21 20 38 2 27 23 15 4 39 37 8 6 12 3 9 17 34 10 5 7 13 25 33 31 29 28 14 26 19 30 35 24 36 16 1 22 11 32 18
34 15 6 30 28 20 31 26 1 17 14 4 40 19 33 2 38 25 35 16 37 7 32 11 9 36 21 23 24 27 18 10 22 8 39 3 12 13 29 5
12 14 32 34 37 27 11 8 16 17 21 26 9 24 20 33 18 29 4 28 13 22 31 15 39 35 6 25 5 1 3 7 38 23 30 36 10 40 19 2
13 15 23 2 29 21 1 34 3 33 24 7 14 19 17 31 22 37 12 26 27 6 9 36 39 11 25 35 16 32 5 4 28 30 8 20 10 38 40 18
38 31 39 3 9 34 2 22 19 26 40 7 17 15 21 5 28 30 14 11 10 27 37 33 8 13 29 23 16 6 25 12 35 24 36 20 32 4 1 18
22 2 16 37 15 40 25 33 28 13 32 27 19 38 18 3 36 9 31 23 7 10 6 30 20 12 5 11 34 1 24 14 4 26 35 8 39 29 21 17
35 1 39 8 25 11 30 16 26 6 17 9 4 21 12 37 7 32 24 31 3 15 36 29 38 20 18 33 34 28 23 14 19 27 13 5 10 2 40 22
24 6 12 22 18 8 2 15 13 25 11 35 26 40 39 1 30 32 27 34 17 33 20 36 14 28 3 31 19 37 7 21 10 38 9 23 29 16 4 5
24 28 36 1 10 2 6 8 5 38 37 39 20 11 29 14 22 16 19 13 26 33 18 4 15 23 9 31 21 7 12 30 17 27 32 40 25 3 34 35
35 25 14 6 9 11 32 30 15 23 3 5 24 34 38 39 19 28 1 2 18 22 36 7 8 26 33 29 40 31 13 12 20 21 37 17 4 27 16 10
16 27 29 28 5 4 39 7 1 3 14 21 20 19 6 23 2 12 34 22 25 38 31 17 18 10 35 26 37 30 32 8 15 40 9 13 36 11 33 24
35 15 32 18 9 31 5 3 22 20 13 1 2 33 21 17 24 26 38 36 14 27 16 7 28 4 19 29 34 23 30 39 37 11 10 8 25 6 40 12
28 12 15 22 27 11 21 36 6 2 23 38 4 26 10 5 39 9 14 17 30 24 35 25 32 8 34 40 31 19 16 3 13 37 29 18 7 20 1 33
11 18 34 22 1 23 17 4 21 14 7 27 8 40 6 33 16 10 12 31 5 29 9 15 39 36 20 19 30 3 32 24 35 37 28 26 2 13 38 25
10 8 26 25 20 40 39 33 4 23 21 5 1 7 15 9 2 17 36 3 18 37 16 28 38 13 30 27 19 12 22 31 29 6 34 35 24 14 32 11
37 10 39 31 32 2 3 16 26 4 38 24 21 40 7 19 14 17 6 9 28 30 27 34 25 29 12 23 13 36 20 1 18 5 35 11 8 33 22 15
29 36 9 6 19 25 35 5 33 8 20 10 18 14 39 3 4 16 28 23 40 31 26 37 13 17 34 32 1 2 7 21 30 11 24 38 27 22 15 12
8 31 27 24 7 35 19 36 11 3 23 18 28 12 15 40 21 39 13 4 34 9 2 6 16 1 17 25 20 14 26 33 38 22 5 30 37 10 29 32
3 39 9 16 15 17 30 20 22 28 14 19 38 11 2 18 33 32 25 31 26 6 27 4 12 36 34 29 37 7 40 1 13 23 10 21 8 5 35 24
5 17 8 40 19 30 22 39 18 15 12 38 25 10 13 34 23 16 14 2 32 28 7 9 31 33 35 1 27 24 3 4 36 11 29 20 6 26 21 37
22 26 10 6 19 35 17 34 30 25 14 33 40 32 7 29 9 36 8 18 4 2 16 13 5 28 24 21 31 12 15 1 3 23 39 37 38 20 11 27
39 6 7 10 17 1 12 5 4 33 22 26 25 35 19 36 24 8 3 9 38 23 31 34 30 20 18 14 13 37 2 11 15 32 16 29 40 28 21 27
3 5 15 24 11 39 8 6 18 19 21 37 22 25 20 13 10 9 26 36 33 16 23 29 4 28 34 27 1 40 35 17 31 30 32 2 7 38 12 14
28 17 4 32 6 40 39 18 11 1 26 12 15 29 21 16 19 24 37 33 38 20 34 13 5 31 25 8 10 3 2 36 23 9 27 35 22 30 14 7
27 1 17 18 10 19 39 24 28 20 11 38 26 15 21 35 25 30 33 31 29 23 13 4 12 3 36 37 6 5 14 34 22 40 9 8 16 7 32 2
25 17 4 31 16 21 29 18 2 37 39 34 7 40 19 33 5 9 24 1 36 3 38 27 14 13 6 30 15 20 12 8 26 35 28 22 11 32 10 23
25 8 11 4 39 36 2 6 28 20 1 17 10 7 29 14 19 18 3 13 30 9 21 27 24 12 31 37 40 22 16 38 34 32 5 33 23 15 26 35
1 6 9 26 11 14 22 34 25 3 19 32 27 30 28 16 35 4 37 23 12 13 33 10 2 38 40 29 18 21 39 5 24 15 20 8 17 36 7 31
12 1 27 15 11 10 34 40 5 18 23 20 31 37 24 28 32 17 19 22 13 26 38 39 33 30 35 7 25 3 2 9 21 14 6 4 29 8 36 16
4 21 12 1 3 24 15 13 25 7 14 40 26 5 10 18 27 2 34 30 17 8 23 32 28 29 11 37 36 33 38 6 19 31 39 22 20 9 35 16
34 11 5 21 9 37 22 16 24 31 40 33 12 8 35 4 6 30 36 3 27 26 23 10 19 32 29 20 14 13 2 17 7 15 28 39 1 38 25 18
30 25 6 23 1 15 12 13 33 5 2 9 24 31 19 38 32 21 18 34 3 29 8 22 35 17 11 26 27 39 14 20 7 37 10 16 36 28 40 4
33 27 32 22 17 12 6 25 16 3 9 18 24 23 11 2 10 15 20 19 4 28 29 31 37 34 30 40 36 26 38 13 7 21 8 39 35 14 5 1
13 11 7 10 19 37 12 18 30 33 27 3 15 14 2 4 28 25 17 20 6 38 24 23 29 32 9 35 22 1 36 40 26 34 16 5 31 39 21 8
12 4 21 34 33 18 11 15 32 19 23 24 1 38 40 3 36 2 35 17 22 16 29 27 8 39 31 5 30 37 14 10 13 6 28 20 9 25 7 26
13 2 34 8 21 35 12 1 19 3 26 28 30 17 40 33 37 6 25 23 27 36 22 38 15 29 10 32 4 9 39 11 18 31 16 20 24 5 7 14
38 5 32 11 4 27 25 6 34 33 7 19 18 28 13 36 17 23 31 37 39 40 14 8 24 21 26 2 10 20 35 12 16 3 22 29 30 15 1 9
7 8 40 35 29 34 11 33 13 22 9 27 14 24 23 31 38 15 25 28 30 16 5 4 32 3 1 2 36 19 26 21 6 10 37 17 20 12 18 39
25 5 38 15 18 1 12 3 4 10 17 2 14 37 8 20 11 16 34 6 26 36 35 21 7 40 33 29 31 32 27 23 22 9 13 30 28 19 24 39
