50 20
31 11 24 19 35 33 46 5 45 12 49 3 21 38 20 34 7 10 2 14 22 13 30 40 26 25 47 4 36 37 48 27 17 29 39 44 9 23 28 15 50 1 43 42 41 32 6 18 16 8
3 2 38 46 17 7 30 27 10 49 16 39 40 15 23 4 32 18 29 50 9 19 36 31 34 48 37 24 45 22 21 26 14 33 42 43 6 20 47 41 28 8 13 25 1 12 11 35 44 5
43 38 39 9 24 49 37 10 40 8 27 12 15 16 13 23 28 35 45 25 21 11 46 33 17 30 36 41 48 6 22 2 31 1 18 47 42 34 50 14 19 20 4 3 32 26 44 5 29 7
27 17 7 25 8 34 21 11 13 18 36 5 39 4 32 42 29 41 40 2 30 49 37 6 14 15 44 50 23 28 9 10 47 43 1 19 24 48 45 38 46 26 35 31 20 3 22 16 12 33
42 15 8 24 34 18 39 35 37 25 22 48 12 7 14 29 20 13 32 47 21 16 6 5 36 38 19 4 27 46 10 45 33 28 2 23 17 26 9 50 31 1 40 49 41 44 30 3 11 43
31 47 11 34 48 35 18 36 5 40 27 2 29 26 9 13 37 22 45 15 23 3 33 32 16 21 30 10 28 12 43 1 39 20 14 6 46 4 50 44 24 49 17 7 8 25 19 38 41 42
23 10 14 9 27 17 30 21 15 28 35 24 47 33 38 42 1 48 50 7 29 13 40 18 5 41 4 49 34 37 39 31 3 6 22 16 8 44 20 43 45 46 19 25 32 2 36 12 11 26
38 18 8 15 16 5 20 41 34 26 1 7 47 14 37 19 27 22 44 32 11 35 10 30 13 21 23 31 3 48 24 4 36 40 6 28 50 2 39 43 42 9 25 46 12 17 45 49 33 29
30 1 40 10 35 20 36 24 13 8 45 27 38 47 34 22 37 23 33 17 43 21 15 18 12 31 42 44 29 26 19 48 41 2 5 39 25 32 16 46 6 3 9 14 50 11 7 49 28 4
5 23 6 17 19 30 31 22 3 32 43 14 12 40 48 8 46 4 28 18 10 39 34 36 7 44 33 47 35 24 2 45 38 13 15 26 49 41 42 11 50 21 16 29 25 1 37 27 20 9
29 11 34 36 38 33 7 15 9 26 40 3 44 16 43 50 48 22 19 4 45 28 35 49 2 6 10 8 46 14 47 27 1 42 18 31 25 30 21 17 24 20 23 41 12 13 32 37 39 5
25 7 34 28 37 43 12 22 33 45 13 2 21 4 18 6 50 1 40 29 14 41 38 15 3 19 11 31 8 17 44 36 35 5 9 27 46 32 30 39 47 26 42 10 48 16 23 20 49 24
18 2 44 29 37 13 8 41 22 38 42 39 5 40 35 25 12 27 49 33 36 48 9 50 3 4 43 26 31 19 24 34 6 7 16 32 10 45 23 17 47 46 15 30 21 11 20 1 28 14
28 31 17 34 41 13 33 10 3 7 25 35 14 20 49 2 29 47 46 16 1 9 30 38 32 42 8 23 19 4 44 45 22 12 48 26 39 50 18 43 6 37 36 21 27 5 24 15 11 40
28 34 2 37 14 17 45 23 9 20 1 19 16 47 3 27 40 24 36 42 18 44 49 15 31 10 26 33 35 13 29 11 39 43 30 32 41 7 12 4 8 46 50 21 5 6 48 22 38 25
12 9 32 41 25 6 46 19 5 23 31 18 45 27 37 15 24 21 33 28 49 1 48 20 13 22 40 44 3 17 38 7 50 47 11 8 2 35 4 29 43 10 42 39 26 30 34 16 36 14
24 45 38 5 12 30 28 10 35 18 41 3 48 7 25 6 20 11 34 27 9 36 37 19 15 22 29 31 33 44 46 2 17 14 23 13 8 49 39 42 40 1 47 32 4 21 26 50 43 16
31 29 19 6 5 27 7 35 11 40 12 33 13 46 15 20 17 10 21 8 14 24 26 42 3 43 32 22 4 41 36 1 38 16 30 45 37 47 34 48 28 23 50 44 9 18 25 2 49 39
17 10 7 27 14 42 11 45 41 46 28 16 26 33 44 43 18 20 9 2 35 39 49 36 22 6 13 8 32 37 31 4 21 30 40 25 23 3 34 24 50 15 1 5 12 19 47 48 38 29
7 24 5 17 13 47 26 18 23 30 25 37 14 22 44 41 21 11 15 8 42 28 50 2 29 27 40 10 49 36 3 46 9 4 34 48 35 6 39 1 16 31 20 45 33 43 38 19 32 12
