50 40
19 11 25 27 2 16 46 38 18 10 7 5 4 17 31 32 47 35 24 13 1 3 50 44 26 45 40 9 12 43 48 28 37 21 36 22 42 30 8 29 41 49 39 6 33 23 34 15 20 14
47 1 8 20 40 31 3 13 10 17 36 44 4 18 29 32 2 42 35 34 15 41 33 27 5 50 46 30 37 39 11 6 7 12 22 45 25 9 16 21 14 24 43 38 28 26 23 19 48 49
3 4 12 39 11 35 41 21 49 20 15 30 32 17 48 23 50 19 45 25 9 27 10 42 14 28 31 43 6 26 24 5 40 33 16 37 2 46 18 7 44 22 47 29 36 34 38 1 8 13
32 17 3 29 18 6 42 14 49 28 20 19 25 27 36 45 24 11 43 37 16 22 21 2 13 10 44 34 8 9 40 30 4 31 12 1 33 26 15 47 50 41 46 23 5 7 48 38 39 35
44 24 33 20 29 47 25 42 6 48 7 21 37 28 17 3 34 26 4 10 45 23 31 27 40 16 22 39 11 5 43 30 18 41 13 50 14 12 38 49 36 19 15 46 1 9 35 8 32 2
29 9 23 46 15 33 38 36 19 24 12 30 3 16 5 2 18 48 27 26 4 49 6 7 32 28 10 17 13 43 35 39 14 40 37 47 34 20 42 50 1 21 45 22 8 31 25 44 11 41
3 26 24 36 21 34 8 1 18 29 17 31 33 11 28 25 2 48 45 32 46 23 43 20 14 12 42 37 19 5 40 13 49 22 10 50 38 4 44 9 7 47 30 41 16 6 39 15 35 27
10 6 8 23 11 44 48 24 30 27 20 4 2 12 26 7 35 33 32 25 18 50 22 47 42 29 45 37 14 5 39 36 15 1 40 19 13 49 43 41 31 38 16 34 17 3 28 21 46 9
13 29 7 15 19 26 9 10 22 2 35 47 3 38 30 43 34 17 39 5 24 36 50 14 8 32 42 46 45 44 37 49 28 1 21 41 20 18 6 31 25 48 27 11 33 40 12 4 23 16
18 41 1 13 19 48 26 17 2 36 46 12 32 23 40 42 49 16 30 38 37 35 11 34 15 9 39 14 3 47 33 45 4 6 43 7 25 10 27 31 20 50 24 8 5 21 44 28 22 29
41 33 37 42 4 9 47 5 6 16 7 11 46 30 18 23 21 13 35 39 20 29 44 50 49 28 1 12 34 19 17 22 3 38 31 48 43 14 2 8 45 40 36 25 26 15 27 32 24 10
26 23 18 43 16 8 19 7 35 17 22 42 37 45 10 31 28 39 27 14 30 20 25 38 24 40 48 47 41 33 32 21 6 50 36 46 1 15 44 34 11 9 49 2 29 12 3 5 13 4
17 39 6 45 2 5 8 16 35 34 29 27 44 19 30 9 38 10 20 21 40 11 41 4 31 26 15 23 7 14 28 48 22 12 36 3 43 47 1 32 50 18 25 33 49 46 13 37 42 24
33 43 1 20 13 37 34 8 12 23 25 16 35 15 2 27 31 11 50 19 5 21 40 18 10 48 24 29 32 42 28 38 44 4 14 45 22 36 49 3 30 47 9 17 7 39 46 6 41 26
28 21 47 31 42 9 24 50 8 48 11 2 30 5 32 34 41 37 22 29 26 12 36 23 39 20 18 35 27 13 43 4 7 40 1 25 44 3 33 15 46 49 45 38 19 14 10 16 17 6
5 45 21 9 22 48 6 32 37 34 13 46 3 7 15 1 23 49 4 16 25 38 42 29 39 14 28 17 18 2 50 41 33 35 27 44 31 10 24 43 11 26 47 36 12 20 40 30 8 19
10 19 21 25 29 13 32 12 14 30 17 31 20 18 3 34 35 2 4 8 37 47 24 28 15 50 45 9 22 27 48 42 7 44 11 6 41 36 5 38 1 16 39 23 46 43 49 40 26 33
25 28 10 32 26 30 3 12 23 47 4 42 40 13 41 11 34 44 36 9 20 19 29 1 5 48 50 38 49 16 27 35 24 7 21 45 31 39 8 22 43 46 6 37 17 14 18 15 33 2
15 11 27 25 3 29 5 44 22 18 30 39 12 31 24 10 21 4 20 38 37 8 47 23 40 49 17 42 13 9 32 36 1 45 46 33 6 41 28 48 50 35 26 19 43 14 16 2 34 7
15 47 18 44 11 48 49 10 1 2 45 14 37 39 23 26 24 4 30 40 50 34 33 21 7 20 35 31 36 6 32 12 8 46 43 41 38 16 22 28 27 5 3 17 29 9 42 25 19 13
36 20 13 50 35 40 21 29 3 11 7 1 38 48 47 26 4 42 32 19 15 8 33 14 5 31 12 2 44 49 34 22 43 41 45 24 27 18 10 6 46 37 9 16 39 28 30 25 23 17
5 36 15 20 7 44 39 23 49 1 37 45 13 18 26 12 35 40 50 31 17 2 43 9 47 21 8 34 19 22 42 3 4 46 25 14 28 29 48 33 32 10 6 38 24 27 30 11 16 41
22 19 3 38 21 45 33 32 43 10 30 8 28 23 34 17 25 47 29 44 31 39 7 9 42 20 26 16 11 46 36 13 12 41 35 14 50 1 18 48 2 24 37 6 27 4 5 49 40 15
35 32 8 5 17 27 44 40 26 45 11 12 2 28 36 20 9 47 19 25 42 23 37 16 14 31 13 43 29 49 3 46 22 50 34 38 21 41 30 33 48 18 39 10 24 6 15 4 7 1
19 23 38 24 8 16 4 33 36 50 31 6 5 29 48 49 17 2 1 10 45 7 37 18 42 15 43 41 14 30 26 39 32 35 11 34 27 13 3 20 25 28 12 22 46 47 44 9 21 40
38 30 42 14 35 12 29 4 47 46 15 1 28 20 11 40 23 3 39 49 7 48 21 27 34 8 25 26 36 33 37 18 24 19 13 16 5 50 17 45 44 9 10 22 43 31 2 41 6 32
18 42 14 38 49 6 48 27 33 36 46 40 3 7 24 12 21 32 26 22 31 35 25 50 30 16 37 39 9 28 4 43 10 8 45 47 34 15 2 19 1 41 20 11 44 17 29 5 13 23
1 26 2 12 8 3 25 4 47 34 13 50 39 32 23 21 27 22 9 44 5 19 38 10 41 31 30 6 20 29 17 48 28 18 7 15 42 49 11 33 45 36 46 35 16 14 40 37 43 24
26 46 48 20 29 17 37 6 2 9 34 40 39 5 16 50 27 4 24 7 19 25 30 23 49 10 18 22 11 47 38 1 32 21 13 36 42 33 28 3 8 15 12 35 14 44 31 43 41 45
44 49 47 34 23 3 8 2 39 42 33 45 29 48 18 16 4 1 41 28 24 19 40 32 21 30 12 37 14 17 13 6 20 10 36 50 38 46 25 11 31 15 7 27 9 35 26 43 22 5
3 43 14 32 44 30 1 38 9 34 25 10 7 20 4 8 24 42 22 40 31 21 2 15 19 5 28 37 49 16 27 46 26 35 6 48 18 17 13 45 36 11 39 29 23 50 47 41 33 12
50 1 19 44 34 46 29 14 41 16 27 35 8 37 13 40 28 26 24 43 32 2 7 4 10 9 39 20 30 42 21 15 3 48 22 49 33 25 31 47 38 12 45 5 6 36 23 18 17 11
18 17 1 2 19 37 45 21 31 8 14 39 33 11 28 42 3 26 38 13 48 5 9 32 20 25 29 27 49 34 44 16 43 30 12 23 24 50 46 6 35 7 4 10 40 47 15 36 41 22
19 42 3 25 23 2 5 28 6 10 9 35 34 27 8 39 4 24 41 21 13 31 20 29 40 49 43 37 44 38 30 22 17 18 11 46 7 33 14 47 15 1 50 12 48 26 36 45 32 16
41 9 38 4 48 40 7 33 45 50 39 11 10 44 1 26 27 18 22 35 19 29 16 5 28 37 17 15 46 2 21 8 13 14 36 32 6 49 31 42 20 23 24 34 47 3 30 43 25 12
23 29 40 4 36 10 20 39 2 31 43 44 35 21 28 22 45 24 26 19 48 6 34 50 32 37 46 15 33 41 1 12 18 25 13 11 17 7 3 9 49 30 16 5 38 8 47 14 42 27
34 33 13 46 42 17 40 27 15 30 38 2 9 8 39 35 20 48 47 6 14 23 3 25 32 49 31 10 36 7 29 50 21 4 44 12 5 22 45 24 28 37 18 11 16 41 26 43 1 19
10 23 35 25 3 37 13 50 14 16 2 42 29 36 39 21 6 22 12 26 28 33 4 44 46 34 30 5 38 17 31 1 11 48 47 18 32 19 27 41 40 49 15 20 24 45 8 7 43 9
39 20 29 12 8 24 21 26 18 25 15 27 49 23 35 19 14 10 13 6 48 43 7 45 33 5 3 22 11 4 41 34 36 40 1 50 37 9 47 17 2 32 46 31 16 44 30 38 42 28
26 44 37 5 45 39 38 43 48 29 16 11 31 23 1 32 8 21 12 6 2 22 33 46 40 15 18 7 34 3 19 50 14 49 17 41 47 4 13 10 20 35 28 30 9 36 25 24 27 42
