50 57
2 1 45 11 19 31 24 22 10 49 27 40 7 37 21 20 14 16 12 41 3 30 47 18 43 5 35 17 33 36 8 44 4 29 25 26 34 6 38 46 50 39 15 9 28 42 23 48 13 32
39 33 40 24 12 7 41 4 43 47 10 38 3 8 32 18 28 17 5 22 37 29 35 21 49 16 44 36 2 1 14 46 20 31 9 23 13 25 42 6 50 26 45 48 27 34 15 30 19 11
33 5 50 26 6 12 4 3 14 20 32 46 41 18 31 28 9 25 42 47 22 7 37 11 21 19 34 44 35 16 23 17 13 8 15 29 10 43 2 40 24 49 30 36 27 1 38 45 48 39
20 16 9 22 25 35 12 3 27 19 31 28 41 46 33 11 44 36 42 6 18 50 32 40 29 48 8 47 26 10 15 17 4 13 7 23 37 39 21 43 38 5 30 34 45 2 49 24 1 14
41 9 19 15 11 32 5 13 49 3 35 46 4 28 22 12 21 42 29 43 27 47 18 6 37 33 20 44 23 36 7 14 8 10 39 17 2 25 26 50 38 40 24 34 16 48 30 31 1 45
32 44 6 40 48 5 20 39 11 2 31 21 14 34 29 42 7 1 35 45 41 37 3 30 17 26 27 24 13 49 16 23 38 4 46 50 12 10 22 18 36 33 47 43 15 28 25 8 19 9
45 37 44 31 18 19 1 11 8 12 27 32 50 26 30 3 33 28 17 20 34 46 4 24 48 13 23 25 2 5 49 43 22 15 42 35 47 40 10 7 41 29 38 6 39 21 36 14 9 16
34 10 32 16 42 20 13 45 33 18 6 2 43 38 39 28 44 30 14 37 5 35 22 12 21 48 31 23 3 15 41 4 49 17 40 24 26 7 19 9 1 11 27 8 29 46 25 36 50 47
39 4 34 17 13 45 50 8 35 19 9 22 3 24 32 7 6 23 43 41 5 29 38 20 28 48 47 30 15 16 49 2 42 40 1 18 33 26 12 37 25 14 44 27 10 31 36 11 46 21
15 35 22 19 28 43 37 32 5 48 39 34 14 40 11 9 6 20 29 10 23 12 3 25 13 30 50 44 18 1 27 38 17 4 45 26 41 49 21 31 47 7 46 2 33 36 42 8 24 16
5 6 9 1 2 19 29 42 41 11 37 13 43 4 32 36 45 48 15 8 28 23 16 22 18 46 21 10 44 40 27 24 17 30 33 14 49 12 26 7 25 34 39 50 47 38 31 20 35 3
3 49 5 8 11 46 17 14 4 29 21 1 26 10 16 19 22 2 44 7 35 37 34 47 48 24 12 50 25 33 36 32 23 31 41 42 6 45 9 27 30 40 15 20 38 28 13 43 18 39
9 44 18 12 27 21 32 29 43 8 2 42 38 11 49 26 39 13 28 15 41 6 24 47 48 37 7 31 16 22 35 23 34 33 5 3 17 40 10 45 25 50 1 4 46 30 36 14 19 20
15 30 17 21 2 35 31 38 27 11 12 33 39 40 44 49 29 7 6 48 42 34 25 24 9 46 22 13 16 36 8 1 10 41 43 14 4 3 47 26 18 19 50 45 32 23 37 28 5 20
35 18 46 10 32 29 6 34 40 45 48 49 22 5 47 31 13 19 44 11 26 33 43 12 1 2 17 4 50 15 21 23 27 20 28 24 41 37 16 7 3 30 9 25 8 38 14 36 39 42
11 5 25 22 46 14 21 9 17 35 34 41 15 47 2 18 28 3 39 48 42 7 4 36 40 26 49 32 37 29 16 8 10 13 38 30 31 6 33 24 23 43 50 12 27 45 19 1 20 44
2 10 46 31 9 34 42 22 45 1 48 29 8 36 13 23 12 50 33 6 47 3 39 24 16 43 38 17 28 4 7 40 25 11 18 27 49 37 21 32 14 26 30 44 35 20 41 15 5 19
34 16 17 30 13 42 44 39 45 25 12 5 21 1 29 9 4 20 19 24 14 3 11 22 47 18 37 6 23 31 38 27 43 40 10 41 35 2 7 33 28 46 48 8 36 49 15 26 50 32
37 26 46 23 8 12 50 17 13 48 2 9 11 18 6 38 34 22 20 15 31 45 3 1 42 36 28 19 10 35 21 49 4 30 44 43 47 41 16 33 29 24 14 32 27 25 7 5 40 39
4 42 5 30 18 36 21 24 15 10 27 1 46 12 16 22 34 40 6 8 19 25 37 35 31 26 11 50 44 38 41 39 2 29 47 32 23 14 3 20 48 49 45 28 17 13 43 7 9 33
4 25 13 6 7 50 38 40 19 28 12 42 36 34 23 30 5 32 35 11 22 8 48 31 24 14 44 49 46 27 18 26 39 9 2 41 17 37 15 20 10 43 1 47 16 33 29 45 21 3
15 19 10 46 8 14 50 29 2 45 24 30 36 48 38 22 49 12 16 41 21 23 1 27 37 5 34 9 32 33 13 20 11 26 39 25 40 31 44 18 3 6 4 43 7 47 17 35 28 42
26 34 29 14 41 12 10 36 31 27 8 11 24 1 33 32 21 35 20 25 40 18 45 19 48 49 2 6 9 50 37 38 42 16 30 22 15 17 43 44 39 13 46 23 7 4 5 47 28 3
23 46 13 47 28 45 4 6 32 3 49 5 39 10 12 43 8 15 18 33 36 11 34 22 40 29 38 24 44 31 14 25 27 21 19 35 37 41 7 1 42 20 50 48 9 2 17 26 30 16
16 1 11 2 10 23 13 22 35 26 29 38 40 50 39 27 36 25 15 24 33 49 21 30 28 12 48 4 41 37 31 19 32 34 17 18 43 14 5 3 45 7 6 8 46 20 44 9 47 42
19 29 21 27 10 37 3 9 35 46 5 49 1 48 38 11 25 18 30 14 22 50 41 12 8 6 39 13 17 2 28 4 31 36 24 40 43 26 20 42 23 45 32 15 7 47 16 33 34 44
48 21 44 18 37 31 6 27 43 8 19 50 17 7 28 13 11 23 2 26 9 14 35 16 36 15 41 46 29 5 10 45 24 49 38 34 30 22 3 25 42 47 1 33 40 20 4 32 12 39
9 50 5 24 28 4 46 13 27 32 23 16 8 10 29 25 18 22 14 33 12 49 7 42 34 19 36 6 41 47 44 21 11 1 15 26 35 30 45 31 3 39 43 38 48 17 37 2 40 20
10 18 2 38 13 8 34 29 5 26 24 21 27 12 42 31 28 22 33 1 19 37 15 7 41 49 48 32 3 45 23 44 6 36 14 39 47 4 35 30 9 43 20 16 17 11 50 40 46 25
27 15 32 18 11 47 39 24 16 41 13 19 37 17 49 14 23 9 8 28 40 44 33 21 1 4 6 2 46 43 42 38 34 29 30 45 12 31 36 5 26 50 7 22 25 48 35 10 20 3
9 29 22 4 40 27 45 5 36 13 38 12 35 46 25 42 20 23 43 24 47 37 49 10 30 26 11 15 16 8 18 32 17 48 21 6 41 14 1 39 7 28 2 34 50 3 44 33 31 19
10 6 18 23 25 16 27 34 38 26 12 29 11 13 17 46 36 14 30 8 49 39 9 3 28 32 7 2 42 1 40 35 31 41 50 33 47 43 22 44 15 37 24 19 20 45 4 48 5 21
34 12 50 37 8 42 23 31 46 4 16 24 36 48 27 13 29 32 43 30 45 17 2 28 26 33 14 19 18 39 11 35 6 38 20 22 5 7 1 3 10 47 49 44 9 40 25 41 21 15
50 24 5 17 39 9 49 26 23 20 14 37 25 41 43 13 28 10 18 32 4 16 34 47 44 27 31 21 35 3 38 29 46 12 11 8 30 22 1 40 42 45 2 36 33 48 7 6 19 15
30 23 50 46 18 10 17 43 6 31 16 34 37 32 1 27 44 11 19 21 20 25 14 33 41 28 12 15 24 7 47 5 39 38 8 4 26 35 3 48 36 42 40 13 29 45 2 9 22 49
16 24 7 40 3 48 11 6 21 50 9 30 46 18 1 23 29 12 38 15 44 32 17 13 41 45 49 10 35 26 14 37 47 8 2 25 19 43 28 22 20 31 4 36 42 33 39 34 27 5
46 7 41 48 8 28 2 13 47 14 38 37 29 4 1 50 16 19 9 20 36 6 25 26 43 12 49 22 45 21 33 44 15 32 18 27 10 30 40 23 11 35 39 5 42 24 34 3 31 17
31 7 26 40 21 12 35 32 13 5 20 42 45 11 39 38 8 16 10 25 18 50 30 22 17 33 19 27 37 43 1 4 44 15 49 14 3 41 46 36 23 34 47 2 24 9 48 6 29 28
31 46 29 45 34 25 43 8 22 38 12 9 28 39 42 16 11 17 36 40 48 44 3 5 32 24 13 4 19 18 23 6 1 2 33 15 10 47 49 21 26 50 7 41 35 14 30 27 37 20
38 10 19 16 14 23 9 21 37 25 42 47 31 2 26 4 28 40 3 41 39 34 44 50 13 43 7 1 18 35 29 6 49 12 45 24 17 30 5 11 27 48 36 33 8 46 22 20 32 15
33 15 50 43 41 32 3 4 35 22 34 23 30 24 39 17 6 5 14 48 26 42 8 21 13 10 36 19 27 25 18 28 29 12 38 16 40 11 37 9 45 1 46 31 47 44 2 49 7 20
30 12 14 8 33 22 5 28 15 3 44 21 11 6 31 10 13 26 29 37 17 18 25 4 43 39 41 2 16 35 36 32 38 1 47 27 23 9 34 50 48 19 46 24 49 45 20 7 42 40
13 5 11 42 24 32 17 26 6 28 8 36 3 38 15 20 30 29 45 23 21 1 41 34 33 35 16 18 31 37 14 7 9 43 27 4 47 25 40 48 46 39 2 49 22 19 12 10 50 44
22 11 46 16 18 34 8 4 6 48 30 1 13 26 21 49 40 5 36 12 7 24 2 27 23 3 9 38 25 31 37 35 33 14 44 47 28 19 10 29 15 41 45 43 20 39 32 17 42 50
10 36 16 14 46 13 21 37 15 19 39 9 1 24 18 45 33 50 34 20 25 40 29 30 44 42 12 49 35 8 22 41 28 43 48 26 2 7 27 32 47 23 3 5 4 38 31 17 6 11
20 46 36 19 12 34 15 29 9 5 13 47 17 3 41 42 14 28 31 48 25 33 24 23 7 43 1 27 22 18 6 45 38 26 39 8 49 21 10 40 32 30 35 44 11 16 50 37 2 4
39 30 2 4 29 13 35 24 12 48 20 38 45 32 3 14 31 8 27 16 25 9 1 21 40 17 34 41 18 37 7 49 5 19 11 6 36 46 42 10 28 26 43 44 50 22 47 33 15 23
3 2 22 13 7 4 21 9 15 29 43 8 40 31 49 23 44 24 18 46 6 39 20 27 32 11 38 33 19 17 1 28 26 16 41 25 45 5 36 37 48 34 42 50 10 14 47 30 35 12
10 18 11 28 46 24 5 29 23 7 42 16 20 1 27 40 35 32 49 22 33 12 26 43 38 17 9 2 30 25 36 34 37 4 41 13 39 3 8 15 50 45 48 44 47 31 14 21 6 19
42 19 40 12 7 35 14 11 30 36 34 18 6 47 22 31 2 28 48 25 39 43 27 21 26 44 3 9 16 38 24 5 23 8 17 15 20 49 1 32 46 13 29 37 41 33 10 4 50 45
30 3 40 23 47 2 12 32 35 22 25 16 8 37 31 45 24 48 15 44 41 33 34 36 46 1 20 6 17 26 10 4 21 42 49 7 39 9 29 43 38 5 11 19 50 14 28 13 18 27
16 3 24 5 26 27 7 50 38 12 35 18 15 46 49 10 20 41 36 45 39 32 30 31 6 21 11 4 43 47 22 29 34 40 25 1 9 48 8 28 19 33 17 37 2 23 44 13 14 42
29 35 40 21 4 41 2 38 34 39 36 8 46 48 1 23 44 12 33 6 16 31 42 24 47 43 11 5 30 15 28 14 9 19 50 20 49 22 17 25 27 7 26 37 10 45 13 3 32 18
38 23 40 41 42 14 19 27 2 12 26 39 33 49 25 10 18 31 6 28 1 3 17 32 44 11 16 45 24 15 22 46 30 36 47 9 13 8 21 4 50 35 7 34 5 48 37 29 20 43
25 16 9 5 3 17 10 47 22 11 39 49 19 15 18 1 33 7 45 23 34 12 28 24 42 36 50 4 37 26 38 44 2 41 13 48 31 8 14 21 43 35 32 29 20 27 40 46 30 6
2 25 3 32 49 36 42 24 47 20 12 46 8 29 13 18 4 11 31 14 5 37 15 9 19 17 30 39 23 35 6 27 7 16 48 45 44 40 33 43 50 34 10 38 28 1 26 21 22 41
13 32 14 29 2 21 38 18 11 31 25 47 40 35 22 6 43 34 23 36 16 5 7 24 33 28 8 10 9 42 1 26 17 30 37 50 44 4 48 41 15 49 45 12 39 27 3 20 19 46
