50 100
26 8 47 31 6 34 2 18 25 37 50 21 4 27 10 35 30 22 28 45 38 9 40 49 33 13 32 15 3 20 43 5 19 44 11 14 16 46 42 12 29 1 23 41 17 48 7 24 36 39
33 48 21 46 44 13 17 4 26 1 7 14 9 2 11 41 20 16 23 37 29 36 31 27 6 18 45 40 42 32 50 19 47 35 5 30 49 39 25 43 8 24 12 28 22 10 3 15 34 38
26 6 1 2 8 15 49 33 11 46 20 13 44 3 29 42 7 47 38 37 31 22 14 30 19 5 9 28 16 40 48 23 35 36 17 43 27 41 12 39 34 18 21 45 24 32 4 10 25 50
8 31 37 3 26 20 1 2 34 38 44 35 42 10 13 21 29 49 25 48 28 40 18 27 45 41 19 30 23 39 17 4 6 11 14 36 16 32 22 50 46 9 15 43 24 5 12 33 7 47
47 23 22 16 42 20 28 3 6 27 33 15 5 30 31 44 32 7 37 17 24 29 43 39 4 14 8 12 48 18 11 36 10 41 38 26 9 2 21 46 50 19 49 13 1 35 45 25 34 40
2 8 11 28 9 4 3 20 34 39 33 6 44 30 23 21 18 1 7 15 22 19 10 13 48 27 14 40 37 26 25 31 43 35 12 16 42 32 5 29 49 46 50 45 24 41 17 38 36 47
8 17 34 46 22 16 13 33 11 24 47 38 1 40 39 21 30 3 5 41 6 14 28 9 29 37 44 43 50 31 7 19 4 18 25 42 45 48 2 10 26 32 35 49 23 15 20 12 36 27
8 4 11 40 28 15 3 23 20 10 48 33 17 7 43 13 47 14 5 26 18 19 2 6 9 25 35 45 30 36 1 37 38 21 49 31 29 24 50 42 16 44 39 32 46 41 27 12 22 34
27 36 8 48 29 7 35 18 40 10 21 24 16 47 20 26 32 2 42 22 17 46 44 39 11 1 49 6 9 37 33 25 5 30 4 31 41 50 38 43 3 15 14 12 13 23 45 34 28 19
25 23 36 37 16 21 19 33 32 27 17 11 2 44 15 5 47 7 35 41 43 28 22 38 6 48 46 29 8 4 50 3 45 49 24 13 40 18 39 42 14 1 31 34 30 26 12 10 20 9
6 5 16 38 20 19 3 49 33 25 13 37 1 26 35 17 50 46 14 22 43 47 27 23 28 45 24 10 42 41 34 18 36 11 29 44 4 31 7 2 9 30 8 48 40 21 32 15 39 12
29 30 33 49 42 45 6 15 32 13 8 19 12 38 1 20 18 21 27 4 2 17 14 40 36 41 34 10 46 7 26 35 25 48 43 47 22 31 23 44 9 24 37 50 11 39 16 28 5 3
37 22 5 29 21 34 9 32 28 2 44 16 1 33 26 23 38 30 13 47 6 41 27 8 45 48 20 18 11 39 7 36 14 31 43 35 46 17 15 4 25 10 24 42 12 19 3 49 50 40
7 17 27 21 24 26 46 28 39 35 32 23 33 49 50 11 5 48 6 13 9 41 31 14 40 10 43 15 44 3 19 2 29 16 18 22 30 1 37 34 25 45 8 12 4 42 47 38 20 36
26 37 5 15 16 14 12 7 10 49 40 23 28 45 17 2 1 31 3 21 25 24 50 8 30 4 20 38 22 41 42 48 27 6 35 46 11 13 29 9 18 32 39 34 44 43 47 33 36 19
29 22 3 6 18 19 9 13 47 11 41 38 16 25 21 34 32 17 27 39 30 36 42 15 14 48 43 33 37 12 28 31 23 4 8 44 45 35 2 40 5 46 49 20 7 26 1 24 50 10
38 9 26 7 8 11 20 12 2 27 47 21 23 46 24 19 15 33 14 43 22 10 1 48 16 49 29 31 4 45 3 42 39 40 6 37 41 17 30 18 13 5 35 28 34 36 50 32 44 25
19 16 18 27 35 28 14 22 20 13 8 47 4 23 30 36 44 11 9 10 29 48 32 31 43 40 49 24 15 33 25 37 42 41 26 45 1 46 38 6 12 17 50 39 34 2 3 5 21 7
39 6 3 10 18 11 15 26 49 16 8 29 35 25 44 38 7 45 22 41 5 40 33 9 19 31 47 32 23 48 30 14 13 46 36 12 34 37 28 20 27 17 43 1 50 24 21 42 2 4
15 4 33 29 2 18 10 31 7 47 6 9 48 24 39 1 14 11 22 34 5 37 43 41 16 13 45 49 40 19 32 38 12 17 21 20 44 25 26 30 27 3 46 35 42 28 23 50 36 8
35 3 14 39 50 21 29 49 1 38 30 6 12 32 25 27 36 15 2 13 4 8 19 40 28 5 22 45 34 46 42 17 24 44 26 7 41 31 9 43 11 47 33 10 16 18 48 37 23 20
25 18 49 47 50 39 31 29 17 6 7 44 48 26 3 20 27 24 42 30 14 36 23 38 2 4 33 35 22 21 9 11 37 43 46 28 32 8 19 12 41 15 34 40 13 1 16 5 45 10
26 44 42 5 9 19 27 10 3 18 11 12 7 21 30 33 25 36 23 15 47 49 20 38 32 48 8 17 2 50 40 1 24 28 41 14 13 37 16 46 45 43 6 4 35 29 22 31 34 39
16 19 10 49 15 11 2 41 13 47 46 48 26 14 38 33 45 7 37 4 35 5 42 24 18 3 27 43 36 29 21 32 8 31 17 20 28 44 39 1 30 12 22 34 40 9 6 50 25 23
2 7 33 13 18 42 43 30 6 45 47 15 10 39 37 49 5 9 24 25 38 41 32 28 50 48 29 31 19 40 12 34 14 1 8 22 36 44 20 35 46 23 21 4 26 3 16 27 17 11
30 22 5 11 6 40 18 47 9 41 29 38 42 17 4 1 2 33 49 21 28 7 3 24 10 31 43 36 50 26 46 13 8 35 44 25 37 16 34 39 45 23 48 14 15 12 19 27 32 20
29 37 47 23 30 43 11 48 16 5 25 17 33 38 2 19 42 27 24 32 45 3 34 9 7 13 44 6 10 26 4 15 41 18 49 31 39 12 8 36 22 1 21 35 40 46 20 28 14 50
50 2 24 35 15 6 14 4 28 21 47 12 22 23 17 31 3 26 36 10 34 27 40 29 48 13 18 37 25 38 41 19 33 9 11 39 8 1 46 32 45 43 44 20 42 30 7 5 49 16
7 20 34 23 18 21 50 10 13 39 9 24 32 2 3 25 44 27 48 36 30 46 11 22 37 47 29 16 33 15 5 45 49 26 12 43 1 35 40 42 4 38 19 17 8 6 31 41 28 14
1 12 41 32 6 16 14 4 37 2 35 47 18 49 29 34 28 21 20 30 19 46 11 36 26 9 8 23 42 40 25 15 3 5 44 17 48 7 45 43 39 31 22 10 24 13 50 33 38 27
1 40 2 17 44 12 39 16 30 3 41 22 21 31 4 19 29 20 48 34 24 42 7 27 26 25 6 37 14 5 15 33 36 46 43 8 49 32 35 10 18 13 47 45 38 9 23 28 50 11
7 48 8 1 29 49 28 3 20 37 27 42 25 5 22 2 16 31 44 10 13 11 32 14 30 4 50 47 26 38 45 12 43 9 40 41 33 46 6 15 19 17 23 21 36 18 24 34 39 35
34 4 42 8 21 24 15 11 27 12 26 10 18 3 25 31 33 28 9 35 43 1 45 16 46 44 13 7 39 47 19 17 41 2 40 22 14 49 48 37 20 5 29 36 23 38 32 30 6 50
29 4 50 20 22 7 13 17 25 16 11 3 23 9 8 48 26 46 40 14 5 34 30 33 45 37 32 35 31 38 1 44 27 41 18 39 10 21 42 49 12 47 36 19 6 43 2 28 24 15
23 3 4 36 26 16 29 25 17 15 34 20 19 44 47 33 5 28 1 9 11 13 50 46 35 40 48 2 10 45 27 14 42 6 22 8 39 31 43 37 41 24 12 32 38 30 18 49 7 21
45 15 32 47 12 20 28 17 34 11 44 29 31 27 14 39 26 7 19 35 16 33 6 22 8 42 9 5 37 50 24 1 48 46 36 40 21 43 30 41 25 13 49 18 10 38 4 3 2 23
21 8 34 35 38 3 33 28 23 18 7 43 2 6 15 32 29 42 48 25 12 47 36 37 39 22 40 45 1 24 10 50 17 11 14 46 4 49 41 27 19 31 16 9 13 44 20 30 5 26
45 5 14 33 4 17 18 3 19 30 43 15 23 9 22 49 24 37 8 47 16 11 41 39 28 38 25 6 48 20 31 10 40 44 26 36 35 21 32 13 27 29 50 34 2 46 7 1 42 12
32 11 50 7 23 3 47 44 12 27 26 43 41 5 17 6 20 39 14 18 42 31 13 16 9 30 45 36 37 10 46 38 1 48 34 29 4 19 28 2 25 15 33 40 21 8 49 22 24 35
11 18 5 31 50 33 4 32 36 3 10 28 34 7 47 38 22 25 46 26 15 43 8 44 24 12 40 21 20 9 19 35 29 48 1 16 49 41 23 6 42 45 39 27 13 37 14 30 2 17
42 9 15 26 39 16 8 25 17 33 49 46 29 40 28 31 43 44 21 4 41 34 32 1 50 5 47 2 35 22 45 30 11 27 38 3 36 10 7 48 14 24 37 12 18 19 6 23 20 13
32 26 49 7 19 10 18 9 44 4 17 28 46 12 50 45 25 24 21 43 27 47 37 16 34 3 35 11 40 31 1 48 38 5 13 36 15 41 23 22 30 42 20 8 6 39 2 29 14 33
25 50 30 4 3 20 8 31 12 41 48 24 9 37 15 29 6 14 43 13 5 45 11 36 7 35 40 42 28 10 2 44 32 23 16 47 34 26 49 19 27 22 39 17 38 1 18 46 21 33
50 27 5 31 14 18 10 20 25 48 34 32 4 7 23 16 28 9 38 19 41 30 44 8 36 49 15 43 26 46 1 37 13 17 24 42 35 45 11 39 3 22 12 33 2 47 21 6 40 29
14 46 16 13 48 11 18 6 41 49 19 47 42 40 43 31 5 39 2 20 50 44 28 9 37 10 22 17 33 38 15 24 1 7 36 45 23 30 25 3 26 21 12 34 35 32 8 4 27 29
3 14 9 34 5 48 21 12 33 4 40 25 42 24 28 47 43 19 17 11 46 50 1 41 36 49 15 16 39 20 13 22 18 6 7 29 31 23 38 26 2 35 8 44 32 30 10 27 45 37
35 9 17 16 31 27 30 20 43 49 40 14 45 7 50 41 22 33 25 15 8 28 1 13 42 2 44 11 29 34 18 3 39 4 36 32 19 48 23 24 10 47 21 37 38 12 46 26 5 6
10 31 43 1 15 47 34 29 20 14 19 11 46 8 37 7 17 33 35 26 39 5 41 32 24 38 40 21 6 45 44 28 42 16 49 36 27 3 13 48 30 12 2 4 18 23 25 9 22 50
5 45 47 10 42 44 28 13 15 23 48 40 9 24 36 4 14 43 33 16 31 6 30 25 20 34 18 21 50 37 12 39 38 29 41 26 7 1 8 49 3 2 46 27 17 11 32 35 19 22
2 38 24 13 33 44 27 47 41 14 23 20 17 46 7 15 45 10 22 37 1 35 43 36 48 16 8 40 32 25 12 6 50 19 11 39 4 9 42 30 49 18 5 28 21 31 3 29 34 26
42 12 1 49 11 18 26 15 27 20 36 16 21 50 30 25 9 31 43 47 2 19 44 5 29 28 34 22 35 3 48 13 45 4 14 38 39 17 8 46 33 40 37 7 23 41 10 32 6 24
36 18 32 14 27 24 43 13 22 46 41 31 12 19 35 33 4 9 17 38 11 29 47 7 34 28 50 15 1 48 39 5 21 6 37 10 40 26 20 23 45 30 2 16 44 3 8 25 49 42
50 21 32 14 39 12 48 19 27 44 30 16 9 4 3 5 31 29 47 38 23 33 42 1 46 41 40 35 18 36 13 28 15 20 26 49 6 43 2 45 25 34 17 11 7 37 22 8 24 10
7 38 15 11 43 24 5 40 32 34 29 1 37 27 45 12 21 42 44 14 6 3 41 25 17 47 19 39 36 4 30 9 35 18 10 13 48 50 22 23 26 46 33 49 28 8 2 20 16 31
23 41 39 9 2 45 12 38 29 26 46 8 50 1 30 5 44 25 33 37 42 48 15 18 31 27 7 24 36 3 32 49 11 19 10 6 14 43 28 34 22 40 20 17 16 21 35 13 47 4
8 30 25 19 24 5 48 40 32 2 6 34 22 1 13 41 12 31 26 18 46 15 42 43 44 11 9 7 27 33 29 50 23 36 16 37 4 49 17 39 45 47 35 20 3 28 21 38 14 10
6 20 19 36 10 45 26 46 37 2 14 25 3 38 39 18 49 44 41 17 35 9 27 30 43 8 29 24 42 4 40 5 47 31 33 11 16 15 21 32 28 23 22 48 1 34 50 12 13 7
47 14 32 24 36 5 20 3 39 17 27 21 4 49 10 13 19 50 30 43 23 6 18 9 2 41 8 29 34 48 35 28 42 7 12 45 40 15 37 31 25 11 46 44 22 16 33 26 1 38
9 7 11 21 13 12 18 23 45 17 14 43 31 4 6 19 26 1 10 29 44 49 20 30 27 28 46 39 40 2 5 36 38 16 24 50 15 32 22 33 8 41 47 25 42 35 37 48 3 34
14 35 6 47 16 9 21 46 39 1 27 19 48 18 28 43 15 37 7 20 23 25 38 26 44 8 3 31 17 2 40 4 41 11 29 49 32 36 45 33 22 5 12 13 30 34 24 10 42 50
3 21 48 36 32 30 20 17 45 14 25 9 7 33 40 19 39 2 22 28 26 23 46 38 1 41 24 27 43 35 12 8 6 29 42 34 31 49 44 5 18 13 47 37 10 16 50 11 4 15
8 37 16 26 4 32 18 22 6 10 30 20 28 19 50 14 7 27 39 29 15 42 45 41 33 44 1 47 25 12 35 38 24 34 31 17 3 46 40 43 13 9 23 21 48 2 36 49 5 11
46 38 28 11 7 42 40 14 4 17 45 31 26 15 30 6 27 9 37 48 39 19 33 12 10 13 29 3 49 25 21 23 1 32 34 20 35 18 43 41 5 44 16 2 24 8 36 47 50 22
4 9 33 19 35 39 2 45 50 27 22 15 34 42 44 17 11 40 49 10 18 31 29 32 20 43 48 7 1 28 30 21 37 5 8 6 16 46 47 14 36 24 38 3 13 25 23 41 12 26
31 10 46 24 49 27 4 48 44 7 20 21 13 23 41 42 26 15 6 17 1 35 12 43 39 32 19 34 47 14 33 18 28 29 22 30 11 45 16 40 37 2 5 50 36 25 38 8 3 9
44 4 9 3 26 24 34 28 13 31 2 17 1 42 11 30 48 12 7 47 29 18 15 36 21 37 19 22 49 32 6 39 23 8 5 20 43 38 50 35 46 10 41 45 25 14 27 16 33 40
28 22 19 41 27 9 18 43 2 39 30 16 48 26 12 20 5 21 23 11 45 25 29 6 36 34 4 8 10 46 37 15 35 42 17 1 13 31 14 3 50 32 44 47 24 38 49 33 7 40
19 22 13 29 6 31 12 9 11 15 25 42 5 50 3 39 23 49 37 26 47 2 27 32 4 38 33 36 18 35 7 46 43 20 10 41 34 40 45 44 28 21 14 48 24 1 16 17 8 30
27 2 14 44 5 9 31 8 12 50 18 3 46 11 48 29 6 19 1 23 10 40 22 24 45 38 25 47 28 34 17 43 7 41 37 32 33 39 15 26 36 13 35 42 21 16 49 20 4 30
7 20 37 46 9 21 15 18 42 19 24 23 3 6 33 36 17 35 14 45 39 4 43 13 8 30 5 22 31 2 44 10 50 26 47 48 38 11 29 28 27 1 49 12 41 32 16 40 25 34
12 14 7 2 26 41 4 29 30 40 44 18 50 11 1 3 22 6 36 34 19 25 43 31 32 33 5 13 9 15 46 45 42 8 37 47 35 10 16 39 20 48 28 21 38 24 17 27 49 23
46 27 21 14 22 16 2 6 20 15 40 28 23 10 47 13 9 31 1 33 26 24 5 32 43 17 44 41 19 49 37 48 30 45 18 34 39 11 8 38 42 50 29 7 3 25 4 12 35 36
46 25 44 37 38 7 11 27 24 49 29 12 4 36 8 19 30 32 22 45 2 9 20 15 26 6 39 28 17 14 18 34 23 5 50 35 3 31 10 47 48 33 21 1 13 16 40 42 43 41
7 9 18 26 2 17 34 11 39 48 8 45 12 19 37 31 13 25 43 33 42 41 1 46 28 21 15 5 20 3 6 38 36 40 29 44 49 22 47 10 24 16 30 4 50 23 35 32 14 27
39 32 24 37 30 29 45 3 18 17 26 46 40 22 12 6 9 48 47 31 11 8 16 49 42 50 15 41 10 1 4 34 35 21 44 19 25 28 43 14 33 27 7 38 36 20 13 23 5 2
22 5 43 41 8 26 38 18 40 14 20 35 45 49 21 34 24 29 2 12 48 46 17 47 13 19 9 1 30 16 32 7 11 6 42 39 31 27 44 4 36 50 37 10 28 3 15 23 25 33
8 12 34 44 17 31 14 6 30 22 16 10 46 26 18 35 28 40 5 13 37 1 47 23 50 29 9 21 19 3 39 11 25 4 41 24 36 42 32 45 48 27 15 38 20 49 43 33 2 7
2 5 20 18 34 8 4 10 41 24 26 38 44 30 21 25 1 31 22 27 50 36 45 12 6 3 23 17 43 16 11 48 49 28 32 47 46 35 39 7 33 13 15 42 19 40 9 14 37 29
25 4 42 49 46 17 23 6 13 19 43 24 21 18 45 16 50 8 20 10 11 7 34 36 1 28 22 15 3 48 30 47 44 27 12 35 39 32 31 41 5 9 26 33 38 14 2 37 29 40
31 26 33 39 13 30 34 6 12 23 14 32 29 25 42 22 48 7 8 19 36 49 24 18 40 16 2 37 9 47 27 46 15 4 44 35 41 43 20 10 38 45 21 11 17 50 3 1 28 5
14 17 31 46 50 9 12 5 23 18 25 32 11 22 34 6 2 3 36 26 38 30 24 48 16 1 44 33 41 15 49 28 7 37 10 43 40 29 42 27 47 13 20 4 35 45 8 21 39 19
6 8 16 38 39 25 18 14 22 9 31 26 37 1 13 47 46 10 34 11 29 2 30 12 42 17 21 19 3 35 5 50 40 36 43 48 49 27 41 24 15 7 4 45 33 20 44 23 32 28
42 34 13 26 6 10 31 25 1 2 27 45 20 4 3 49 35 46 40 12 9 44 48 16 41 5 19 29 30 18 8 39 43 50 37 17 28 22 38 23 7 15 47 36 24 33 21 11 32 14
5 32 28 24 17 6 41 14 12 43 4 47 27 8 15 39 46 29 19 20 45 25 33 22 49 37 34 2 18 3 11 7 31 36 9 10 35 40 30 1 48 44 50 16 21 42 38 26 13 23
32 49 16 9 4 11 38 24 5 2 33 35 31 8 26 17 7 50 14 41 40 34 15 37 46 48 21 30 12 27 44 45 22 42 3 28 39 19 23 18 20 47 36 43 6 1 29 10 25 13
3 34 49 9 38 23 36 5 11 1 37 29 39 50 17 27 18 44 28 19 43 2 13 32 30 14 35 40 45 33 25 8 48 21 42 31 12 6 41 20 24 4 26 46 16 7 10 15 47 22
19 2 48 25 34 21 12 22 23 46 4 8 20 1 9 39 15 13 36 27 3 18 45 7 43 33 14 32 49 6 31 38 17 41 16 5 11 29 42 24 35 40 44 47 50 37 10 28 30 26
27 3 41 4 31 26 24 19 48 5 50 16 17 36 20 30 14 32 40 22 18 13 45 12 23 39 46 7 49 10 15 44 8 42 35 37 11 2 38 47 1 6 43 28 33 9 29 21 25 34
11 39 38 10 35 2 15 26 13 9 30 3 20 37 41 1 43 4 21 45 36 23 42 34 48 27 40 18 33 5 28 44 25 31 19 50 7 24 17 46 47 49 22 12 8 32 6 16 14 29
3 27 10 22 26 32 40 9 29 7 16 46 23 44 38 45 2 28 25 17 49 5 48 13 18 6 34 36 11 4 19 42 39 14 15 12 41 43 24 20 31 1 8 35 50 37 21 30 33 47
39 20 5 19 30 49 17 1 43 18 29 32 27 34 3 48 11 10 12 42 41 38 31 24 45 22 28 50 37 33 40 7 36 16 21 4 2 13 15 8 47 26 44 35 25 14 9 46 6 23
29 44 48 18 34 6 1 13 12 50 35 40 9 19 15 28 20 25 5 32 49 31 22 21 27 2 4 10 16 42 47 14 30 38 41 45 8 37 36 39 46 3 24 7 11 26 23 43 33 17
45 33 37 13 7 31 40 11 34 28 30 19 41 43 26 49 32 17 18 15 8 16 27 21 47 36 46 23 6 38 22 35 44 25 14 12 9 5 20 1 10 48 24 42 50 4 29 3 2 39
28 24 30 20 25 29 45 44 14 17 2 31 43 40 15 35 46 47 3 36 4 49 1 37 34 23 8 22 13 7 16 39 9 50 41 12 11 27 10 26 33 21 38 18 5 48 32 19 42 6
3 32 9 27 44 43 12 7 18 6 38 40 24 41 31 29 19 45 50 11 35 39 49 4 37 8 23 30 17 13 16 5 14 46 1 22 48 34 42 33 10 2 21 25 20 47 28 26 36 15
25 1 5 15 9 31 39 21 46 49 20 7 43 11 6 24 13 47 2 22 10 28 40 29 26 30 42 16 32 17 14 37 34 3 19 44 23 4 33 41 35 27 18 38 8 50 48 45 12 36
5 8 16 25 31 9 39 10 35 26 6 49 41 11 33 15 45 40 7 2 20 21 46 42 34 44 47 32 4 37 17 12 1 19 29 14 23 43 18 22 3 50 24 13 38 48 30 28 27 36
34 27 29 36 47 21 41 13 18 1 48 32 8 20 26 50 40 31 14 28 5 30 7 4 45 15 12 11 43 16 37 6 49 35 33 23 24 38 39 42 44 2 46 17 3 22 19 25 10 9
39 18 46 38 7 10 14 16 17 2 34 23 21 33 15 5 40 31 11 22 41 36 37 44 20 28 47 50 32 3 8 48 42 43 30 4 1 27 6 24 19 35 29 12 9 45 49 26 13 25
16 19 42 3 47 8 40 37 6 45 18 44 12 20 43 30 2 34 11 39 15 9 31 22 35 23 7 10 48 41 49 24 46 32 50 21 4 38 29 5 1 13 36 28 17 25 27 33 14 26
