32 31
1 2 3 4 5 6 7 8 9 10 11 32 13 14 15 16 17 18 19 20 21 22 23 24 25 26 27 28 29 30 31 12
1 2 3 4 26 6 7 8 9 10 11 12 13 14 15 16 17 18 19 20 21 22 23 24 25 5 27 28 29 30 31 32
1 2 3 4 32 6 7 8 9 10 11 26 13 14 15 16 17 18 19 20 21 22 23 24 25 12 27 28 29 30 31 5
1 2 3 4 5 6 7 8 9 10 23 12 13 14 15 16 17 18 19 20 21 22 11 24 25 26 27 28 29 30 31 32
1 2 3 4 5 6 7 8 9 10 11 12 27 14 15 16 17 18 19 20 21 22 23 24 25 26 13 28 29 30 31 32
1 2 3 4 5 6 7 8 9 10 13 12 11 14 15 16 17 18 19 20 21 22 27 24 25 26 23 28 29 30 31 32
1 2 3 4 27 6 7 8 9 10 12 11 26 14 15 16 17 18 19 20 21 22 32 24 25 13 5 28 29 30 31 23
1 2 3 4 5 6 7 8 9 10 11 12 13 28 15 16 17 18 19 20 21 22 23 24 25 26 27 14 29 30 31 32
1 2 3 4 5 6 7 8 9 10 11 12 13 14 15 16 29 18 19 20 21 22 23 24 25 26 27 28 17 30 31 32
1 2 3 4 5 6 7 8 9 10 11 12 13 17 15 16 14 18 19 20 21 22 23 24 25 26 27 29 28 30 31 32
1 2 3 4 5 6 7 8 9 20 11 12 13 14 15 16 17 18 19 10 21 22 23 24 25 26 27 28 29 30 31 32
1 2 3 4 5 6 22 8 9 10 11 12 13 14 15 16 17 18 19 20 21 7 23 24 25 26 27 28 29 30 31 32
1 2 3 4 5 6 20 8 9 22 11 12 13 14 15 16 17 18 19 7 21 10 23 24 25 26 27 28 29 30 31 32
1 2 3 4 5 6 29 8 9 14 11 12 13 10 15 16 22 18 19 28 21 17 23 24 25 26 27 20 7 30 31 32
1 2 3 4 17 6 13 8 9 23 20 28 7 32 15 16 5 18 19 11 21 27 10 24 25 29 22 12 26 30 31 14
1 2 3 4 5 6 7 8 21 10 11 12 13 14 15 16 17 18 19 20 9 22 23 24 25 26 27 28 29 30 31 32
1 2 3 4 5 6 7 8 9 10 11 12 13 14 15 18 17 16 19 20 21 22 23 24 25 26 27 28 29 30 31 32
1 2 3 4 5 6 7 8 16 10 11 12 13 14 15 9 17 21 19 20 18 22 23 24 25 26 27 28 29 30 31 32
1 19 3 4 5 6 7 8 9 10 11 12 13 14 15 16 17 18 2 20 21 22 23 24 25 26 27 28 29 30 31 32
1 2 30 4 5 6 7 8 9 10 11 12 13 14 15 16 17 18 19 20 21 22 23 24 25 26 27 28 29 3 31 32
1 3 2 4 5 6 7 8 9 10 11 12 13 14 15 16 17 18 30 20 21 22 23 24 25 26 27 28 29 19 31 32
1 21 18 4 5 6 7 8 19 10 11 12 13 14 15 30 17 3 9 20 2 22 23 24 25 26 27 28 29 16 31 32
1 2 3 4 5 6 7 8 9 10 11 12 13 14 15 16 17 18 19 20 21 22 23 24 31 26 27 28 29 30 25 32
1 2 3 8 5 6 7 4 9 10 11 12 13 14 15 16 17 18 19 20 21 22 23 24 25 26 27 28 29 30 31 32
1 2 3 31 5 6 7 25 9 10 11 12 13 14 15 16 17 18 19 20 21 22 23 24 8 26 27 28 29 30 4 32
1 2 3 4 5 24 7 8 9 10 11 12 13 14 15 16 17 18 19 20 21 22 23 6 25 26 27 28 29 30 31 32
15 2 3 4 5 6 7 8 9 10 11 12 13 14 1 16 17 18 19 20 21 22 23 24 25 26 27 28 29 30 31 32
24 2 3 4 5 15 7 8 9 10 11 12 13 14 6 16 17 18 19 20 21 22 23 1 25 26 27 28 29 30 31 32
4 2 3 1 5 25 7 15 9 10 11 12 13 14 8 16 17 18 19 20 21 22 23 31 6 26 27 28 29 30 24 32
3 24 1 18 5 19 7 16 25 10 11 12 13 14 30 8 17 4 6 20 31 22 23 2 9 26 27 28 29 15 21 32
7 11 13 29 16 10 1 17 32 6 2 21 3 25 22 5 8 26 23 24 12 15 19 20 14 18 30 31 4 27 28 9
