16 15
1 2 3 4 5 6 7 8 11 10 9 12 13 14 15 16
1 2 4 3 5 6 7 8 9 10 11 12 13 14 15 16
1 2 11 9 5 6 7 8 4 10 3 12 13 14 15 16
1 5 3 4 2 6 7 8 9 10 11 12 13 14 15 16
8 2 3 4 5 6 7 1 9 10 11 12 13 14 15 16
5 8 3 4 1 6 7 2 9 10 11 12 13 14 15 16
4 11 8 1 9 6 7 3 5 10 2 12 13 14 15 16
1 2 3 4 5 6 7 8 9 10 11 15 13 14 12 16
1 2 3 4 5 6 7 8 9 10 11 12 13 16 15 14
1 2 3 4 5 6 7 8 9 10 11 16 13 15 14 12
1 2 3 4 5 6 10 8 9 7 11 12 13 14 15 16
1 2 3 4 5 13 7 8 9 10 11 12 6 14 15 16
1 2 3 4 5 10 13 8 9 6 11 12 7 14 15 16
1 2 3 4 5 14 12 8 9 15 11 7 16 6 10 13
13 10 14 16 7 8 5 6 12 2 15 9 1 3 11 4
