10
108 3 2
0.2359 0.2222 0.5513 0.7346 0.5910 0.7532 0.2432 0.2444 0.4321 0.1402 0.7916 0.4222 0.6158 0.4513 0.7207 0.7680 0.1503 0.4568 0.4177 0.1500 0.6776 0.6154 0.0332 0.0705 0.5991 0.7022 0.4523 0.2216 0.4748 0.4897 0.5969 0.5860 0.0257 0.0001 0.6970 0.3952 0.2208 0.1850 0.0416 0.3043 0.0570 0.8284 0.2572 0.8854 0.4239 0.4005 0.0672 0.1801 0.6433 0.5738 0.5179 0.2435 0.1835 0.7888 0.1142 0.4840 0.6655 0.2821 0.9341 0.2848 0.8555 0.6032 0.8693 0.9239 0.0806 0.0744 0.9957 0.6815 0.4427 0.7754 0.5840 0.3677 0.9660 0.6743 0.2203 0.7091 0.9092 0.3822 0.1877 0.3384 0.3126 0.9193 0.2786 0.0413 0.0079 0.0952 0.2549 0.1721 0.7829 0.4905 0.9112 0.8274 0.2430 0.9139 0.4898 0.1617 0.7059 0.9665 0.5969 0.9641 0.9637 0.7104 0.2373 0.4292 0.9948 0.9893 0.1835 0.7163 
196 2 1
0.5459 0.7909 0.1373 0.0334 0.2554 0.1753 0.5569 0.8256 0.1191 0.7530 0.1230 0.8147 0.9282 0.2200 0.0053 0.1448 0.6783 0.5855 0.4431 0.2953 0.1255 0.1256 0.6777 0.0988 0.6332 0.0819 0.0539 0.9535 0.9654 0.8186 0.6581 0.7000 0.2561 0.0900 0.3945 0.0378 0.4920 0.6213 0.0796 0.0330 0.6299 0.3742 0.1158 0.7208 0.6250 0.4918 0.0686 0.6331 0.7254 0.7823 0.6878 0.8069 0.3899 0.0111 0.2488 0.3787 0.9981 0.9915 0.8419 0.4285 0.7501 0.7181 0.0579 0.8600 0.2433 0.7710 0.1674 0.4685 0.2104 0.8517 0.9009 0.2613 0.1597 0.6532 0.2034 0.9034 0.7444 0.1220 0.3494 0.7601 0.9820 0.1850 0.1297 0.0454 0.1106 0.1667 0.7736 0.5703 0.8628 0.8667 0.0194 0.7054 0.1528 0.0754 0.9783 0.8833 0.5378 0.7740 0.7320 0.4236 0.7643 0.2834 0.4828 0.8365 0.7609 0.8694 0.5368 0.0052 0.6244 0.1917 0.4245 0.6149 0.1708 0.5087 0.0614 0.0173 0.9828 0.4327 0.9328 0.1737 0.8227 0.6763 0.6693 0.2493 0.7679 0.9271 0.2994 0.7770 0.9376 0.4177 0.7798 0.6467 0.1898 0.7976 0.4484 0.7093 0.1889 0.6812 0.1304 0.5904 0.8389 0.2456 0.2016 0.8461 0.9948 0.1230 0.0212 0.2030 0.9367 0.2839 0.4619 0.2490 0.2405 0.0449 0.1198 0.9999 0.4249 0.3263 0.6801 0.5547 0.6676 0.8470 0.4193 0.0789 0.0352 0.2923 0.1985 0.7724 0.5202 0.1260 0.0738 0.1446 0.7499 0.1222 0.3667 0.1090 0.4771 0.9479 0.5168 0.0045 0.4147 0.4890 0.9804 0.5862 0.9062 0.1462 0.8396 0.9886 0.4655 0.7909 0.3864 0.5136 0.1026 0.0325 0.0045 0.7538 
175 1 1
0.8194 0.2575 0.7907 0.0435 0.6280 0.6788 0.0184 0.4897 0.6190 0.5149 0.5578 0.4722 0.6396 0.0947 0.2805 0.6092 0.6413 0.7592 0.2563 0.2660 0.7218 0.7435 0.8557 0.4628 0.0635 0.9386 0.3240 0.0295 0.7320 0.0144 0.1375 0.8646 0.3095 0.5013 0.9171 0.2384 0.5396 0.0114 0.4246 0.3658 0.1508 0.4320 0.0771 0.2277 0.6297 0.7195 0.0789 0.8007 0.7709 0.6131 0.0303 0.0826 0.6271 0.6242 0.6900 0.8375 0.0680 0.8506 0.1732 0.9575 0.6135 0.8042 0.1580 0.6847 0.8795 0.5017 0.5733 0.9970 0.4063 0.0930 0.8481 0.2270 0.2098 0.4260 0.0091 0.6461 0.3120 0.7141 0.5982 0.6144 0.7211 0.1553 0.9493 0.8363 0.2241 0.2617 0.0333 0.6639 0.9504 0.5585 0.4111 0.4973 0.7492 0.6023 0.9466 0.9275 0.5550 0.3829 0.6533 0.6274 0.8468 0.3335 0.7075 0.5307 0.1374 0.5679 0.2358 0.1767 0.2217 0.2923 0.4633 0.8882 0.9681 0.9467 0.5963 0.3196 0.5073 0.2161 0.5366 0.2560 0.9703 0.2084 0.1413 0.2215 0.1349 0.2402 0.2749 0.8198 0.8159 0.6957 0.4297 0.1302 0.6777 0.8254 0.1623 0.6180 0.8350 0.8026 0.9121 0.0679 0.5390 0.7328 0.0401 0.7910 0.5477 0.6984 0.2102 0.7416 0.1157 0.9418 0.1440 0.7061 0.1175 0.8206 0.1231 0.6720 0.4117 0.0613 0.3793 0.4724 0.9778 0.0349 0.5542 0.1993 0.6373 0.4494 0.1122 0.6083 0.9338 0.9489 0.8482 0.7079 0.6420 0.7201 0.7115 
186 2 2
0.3026 0.2805 0.8867 0.0224 0.4346 0.4372 0.9418 0.5649 0.4945 0.6361 0.1420 0.1974 0.2364 0.0508 0.3634 0.6991 0.2279 0.2210 0.1088 0.1516 0.6451 0.9521 0.9017 0.2518 0.2335 0.4541 0.2775 0.2801 0.0478 0.0907 0.8188 0.5721 0.0405 0.8075 0.7494 0.6601 0.5574 0.2034 0.5525 0.9324 0.9428 0.7649 0.8097 0.0156 0.5635 0.4987 0.4083 0.1362 0.7544 0.5512 0.3971 0.5602 0.4183 0.1544 0.9369 0.5542 0.8065 0.0803 0.9431 0.3981 0.6371 0.9279 0.2749 0.0378 0.6934 0.8864 0.1077 0.7390 0.8493 0.5373 0.0658 0.3937 0.5342 0.2313 0.8202 0.6719 0.9891 0.6437 0.0014 0.8392 0.3687 0.9618 0.4519 0.0919 0.4478 0.8809 0.3499 0.5720 0.4083 0.3297 0.6755 0.8473 0.7014 0.8273 0.5935 0.3221 0.8034 0.2210 0.0103 0.9319 0.8347 0.5786 0.4342 0.4636 0.1612 0.6252 0.2241 0.0041 0.7119 0.8150 0.5920 0.0036 0.3028 0.9179 0.1445 0.3991 0.3196 0.4691 0.1821 0.7246 0.5352 0.9148 0.2626 0.3601 0.3096 0.7837 0.5033 0.6103 0.1211 0.5906 0.1511 0.1469 0.0551 0.5219 0.3403 0.0837 0.8182 0.9524 0.7169 0.4686 0.5650 0.5023 0.4649 0.6992 0.4437 0.8538 0.8209 0.1987 0.5309 0.6940 0.3106 0.1993 0.2329 0.4112 0.1370 0.0104 0.1655 0.3995 0.5694 0.1323 0.2233 0.0844 0.4219 0.3573 0.0692 0.1690 0.0267 0.0691 0.1552 0.1878 0.4686 0.6508 0.3991 0.4207 0.6359 0.8689 0.7810 0.8965 0.6421 0.1671 0.5958 0.1082 0.6197 0.1629 0.3733 0.9172 
130 2 2
0.6081 0.5342 0.2683 0.9595 0.0378 0.3596 0.2185 0.0703 0.8239 0.2955 0.3853 0.6481 0.2763 0.0177 0.0308 0.0814 0.1690 0.6801 0.3298 0.4065 0.8659 0.2441 0.2157 0.7693 0.5958 0.2766 0.6558 0.0363 0.9472 0.5338 0.2607 0.5203 0.3974 0.8059 0.5485 0.1107 0.0319 0.6989 0.4512 0.2690 0.3976 0.9558 0.5948 0.0455 0.3021 0.1007 0.2181 0.3910 0.1243 0.7324 0.0489 0.2380 0.7218 0.1844 0.3211 0.2173 0.0951 0.2850 0.7628 0.2984 0.9849 0.9761 0.1856 0.1295 0.0865 0.2461 0.1002 0.2845 0.5111 0.2668 0.7349 0.1693 0.4089 0.6527 0.6871 0.5813 0.5955 0.5464 0.1636 0.1234 0.2712 0.2112 0.8672 0.5723 0.2228 0.1122 0.6953 0.1232 0.8760 0.3787 0.8248 0.1679 0.6539 0.8225 0.1744 0.2071 0.7728 0.0002 0.4779 0.4669 0.1655 0.0881 0.8140 0.6335 0.1546 0.7620 0.2485 0.7618 0.1793 0.9342 0.0537 0.2622 0.6490 0.2651 0.7754 0.5318 0.9909 0.7046 0.0621 0.4108 0.2624 0.1280 0.2269 0.6496 0.1002 0.2838 0.0312 0.8835 0.1607 0.3262 
147 3 1
0.6624 0.1153 0.0938 0.9863 0.4952 0.7395 0.9197 0.2165 0.2121 0.8633 0.5317 0.6278 0.1553 0.0855 0.8945 0.8936 0.1773 0.3810 0.4679 0.1860 0.8334 0.5045 0.9566 0.3330 0.3219 0.7957 0.7529 0.5627 0.4885 0.4662 0.9312 0.9491 0.3044 0.6840 0.8942 0.5864 0.3476 0.0468 0.0424 0.3923 0.5264 0.9731 0.9493 0.3561 0.4264 0.0888 0.4349 0.9386 0.0502 0.3999 0.1466 0.3568 0.9079 0.6197 0.1278 0.8841 0.2671 0.5721 0.1505 0.5162 0.4823 0.8303 0.8679 0.3697 0.8036 0.9706 0.3949 0.2450 0.5444 0.6548 0.4970 0.2550 0.1151 0.6582 0.1675 0.8663 0.3532 0.1211 0.4121 0.1028 0.1060 0.1019 0.0398 0.8156 0.4950 0.1315 0.4753 0.1480 0.5419 0.4242 0.1521 0.4426 0.4151 0.9738 0.6756 0.6550 0.5945 0.2144 0.4209 0.0303 0.7003 0.1976 0.6465 0.1522 0.6910 0.3235 0.5796 0.9688 0.3233 0.2210 0.0817 0.8856 0.1545 0.2589 0.2044 0.2107 0.5746 0.1966 0.7957 0.0423 0.8726 0.4802 0.4680 0.0944 0.6781 0.0960 0.2993 0.4062 0.3095 0.1668 0.5377 0.6181 0.8836 0.1833 0.0623 0.0178 0.8881 0.2681 0.8721 0.5287 0.4547 0.7482 0.3549 0.0961 0.3742 0.3250 0.7143 
197 3 1
0.8823 0.1769 0.8011 0.5511 0.6551 0.0024 0.3924 0.2698 0.0631 0.0235 0.6732 0.0909 0.7748 0.4622 0.9988 0.2702 0.5888 0.0320 0.9856 0.6442 0.3662 0.2953 0.4248 0.4887 0.9686 0.0666 0.8651 0.3725 0.2782 0.8478 0.4399 0.2986 0.9072 0.7488 0.0674 0.7891 0.1816 0.0281 0.7921 0.9948 0.6698 0.4941 0.8845 0.0382 0.3496 0.6241 0.9575 0.9903 0.7259 0.6205 0.6313 0.4982 0.9535 0.5193 0.4711 0.1027 0.0383 0.8217 0.3721 0.1558 0.1749 0.6595 0.6016 0.1230 0.1447 0.3066 0.0564 0.3056 0.2564 0.9176 0.1178 0.8147 0.0951 0.3273 0.0638 0.0194 0.0492 0.9431 0.2307 0.4726 0.7991 0.7959 0.2237 0.2827 0.1600 0.3354 0.8379 0.1237 0.2295 0.0788 0.1148 0.6652 0.1474 0.8237 0.1776 0.9049 0.2484 0.7095 0.3511 0.4473 0.2759 0.3648 0.3408 0.9766 0.2468 0.7253 0.4239 0.2807 0.2959 0.1428 0.5730 0.2731 0.2365 0.0932 0.2537 0.0680 0.8057 0.3802 0.3288 0.9592 0.1393 0.2483 0.1283 0.5085 0.8499 0.8149 0.1171 0.7222 0.9739 0.6153 0.1795 0.6260 0.2064 0.2250 0.0977 0.6010 0.8583 0.3066 0.6517 0.4092 0.8053 0.1720 0.2984 0.0977 0.5686 0.4638 0.6866 0.0542 0.1741 0.8976 0.0313 0.1665 0.6375 0.4335 0.4752 0.4233 0.2298 0.1620 0.8231 0.0796 0.3498 0.5451 0.1380 0.2121 0.9260 0.4076 0.2027 0.6825 0.4889 0.3825 0.3558 0.9517 0.2041 0.4164 0.0044 0.6969 0.7046 0.8282 0.5794 0.7827 0.7371 0.7390 0.5922 0.1771 0.2496 0.1539 0.0333 0.4885 0.4227 0.0014 0.8109 0.3555 0.3368 0.5426 0.8508 0.6413 0.7762 
121 1 2
0.0771 0.2339 0.7897 0.6899 0.4127 0.4866 0.0188 0.0769 0.3799 0.5234 0.4641 0.0301 0.9831 0.9813 0.1123 0.8488 0.3268 0.4513 0.1554 0.0183 0.5812 0.9715 0.3263 0.0785 0.9977 0.5146 0.2041 0.0317 0.8396 0.2039 0.8945 0.8393 0.6637 0.1105 0.8520 0.1941 0.2629 0.6013 0.5057 0.0121 0.1555 0.8557 0.7939 0.0853 0.8650 0.1379 0.3581 0.0837 0.0462 0.9544 0.8392 0.8394 0.7687 0.8706 0.1752 0.0978 0.6683 0.6139 0.6653 0.5664 0.2159 0.7391 0.3552 0.8249 0.1150 0.8495 0.3629 0.8233 0.8798 0.3096 0.4650 0.2563 0.2479 0.5476 0.1139 0.7491 0.0761 0.6714 0.5497 0.4875 0.5170 0.0905 0.7270 0.0131 0.6192 0.7227 0.4464 0.9660 0.8928 0.6859 0.9638 0.9401 0.9158 0.8866 0.0180 0.0881 0.9533 0.3627 0.0639 0.6186 0.2997 0.2158 0.3509 0.3311 0.4231 0.5677 0.1678 0.3341 0.7743 0.2045 0.4673 0.5389 0.1210 0.4273 0.6597 0.3900 0.1245 0.7120 0.0649 0.8326 0.4883 
163 2 2
0.9673 0.6582 0.3897 0.9920 0.6968 0.7023 0.1713 0.6863 0.8527 0.2549 0.4538 0.2906 0.1023 0.0241 0.1732 0.1119 0.3046 0.4147 0.4506 0.3142 0.8956 0.2247 0.3992 0.7791 0.1232 0.5244 0.4098 0.9976 0.9273 0.5943 0.9164 0.0559 0.1386 0.3969 0.0899 0.6025 0.3487 0.3366 0.1637 0.3680 0.0562 0.1401 0.3470 0.6805 0.2562 0.9946 0.4400 0.6956 0.3059 0.0339 0.5697 0.3166 0.4274 0.9888 0.8000 0.3311 0.3651 0.4535 0.9727 0.3579 0.9552 0.5859 0.4666 0.7478 0.1099 0.5003 0.4688 0.8596 0.1852 0.9797 0.1001 0.5173 0.6160 0.7453 0.6111 0.0258 0.2343 0.2493 0.4760 0.1043 0.8812 0.8489 0.0073 0.6461 0.6821 0.0887 0.4670 0.6026 0.0640 0.8472 0.2519 0.2376 0.2491 0.8606 0.4761 0.2425 0.1307 0.1441 0.9888 0.3002 0.3085 0.7622 0.1319 0.4998 0.8071 0.1691 0.9389 0.1726 0.7653 0.2518 0.1576 0.2514 0.0447 0.9773 0.6767 0.5532 0.0041 0.4164 0.3739 0.7681 0.4509 0.3848 0.7529 0.8340 0.3124 0.4515 0.2820 0.7950 0.0855 0.6644 0.5665 0.8882 0.7525 0.5072 0.5023 0.1930 0.5396 0.1181 0.4774 0.1168 0.1266 0.7110 0.8358 0.9036 0.3806 0.1442 0.3270 0.1618 0.0109 0.0032 0.4161 0.1316 0.2208 0.0763 0.3699 0.9418 0.7506 0.1907 0.4193 0.6189 0.1525 0.8992 0.2311 
189 1 2
0.7584 0.9865 0.0173 0.9064 0.2096 0.2814 0.9755 0.9229 0.2298 0.1684 0.3845 0.5768 0.9911 0.0227 0.8048 0.1263 0.4102 0.8917 0.2568 0.4338 0.1748 0.5059 0.9950 0.2205 0.3447 0.4396 0.6975 0.0170 0.4656 0.3467 0.3144 0.4721 0.2629 0.2285 0.9081 0.0727 0.6786 0.4097 0.7942 0.9820 0.2572 0.2189 0.5688 0.3856 0.1550 0.7312 0.9314 0.4795 0.8180 0.6525 0.7350 0.4059 0.0756 0.1743 0.8560 0.2056 0.1599 0.4950 0.1031 0.2417 0.4188 0.7899 0.1827 0.0792 0.8532 0.3325 0.7910 0.8702 0.1573 0.6720 0.7208 0.8467 0.4804 0.0808 0.3572 0.7364 0.2476 0.8617 0.1446 0.1726 0.0226 0.0836 0.7432 0.1666 0.8167 0.0866 0.2462 0.5033 0.1646 0.5345 0.3872 0.6806 0.1402 0.4193 0.3194 0.7000 0.1819 0.2238 0.0913 0.2231 0.4788 0.1121 0.4428 0.2735 0.1069 0.9511 0.7437 0.8492 0.5984 0.0330 0.0246 0.8381 0.6055 0.8133 0.6624 0.2211 0.5958 0.9146 0.9045 0.1640 0.4742 0.5430 0.6902 0.9429 0.0686 0.3967 0.2702 0.6218 0.2059 0.5104 0.3167 0.9407 0.3121 0.0947 0.7501 0.3300 0.0950 0.1556 0.3567 0.9985 0.3728 0.8440 0.2536 0.9713 0.2398 0.2582 0.0614 0.9584 0.1710 0.0979 0.2245 0.6545 0.5076 0.2940 0.2345 0.2451 0.6496 0.9280 0.1305 0.3779 0.6975 0.4176 0.0974 0.4390 0.0567 0.2407 0.0876 0.1585 0.6660 0.3623 0.1183 0.0666 0.5730 0.6608 0.3399 0.3138 0.3500 0.6237 0.9735 0.2690 0.4127 0.5032 0.8735 0.4104 0.7763 0.7965 0.8127 0.1351 0.3354 
