5
50
29 84 74 64 53 66 
41 49 60 2 23 38 
47 21 3 58 89 29 
70 81 7 16 59 14 
64 62 63 2 30 67 
29 80 40 7 100 93 
14 21 46 73 68 15 
79 36 61 90 72 66 
24 27 84 33 10 98 
80 50 21 42 46 43 
30 41 33 19 26 30 
28 65 56 70 89 53 
49 57 76 45 60 47 
68 15 87 75 30 9 
33 86 67 88 62 72 
31 2 15 13 22 20 
23 10 0 43 4 22 
11 9 13 43 82 100 
4 40 41 92 22 29 
77 74 7 23 27 83 
60 42 46 27 34 92 
95 100 72 78 45 100 
20 39 45 6 55 6 
22 75 16 98 29 5 
26 81 98 74 26 94 
75 19 84 10 48 55 
45 16 8 1 58 6 
28 15 71 19 68 59 
26 77 22 79 63 31 
7 59 68 34 65 93 
51 18 18 61 30 30 
47 66 64 27 0 86 
20 67 34 72 59 4 
60 3 92 1 9 15 
42 97 62 34 17 73 
17 19 41 34 44 87 
19 6 36 2 48 65 
44 2 30 95 26 2 
100 4 8 13 89 66 
61 36 78 24 46 15 
27 27 99 100 8 86 
9 71 4 40 17 56 
61 14 57 31 15 71 
17 80 39 29 44 99 
15 2 45 20 37 28 
71 3 2 32 90 77 
3 72 29 72 94 66 
22 48 14 75 94 79 
59 84 93 39 40 39 
79 82 54 22 3 44 
50
62 38 15 49 52 48 
62 62 35 12 22 15 
20 88 43 11 34 32 
53 8 41 11 38 83 
2 70 3 44 97 51 
49 91 99 18 62 9 
32 69 83 3 73 72 
59 22 90 29 27 83 
78 74 83 9 70 64 
76 6 85 88 99 16 
71 78 61 3 39 80 
6 69 54 100 88 82 
9 94 60 66 38 13 
1 72 2 51 17 53 
46 53 71 29 88 37 
41 33 43 68 40 84 
45 6 74 61 48 45 
8 77 7 90 74 45 
42 30 85 71 51 30 
14 66 9 74 61 48 
71 61 40 72 8 38 
45 90 78 26 50 57 
29 42 34 38 55 96 
46 60 98 6 72 32 
9 6 9 24 58 68 
65 59 36 75 69 45 
81 99 67 10 92 52 
94 60 34 59 25 96 
57 3 8 73 8 6 
38 67 40 84 2 38 
69 7 4 8 15 14 
8 93 95 12 14 30 
13 85 44 63 21 14 
50 20 54 34 77 52 
18 65 17 39 86 27 
92 75 8 34 66 2 
58 63 100 21 29 48 
1 0 50 44 88 72 
62 55 30 19 38 16 
58 37 7 53 7 13 
91 44 41 18 6 76 
78 47 81 58 41 66 
100 58 43 45 48 41 
48 99 20 29 37 77 
100 100 45 53 47 44 
93 49 47 47 19 49 
69 61 10 46 80 64 
10 16 82 75 67 35 
31 49 94 48 17 74 
28 96 32 55 49 54 
50
71 15 9 39 28 60 
61 21 63 71 22 29 
29 95 21 40 72 93 
40 54 94 74 68 45 
71 36 34 44 11 18 
20 61 4 73 40 47 
31 57 23 53 30 11 
6 61 89 22 70 89 
4 23 37 75 46 23 
96 24 5 78 29 51 
70 6 68 37 74 16 
38 85 13 8 40 67 
13 97 33 24 47 81 
35 31 67 55 41 39 
53 62 79 92 52 82 
55 34 57 49 64 21 
1 17 99 49 72 31 
23 77 32 53 31 37 
68 21 79 85 86 93 
53 86 61 21 49 46 
11 65 89 16 51 57 
28 50 1 0 87 83 
31 41 36 11 19 96 
47 9 94 90 25 84 
41 19 4 72 87 73 
19 58 94 3 31 36 
88 52 1 70 3 32 
32 63 41 71 17 58 
9 54 19 6 5 89 
76 38 15 41 76 22 
14 33 35 28 29 33 
44 4 14 61 79 72 
74 99 56 26 43 28 
8 9 50 31 59 2 
80 70 97 96 20 54 
12 31 14 23 89 76 
28 20 64 43 92 50 
10 23 83 14 43 73 
21 22 12 99 61 3 
79 7 60 26 84 51 
38 17 57 21 83 50 
62 20 94 15 88 39 
2 43 28 91 41 94 
37 90 56 95 28 83 
28 53 89 96 51 81 
56 56 30 92 29 20 
95 22 81 23 53 12 
43 35 66 80 6 55 
79 77 99 23 79 19 
89 7 53 93 67 76 
50
42 26 8 55 61 28 
68 91 32 43 19 93 
25 20 11 89 4 7 
90 27 67 26 99 10 
66 89 62 100 62 9 
35 82 24 95 10 38 
26 73 45 93 18 85 
12 24 82 42 92 11 
76 8 25 46 22 65 
63 31 99 25 37 38 
73 85 10 63 29 52 
92 70 33 9 47 70 
45 41 96 9 62 75 
41 75 76 1 7 78 
58 86 9 23 34 55 
51 71 35 22 17 10 
24 21 48 35 25 25 
81 85 3 18 81 90 
9 80 56 91 87 36 
39 33 97 63 32 9 
81 89 53 88 93 14 
24 25 29 93 97 5 
68 19 67 94 32 15 
43 43 89 34 28 98 
44 86 55 76 54 22 
99 48 7 62 37 0 
27 12 82 22 32 72 
37 22 11 74 32 62 
64 68 22 31 38 40 
3 93 17 0 57 7 
6 7 63 53 59 17 
61 38 60 93 72 47 
20 31 49 54 6 96 
76 41 13 86 59 83 
32 35 71 25 40 2 
98 53 56 35 33 43 
65 46 27 13 95 69 
54 46 72 80 90 83 
63 18 84 21 99 50 
8 19 73 96 61 29 
79 88 56 70 43 89 
75 44 81 81 18 96 
9 7 47 75 86 24 
75 73 15 92 30 41 
65 38 5 12 1 56 
55 19 70 31 21 85 
23 27 28 7 14 83 
47 7 97 17 59 3 
23 82 29 54 17 60 
74 46 37 17 86 37 
50
80 15 89 33 76 99 
53 83 10 29 89 24 
42 54 20 16 31 95 
98 71 12 74 32 81 
15 7 26 74 42 13 
33 30 79 52 36 36 
21 96 15 50 20 88 
81 7 25 39 4 97 
10 97 72 29 80 18 
37 77 15 31 38 17 
34 53 21 23 47 17 
4 6 36 65 36 17 
60 26 18 64 76 16 
56 46 41 25 80 86 
44 42 3 90 46 90 
16 41 0 12 66 13 
68 91 47 68 55 5 
28 90 49 97 8 76 
69 90 59 70 15 56 
20 68 86 0 29 21 
94 93 96 75 74 49 
58 37 75 87 63 81 
9 1 100 58 79 60 
9 2 56 0 43 74 
82 88 31 22 67 44 
92 52 80 57 52 55 
31 100 44 51 80 22 
12 57 22 58 84 49 
51 73 12 12 98 80 
41 37 17 81 88 78 
32 49 89 9 86 64 
43 95 43 28 66 85 
26 21 66 52 72 33 
22 85 39 4 29 57 
24 89 69 85 61 29 
39 41 41 13 72 29 
46 7 14 71 34 43 
27 100 18 64 31 9 
6 81 16 27 94 92 
17 30 45 72 4 54 
36 89 51 99 53 31 
50 80 64 45 42 15 
72 82 59 24 17 51 
17 11 81 29 26 46 
82 45 91 73 63 79 
18 34 98 7 54 84 
55 65 48 93 54 34 
26 52 17 22 30 61 
91 89 77 45 7 75 
79 100 17 70 5 83 
