
    
    
    
    12
    0 0
    3 0
    3 -1
    2 -1
    2 -2
    4 -2
    4 1
    -1 1
    -1 -2
    1 -2
    1 -1
    0 -1
    1 -3
    1 3
    
    
    

    
    
    
    6
    0 40
    0 0
    20 0
    20 20
    40 20
    40 40
    120 40
    70 100
    
    
    
    6
    0 4
    0 0
    2 0
    2 2
    4 2
    4 4
    -2 2
    8 8
    
    
    
    4
    0 0
    10 0
    10 10
    0 10
    100 100
    10 11
    
    
    
    12
    0 0
    4 0
    4 1
    1 1
    1 3
    8 3
    8 1
    5 1
    5 0
    9 0
    9 4
    0 4
    100 100
    100 100
    
    
    
    14
    0 0
    3 0
    3 1
    1 1
    1 2
    3 3
    3 4
    5 4
    5 3
    6 1
    4 0
    7 0
    7 5
    0 5
    3 -1
    3 3
    0
