50
1000 1 19 15 17 14 8 20
1000 8 19 14 16 1 4 20
1000 10 12 9 15 14 1 20
1000 0 999995001 1 0 10000 10000 1000000000
3 328227167 934850826 0 0 342102596 5900050 927895939
2 595711960 725783689 0 0 674674243 547741178 980588844
3 181077817 504269547 0 0 838510686 489745547 977369349
2 33813607 506276040 0 0 306247811 640853563 956020099
2 17705268 82206280 0 0 115715163 63109417 948096049
1000 189816381 836340676 0 0 845130855 841866920 997897536
1000 566950635 700949025 0 0 992093035 391142815 956689214
1000 325325418 333097334 0 0 34138677 673279171 987711409
1000 245286228 777447600 0 0 812410956 64479434 976869584
1000 456123834 668239864 0 0 194849100 600856024 967352231
1000 252342200 955686501 244415767 368811910 0 0 995844337
1000 110509746 536561861 959338852 164218167 0 0 981093123
1000 40025473 376063578 991011941 782664474 0 0 977954515
1000 133382029 801495552 560773607 436023246 0 0 968162380
1000 48458211 374765664 572469169 48076184 0 0 987849411
1000 186621812 243520580 230535487 540365151 769368812 599899626 871785726
1000 810600315 960503262 524032741 267408029 9097604 109363584 975664827
1000 176705273 692795056 717367814 188910963 343512001 730459249 942130652
1000 311171717 347192632 910996202 475409011 845503377 956784625 977538681
1000 459212997 462808843 999158258 112483232 239582015 917698670 933184263
1000 671321307 944802699 368093850 906857027 74364302 689121588 974454107
1000 309940620 993530636 907841859 467271993 299778445 132017066 989289509
1000 354879274 872608347 246370287 540539536 823105873 674601228 949476528
1000 71688611 647029553 285481847 368097255 274682527 743224108 990592802
1000 464914354 936301661 755218039 184118184 775457739 655233481 969705519
1000 59040850 573397561 451766183 951155321 785161468 75796304 994904170
1000 125622094 569366779 291890522 183095579 817926466 692988776 992299907
1000 102237722 836794218 570683544 445473858 992427823 582436628 993387533
1000 337105556 749675266 539885085 515957285 714071068 81819080 997803119
1000 54489776 557353333 718184368 534758955 947711388 574691432 996049313
1000 55937930 796277054 73892134 627077872 882842508 30989830 975051902
1000 490575236 602173227 313222894 13761033 527288586 912988465 983236911
1000 630132672 688125625 432499571 468273828 235314857 908620683 951948060
1000 643249311 699785727 626874641 812088628 851428004 138749696 989452679
1000 91638204 899178508 700072142 421489658 395404393 671903595 926628822
1000 314816555 523075167 59981624 410595669 694680135 600553754 983868041
1000 190650256 372913484 919795618 113924531 242172222 852625058 997815371
1000 498555884 544484728 503979850 859259190 121245486 843826178 940768299
932 644476522 949084446 600111391 241068147 971670878 236585639 956249743
902 6909811 855220805 145372035 811595335 772322761 942417144 983449758
998 46166528 90833610 9121238 202869819 280976121 849616812 883124246
978 105366288 360362141 902674479 434944087 760553892 19000608 990196548
1000 295083046 567574305 809979111 116143121 778075157 132828509 938599670
1000 425891070 816472702 899109060 558438420 97477908 822224694 997816437
1000 538499625 690365203 502847564 184116148 55576476 114015150 947079689
1000 648413941 813948272 840588666 910389059 811648015 670239384 994540357
