Case #1: 1.000000 1.000000 0.000000 0.000000
Case #2: 0.670300 0.000000 0.329700
Case #3: 0.002500 0.123600 0.138200 0.201600 0.251800
Case #4: 0.150700 0.131600 0.324200 0.267200 0.134900
Case #5: 1.000000 1.000000
Case #6: 0.456700 0.132500 0.082900 0.209100 0.458500
Case #7: 0.721200 0.457200 0.290400 0.351900 0.278800
Case #8: 0.001500 0.000000 0.012600 0.000000 0.000000
Case #9: 0.579300 0.289200 0.687900 0.359100 0.614400
Case #10: 0.283900 0.262800 0.242400 0.288000 0.239100
Case #11: 1.000000 1.000000 1.000000 1.000000 1.000000
Case #12: 0.061900 0.179600 0.099600 0.000900 0.203200
Case #13: 0.758000 0.096300 0.366200 0.000900 0.278200
Case #14: 0.358200 0.476400 0.216000 0.646400 0.246600
Case #15: 0.711100 0.581900 0.505500 0.214600 0.421900
Case #16: 0.219600 0.004600 0.514700 0.049700 0.187900
Case #17: 0.091800 0.158800 0.242600 0.088400 0.085600
Case #18: 0.847300 0.008300 0.229400 0.520200 0.054200
Case #19: 0.445000 0.102100 0.738400 0.013800 0.122600
Case #20: 0.970200 0.777100 0.190600 0.030200 0.005600
Case #21: 0.709400 0.232300 0.518200 0.680100 0.272700
Case #22: 0.000000 0.000200 0.236500 0.021700 0.034500
Case #23: 0.122600 0.195300 0.109100 0.100300 0.333300
Case #24: 0.662200 0.119400 0.186400 0.147800 0.173300
Case #25: 0.389000 0.666300 0.250100 0.232600 0.745300
Case #26: 0.197600 0.398300 0.064200 0.018700 0.155600
Case #27: 0.580900 0.076500 0.317200 0.473900 0.115800
Case #28: 0.155800 0.082800 0.002200 0.014600 0.016000
Case #29: 0.451000 0.134700 0.137700 0.243600 0.100900
Case #30: 0.167400 0.109200 0.123800 0.209800 0.822600
Case #31: 0.150800 0.000000 0.099900 0.238200 0.065400
Case #32: 0.431200 0.393700 0.783200 0.611400 0.238200
Case #33: 0.169400 0.571200 0.709700 0.138400 0.191600
Case #34: 0.045100 0.495300 0.416400 0.283300 0.120500
Case #35: 0.058500 0.296900 0.268300 0.112700 0.209900
Case #36: 0.303000 0.353700 0.447100 0.593500 0.191200
Case #37: 0.064200 0.000000 0.024700 0.002900 0.000000
Case #38: 0.206700 0.261600 0.127100 0.004700 0.000400
Case #39: 0.006500 0.015900 0.132300 0.024600 0.000000
Case #40: 0.177900 0.413500 0.157300 0.268100 0.313100
Case #41: 0.605300 0.286500 0.144900 0.205200 0.104200
Case #42: 0.200400 0.134500 0.257500 0.232400 0.159500
Case #43: 0.028300 0.247900 0.052600 0.284600 0.168600
Case #44: 0.620800 0.481700 0.320000 0.232800 0.191200
Case #45: 0.659900 0.125100 0.103900 0.449400 0.429900
Case #46: 0.254000 0.000000 1.000000 0.000000 0.249300
Case #47: 0.446700 0.749100 0.027400 0.451100 0.210800
Case #48: 0.228800 0.240700 0.114800 0.135600 0.744700
Case #49: 0.346200 0.561900 0.496900 0.203100 0.860000
Case #50: 0.129400 0.179200 0.170900 0.165800 0.560300
Case #51: 0.492600 0.184100 0.224800 0.439700 0.556500
Case #52: 0.142000 0.082500 0.194900 0.215100 0.221900
Case #53: 0.426900 0.174800 0.384300 0.411200 0.443500
Case #54: 0.064600 0.280200 0.045000 0.276900 0.411200
Case #55: 0.255800 0.040800 0.115400 0.055200 0.124900
Case #56: 0.578500 0.459800 0.179900 0.168500 0.239700
Case #57: 0.024600 0.170700 0.275800 0.389700 0.036400
Case #58: 0.023600 0.103100 0.148200 0.692600 0.007500
Case #59: 0.045000 0.088300 0.125100 0.017800 0.056800
Case #60: 0.161200 0.310400 0.140500 0.299100 0.189600
Case #61: 0.276700 0.107100 0.570100 0.372200 0.195300
Case #62: 0.248700 0.239900 0.249200 0.420600 0.558500
Case #63: 0.124700 0.127600 0.147900 0.177000 0.109400
Case #64: 0.362300 0.055500 0.162300 0.295700 0.366200
Case #65: 0.059100 0.065500 0.314400 0.153800 0.371200
Case #66: 0.500800 0.170200 1.000000 0.500800
Case #67: 0.348800 0.109900 0.023500 0.124600 0.169700
Case #68: 0.107000 0.117900 0.706000 0.151700 0.612700
Case #69: 0.067800 0.089500 0.192900 0.221900 0.163600
Case #70: 0.272900 0.461100 0.313200 0.381100 0.470700
Case #71: 0.118000 0.285000 0.439600 0.092100 0.091200
Case #72: 0.318800 0.612800 0.268100 0.463800 0.729500
Case #73: 0.253000 0.000000 0.000000 0.249000 1.000000
Case #74: 0.345400 0.287000 0.267500 0.098000 0.180700
Case #75: 0.784200 0.253400 0.187000 0.173300 0.068800
Case #76: 0.158300 0.117200 0.134900 0.086600 0.652900
Case #77: 0.146100 0.186700 0.277000 0.103500 0.208100
Case #78: 1.000000 1.000000 1.000000
Case #79: 1.000000 1.000000 1.000000 1.000000 1.000000
Case #80: 0.543800 0.128800 0.320100 0.147200 0.181900
Case #81: 0.160900 0.547000 0.169800 0.339200 0.765700
Case #82: 0.235700 0.534800 0.744000 0.176500 0.524600
Case #83: 0.151500 0.060500 0.134700 0.098800 0.084300
Case #84: 0.641900 0.166700 0.159400 0.689600 0.136900
Case #85: 0.013500 0.328100 0.416400 0.012900 0.244300
Case #86: 0.147600 0.331000 0.170400 0.268600 0.144800
Case #87: 0.450600 0.275400 0.455400 0.362000 0.198200
Case #88: 0.016600 0.209500 0.200600 0.620900 0.030900
Case #89: 0.236500 0.240500 0.129900 0.146100 0.131100
Case #90: 0.248700 0.770900 0.030500 0.057500 0.124600
Case #91: 0.072500 0.016000 0.075600 0.106600 0.592000
Case #92: 0.242000 0.098500 0.102000 0.151700 0.130800
Case #93: 0.728900 0.457300 0.022100 0.015800 0.041000
Case #94: 1.000000
Case #95: 0.420100 0.121000 0.145100 0.316800 0.043900
Case #96: 0.602200 0.129600 0.250500 0.934600 0.212600
Case #97: 0.267300 0.576300 0.237800 0.171600 0.343300
Case #98: 0.246300 0.115600 0.081800 0.021900 0.366100
Case #99: 0.169700 0.029700 0.003300 0.145700 0.035600
Case #100: 0.101100 0.131100 0.197700 0.109700 0.144100
