Case #1:
15 478
27 410
28 1413
38 883
60 49
111 911
195 410
199 1280
237 308
261 597
263 475
357 220
477 1636
499 29
517 448
520 705
524 284
563 63
570 160
680 618
708 483
754 534
814 811
908 591
974 292
981 278
984 467
1044 32
1053 965
1060 39
1086 860
1237 376
1394 271
1517 1443
1607 491
1632 1505
1643 967
1721 570
1728 740
1760 569
1767 837
1823 353
1847 365
1906 121
2013 493
2059 775
2209 892
2231 39
2282 1104
2294 686
2380 873
2408 1592
2502 609
2505 509
2587 835
2757 482
2820 134
2867 333
2901 218
2953 1325
3009 691
3012 671
3084 1336
3121 87
3132 270
3187 287
3318 273
3322 401
3375 512
3396 220
3489 48
3503 86
3591 39
3659 150
3726 685
3766 68
3769 1210
3882 461
3951 236
3981 151
4005 169
4054 1336
4102 992
4115 1697
4120 1514
4136 889
4158 128
4201 1257
4210 396
4306 1413
4416 256
4422 22
4429 167
4474 1177
4504 225
4551 539
4600 180
4638 1375
4657 618
4708 395
4746 376
4914 1261
4944 448
4949 1262
4972 1365
5021 1521
5064 478
5130 1018
5220 1717
5322 127
5354 745
5401 1627
5458 1621
5484 579
5588 1179
5618 401
5632 1376
5649 539
5659 506
5717 860
5813 551
5870 1586
5896 648
5904 61
5950 22
6021 203
6079 555
6095 1022
6143 827
6195 71
6224 225
6250 597
6266 956
6384 358
6453 801
6502 134
6544 507
6634 597
6644 51
6649 462
6688 622
6712 251
6751 199
6753 900
6814 660
6837 167
6839 308
6865 145
6911 487
6916 560
7001 49
7225 70
7308 373
7371 461
7392 860
7395 1231
7415 593
7449 857
7451 423
7519 147
7586 342
7671 140
7699 1651
7832 618
7845 1319
7864 1407
7901 406
7937 219
7988 252
8009 140
8032 617
8093 872
8135 471
8156 180
8173 953
8177 631
8229 1723
8262 597
8272 555
8275 1051
8328 1172
8354 334
8360 1129
8415 1112
8470 17
8527 276
8543 1279
8575 912
8624 29
8692 784
8695 164
8708 1128
8777 874
8794 956
8810 905
8931 1360
8960 665
9079 13
9128 221
9147 505
9240 308
9259 508
9267 1302
9297 401
9353 271
9427 490
9437 980
9469 1707
9525 401
9531 597
9544 517
9606 251
9670 709
9819 169
9848 591
9900 228
10016 1125
10054 284
10102 371
10120 174
10313 164
10313 675
10364 665
10387 461
10404 181
10547 712
10762 373
10791 843
10832 956
10913 594
10939 68
11019 376
11138 861
11152 618
11244 751
11305 174
11350 141
11434 1689
11459 524
11529 218
11559 753
11582 398
11623 1026
11698 479
11749 512
11801 1339
11826 248
11866 175
11870 478
11923 291
11968 376
12000 425
12005 219
12020 677
12160 102
12189 163
12248 1399
12290 117
12301 732
12312 749
12334 631
12367 63
12421 205
12466 1639
12489 482
12552 538
12614 712
12624 121
12637 276
12681 486
12685 379
12874 517
12972 1425
12992 18
13012 188
13014 837
13038 830
13053 132
13054 161
13113 18
13262 145
13294 378
13345 775
13378 1686
13383 277
13384 1744
13497 63
13498 180
13513 1399
13588 867
13615 482
13642 428
13653 961
13686 1049
13724 56
13730 100
13756 967
13757 180
13901 117
13902 1741
13980 1044
14005 68
14041 1317
14158 1329
14260 493
14316 217
14330 212
14485 612
14494 212
14550 706
14554 188
14563 1034
14564 818
14633 545
14663 127
14687 253
14739 18
14784 145
14784 867
14824 127
14862 432
14878 726
14879 995
14916 509
14954 42
14982 892
15024 1580
15114 319
15124 42
15167 376
15306 97
15344 370
15425 1245
15558 488
15654 777
15669 117
15681 214
15686 205
15786 1248
15887 1439
15936 519
16044 898
16146 63
16180 1373
16210 325
16289 512
16396 512
16396 97
16637 1279
16642 48
16709 462
16743 827
16808 462
16816 555
16855 1291
16856 145
16883 221
17004 1339
17159 205
17185 317
17232 1093
17238 685
17254 180
17314 1329
17321 8
17344 910
17391 164
17393 284
17563 15
17640 1585
17656 1396
17710 271
17721 1438
17747 432
17917 318
17961 545
18000 464
18062 684
18084 401
18097 945
18198 727
18384 376
18388 205
18397 1307
18477 253
18479 277
18545 49
18562 184
18615 842
18624 833
18633 797
18676 948
18715 383
18771 100
18777 132
19044 576
19114 905
19291 32
19314 15
19398 945
19417 1440
19420 32
19452 18
19462 745
19480 315
19488 181
19519 462
19546 397
19614 117
19785 150
19799 219
19856 199
19876 784
19898 180
19952 184
20007 465
20058 14
20095 597
20130 1098
20134 1362
20142 504
20172 170
20177 1672
20243 195
20418 980
20447 117
20518 168
20541 111
20703 764
20704 814
20720 772
20722 18
20722 242
20790 615
20951 309
21072 134
21090 446
21147 1082
21159 260
21168 482
21171 711
21173 1399
21175 1608
21175 390
21189 1070
21266 221
21292 505
21293 898
21308 1416
21356 103
21358 166
21378 538
21495 352
21502 689
21565 18
21577 205
21610 395
21650 447
21674 519
21686 1248
21873 1561
21935 1137
21946 154
22013 271
22030 777
22282 410
22295 378
22300 805
22305 150
22381 140
22516 1634
22624 751
22670 425
22676 1266
22740 255
22744 347
22750 81
22752 68
22762 425
22904 397
22904 378
22938 948
23208 976
23225 1142
23259 1399
23304 220
23345 646
23348 462
23400 28
23433 1
23504 1293
23505 140
23568 400
23628 72
23646 398
23669 401
23721 378
23782 143
23791 912
23802 319
23805 18
23811 512
23866 205
23880 73
23925 174
24009 5
24080 478
24116 9
24135 163
24163 486
24271 487
24301 76
24449 347
24461 151
24514 181
24516 90
24516 1362
24559 180
24645 1278
24711 797
24720 134
24782 570
24813 43
24872 205
24885 512
24890 1302
24971 965
25008 1340
25034 1012
25064 483
25068 1572
25083 180
25098 908
25200 68
25211 661
25227 161
25229 63
25358 378
25364 150
25370 884
25385 373
25486 205
25502 11
25542 593
25551 425
25557 1340
25582 396
25628 181
25634 33
25665 291
25747 52
25753 461
25761 352
25812 462
25821 318
25827 945
25837 1065
25848 205
25870 483
25981 923
26124 482
26185 163
26235 159
26245 406
26367 512
26393 151
26496 18
26594 251
26662 128
26675 538
26684 1091
26731 199
26792 830
26886 980
26956 352
27011 51
27098 1632
27132 211
27145 284
27161 342
27184 1632
27200 163
27206 42
27314 188
27385 251
27397 630
27397 566
27440 706
27485 107
27492 1129
27492 271
27534 431
27545 1399
27596 354
27636 591
27646 699
27684 18
27723 9
27783 76
27879 898
27969 184
27993 920
28001 555
28019 884
28032 1417
28033 39
28049 576
28073 486
28105 1769
28145 184
28149 395
28197 1033
28200 564
28202 1099
28212 93
28232 1122
28236 561
28246 706
28273 122
28335 1118
28360 5
28382 194
28481 664
28543 251
28550 184
28601 1217
28618 570
28636 390
28652 68
28929 464
28940 1268
29065 170
29091 714
29109 398
29238 923
29250 223
29282 18
29342 1239
29365 1720
29366 886
29537 1399
29561 271
29594 1632
29595 474
29608 212
29663 735
29723 1399
29821 104
29842 1632
29875 1399
29938 512
29939 105
29946 207
29969 706
29969 370
30049 169
30106 309
30188 170
30194 145
30206 18
30273 1654
30318 1078
30414 39
30418 1026
30485 122
30546 49
30560 378
30656 122
30662 221
30699 180
30741 1307
30768 68
30828 154
30880 169
30904 17
31068 397
31100 103
31129 1239
31227 458
31291 59
31312 347
31313 365
31365 1632
31479 506
31507 1170
31530 662
31535 5
31554 364
31564 183
31566 164
31602 170
31617 635
31699 455
31729 128
31753 757
31780 211
31814 29
31924 1098
31939 18
32096 122
32123 251
32186 702
32194 1217
32195 169
32277 478
32300 506
32527 826
32532 15
32538 576
32554 221
32564 127
32600 63
32707 1070
32753 167
32775 318
32784 9
32792 17
32813 378
32852 1399
32957 491
32990 5
33019 184
33217 1033
33232 1192
33322 1495
33348 95
33388 154
33420 145
33459 51
33527 48
33541 164
33550 378
33600 579
33720 12
33809 160
33926 1386
33980 356
34000 90
34009 260
34039 150
34181 867
34258 398
34276 595
34329 159
34415 18
34415 33
34442 423
34595 56
34627 450
34715 594
34749 512
34760 140
34792 956
34887 640
34889 13
34891 1399
34969 1242
34990 507
35002 1632
35084 1046
35141 76
35184 17
35221 1117
35233 455
35239 9
35284 464
35294 627
35363 169
35528 292
35591 63
35593 127
35601 576
35620 150
35671 68
35691 184
35736 254
35798 42
35799 1181
35800 63
36011 1245
36096 521
36097 1632
36124 1632
36153 145
36168 86
36220 956
36386 398
36505 579
36551 63
36580 68
36631 1410
36717 208
36768 51
36799 170
36872 598
37080 358
37108 68
37111 85
37154 64
37312 951
37323 51
37336 9
37336 221
37425 1609
37443 93
37556 63
37586 68
37748 1632
37762 71
37791 78
37826 1113
37904 1033
37929 980
38057 196
38206 266
38214 945
38284 217
38555 1632
38586 181
38588 830
38603 1015
38616 207
38644 134
38664 505
38696 215
38700 9
38735 343
38774 168
38821 8
38851 195
38894 225
38928 827
38953 1196
38965 1632
38997 630
39055 1307
39064 63
39151 432
39167 273
39195 467
39228 753
39335 647
39426 309
39520 254
39599 130
39734 1131
39822 482
39825 278
39875 63
39937 937
40001 538
40017 702
40017 822
40050 100
40151 662
40195 184
40205 498
40227 1170
40252 90
40263 32
40424 390
40442 498
40463 59
40538 1417
40557 570
40583 104
40624 29
40656 218
40666 364
40708 390
40776 51
40783 1001
40871 195
40880 325
40941 233
40963 1172
40978 1399
41067 677
41077 220
41176 295
41236 1242
41290 410
41296 216
41306 63
41350 43
41364 29
41395 396
41413 1632
41442 63
41550 74
41570 254
41595 570
41694 432
41807 141
41833 51
41844 321
41880 1705
41884 164
41970 251
41976 398
41977 570
42010 254
42083 1399
42173 140
42217 822
42218 63
42218 555
42233 1497
42234 373
42252 2
42281 1478
42307 308
42307 677
42320 309
42362 29
42441 90
42650 1632
42655 144
42676 441
42734 951
42776 726
42916 29
42921 167
42952 489
42969 258
42985 26
43145 570
43240 353
43280 56
43283 461
43324 438
43488 169
43567 167
43572 593
43581 208
43610 174
43668 1399
43711 184
43755 2
43787 29
43789 345
43819 605
43820 1355
43821 818
43837 74
43847 421
43871 662
43968 68
43982 527
44001 356
44011 167
44055 184
44089 221
44093 149
44157 56
44294 13
44304 184
44553 136
44558 345
44841 22
44911 184
44925 231
45000 39
45028 299
45036 100
45036 1011
45049 270
45069 292
45109 100
45202 1519
45204 1399
45323 1801
45407 90
45409 811
45436 482
45443 487
45461 1632
45481 216
45550 1632
45597 6
45627 151
45732 42
45754 664
45780 702
45814 39
45820 39
45879 188
45899 1399
45961 1632
45990 181
46023 478
46043 1632
46044 85
46045 432
46058 18
46058 1632
46222 100
46383 86
46518 254
46525 18
46606 308
46680 100
46681 662
46769 597
46857 266
46885 221
46898 9
46995 1632
47014 1433
47071 691
47161 208
47298 93
47318 56
47323 164
47376 286
47434 518
47473 68
47508 18
47639 254
47648 29
47697 56
47748 61
47801 188
47839 677
47855 167
47860 806
47940 371
47980 506
48016 719
48049 79
48059 258
48106 219
48270 4
48271 555
48336 100
48418 1632
48439 273
48586 1632
48591 8
48633 1632
48652 314
48657 884
48738 18
48803 1096
48865 116
48906 73
48911 436
49040 56
49096 1399
49137 298
49140 271
49153 371
49185 449
49219 167
49221 1632
49224 56
49244 446
49301 860
49332 5
49353 13
49416 219
49441 231
49475 299
49508 533
49539 141
49579 231
49595 188
49622 164
49636 228
49655 1
49664 4
49666 15
49678 844
49682 254
49695 102
49755 4
49755 664
49805 369
49806 122
49815 181
49819 612
49899 71
50074 1399
50149 207
50159 6
50161 1081
50258 2
50283 1026
50381 958
50448 216
50462 216
50513 169
50523 241
50531 278
50561 220
50684 220
50737 1399
50843 150
50843 379
50917 1248
50931 1399
50934 8
50964 1399
51035 1632
51053 371
51139 8
51143 1399
51241 167
51253 1026
51258 1632
51296 241
51356 2
51362 3
51377 72
51404 278
51408 1632
51432 104
51502 369
51558 5
51581 6
51621 166
51662 4
51682 396
51704 1632
51817 6
51820 373
51852 241
51854 1399
51952 278
52024 1126
52074 147
52084 438
52116 73
52122 251
52126 1399
52189 122
52193 116
52264 1113
52400 303
52416 8
52431 56
52499 12
52521 1737
52603 1399
52611 167
52801 284
52846 251
52897 631
52928 5
52951 104
52989 1632
53013 1632
53014 512
53016 174
53065 1
53077 49
53178 18
53179 1417
53230 1417
53267 542
53381 173
53524 1399
53527 256
53628 3
53636 4
53658 640
53712 740
53749 1417
53862 18
53965 174
53967 1417
54120 254
54175 6
54310 109
54439 1632
54545 220
54597 633
54619 1273
54671 844
54680 345
54789 82
54807 1632
54833 5
54938 104
54993 183
55000 1632
55010 150
55047 1632
55129 18
55134 699
55181 6
55195 814
55201 220
55349 1399
55365 22
55380 1546
55396 17
55440 1632
55452 347
55473 183
55502 71
55545 1399
55545 9
55622 1316
55639 97
55641 9
55642 270
56030 431
56106 212
56126 487
56169 1399
56188 150
56270 913
56293 491
56326 271
56455 8
56510 32
56579 308
56599 266
56664 6
56736 805
56772 73
56806 18
56871 1400
56892 39
57032 105
57105 127
57122 42
57124 286
57126 167
57130 4
57152 8
57248 1400
57258 753
57290 39
57317 1026
57502 1400
57618 317
57733 1399
57887 9
58029 945
58098 308
58217 1546
58226 482
58249 218
58300 86
58446 278
58778 1217
58781 1177
58822 1066
58986 86
59003 1417
59045 1400
59179 1177
59191 1400
59224 345
59305 49
59360 134
59365 1400
59379 1400
59389 1400
59454 11
59463 140
59499 785
59512 830
59611 18
59636 68
59650 68
59703 294
59724 1400
59746 956
59830 18
59849 662
59916 39
59923 1400
59939 1341
59964 1501
60094 1400
60156 251
60299 1177
60364 740
60590 9
60596 1400
60674 169
60721 251
60764 111
60781 327
60809 481
60812 8
60815 835
60827 9
60837 406
60918 1400
60980 481
61025 345
61114 32
61137 1417
61304 759
61391 1118
61399 221
61400 347
61421 364
61460 242
61465 481
61467 140
61537 1177
61626 18
61634 13
61642 18
61655 82
61675 88
61787 8
61929 1406
61989 1177
62018 1326
62174 220
62174 555
62411 1400
62430 17
62534 15
62558 68
62619 97
62660 49
62682 220
62768 9
62853 481
62909 1417
63007 384
63038 1177
63085 323
63157 481
63236 1417
63250 1400
63373 49
63444 23
63502 73
63577 1177
63665 202
63735 11
63838 1400
63902 174
63909 380
63949 347
63992 1417
64117 1632
64255 15
64264 73
64306 1
64421 127
64441 82
64648 11
64728 1217
64736 224
64813 528
64892 6
64916 324
64925 481
64956 899
64994 852
65175 224
65200 1400
65237 1177
65254 85
65255 26
65325 73
65705 1417
65773 15
65776 49
65778 844
65951 22
65971 183
66114 150
66195 1177
66297 1523
66311 322
66375 11
66420 52
66421 1400
66425 1400
66428 18
66438 278
66532 208
66538 8
66613 321
66631 32
66640 518
66672 121
66836 109
66901 505
66925 6
66973 322
67046 1400
67070 17
67104 861
67121 1
67130 6
67246 6
67271 15
67371 322
67423 264
67442 109
67569 196
67661 110
67670 861
67782 13
67799 208
67897 18
67907 174
67915 8
68130 134
68184 221
68237 49
68245 1279
68264 73
68348 347
68366 861
68383 48
68448 322
68490 18
68510 595
68605 861
68707 478
68806 913
68828 1417
68873 49
69090 597
69143 18
69157 1143
69159 219
69187 208
69246 6
69320 278
69330 8
69450 327
69469 597
69493 6
69578 1273
69628 505
69631 1004
69649 144
69652 322
69695 455
69802 78
69835 140
69861 48
69881 1177
69900 308
69941 322
69956 82
70013 220
70054 208
70108 1057
70126 436
70129 289
70246 202
70343 322
70344 251
70364 8
70416 1417
70436 597
70525 251
70548 597
70559 49
70580 1177
70601 478
70674 52
70743 1920
70761 1177
70764 824
70777 322
70792 64
70805 1177
70818 505
70901 123
70964 886
71007 956
71024 208
71033 202
71090 597
71130 405
71161 886
71350 665
71436 202
71507 1417
71693 322
71721 134
71776 1307
71794 18
71858 23
71911 19
71947 744
72056 11
72092 242
72113 23
72190 13
72203 886
72221 208
72430 886
72470 886
72472 322
72493 166
72496 597
72758 597
72932 208
73013 452
73078 322
73099 1417
73347 11
73381 597
73456 446
73477 482
73502 18
73571 886
73586 1417
73587 11
73651 597
73672 23
73939 9
74087 42
74121 597
74166 597
74170 886
74227 308
74253 251
74278 759
74280 1417
74328 718
74330 322
74380 23
74391 11
74411 505
74415 322
74500 22
74516 1417
74561 322
74577 597
74588 597
74593 13
74619 15
74673 8
74688 597
74718 90
74765 51
74820 51
74957 42
74959 555
74971 1
74986 442
74989 90
74993 347
75000 51
75159 597
75230 51
75252 211
75281 322
75310 3
75328 70
75346 51
75515 134
75575 134
75630 956
75707 956
75721 956
75751 73
75767 1417
75772 42
75776 255
75826 140
75906 956
76013 956
76023 1093
76032 18
76047 956
76115 208
76135 1417
76263 140
76269 134
76326 1417
76378 956
76426 23
76473 208
76537 461
76545 134
76559 1920
76564 956
76653 379
76656 23
76689 17
76721 1417
76736 956
76738 505
76769 134
76825 956
76834 956
76874 224
76900 956
76941 956
76979 1417
76992 208
77062 273
77107 956
77128 134
77144 1920
77149 121
77255 1
77267 8
77310 956
77449 956
77468 956
77477 1417
77519 956
77586 134
77598 956
77604 105
77617 956
77658 115
77845 956
77924 956
77993 42
77996 956
78035 956
78124 13
78164 71
78210 1417
78267 956
78275 920
78315 956
78337 18
78442 956
78526 726
78554 956
78699 43
78699 22
78742 262
78756 15
78777 956
78819 956
78891 1417
78927 148
78954 956
78969 956
79011 13
79105 1405
79182 956
79270 956
79295 505
79309 956
79322 70
79359 1405
79453 956
79562 116
79564 33
79653 505
79946 956
79947 18
80040 956
80041 956
80101 11
80109 15
80153 17
80168 18
80192 863
80319 956
80385 17
80419 956
80501 18
80505 956
80509 1405
80540 956
80607 956
80608 225
80640 956
80684 956
80724 956
80768 956
80774 956
80847 11
80889 956
80939 105
80980 956
81080 956
81088 123
81097 956
81178 956
81218 333
81294 956
81446 956
81458 505
81465 726
81563 801
81688 15
81939 956
82152 956
82189 956
82254 956
82333 956
82381 956
82430 956
82438 956
82442 956
82488 956
82583 956
82607 569
82634 956
82639 956
82763 59
82788 956
82820 121
82858 59
82917 956
82924 956
82952 956
82962 117
83080 291
83115 956
83134 956
83134 267
83138 956
83140 956
83321 1279
83455 956
83514 956
83532 956
83696 85
83813 956
83874 956
83904 956
83908 956
83913 956
83955 956
84025 956
84028 956
84084 17
84309 52
84309 482
84382 956
84399 1260
84401 956
84471 956
84510 956
84631 956
84680 97
84687 956
84748 956
84852 956
84882 956
84947 956
85119 956
85123 956
85158 956
85177 405
85191 956
85208 956
85252 956
85325 956
85468 251
85475 956
85575 105
85625 956
85653 956
85696 956
85699 956
85724 956
85744 956
85780 956
85789 956
85937 956
85980 956
85993 956
86073 956
86121 956
86276 956
86289 956
86328 956
86384 956
86386 956
86480 956
86482 956
86677 956
86686 956
86767 956
86772 956
86790 347
86815 347
87012 347
87081 347
87109 347
87231 347
87282 347
87358 347
87542 148
87657 347
87671 347
87693 347
87705 380
87803 347
87857 347
87867 347
87867 109
87996 347
88057 347
88123 347
88296 121
88481 347
88520 347
88595 347
88724 347
88748 347
88930 347
88994 105
89176 347
89303 347
89326 347
89490 347
89521 347
89546 347
89554 347
89556 347
89598 347
89718 347
89776 347
89781 347
89789 347
89830 347
89830 109
89880 347
89962 347
90118 347
90144 347
90153 347
90471 347
90505 347
90554 347
90651 347
90688 176
90792 347
90815 347
90846 347
90936 347
90961 347
91027 347
91083 347
91121 347
91174 315
91248 347
91267 347
91357 347
91440 347
91518 347
91615 347
91625 347
91794 347
91836 405
91860 347
91892 347
91908 347
91920 347
91984 347
91991 347
92015 347
92041 347
92147 347
92173 347
92222 347
92232 347
92233 347
92262 347
92288 347
92302 347
92490 347
92534 347
92589 347
92680 347
92695 347
92735 347
92800 347
92835 347
92923 347
92924 347
92980 347
93003 347
93022 347
93060 347
93087 347
93129 347
93160 347
93171 347
93197 347
93233 347
93237 347
93251 347
93321 347
93365 347
93398 347
93584 347
93648 347
93894 347
93905 347
93918 347
93929 347
94145 347
94259 347
94293 347
94411 347
94485 748
94548 347
94785 347
94906 347
94974 347
94976 347
95020 347
95057 118
95119 347
95124 347
95178 347
95273 347
95297 347
95371 347
95420 347
95476 347
95609 347
95720 347
95732 347
95753 347
95777 347
95848 347
95875 347
95970 33
96120 347
96145 347
96221 347
96239 347
96281 347
96386 347
96390 347
96393 347
96532 347
96561 347
96850 347
96852 347
96965 347
97012 347
97029 347
97037 347
97206 347
97318 347
97387 347
97433 347
97645 347
97720 347
97722 347
97741 242
97807 347
97843 347
97866 347
97918 347
97973 347
98139 347
98163 347
98201 347
98283 347
98309 347
98343 347
98344 347
98394 347
98441 347
98471 347
98503 347
98515 347
98522 347
98568 347
98583 347
98766 347
98796 347
98810 347
98823 347
98840 347
98843 347
98845 347
98851 347
98862 347
98882 347
98920 347
99084 347
99152 347
99158 347
99197 347
99248 347
99329 347
99402 347
99440 347
99453 347
99460 347
99610 347
99689 347
99758 347
99897 347
99905 347
99909 347
17
6
1903
225
1372
70
1752
956
1351
1766
1172
1065
1495
1399
347
264
308
1662
410
110
347
597
824
438
100
347
482
1801
1505
266
347
11
646
597
913
347
347
446
134
49
72
22
82
1150
61
294
1400
347
875
844
490
61
1400
1497
373
347
1654
1585
481
347
956
956
1098
291
830
347
1004
749
597
1400
1399
827
164
835
1832
123
1093
1078
757
956
13
1594
333
956
1881
68
1102
1025
1392
1174
597
441
23
22
33
1329
886
561
97
127
956
347
745
347
1861
322
428
338
1474
65
875
753
140
1331
347
68
760
597
1662
18
956
272
1877
1400
18
1399
13
347
487
3
661
347
208
15
591
347
395
347
347
100
1987
88
42
347
347
322
1125
15
956
1170
1527
1438
841
1132
18
1242
1104
373
1303
347
1026
48
347
1915
347
17
956
316
1177
218
347
1632
1918
29
702
365
68
378
127
401
1336
1632
1395
1315
1136
1022
1672
631
347
1592
1823
1177
1421
90
1177
195
166
241
97
1400
1049
745
1417
956
609
51
779
216
1177
85
1976
379
1478
757
262
121
438
956
1024
889
164
11
32
109
428
347
347
1520
956
633
956
347
1399
588
956
109
347
18
1388
6
215
893
956
1787
1985
354
109
1196
1248
195
956
1443
702
347
539
278
174
358
203
519
1400
956
347
1424
1279
1645
1395
1153
2
225
347
956
345
378
199
347
147
1661
597
1400
1679
347
144
347
1400
264
347
108
984
956
1889
1229
82
986
232
956
347
470
808
180
109
294
2000
150
1011
1150
109
42
347
347
167
564
42
956
542
342
528
267
347
167
143
1694
43
1417
1788
347
140
1555
347
347
1402
347
486
180
266
662
102
1989
519
482
1632
954
455
1714
1585
347
1378
1920
1991
1179
105
347
1432
1654
132
26
347
11
479
519
122
1478
347
1989
291
857
79
1229
827
347
1279
347
347
564
280
111
11
956
956
1689
167
1172
347
97
978
1026
51
1501
231
51
1138
51
1769
905
1585
11
956
49
147
956
1438
691
956
1387
702
347
1632
956
467
228
1541
347
143
82
254
347
1115
956
121
1405
956
175
1417
71
42
347
347
183
1936
1387
347
347
119
100
446
1475
347
1511
1632
347
140
1087
1813
564
965
221
1523
956
915
1788
164
551
347
347
1177
1142
1138
1834
956
15
1177
6
1780
347
398
1128
42
22
1148
322
68
1179
347
284
1
878
11
315
160
1805
1766
33
446
1049
167
347
347
1293
1632
291
347
347
347
417
116
347
1400
956
111
956
956
956
956
931
956
1887
100
347
665
757
743
262
406
1982
219
630
743
1057
68
203
919
347
631
22
1635
1818
956
276
956
956
8
917
1400
487
68
102
1286
1351
1722
322
68
1326
1546
9
31
22
347
32
956
255
593
1049
317
1270
703
347
6
224
956
224
945
1004
85
1271
956
315
1491
1105
347
324
347
51
461
347
211
61
1177
347
322
505
842
199
1170
287
1026
121
9
299
799
347
956
1241
824
347
6
1118
51
886
893
18
727
347
1662
1679
714
988
1336
245
71
347
1580
592
97
174
1764
1819
134
908
1378
1400
478
640
347
173
1170
1632
68
1561
220
347
1246
1752
956
342
956
220
42
347
56
1717
128
294
1087
1632
1769
483
42
491
168
1329
479
597
303
1744
347
347
844
956
749
42
956
618
28
347
347
242
1243
430
1172
100
181
956
630
51
42
49
487
956
1467
1058
392
347
347
347
454
751
294
151
1762
492
889
347
18
597
903
207
1850
814
956
1750
1289
401
284
1045
1104
13
1813
1632
475
347
1630
1466
995
452
1813
956
1329
347
1525
205
347
818
251
464
481
491
39
354
560
826
347
702
956
1105
627
1177
347
1127
956
292
779
100
791
1273
151
1362
347
82
1792
42
347
538
260
278
1351
231
1049
1720
154
557
1273
347
593
821
290
1578
32
1980
719
1992
597
347
1547
254
647
1344
1965
73
956
118
779
1565
4
1364
347
500
1658
32
1026
1510
491
347
561
1635
347
292
1578
12
1413
1550
1697
1339
287
1769
1766
1252
1611
481
263
347
1298
63
1395
1774
1628
6
956
284
13
396
1150
919
1399
274
1225
68
1722
956
842
1087
493
956
143
1585
1982
1231
347
1792
167
1041
28
528
71
591
195
835
1011
42
893
292
1632
159
180
919
715
130
1793
886
347
830
5
347
347
49
400
605
347
1644
1177
347
150
219
109
1710
1588
1677
523
11
271
116
284
956
180
466
163
1632
1547
1015
1177
203
245
560
912
1185
347
791
211
97
18
25
347
116
498
166
347
822
956
956
685
1399
864
1176
490
347
878
123
1477
18
410
8
1770
431
1012
4
1041
51
19
347
278
821
1434
597
1399
347
1135
886
1985
605
482
18
398
347
347
212
956
220
1632
956
1498
1634
1461
592
97
1705
347
956
1399
861
1399
90
841
347
424
445
347
287
73
1717
17
347
1400
347
1049
383
347
347
1172
899
1087
347
8
923
1417
1
860
841
923
251
127
347
424
1181
42
956
1849
264
956
347
1417
956
811
664
956
6
270
233
1774
1033
1738
482
18
956
667
1439
1421
110
6
205
1737
347
86
844
347
1252
103
218
1125
1417
563
531
347
903
744
347
121
264
1740
1387
956
262
466
1682
42
15
830
266
347
1528
1819
136
219
23
1215
347
289
1417
441
1548
52
347
886
593
39
151
199
347
498
956
1766
347
1124
284
691
1662
1914
347
1829
347
10
1170
1632
105
347
347
1994
1365
127
95
1956
946
1681
4
218
956
347
800
1316
1417
442
1399
1078
347
1630
605
1836
207
347
597
219
384
795
665
732
251
207
486
1766
1535
154
22
1258
1762
1192
481
105
347
1632
33
482
347
273
956
256
295
475
467
478
1918
347
1349
1063
1032
10
878
740
6
605
51
347
1106
861
1109
75
347
703
181
347
220
117
1400
1940
140
347
56
505
956
482
956
347
291
1461
953
1915
441
1965
1181
347
347
22
17
1766
455
347
15
353
1766
1472
1662
216
1317
347
1387
396
889
956
1364
640
375
166
1898
347
1714
134
347
73
857
1176
347
242
1172
73
956
251
1413
73
910
32
347
347
13
1654
266
918
347
809
810
493
1421
1632
1209
1375
325
1768
256
1380
207
561
1438
23
9
59
258
347
1307
184
1888
937
303
1399
365
1430
406
347
418
109
22
1869
347
956
438
579
748
1291
1630
1065
1876
481
287
100
956
347
186
32
347
691
1262
784
17
956
886
1400
481
347
452
1177
56
1806
8
150
505
347
1526
32
132
251
661
635
1081
1405
2
76
861
347
1671
873
39
308
861
290
691
715
51
1101
347
220
251
18
1734
39
438
956
1229
23
68
988
1047
762
1372
164
1400
174
228
15
347
168
1632
956
980
956
863
1673
347
1920
561
555
956
509
102
956
1362
542
597
49
1632
956
347
56
1663
15
438
631
1636
1412
228
803
1355
56
1559
1098
64
1098
1399
1355
410
992
757
486
1049
627
1836
821
1632
1104
117
1400
195
207
347
1762
347
378
1099
956
954
284
308
105
1123
1119
1870
225
617
289
736
1273
633
221
1455
140
10
347
1242
378
154
591
347
251
956
487
224
1417
347
1632
956
119
282
956
347
852
475
956
347
956
215
347
635
1128
347
956
1177
1335
134
345
1424
498
665
1386
956
23
104
1840
1181
639
886
256
347
188
605
597
154
1632
923
1202
1150
117
1799
884
1965
506
220
9
383
597
8
103
167
685
1057
528
1465
956
1541
5
1149
1501
446
622
615
1413
398
768
23
347
219
90
8
1559
70
18
1082
1471
431
254
1766
1217
1230
1271
425
51
630
22
347
286
56
1474
999
347
86
121
42
1099
322
263
167
1399
944
6
207
347
31
65
715
702
6
180
6
478
1638
1705
168
482
51
505
376
1203
1421
9
1822
1041
533
486
51
1177
56
449
1317
347
242
134
347
597
764
1527
136
880
1418
956
956
347
486
173
570
68
347
49
97
347
886
347
1124
461
867
799
1400
145
376
395
159
1417
482
164
322
1015
347
42
1565
347
9
898
1335
400
127
635
691
791
18
273
1177
482
116
779
835
835
447
989
1210
1632
1908
1932
167
833
1744
461
1632
1659
262
1632
956
566
347
1399
51
956
1056
992
48
1301
1255
347
9
688
555
15
103
806
631
174
141
702
347
347
1400
322
956
665
512
1417
115
220
168
1061
1683
376
228
1788
347
4
956
1398
626
347
549
1976
8
347
482
117
743
225
3
345
347
1115
1
595
1801
18
965
1898
15
1601
168
1621
757
1165
956
384
347
1128
51
211
1455
597
505
1399
1399
1556
86
956
315
2
284
1663
117
647
1823
231
597
52
220
1721
1177
958
29
1400
5
1278
1259
22
744
1936
1399
1801
347
347
347
1889
538
18
956
622
347
1780
347
347
1107
1172
1615
1929
956
109
956
251
622
347
647
773
396
134
338
39
85
347
322
1142
333
159
122
22
500
219
347
166
347
479
347
347
1316
577
49
806
1638
347
518
627
1219
19
1362
908
347
956
686
980
540
551
347
873
861
82
347
32
347
1536
116
518
167
597
1722
892
1032
347
956
347
784
166
1291
597
18
898
308
347
1273
18
8
867
134
1632
8
809
1722
1217
1245
90
56
1511
132
73
163
315
251
1634
1477
347
347
478
56
175
1744
25
1591
180
392
956
665
956
830
132
873
347
1031
1033
956
233
347
347
196
82
17
1109
127
294
1915
956
251
956
545
48
518
149
347
956
1170
150
1407
347
173
347
347
180
208
11
1439
324
1213
956
519
405
6
1764
831
630
347
1768
347
428
347
1387
238
150
127
956
211
1299
555
593
347
71
151
370
818
105
347
1546
109
639
347
18
175
1918
956
347
59
520
396
1410
867
181
896
347
347
347
956
1139
18
814
956
945
8
1271
347
82
29
1438
425
23
266
199
181
1400
127
74
183
6
956
8
256
1667
347
956
43
1401
753
347
103
18
1399
1083
370
1654
241
1417
347
347
347
567
17
9
1890
1179
1954
347
560
1442
719
2
22
180
376
1789
291
1635
365
251
956
347
1518
225
1001
1177
174
478
396
184
1354
136
347
512
318
322
1399
347
308
175
455
68
482
1703
1400
1721
622
42
1399
506
1365
1399
82
347
345
1063
410
833
347
618
104
168
87
11
478
956
6
893
51
220
39
988
956
1774
1187
271
1096
956
347
726
2
13
378
1679
1125
111
956
1179
956
17
107
967
4
147
1783
347
134
451
347
956
1127
1954
893
10
1682
396
286
390
1399
51
347
785
515
1268
493
347
818
347
347
347
937
9
8
347
597
196
956
1417
1245
347
912
1603
478
367
1977
956
347
1801
9
1401
317
956
205
1602
110
347
134
1026
842
347
49
347
753
5
242
166
1737
1026
347
169
347
116
51
322
1908
956
822
567
18
1958
242
68
1267
1879
1430
1362
840
431
347
478
805
956
347
1621
937
150
291
347
1417
1417
266
1026
195
347
1829
378
251
347
267
118
159
347
665
39
856
347
1362
1268
640
264
956
956
347
211
1728
965
18
322
502
13
188
956
524
1145
1559
215
1399
483
1260
1710
431
347
379
347
347
347
277
1744
251
322
347
29
1115
937
1119
1417
271
11
262
6
597
347
1555
3
302
218
18
71
373
177
1123
900
1099
706
345
1171
347
151
82
242
347
820
956
1741
519
290
1417
664
1125
347
347
1417
861
208
482
424
347
347
309
792
956
481
467
1339
121
1399
1217
317
347
134
347
271
280
1888
327
225
861
946
287
1046
760
718
264
569
88
779
121
6
961
1973
1825
160
540
11
371
481
169
1526
1645
956
225
956
491
1355
169
570
140
646
956
956
445
481
1417
956
1026
322
727
455
956
597
322
23
347
517
116
956
1534
956
1325
424
103
13
598
216
461
1398
174
347
1104
251
347
1035
920
1932
75
1565
136
956
169
261
347
1442
867
1057
1033
1380
225
1717
446
664
164
1918
76
945
886
956
980
462
81
1868
1910
343
1243
478
723
835
32
1399
127
1282
481
1400
9
347
814
167
956
242
116
184
1341
42
968
23
6
1365
68
999
347
564
630
664
10
144
51
956
347
946
767
956
492
347
956
102
1536
1113
1289
347
903
646
395
347
255
956
956
347
775
220
18
956
347
1399
718
1443
18
122
134
594
274
1990
242
621
163
68
1925
164
956
207
144
810
56
65
17
140
956
956
56
686
347
956
956
1505
1548
951
211
1270
1632
347
169
220
347
956
1920
63
339
85
347
775
4
821
956
594
956
181
365
102
533
140
1439
820
861
9
72
1399
512
1632
491
347
167
436
347
1920
243
889
306
180
956
956
6
1412
1664
17
1707
215
956
271
164
956
68
347
956
1439
1269
1550
290
339
220
220
481
347
103
478
593
956
345
1910
15
333
395
956
521
347
1980
278
956
194
1410
1118
347
630
798
377
956
768
333
1992
273
1995
59
104
231
956
1941
449
540
487
1672
174
1495
1400
1768
1180
1322
1177
95
347
218
1399
347
1850
953
347
956
898
1754
347
886
1888
423
347
1210
1667
1887
1627
956
1909
73
1448
167
347
1063
63
1087
396
347
1632
1177
540
51
97
1805
166
322
286
221
1007
1417
956
956
1105
992
892
446
1877
594
597
956
905
196
956
818
347
1632
220
68
347
1585
1920
1177
347
1625
276
147
1322
872
1398
379
76
1516
956
605
1325
1501
505
1632
18
15
956
1621
134
219
1661
1236
347
6
1744
1291
5
1827
1326
461
1177
1632
6
1662
592
946
280
872
515
1574
1651
1662
42
886
889
318
144
225
958
347
481
509
1149
241
1556
956
1591
183
699
184
956
256
23
345
42
358
528
82
22
1722
739
289
74
779
155
1
1871
6
842
347
452
744
31
1026
956
56
251
347
170
863
174
1920
115
322
1113
1672
144
951
302
1834
164
1555
1056
932
1498
79
956
68
719
1143
956
347
6
988
1107
347
1341
918
956
134
347
1302
39
966
1689
398
956
956
555
63
464
1474
1885
183
1468
973
528
956
208
17
1225
251
1217
1876
956
1632
39
486
1400
18
442
1362
25
1362
1836
1260
228
719
347
1572
322
461
649
29
1
167
518
876
218
266
1096
1347
609
49
1063
292
347
6
944
347
347
505
1399
154
347
1125
174
1417
1632
64
347
830
123
956
220
1
102
184
378
396
208
956
73
140
306
116
438
32
308
150
267
1400
1299
1405
347
218
347
347
579
664
1261
1472
1562
1400
18
347
6
860
1518
342
956
956
1973
1399
262
1938
347
889
347
956
116
6
1635
347
956
1596
999
1113
1279
1269
956
140
956
551
1918
597
347
1113
1010
625
569
6
1229
347
1596
221
105
347
15
251
1501
956
295
689
347
347
326
597
347
1871
347
579
1293
1793
347
649
458
1279
1355
1611
347
1058
956
1399
347
43
946
1909
956
1683
1528
321
899
228
1098
1315
570
165
352
224
9
1279
1823
1430
18
906
347
1279
1346
347
347
208
13
1495
631
104
889
256
956
347
956
1269
956
893
290
242
1766
1143
347
219
347
1985
491
347
251
1920
956
481
564
145
826
401
1417
956
538
85
1417
1400
871
1001
1026
51
1903
134
150
505
131
920
1177
322
76
33
1774
1836
481
1026
1738
347
956
691
1
1643
295
18
1615
686
441
1417
956
150
504
315
212
956
956
149
22
1697
105
117
9
76
956
1219
165
1745
956
1325
262
1335
956
26
1248
1216
49
956
1257
779
873
18
1417
937
1932
1632
1177
1871
1762
23
266
779
347
254
913
1306
39
646
1662
956
740
254
228
39
347
64
951
718
1520
221
51
1346
121
597
1417
1417
1306
347
956
333
410
8
1889
884
597
587
347
913
347
1683
1143
622
956
49
347
1104
102
486
677
760
506
1137
107
1096
1705
1335
1638
97
347
1541
481
561
597
1078
6
347
252
745
595
953
405
22
405
884
4
689
1246
347
1717
892
1648
347
1362
1412
347
956
486
117
481
1572
85
110
1177
228
1015
625
347
309
11
1399
8
1417
347
1018
132
63
635
1679
760
1769
956
920
1048
1373
13
1177
808
144
956
284
1942
134
1632
1645
956
347
347
1113
347
79
1643
1770
18
528
68
347
347
141
557
1393
1898
615
956
49
97
51
956
518
1096
811
597
1720
341
347
482
471
1231
8
1417
1303
1405
358
132
121
533
342
184
78
8
913
140
1298
6
347
506
370
863
956
347
1336
1417
49
958
1632
1632
1448
100
68
347
1288
347
1339
899
333
1417
709
811
1608
1082
1920
1400
8
347
390
347
1279
68
256
140
109
202
4
1248
1433
486
334
844
52
1011
779
1572
570
316
347
211
431
992
956
68
976
715
1362
6
33
627
225
587
1973
886
308
630
308
22
1792
239
1279
886
203
347
18
102
837
1559
878
665
406
13
1467
779
242
347
956
1008
861
956
1177
1972
1632
347
956
886
111
347
341
347
167
1022
365
1061
973
347
196
1248
779
347
1654
347
1667
1266
1118
1355
597
956
956
446
1331
3
1443
768
263
417
292
1222
347
232
74
347
245
912
134
8
1831
141
327
245
2
1787
284
597
3
588
1091
17
132
5
506
685
347
273
1405
1336
478
956
39
795
664
252
1632
1920
561
1683
390
392
18
956
347
323
1032
154
345
861
378
18
347
932
569
144
677
17
128
212
1192
1056
886
1020
1248
199
956
886
273
1527
956
913
358
662
347
347
347
1746
208
354
1400
1440
1026
956
1007
254
1041
1178
1335
251
347
254
347
446
767
555
1398
1029
587
347
2
49
72
1177
956
1826
691
322
1399
273
1632
1417
347
219
347
26
775
168
23
358
1096
1654
956
347
944
1941
127
1617
1662
377
638
852
956
105
1632
1362
219
1405
3
1741
51
478
1992
1417
23
18
893
956
1400
1632
1225
618
1400
1632
956
347
1720
82
1033
718
438
347
1126
251
956
482
753
818
1872
483
634
1417
1036
278
1744
863
1024
1260
347
347
347
347
322
205
1399
945
1407
1878
588
26
639
870
1245
956
1920
347
956
920
560
702
965
174
121
115
308
595
884
241
400
181
1720
39
893
33
1400
56
1018
225
1087
277
49
1018
1920
456
347
1336
63
478
168
327
617
347
844
1399
956
242
956
1734
956
1915
398
73
347
254
519
1491
207
1202
1004
3
956
528
134
481
5
347
956
561
31
965
165
347
1501
833
116
1066
956
956
878
1662
441
347
1307
1177
1026
130
347
167
1548
886
1355
1399
775
956
140
1298
677
600
915
1252
1829
111
461
481
837
68
1576
8
1495
967
906
691
431
225
212
1113
42
174
1399
322
266
9
533
132
1474
347
441
68
686
956
1915
51
1632
347
347
236
1399
163
1956
256
1501
691
956
956
630
1982
71
347
745
1903
184
482
270
205
699
1417
134
718
347
347
1698
876
1104
378
13
1705
956
1621
561
224
8
1808
481
1177
18
1325
956
976
1889
18
347
1495
347
449
1660
1129
684
9
1399
309
322
956
42
1511
208
634
15
1178
956
144
256
518
986
347
315
872
347
506
11
264
1982
840
294
1514
1219
1523
686
1399
956
1878
757
1762
347
627
150
347
8
266
992
462
221
505
1705
912
719
555
347
689
1143
63
1744
2
1864
1306
481
946
212
1011
1769
956
1920
183
123
977
1454
56
73
709
1417
284
261
1217
760
1386
1302
166
956
134
1954
25
474
483
347
347
262
82
28
1083
1477
1632
1627
219
208
478
42
1827
799
33
1762
56
49
14
134
347
347
1501
218
76
1000
1942
768
15
134
1417
1621
253
461
26
723
347
17
884
1177
1122
1744
1303
6
1299
1940
51
1572
1561
1378
1251
1400
169
2
686
1585
309
253
122
1868
527
1015
68
22
1047
1986
155
956
358
956
347
1399
938
956
151
347
273
524
545
5
294
1267
347
347
1663
1404
184
956
23
353
1506
128
52
1740
18
956
347
127
85
76
606
111
1475
912
32
630
292
1752
289
8
1657
1632
1477
165
219
714
258
1682
1565
956
956
130
51
597
1569
132
353
168
380
9
220
6
318
9
208
169
1662
11
130
267
208
956
956
461
150
1417
1400
347
1109
49
208
1335
345
345
1654
479
1279
260
347
218
893
1119
82
621
11
68
576
1570
956
251
1460
956
1806
347
117
1632
945
347
493
956
219
8
1766
347
1550
181
95
102
1325
195
132
1985
347
714
1242
1392
28
956
116
1434
8
347
1465
1417
1591
1721
946
826
524
956
1135
196
1958
505
956
795
1132
177
117
438
1624
251
73
322
1903
1113
1315
591
15
116
830
924
1316
322
347
1985
347
228
956
1170
1400
486
1048
102
140
753
1920
812
347
452
1083
456
123
1440
956
6
111
1049
1307
560
1117
347
5
1466
347
1834
1731
956
314
116
347
923
1789
345
56
42
168
73
11
1871
1325
524
956
1547
397
506
1417
956
72
1417
449
461
432
73
956
371
1770
79
39
155
51
379
68
1568
347
1910
256
1892
956
103
347
8
711
202
396
872
215
410
347
347
347
956
352
1219
1210
893
405
76
347
987
1400
1400
970
103
219
1636
744
264
347
347
808
82
29
1029
347
844
1341
347
745
956
322
956
183
1126
1322
262
6
1667
1628
515
1123
1307
1339
1779
1399
956
228
1752
29
597
1413
1196
944
51
111
505
262
347
322
1536
597
18
327
347
1404
1196
1404
490
148
28
665
347
614
505
347
1731
431
347
1009
1793
1617
956
347
256
1417
956
1406
169
1454
1609
100
1940
1034
430
347
592
347
450
365
1478
1775
1104
17
1916
914
1058
1592
1417
1248
1770
322
757
1316
398
1001
122
686
1400
9
266
519
1661
1279
406
1399
102
59
81
347
347
1307
482
347
775
552
1417
1273
39
347
597
406
183
1621
18
431
128
22
150
17
167
1400
956
450
140
49
699
1632
1775
1355
903
1012
1279
1022
1596
426
605
740
1452
18
347
1632
685
531
168
1121
309
1707
908
1339
347
221
1658
1788
322
519
545
1722
319
677
597
1011
42
88
23
699
1135
251
886
1547
880
347
1298
884
887
299
1628
956
347
1434
196
1113
8
1406
956
944
1417
1416
822
913
1399
208
956
188
1104
1031
18
266
505
487
1586
369
1992
597
212
1168
702
1752
267
49
1400
809
68
837
1694
39
174
42
1325
745
219
768
266
664
1572
1624
29
956
1694
1627
1520
5
1402
220
6
923
121
154
347
956
1121
956
1010
1555
1048
1535
1366
1281
167
8
347
588
886
689
1523
1793
251
205
11
1591
347
622
860
154
284
188
841
760
1260
1217
122
779
42
167
347
1717
347
1399
49
127
245
22
956
466
265
11
212
956
221
1351
956
1631
1135
1770
1047
1525
913
86
255
1270
461
1632
980
174
266
188
1129
924
174
166
121
1932
821
1026
896
199
481
956
42
228
347
1405
220
1632
32
861
347
1717
347
82
82
347
1498
207
1326
242
1642
347
956
29
1621
886
505
8
431
1792
1932
15
97
677
1035
228
347
116
1341
748
4
347
686
1063
322
18
51
749
1216
68
42
1242
481
686
97
1280
1362
116
1585
1766
134
347
212
134
1177
1270
347
115
347
8
1585
347
347
481
1611
1689
956
1335
812
482
147
202
1026
956
775
384
956
1632
1483
347
912
860
1326
347
347
333
753
1400
42
956
956
1494
347
347
49
1417
347
1769
570
1587
956
719
79
956
17
841
1519
665
9
1731
49
1836
347
276
61
364
1925
665
18
97
347
481
347
563
68
481
1172
889
1045
347
956
841
1965
1621
1596
1441
1465
1012
130
1491
506
220
1920
116
1752
345
627
1505
956
1511
43
1787
1196
956
727
727
1840
750
262
273
347
1526
1348
1229
980
43
481
1417
150
1248
1218
956
956
622
347
63
486
166
1972
1505
148
956
1044
12
127
347
136
181
322
1936
440
347
699
70
1497
956
6
956
956
1976
273
1417
956
1474
1658
127
1399
555
1494
844
111
347
263
90
1172
1826
1752
1576
999
144
347
1826
1768
347
319
1375
1185
347
956
844
515
898
121
105
1237
956
347
956
1372
1835
1596
1025
347
347
745
141
587
347
1063
1529
1196
567
322
1650
461
347
1827
299
956
1417
509
1066
347
140
886
39
347
1975
1535
1932
202
347
373
594
1940
347
123
397
1417
323
1632
913
750
956
512
524
505
1835
1365
17
248
1098
956
956
1036
117
347
956
1639
322
220
1821
267
347
956
1632
505
167
347
1914
956
8
347
358
23
294
15
73
1769
1405
956
347
691
395
8
1478
1720
956
73
347
1273
76
1177
1992
1280
347
1279
23
1495
347
956
15
303
347
1752
1632
569
956
956
347
347
726
371
51
347
1291
1510
264
347
1291
601
810
104
1317
11
870
956
956
105
821
446
1261
347
291
1751
177
254
528
90
1417
818
1326
1151
1632
347
956
347
1217
347
1465
132
207
174
88
519
431
347
1965
932
1443
995
768
1096
1278
22
1592
376
224
545
1012
276
1177
1744
1405
1399
540
1956
88
521
1399
621
1262
345
161
871
1329
899
1581
1399
1400
1460
264
483
740
175
956
956
518
956
438
266
255
814
308
1840
256
103
25
333
159
29
956
73
396
576
1596
625
347
347
685
1472
347
127
347
347
481
347
491
956
677
347
1793
317
1417
984
1417
597
221
539
